-575.1768421052631766 -576.7270175438596880 -578.1712280701754025 -579.4778947368421314 -580.6294736842105522 -581.6477192982456472 -582.5157894736842081 -583.2228070175439143 -583.7740350877193123 -584.1877192982456108 -584.4600000000000364 -584.6185964912281179 -584.6607017543859683 -584.5880701754385882 -584.3891228070175430 -584.0614035087719458 -583.6010526315789093 -582.9968421052631129 -582.2259649122806877 -581.2680701754386519 -580.1024561403509097 -578.7519298245614436 -577.2059649122807059 -575.4501754385964887
488.4938650306748400 480.4809815950920324 471.5687116564417352 461.5693251533742227 450.4723926380368084 438.1944785276073731 424.6999999999999886 410.0110429447852880 394.1926380368097966 377.3748466257668497 359.6496932515337335 341.2116564417177642 322.3012269938650434 303.2846625766871398 284.3656441717791381 265.8165644171779149 247.8509202453987825 230.5963190184048983 214.3110429447852709 199.0926380368098023 185.1349693251533779 172.5165644171779036 161.3030674846625629 151.5631901840490912
-266.9814941740918357 -265.0418094585332369 -262.0445510623715109 -258.0109664153529820 -252.9506511309115808 -246.9856065798492182 -240.0411240575736826 -232.1082933516106834 -223.3317340644276783 -213.6086360520904748 -202.9808087731322814 -191.5229609321453097 -179.1542152159013028 -165.8745716244002608 -151.6662097326936305 -136.5640849897189923 -120.6648389307745077 -104.0603152844414012 -86.9609321453050086 -69.6031528444139838 -52.2693625771076071 -35.1370801919122684 -18.3015764222069919 -1.9897189856065798
729.1711871943085725 722.6389506447310396 715.3023566029346512 707.2103156958647787 698.3161405068919976 688.5469097376611671 678.0484659848821138 666.8577145397954382 655.0400177856824939 642.6442863494886524 629.7412183192529938 616.4517563361494012 602.9079590929302412 589.2223210315695496 575.4802134281902681 561.8888394842151683 548.3757225433525946 535.0360160071143127 521.9710982658959892 509.2987994664295002 497.0729212983547995 485.3348154735438129 474.1511783014673256 463.5144508670520054
-163.5864615384615490 -158.8240000000000123 -153.3790769230769229 -147.2800000000000011 -140.6215384615384494 -133.4233846153846059 -125.7304615384615403 -117.5759999999999934 -108.9372307692307658 -99.8153846153846160 -90.3298461538461481 -80.4320000000000022 -70.1864615384615433 -59.5698461538461572 -48.6350769230769231 -37.4092307692307671 -26.0326153846153829 -14.5021538461538455 -2.8861538461538463 8.7150769230769232 20.3070769230769237 31.7636923076923061 42.9919999999999973 53.9489230769230801
-475.5203405865657373 -479.8334910122989641 -482.6963103122043321 -484.0964995269631004 -484.0624408703878885 -482.5856196783349219 -479.6423841059602751 -475.3642384105960446 -469.5714285714285552 -462.2421948912015068 -453.3263954588458091 -442.5988647114475043 -429.9829706717123941 -415.2620624408704089 -398.3197729422894895 -379.1078524124881710 -357.7171239356669616 -334.2459791863765304 -308.9262062440870409 -282.1078524124881710 -254.1873226111636654 -225.7029328287606518 -197.2204351939451215 -169.1712393566698154
722.6982502083085365 723.3259135817164633 723.8295441018926795 724.2017616950363390 724.4441137959767048 724.5464825615997597 724.5356505177954887 724.4229258421617033 724.1842637781217036 723.8389477443161013 723.4167361028448795 722.9256040947506108 722.3779311986668290 721.7755029163195104 721.1134388763242669 720.4017378883465881 719.6354005475538997 718.8020473753124406 717.8977502678252449 716.9357219378645141 715.9037019402452415 714.8089513153196322 713.6453993572193895 712.4253065111296337
274.3483483483483383 260.6096096096096062 244.3823823823823886 225.6526526526526482 204.3703703703703809 180.3633633633633622 153.7587587587587450 124.7237237237237224 93.7197197197197198 61.1401401401401401 27.2822822822822815 -7.2282282282282280 -41.6116116116116146 -75.2732732732732757 -107.7937937937937960 -138.7077077077076979 -167.6416416416416553 -194.1831831831831892 -218.1271271271271246 -239.4244244244244157 -257.8668668668668715 -273.5095095095094848 -286.4574574574574513 -296.7917917917918089
810.2527593818984997 803.6379690949227097 796.4343267108167765 788.5358719646799273 779.9045253863134803 770.5281456953642873 760.2582781456953853 749.1015452538631507 737.1412803532008411 724.3967991169978404 710.9183222958057513 696.8156732891832235 682.1125827814569220 667.0375275938189361 651.6688741721853830 636.1616997792494885 620.7119205298013185 605.5413907284768129 590.8383002207505115 576.6727373068432598 563.2328918322295976 550.5110375275937713 538.5745033112582405 527.4597130242825642
-8.0683823529411764 -26.8301470588235311 -45.8507352941176478 -64.8058823529411825 -83.4757352941176407 -101.7058823529411740 -119.3669117647058755 -136.2426470588235361 -152.2036764705882490 -167.2073529411764810 -181.0838235294117737 -193.8742647058823536 -205.5647058823529392 -216.1272058823529392 -225.6345588235294031 -234.0963235294117624 -241.5507352941176578 -248.0632352941176464 -253.6786764705882433 -258.3235294117646959 -261.9617647058823309 -264.5757352941176350 -266.1669117647059011 -266.8007352941176578
561.5555555555555429 553.5059523809524080 543.6349206349206042 531.5555555555555429 516.8630952380951840 499.2738095238095184 478.6488095238095184 454.7380952380952408 427.3988095238095184 396.7341269841269877 362.8908730158730123 326.3492063492063266 287.3809523809524080 246.1547619047618980 203.3869047619047592 159.8968253968253919 116.1924603174603163 72.9206349206349245 30.7936507936507944 -9.5079365079365079 -47.1468253968253990 -81.8611111111111143 -113.6230158730158735 -142.2083333333333428
225.4213470053600474 228.7126543929153968 232.4826380797017009 236.7408529480307493 241.4868329060824976 246.7166161733861429 252.3407131204847360 258.3782335120018843 264.7562339780936895 271.4278722908413215 278.3759030529014353 285.5229550221393424 292.8837100908879165 300.4371941272430604 308.1048706595199178 315.7734793754369775 323.4257748776508947 330.9801910976462409 338.3747378233512109 345.5949662083430667 352.5753903518993297 359.2703332556513374 365.6413423444418527 371.6350501048706860
-248.0279339580544331 -248.9894689870593538 -249.8266845158411513 -250.5463632307005923 -251.1597501115573436 -251.6774654172244539 -252.1282463186077507 -252.5202141900936965 -252.8722891566264934 -253.1912539045069082 -253.4890673806336565 -253.7635876840696199 -254.0139223560910295 -254.2412315930388331 -254.4439982150825585 -254.6143685854529224 -254.7410084783578839 -254.8220437304774748 -254.8392681838464853 -254.7863453815261039 -254.6429272646140021 -254.4034805890227631 -254.0473003123605622 -253.5737617135207529
565.7908805031446491 570.2002096436058309 574.8102725366876484 579.6525157232704260 584.7159329140461068 589.9273235499650809 595.2810971348707199 600.7232704402515537 606.2721872816211999 611.8860936408105999 617.5447239692522317 623.2225716282320036 628.8815513626834672 634.4737945492662448 640.0029699510831733 645.4276729559747992 650.6469252271139112 655.6764500349405580 660.4491614255765626 664.8997204751922254 668.9865478686233473 672.6804682040531134 675.9706498951782123 678.8181341719077864
415.2771260997067202 405.0043988269794681 393.2478005865102659 380.1429618768328282 365.6774193548387188 350.0000000000000000 333.2397360703812410 315.5454545454545610 297.1627565982404917 278.3856304985337147 259.3130498533724335 240.2228739002932514 221.2221407624633400 202.5931085043988276 184.5285923753665713 167.2837243401759508 150.9985337243401773 135.8966275659824134 121.8826979472140692 108.8504398826979411 96.8907624633431084 86.0659824046920789 76.4032258064516157 67.9127565982404633
637.6849407026180643 638.1277690758558947 638.5371074811665721 638.9031103155068649 639.2323413142388517 639.5344223167002156 639.8042813455657551 640.0554188110688756 640.2903707018721207 640.5076452599388404 640.7056015514283445 640.8978891623778509 641.0704855672410076 641.2104124710972428 641.3246065488177692 641.4058327739240895 641.4443947191765574 641.4515551577534325 641.4088908778995801 641.3128962482285260 641.1583501156112561 640.9416722607593329 640.6524203774147281 640.2886551801298083
-258.3164435946462731 -244.7619502868068935 -228.7017208413001867 -210.2017208413001867 -189.3852772466539136 -166.5076481835563982 -141.8317399617590695 -115.8068833652007612 -89.0066921606118484 -61.6988527724665374 -34.1749521988527718 -6.7973231357552581 20.0793499043977057 46.1768642447418713 71.1864244741873762 95.1950286806883383 117.9751434034416775 139.4187380497131983 159.7131931166348124 178.7456978967495331 196.5382409177820193 213.1042065009560247 228.3967495219885393 242.4225621414913974
1016.1576943991299231 1020.6748232735182000 1025.1552474170744063 1029.5840130505710022 1033.9793365959760649 1038.3901576943990221 1042.9165307232192390 1047.5475802066339384 1052.2153344208809358 1056.9143556280587291 1061.6063077759652060 1066.1794453507341132 1070.6209896682980798 1074.8648722131592876 1078.9206090266450246 1082.7909189777053598 1086.4616639477976605 1089.9611201740076467 1093.3374116367590432 1096.5573681348560058 1099.5263730288199895 1102.2259380097880239 1104.6528004350191168 1106.8297988036977131
1519.2366504854369396 1522.3895631067960039 1525.2827669902912930 1527.9053398058251787 1530.2779126213592917 1532.3216019417475309 1534.0800970873785900 1535.5910194174757635 1536.8398058252428200 1537.8604368932039961 1538.5910194174757635 1539.0400485436894087 1539.2087378640776478 1539.1225728155338857 1538.7669902912621183 1538.1177184466018844 1537.1322815533981156 1535.7536407766990578 1533.9696601941748213 1531.7427184466018844 1529.0922330097087070 1526.0109223300971735 1522.5546116504854126 1518.7560679611649448
-375.4273504273504045 -369.8012820512820440 -361.9444444444444571 -351.6549145299145493 -338.5245726495726331 -322.2147435897435912 -302.7553418803418595 -279.9155982905982682 -253.6826923076923208 -224.4583333333333428 -192.4102564102564088 -158.0758547008547055 -122.0202991452991483 -85.0459401709401703 -47.7072649572649539 -10.7072649572649574 25.6709401709401703 60.9668803418803407 94.5010683760683747 126.0427350427350461 155.3696581196581121 182.1570512820512704 206.5480769230769340 228.5566239316239319
689.2640776699029175 687.3891262135922489 685.1196116504854672 682.4252427184466114 679.3279611650485776 675.7862135922330253 671.8526213592233489 667.5297087378640981 662.8254368932039142 657.8330097087379045 652.5347572815534249 647.0165048543689181 641.3526213592233489 635.6141747572816030 629.8324271844660416 624.0724271844660507 618.3897087378641118 612.8097087378640708 607.4139805825242320 602.2194174757281644 597.1972815533980565 592.4013592233009149 587.8361165048543171 583.5108737864077284
452.6587044266525481 452.1382253688877313 451.6129822007543453 451.0897902468074108 450.5761926817971244 450.0689472639449491 449.5790379143783753 449.1122212664593576 448.6805399325084522 448.2882286772976954 447.9339641368358116 447.5985575332495046 447.2908092370806798 447.0043009329716028 446.7435982266922565 446.5114140144246448 446.3169456759081868 446.1661483491034232 446.0463839078938690 445.9712830013895086 445.9238404023026305 445.9075630252100950 445.9121286309799643 445.9331701184410690
708.9226519337016725 721.6403817177298379 734.9075841285786055 748.4540431943746626 762.2009040683074090 775.8623807132094043 789.3797086891009940 802.6996484178804394 815.7498744349572917 828.5298844801607174 840.9643395278754952 853.1145153189352186 864.9196383726770136 876.3892516323455766 887.3862380713209177 897.9030637870416740 907.7895529884480084 917.0406830738322697 925.7528879959819506 933.8799598191862970 941.6333500753390808 948.9231541938723922 955.6127574083375293 961.5389251632345804
957.0815755086802028 958.7000186671644997 960.2437931678177847 961.7347395930557923 963.1161097629270671 964.4341982452865523 965.6918051148030600 966.9316781780847805 968.1347769273846779 969.3201418704499019 970.4864663057682037 971.6005226806048540 972.6654844129176354 973.6654844129176354 974.6031360836288968 975.4439051708045554 976.1752846742580232 976.7858876236699643 977.3162217659137241 977.7162591002427234 978.0168004480119635 978.2383796901250435 978.3703565428411366 978.4073175284673880
84.9073563218390746 83.9804597701149476 83.2687356321839047 82.7498850574712606 82.4367816091954069 82.3036781609195458 82.3779310344827564 82.6363218390804661 83.0708045977011551 83.6742528735632192 84.3866666666666703 85.2234482758620686 86.1834482758620624 87.2519540229884996 88.4218390804597760 89.6689655172413751 91.0131034482758565 92.4310344827586192 93.9282758620689719 95.4772413793103425 97.0793103448275900 98.7328735632183907 100.3981609195402314 102.0834482758620680
-35.9056603773584939 -10.4882075471698109 18.6745283018867916 51.5070754716981156 87.8773584905660385 127.4386792452830122 169.8325471698113347 214.1391509433962312 259.5495283018867667 305.3608490566037972 350.4858490566037972 394.5306603773585152 436.6886792452830264 476.7617924528302069 514.5094339622640973 549.7216981132075944 582.1226415094339472 611.4740566037735334 637.7240566037735334 660.7382075471698499 680.5165094339622556 697.0754716981132333 710.6933962264150750 721.4457547169811278
830.5821515046696959 826.0501556554825129 820.9920442753372072 815.4341058457281406 809.3673469387755404 802.7851954341058445 795.7699757869249879 788.3701141473538883 780.5648564510549932 772.3922518159806714 763.9539951573849521 755.2919405050155319 746.3676928398477912 737.2545831892078922 727.9266689726738377 718.4136976824628391 708.7578692493946164 698.9968868903494013 689.1930127983396233 679.3950190245590193 669.8049117952265306 660.5088204773435336 651.5479072985126550 643.0145278450363548
417.1539783889980413 411.0235756385068839 404.6809921414538280 398.1412082514734720 391.4597249508840946 384.6392436149312175 377.7104616895874187 370.6947445972494961 363.5670432220039174 356.3931728880157266 349.1436640471512760 341.9002946954813638 334.7310903732809493 327.6564341846758452 320.7585952848722854 314.0613948919449854 307.6227897838899707 301.4700392927308599 295.7011296660118091 290.3025540275049252 285.4032416502947171 280.9884577603143612 277.0243123772102081 273.5456777996070628
175.4272573226821521 178.7494553376906197 182.4853546356814320 186.6131687242798307 191.1384652626482819 196.0936819172113417 201.4294359719196450 207.1190994916485124 213.1222464294359611 219.3667392883079117 225.8213507625272314 232.4882595013313846 239.3166303558460299 246.2829823287339650 253.2909707092713631 260.3042846768336744 267.2943597191963363 274.2236746550472049 281.0375211813120586 287.7078189300411282 294.1801016702977449 300.3764221738077822 306.2478818687969238 311.7857661583151980
85.5957736877982285 72.7252897068847943 59.3415132924335396 45.4089979550102214 31.0892978868438981 16.5139740967961828 1.7293796864349011 -13.2242672119972742 -28.2801635991820035 -43.3244717109747768 -58.1997273346966608 -72.7600545330606678 -87.0729379686434868 -100.9672801635991846 -114.2419904567143760 -126.8609406952965202 -138.6373551465576099 -149.4349011588275289 -159.2542603953646960 -167.9945466939331880 -175.6537150647580177 -182.3435582822085905 -187.9665985003408366 -192.5132924335378277
680.9902828762686795 682.4555171669186393 683.8602893543511527 685.1932627942129557 686.4562729432087735 687.6711293457136662 688.8375080976030631 689.9531418700064478 690.9897430360613271 691.9522781256747521 692.8362124811055764 693.6373353487367694 694.3717339667458646 695.0151155258043900 695.5787087022241622 696.0479378104081434 696.4118980781688606 696.6661628158065014 696.8330814079032507 696.8779961131505161 696.7731591448931567 696.5235370330382239 696.1137983156985456 695.5659684733318500
520.9596774193548754 518.0263237979305586 514.7883444917832776 511.2630858186244609 507.4535909920876406 503.4243761412051299 499.1728545343883070 494.7340231284235870 490.1349665246500535 485.3804017041996417 480.5079123554473313 475.5681679853925630 470.6052951917224618 465.6556603773585152 460.7396530736457976 455.9055082166768216 451.1883749239196391 446.5984479610468725 442.2148508825319482 438.0555386488131262 434.1807668898356383 430.5856664637857421 427.3091905051734898 424.3256238587948701
-83.9633320047827851 -87.8577122359505722 -91.4982064567556819 -94.8509366281386974 -97.9170984455958546 -100.6568353925866859 -103.0848943802311624 -105.2016739736946960 -107.0039856516540482 -108.5241131925069737 -109.7919489836588269 -110.8612993224392227 -111.7237943403746527 -112.4184934236747750 -112.9422080510163369 -113.2706257473096798 -113.3810282981267505 -113.2738142686329184 -112.8832204065364664 -112.2283778397767975 -111.2646472698286146 -109.9489836588282117 -108.2941410920685570 -106.2841769629334436
-716.2275953859805213 -716.7315882874888757 -717.1903283052350844 -717.6015971606033190 -717.9760425909494188 -718.2932564330079686 -718.5616681455190928 -718.7999112688553396 -719.0008873114462631 -719.1641526175687886 -719.3074534161490874 -719.4086069210293317 -719.4587400177462087 -719.4609582963620369 -719.4130434782608745 -719.3087843833185389 -719.1441881100266755 -718.9201419698314339 -718.6357586512865510 -718.2914818101153287 -717.8793256433008310 -717.3753327417923629 -716.7954747116237968 -716.1424134871340357
1297.2862779482682072 1298.9434458570801780 1300.3998246383164314 1301.6711968434897244 1302.7303814116614831 1303.6760192897852448 1304.4568171854450611 1305.0372643577377403 1305.4265672950459702 1305.6497150372642864 1305.7185444980270859 1305.6128890837351264 1305.3393248575187044 1304.8960982025428166 1304.2630425252082205 1303.4028934677774032 1302.2967996492766360 1300.9127575624725068 1299.3073213502850649 1297.4971503726435458 1295.5335379219641254 1293.4208680403332892 1291.1652783866725258 1288.7645769399387063
368.7630247850278238 362.6196256954982573 356.0839656044511798 349.1871522508851626 341.9484066767830086 334.3993424380374222 326.6451694486596011 318.7073849266565730 310.6987860394536938 302.6375821952453293 294.6942336874051875 286.9008598887202766 279.3634294385432213 272.1188669701568301 265.1575619625695595 258.5048052604956865 252.2263530601922241 246.3292867981790550 240.8080424886191224 235.7845220030349083 231.1863935255437639 227.0303490136570588 223.3973191704602925 220.2298937784522082
528.6854330708661109 521.4248031496063049 513.3295275590551228 504.4787401574803312 494.8137795275590634 484.4027559055118104 473.2625984251968703 461.4350393700787549 449.0543307086614391 436.1397637795275841 422.8311023622047173 409.1889763779527698 395.2818897637795317 381.1759842519684867 367.0055118110236094 352.7787401574803425 338.6940944881889664 324.9905511811023757 311.8055118110236208 299.2862204724409594 287.5590551181102228 276.6574803149606510 266.6248031496062936 257.5562992125984465
367.1025641025640880 373.1924455472842510 379.8811690102012903 387.2508960573476884 395.2194651226909059 403.8169285911221209 412.9751861042183805 422.6754893851668271 432.8075544527157490 443.2685414943479714 453.8847532395919302 464.5732009925558259 475.2158808933002661 485.6390956713537435 495.7328370554176900 505.4301075268817272 514.6443341604632451 523.2950096498483390 531.3760683760683605 538.7711607389027222 545.5056520540391602 551.5894678797905044 556.9831816928591479 561.7278742762613319
449.1755458515283976 444.0705240174672213 438.6475982532751345 432.9897379912663951 427.1316593886463124 421.1296943231441219 415.1106986899563367 409.0951965065502236 403.1580786026200940 397.3430131004366785 391.6604803493449936 386.1545851528384219 380.8388646288209429 375.7646288209606951 370.9272925764192337 366.3895196506550178 362.0683406113537330 357.9851528384279504 354.1558951965065489 350.5694323144105056 347.2159388646288107 344.1801310043667854 341.4707423580786099 339.0637554585152884
135.4713541666666572 164.7421875000000000 197.8541666666666572 234.9583333333333428 275.5156250000000000 318.8463541666666856 363.5026041666666856 408.1796875000000000 452.0364583333333144 494.2109375000000000 534.7708333333333712 573.3020833333333712 609.9791666666666288 644.3385416666666288 676.3593750000000000 705.6484375000000000 731.7161458333333712 754.4088541666666288 773.6328125000000000 789.2447916666666288 801.5885416666666288 811.3072916666666288 818.6250000000000000 823.8489583333333712
813.4218228498074268 813.3353016688062098 813.0069319640564345 812.3969191270859938 811.5509627727856241 810.4621309370988911 809.1483953786906795 807.5987163029525391 805.8716302952502701 803.9781771501925505 801.9576379974325846 799.8403080872914188 797.6559691912708558 795.4508344030808757 793.2064184852374638 790.9427471116816832 788.6505776636713563 786.3309370988446290 783.9455712451861018 781.4772785622593574 778.9304236200256355 776.2772785622593119 773.5453145057766733 770.7517329910141370
461.5948292494693987 461.7067335519969333 461.8794134671039728 462.1115827384397790 462.3971959611550346 462.7334876840954507 463.1158916972152610 463.5400347289214551 463.9930542157051718 464.4669110553733162 464.9572962891504062 465.4730850858576332 466.0052093382211069 466.5524471027075606 467.1066306514888424 467.6602996977297835 468.2115891697215488 468.7459000578815562 469.2655476236413961 469.7686024824747619 470.2466396552832748 470.7102707569618474 471.1504276802366462 471.5767573477394308
430.9787100420775232 430.7540664447654422 430.5596935250894717 430.4043207938202613 430.2748853859197311 430.1708848835018557 430.0877975255918955 430.0195942975569778 429.9437919989951524 429.8635307416943760 429.7823902530930127 429.7102932864410150 429.6529548451924825 429.6086164667462413 429.5996985492683393 429.6159643283301079 429.6631916096213217 429.7288827482258284 429.8178735162971975 429.9263957796897557 430.0626766312880704 430.2291653582867639 430.4181372856873509 430.6375054951956258
562.8292334096109926 560.6257151029748229 558.0358981693364058 555.0404748283752951 551.6421624713958636 547.8004862700229296 543.5802345537757674 538.9981407322654832 534.1038329519450372 528.9226258581235243 523.4839816933638303 517.8425343249427897 512.0421910755148929 506.1342963386727547 500.1664759725400700 494.2398455377574464 488.3950228832952121 482.6720537757437341 477.1154176201372934 471.7605835240274814 466.6711956521739353 461.9326372997711587 457.5646453089244687 453.5647883295194447
136.4036764705882376 149.8801470588235247 164.0492647058823650 178.8485294117647015 194.2007352941176350 210.1485294117647129 226.6669117647058727 243.7676470588235418 261.4742647058823763 279.6904411764705856 298.3227941176470495 317.2691176470588061 336.3088235294117680 355.3301470588235134 374.1816176470588289 392.7264705882353155 410.7375000000000114 428.1029411764706083 444.6323529411764639 460.2632352941176350 474.9794117647059011 488.7007352941176350 501.4007352941176237 512.9816176470587834
-797.9353178978316237 -798.1958838662256994 -798.4222712238147324 -798.6155825064314513 -798.7765527379640389 -798.9114296214627302 -799.0220507166483230 -799.1080485115766123 -799.1753031973539692 -799.2260198456449416 -799.2572583608966852 -799.2763689819919364 -799.2833517089305815 -799.2815141492098974 -799.2668136714443108 -799.2363101800808636 -799.1877986034546666 -799.1135611907386647 -799.0051451672179610 -798.8599779492833477 -798.6795295847115312 -798.4759279676590040 -798.2480705622932646 -798.0033076074972769
739.2053103964099137 744.1484667165295832 749.2105459985041307 754.3530291697830990 759.5676888556470203 764.7419596110695466 769.9154824233357886 775.1054599850411932 780.2397157816005802 785.3089005235601689 790.2262528047867818 795.0549738219895062 799.7602842183994198 804.3126402393418175 808.6443530291697925 812.7124158563949550 816.4966342557966072 819.9842931937172352 823.1735228122662420 826.0486163051608628 828.6065818997756196 830.8309648466716908 832.7737471952132182 834.4289454001495869
345.0847942073170884 347.6400533536585158 350.5895579268292863 353.8969131097560989 357.5423018292682968 361.4697027439024168 365.6543445121951095 370.0613567073170884 374.6497713414634063 379.3868140243902189 384.2385670731707137 389.2029344512195053 394.2585746951219789 399.3932926829268126 404.5785060975609895 409.8568978658536821 415.1613948170731874 420.4666539634146147 425.7057926829268126 430.8111661585365937 435.7349466463414842 440.4051067073170884 444.8245045731707137 448.9508384146341200
751.4901890189019014 752.9119711971196693 754.1476147614761203 755.2198019801979854 756.1063906390638749 756.8280828082807830 757.3773177317731324 757.7634563456346086 758.0205220522052514 758.1416741674167952 758.1458145814581258 758.0300630063006793 757.7848784878488004 757.4003600360035762 756.9071107110711409 756.2923492349234493 755.5522952295229970 754.6757875787578769 753.6430243024302627 752.4644464446444090 751.1296129612961749 749.6531053105310320 748.0212421242124492 746.2360036003600499
307.0936704704047315 306.9156062720630302 306.7361464575978971 306.5598883507101391 306.3888843280518586 306.2265002873327262 306.0885805763073790 305.9738116739184193 305.8841638617519152 305.8166817174287644 305.7624168787455687 305.7273622855266240 305.7061817584763048 305.6956735900172362 305.7066743288728503 305.7459978655282953 305.8104424924061959 305.8995977341761545 306.0179788194729440 306.1528610130530978 306.2945570971184566 306.4394548887611904 306.5804121172317309 306.7161152614727939
664.0184186882299855 657.7812219227313335 650.9137466307278146 643.1990116801437125 634.7380952380951840 625.5269541778975508 615.5139263252470982 604.6801437556154042 592.9784366576819821 580.5471698113207140 567.3513027852650339 553.4357592093441554 538.8432165318957914 523.6837376460017595 508.1900269541778812 492.4577717879604393 476.7394429469900956 461.1954177897574141 445.9375561545372761 431.0516621743036580 416.6841868823000823 402.8724168912848427 389.6725067385444845 377.1657681940700968
504.5150969382349899 504.4026909630257478 504.2626337535755852 504.1096514461277707 503.9427375781332898 503.7627396970017912 503.5766500688632163 503.3807606738001823 503.1765547197796309 502.9703358406611073 502.7697849348447789 502.5788748808136575 502.3996715753787612 502.2313274711304416 502.0757495497404648 501.9261574319313581 501.8034219726665697 501.6909100540311215 501.5948723381713990 501.5078927852526931 501.4258925733658430 501.3445809937493323 501.2691492742875425 501.1968428858989455
278.0553037171350752 272.7035358114233645 266.6110607434270037 259.8068902991840332 252.0888485947416200 243.2529465095194894 233.0915684496826827 221.4324569356300856 208.0407978241160549 192.8277425203989139 175.7416137805983567 156.7706255666364541 135.9601087941976516 113.4052583862194012 89.4560290117860433 64.4043517679057089 38.6436990027198561 12.5593834995466906 -13.2311876699909341 -38.2783318223028104 -62.1749773345421559 -84.4968268359020840 -104.9800543970988258 -123.5838621940163193
1113.4376996805112867 1110.4792332268370956 1107.2501597444088475 1103.7102236421724228 1099.8706070287539660 1095.6453674121405584 1091.0856230031949963 1086.2683706070288281 1081.1993610223642008 1075.8699680511181214 1070.3600638977636663 1064.7051118210863478 1058.9198083067092284 1053.0038338658146131 1046.9060702875399329 1040.6693290734824586 1034.3351437699679991 1028.0290734824282026 1021.7696485623002900 1015.6309904153354182 1009.6926517571885142 1003.9712460063897197 998.3252396166134304 992.7070287539936544
-181.7935779816513673 -162.3577981651376092 -139.2362385321100930 -112.3555045871559628 -81.6192660550458697 -47.4541284403669721 -9.9655963302752291 30.6192660550458733 73.8967889908256836 119.2477064220183536 166.1238532110091626 213.5252293577981675 260.5871559633027346 306.7522935779816748 351.0298165137614887 392.8807339449541018 431.9816513761467718 467.9403669724770793 500.9013761467890049 530.5848623853211166 556.8073394495412458 579.5550458715596278 599.0825688073394986 615.5642201834862135
617.9436274509804434 628.6102941176470722 639.7935049019607732 651.6011029411764639 663.9834558823529278 676.8982843137255259 690.2015931372549176 703.6740196078430927 717.2242647058823195 730.7120098039215463 744.2248774509804434 757.6574754901961342 770.9840686274509380 784.0600490196078454 796.8939950980392268 809.3676470588235361 821.3112745098038658 832.8474264705882888 843.8339460784313815 854.2561274509804434 864.0729166666666288 873.3639705882352473 882.2512254901961342 890.7303921568627629
162.0448253131179968 153.4034278180619708 144.1839156229400203 134.3447593935398743 123.9907712590639477 113.1694133157547810 101.9017798286090937 90.3124588002636841 78.4311140408701419 66.2709294660514132 53.8002636783124615 41.0006591957811466 27.8754119973632157 14.5194462755438369 0.9637442320369149 -12.7284113381674349 -26.3625576796308501 -39.7738958470665764 -52.8503625576796310 -65.3843111404086983 -77.3665128543177332 -88.6908371786420560 -99.2228081740276906 -108.8180619644034266
65.3438352014540982 62.3259618297485645 59.3347470463495910 56.3910936079975755 53.5386246591941841 50.7449257800666444 48.0381702514389559 45.4338079369887922 42.9563768554983341 40.6016358679188158 38.3807936988791241 36.3241441987276588 34.4353226295062100 32.7155407452287150 31.1496516207209950 29.7355346864586494 28.4574371402605273 27.3305059073008181 26.3108149045743716 25.3880642229627398 24.5964859133595866 23.9663738261132977 23.4998485307482596 23.1717661314753123
177.5356662180350042 176.0240338396462221 174.4685637377427554 172.9275139396270049 171.4129975004806852 169.9309748125360500 168.5168236877523498 167.1961161315131790 165.9598154201115108 164.8021534320322985 163.7669678907902266 162.8371467025571917 161.9955777735050901 161.2855220149971274 160.6683330128821297 160.1615074024226146 159.7517785041338243 159.4260719092482077 159.1713132089982707 158.9667371659296293 158.7777350509517476 158.6502595654681897 158.5758507979234651 158.5212459142472596
114.2484689413823276 114.5955818022747223 115.1463254593175805 115.9046369203849451 116.8545494313210895 118.0034995625546799 119.3258967629046339 120.7823709536308030 122.3917322834645631 124.1062992125984294 125.8963254593175805 127.7810586176727838 129.7489063867016625 131.7563429571303573 133.8315835520560029 135.9171041119859922 138.0109361329833746 140.1148293963254616 142.1933508311461196 144.2447506561679802 146.2443132108486452 148.1666666666666572 150.0059055118110223 151.7585301837270322
969.7376673040153037 965.9934990439770672 961.7460803059273076 956.9896749521988113 951.6826003824091913 945.8149139579350049 939.3464627151051900 932.3988527724665119 924.9900573613766710 917.2539196940726924 909.1778202676864566 900.7701720841299675 892.0149139579349367 883.0856596558317051 874.1066921606118285 864.9904397705545307 855.8703632887189769 846.7139579349903897 837.6944550669215914 828.8068833652007470 820.1445506692160734 811.7506692160611692 803.6068833652008152 795.8095602294455375
1106.8545197740113508 1111.3573446327684451 1115.9646892655366628 1120.7379943502824062 1125.6475988700565267 1130.6931497175141885 1135.8301553672315549 1140.9322033898304198 1145.9085451977400680 1150.7277542372880816 1155.4078389830508513 1159.9509180790960272 1164.3979519774011351 1168.7768361581920544 1173.0617937853107833 1177.2616525423729854 1181.2997881355931895 1185.0932203389829738 1188.6384180790960272 1191.9279661016948921 1194.9293785310735529 1197.6348870056497162 1200.0215395480227016 1202.1490112994349602
899.6368098159508691 908.1558282208588935 917.1239263803680615 926.5319018404908320 936.4153374233128488 946.5171779141104480 956.6018404907975992 966.5349693251533836 976.2067484662576362 985.5920245398773432 994.4865030674847048 1003.2687116564417238 1012.0546012269938956 1020.7539877300613398 1029.3153374233129398 1037.6116564417177415 1045.6042944785276632 1053.1803680981595335 1060.2061349693251486 1066.7840490797545954 1073.0809815950919983 1079.0447852760735259 1084.5165644171779604 1089.4447852760736168
846.3343564559033894 846.2398199304276432 846.0785758133824856 845.8549212195621294 845.5897278493963540 845.3108246367914944 845.0090034786167053 844.6754655207694213 844.3730304890525531 844.0802128094945829 843.8371188868426316 843.6241047677511915 843.4655207693881493 843.3323102107632394 843.2224268467361981 843.1465111520360551 843.0662983425414723 842.9776959279721495 842.8450992428893187 842.6983834663392372 842.4638837732760521 842.1514221403724605 841.7528135870677488 841.2942500511561548
114.0032573289902302 117.9529167900503381 122.2801302931596155 126.9751258513473431 132.0207284572105380 137.3745928338762212 142.9721646431744091 148.8593426117856211 154.9881551673082640 161.3079656499851922 167.7891619780870656 174.3976902576251007 181.0162866449511512 187.6633106307373282 194.3278057447438414 200.9677228309150223 207.5436778205507835 213.9946698252887245 220.2537755404204916 226.3174415161385866 232.1856677524430097 237.7924193070772958 243.1557595498963451 248.3020432336393242
208.8578527330221277 207.8528836018671768 206.8670380966721893 205.9216985393765924 205.0286101490739270 204.2156301761782800 203.5396777593735749 202.9968378256286599 202.5976509561812975 202.3570245444963120 202.2639662701400312 202.3062791748230609 202.4954073181749834 202.7834663454299005 203.1849119108568118 203.6946243035687303 204.3171209155247823 205.0225869597952055 205.7994277970185237 206.6706821261858238 207.6077397982231503 208.6166240024092815 209.6637554585152827 210.7334738744164895
1394.0867768595041980 1396.3811983471073290 1398.5258264462809166 1400.4938016528926710 1402.2133264462809166 1403.7277892561983208 1405.0046487603306105 1406.0862603305786251 1406.9121900826446563 1407.5030991735536645 1407.8801652892561833 1408.0464876033058772 1408.0139462809918314 1407.7422520661157250 1407.2851239669421375 1406.6074380165289313 1405.7753099173553437 1404.8099173553719083 1403.7004132231404583 1402.4648760330578625 1401.0320247933884730 1399.4442148760331293 1397.6575413223140458 1395.7019628099174042
478.9879275653923401 462.9899396378269785 443.7967806841046468 421.1609657947686287 394.9336016096579556 365.3480885311871020 332.3501006036217404 296.1931589537223317 257.2132796780684316 215.7826961770623768 172.5915492957746551 128.0482897384305829 82.6519114688128838 37.3601609657947691 -6.9899396378269616 -49.6076458752515066 -89.8973843058350042 -127.5231388329979865 -161.9154929577464657 -192.5794768611669951 -219.6961770623742325 -243.2857142857142776 -263.3822937625754435 -280.2253521126760347
518.8192087656356080 518.9529719771162490 519.0771356540288934 519.1838941142248132 519.2818772423155451 519.3692427033840886 519.4289246581984116 519.4736740036846641 519.5132357219043797 519.5436342480364829 519.5718995442645110 519.5974013381169243 519.6092310675845738 519.6238242994279517 519.6449141859789052 519.6606225152719389 519.6701735673422036 519.6731794822069332 519.6532531756035951 519.6119460874624565 519.5561427324736314 519.4677106564530504 519.3562009114709781 519.2204984000775312
602.3190564866542900 600.2822780881440394 597.8410924891371678 594.9944134078211846 591.7194289261328777 588.0957479826195140 584.0734016139043661 579.7228429546864845 575.0630043451272968 570.1373370577281321 564.9934823091247154 559.6509931719429005 554.1395096213532270 548.5271570453135155 542.8615766604593773 537.1694599627560365 531.5153631284915718 525.9584109248913819 520.5093109869645787 515.2344816883922931 510.1803227808814540 505.3580074487895786 500.7717256362507783 496.4695841092488990
1013.1025083942327001 1013.7173612482717999 1014.2534070709066327 1014.6721311475409948 1014.9664230693265381 1015.1720323918625581 1015.3089077621963270 1015.3802093620382720 1015.3869247481729872 1015.3673711238395754 1015.3215484890381504 1015.2320758443610202 1015.1036934623740535 1014.9348212522220365 1014.7390874975311590 1014.5079992099546189 1014.2214102310882708 1013.8970965830535533 1013.5496741062611363 1013.1992889591151652 1012.7746395417736949 1012.2652577523207356 1011.7329646454670637 1011.1568240173810409
-456.8149659863945544 -455.8911564625850588 -453.3088435374149867 -448.9755102040816155 -442.6598639455782518 -434.2653061224489761 -423.5047619047618923 -410.0462585034013614 -393.6666666666666856 -373.9850340136054569 -350.7986394557823360 -324.0639455782313121 -293.7809523809523853 -260.1700680272109025 -223.8598639455782404 -185.5020408163265415 -145.8734693877551081 -105.7809523809523853 -65.8585034013605508 -26.8013605442176868 10.8217687074829936 46.5197278911564638 79.9278911564625787 110.5755102040816382
591.3032415475774997 585.1798536075287984 578.3136981526664613 570.7134890205646798 562.2680376437783707 552.9386545834785238 542.7030324154758318 531.6057859881491368 519.7082607180202558 507.1314046706169165 493.9951202509585073 480.4154757755315472 466.5897525270128767 452.7256883931683547 438.9072847682119232 425.3213663297316316 412.1021261763680741 399.3705123736493761 387.2168002788428112 375.6326246078772897 364.6978041129313510 354.3875914952945436 344.7051237364935332 335.7155803415824380
-177.9028689941237360 -180.5668855858969835 -182.9222260629104824 -184.9910127894918901 -186.7919115105426897 -188.3231939163498225 -189.5776011061182089 -190.6225371586588437 -191.4503975112340015 -192.0992049775319686 -192.5765641202903566 -192.8931904597303912 -193.0777739370895176 -193.1901140684410620 -193.1787072243346017 -193.0273072934669756 -192.7376425855513276 -192.2512962322848296 -191.5150362945039717 -190.4984445212582216 -189.1811268579329521 -187.4960248876598712 -185.5098513653646819 -183.1697200138264918
438.5413919413919643 450.8717948717948616 463.8336996336996094 477.2549450549450398 491.2190476190476147 505.7362637362637088 520.8227106227105878 536.3164835164835722 551.9743589743590064 567.6945054945055062 583.2989010989010694 598.6219780219780660 613.6263736263736064 628.1985347985347516 642.1831501831501328 655.5494505494505120 668.1531135531135988 679.9018315018314524 690.7999999999999545 700.7985347985347744 709.8842490842490633 718.0703296703296701 725.4446886446886538 732.1032967032966781
276.7572738142686148 285.0255081705859084 293.8840175368673044 303.3064966121960992 313.4236747708250164 324.1410920685532346 335.4053407732164374 347.1299322439218713 359.2941410920685712 371.9111199681148037 384.8963730569948325 398.1100039856516446 411.4109206855320622 424.7058589079314288 437.8333997608609138 450.5715424471900974 462.8485452371462543 474.5432443204463766 485.5667596652052680 495.8417696293344079 505.3531287365483990 514.0482263850140043 521.9633320047827283 529.0482263850140043
395.7604934315924652 397.8779237423902373 400.2409484139698748 402.8481256007689808 405.7092278115988506 408.8010253123998723 412.1353732777955656 415.7255687279717904 419.6406600448574409 423.8662287728292313 428.4263056712592288 433.3253764818968534 438.5251521948093796 443.9692406280038313 449.6132649791733229 455.3513297020185746 461.1006087792374046 466.8088753604613999 472.3867350208266771 477.8032681832746107 482.9503364306311823 487.7524831784684238 492.1701377763537266 496.1738224927907481
1105.0000000000000000 1105.5647039254822630 1106.0217897538257148 1106.3847305389222129 1106.6315701929474926 1106.8008982035928511 1106.8722554890218817 1106.8537924151696643 1106.7405189620758392 1106.5332667997338376 1106.2524950099800662 1105.8952095808383547 1105.4540918163672814 1104.9166666666667425 1104.2766134397870701 1103.5316034597472026 1102.7027611443779733 1101.7701264138390798 1100.7461743180306257 1099.6174318030605264 1098.3887225548901370 1097.0906520292746791 1095.7285429141716122 1094.3168662674650022
945.1118881118881063 944.4461538461538339 943.5802197802197497 942.5188811188811542 941.3420579420579770 940.0963036963037212 938.8041958041958424 937.4381618381618182 936.0875124875125266 934.7530469530469190 933.3606393606393112 931.9206793206793691 930.4427572427572386 928.8739260739260999 927.2049950049949985 925.5222777222777495 923.8715284715284497 922.2601398601398159 920.6577422577422567 919.0589410589410591 917.3990009990010321 915.6605394605394395 913.8353646353646127 911.9110889110888820
-465.4004309018159233 -468.9750692520775601 -472.2102185287781140 -475.1314250538626993 -477.7697753154816951 -480.1126500461680280 -482.1738996614342909 -483.9569098184056770 -485.4487534626038610 -486.6786703601108002 -487.6598953524161288 -488.3896583564173852 -488.8688827331486664 -489.1024930747922213 -489.0707910126192814 -488.7466912896275630 -488.0972606955986635 -487.0612496152662629 -485.6358879655278429 -483.8036318867343653 -481.5355493998153520 -478.7885503231763664 -475.5472453062481009 -471.7928593413357703
500.0241324291982323 495.4762664539289858 490.4784603111288561 485.0360989230155724 479.2630634224172468 473.1641404068607812 466.8155165536497861 460.2674511368169306 453.5905464698843161 446.8500199441563723 440.1082967690466603 433.3928998803350510 426.7576785001994608 420.2357399282010419 413.9008775428799254 407.7981651376146601 401.9349820502592934 396.3663741523733393 391.1065017949740650 386.1743119266055260 381.5775827682489307 377.3875149581172650 373.6116872756282419 370.2407259672916098
-377.9115044247787409 -377.4448913917940445 -375.9251810136765926 -373.2783588093322464 -369.5864843121480021 -364.8753016894609686 -359.0627514078841500 -352.2405470635559368 -344.3234111021721446 -335.3386967015285336 -325.3773129525341687 -314.4400643604183188 -302.5020112630732001 -289.4867256637168111 -275.4304102976669242 -260.3113435237328872 -244.1930812550281473 -227.1866452131938843 -209.3451327433628251 -190.8849557522123916 -172.0506838294448926 -153.0852775543040991 -134.2888173773129665 -115.7843925985518894
240.7433090024330795 259.2931873479318483 278.6703163017031670 298.7931873479318483 319.5158150851581240 341.0656934306569497 363.0656934306569497 385.3637469586374777 407.9197080291970678 430.2919708029197068 452.4537712895377126 474.0474452554744289 494.8978102189781225 514.7420924574208811 533.5608272506083267 551.3041362530414062 567.8065693430656893 583.2043795620437550 597.2822384428224041 609.9440389294403531 620.9647201946471569 630.3673965936740160 638.2469586374695609 644.5450121654500890
275.5715128860908862 275.2796576824709973 275.0273460554790290 274.8034625221325769 274.5909895730867447 274.3856974227818455 274.2081447963801111 274.0496753885500425 273.9359630139681485 273.8811725359039997 273.8678929765886210 273.9098957308676177 273.9982293920912753 274.1238441865040159 274.2886090891205981 274.5051150895140495 274.7604760967932407 275.0524296675191636 275.3663191028920210 275.6855203619909389 276.0188864843596548 276.3408420224276938 276.6351564036986019 276.9125516427306479
277.1090566037735812 269.2649056603773374 261.0905660377358686 252.5750943396226376 243.7630188679245293 234.7192452830188643 225.4471698113207481 216.0200000000000102 206.5343396226415109 197.0267924528301933 187.5664150943396180 178.2124528301886812 169.0403773584905593 160.0392452830188574 151.2596226415094236 142.6475471698113324 134.2264150943396146 126.0316981132075540 118.0762264150943395 110.4366037735849062 103.2150943396226381 96.4445283018867912 90.1652830188679246 84.4845283018867974
657.5354719309068514 663.4657618753855104 669.5194324491054658 675.7871684145588915 682.2325724861196932 688.8556446637877571 695.6008636644046419 702.3420727945712088 709.0956199876619621 715.7930289944479227 722.3716841455891426 728.6912399753239242 734.7322640345465743 740.5012338062923618 745.9487970388648819 751.0135718692165483 755.6863047501542496 759.9019123997532006 763.6659469463294272 767.0077112893276308 769.8331276989512162 772.1952498457742422 774.0894509561999257 775.5024676125848373
729.5232774674115035 728.0386923236085295 726.1599420649699823 723.9006828057107441 721.2300848334367629 718.1673908545417362 714.7403269190979245 710.9557210842126551 706.9224084419614655 702.6149389613076437 698.0765570039312706 693.3116076970825361 688.3250569004759427 683.1715290709704504 677.9190978688185396 672.6403889923443558 667.4090626939788535 662.3064349265466717 657.3047796399752087 652.4638940616594027 647.8115042416718552 643.3554727912269300 639.1382164287192609 635.1425615559693370
366.5934083997698849 366.2251171200788917 365.9062217473493774 365.6334347004191727 365.4131667625544537 365.2415550258896815 365.1138324977397929 365.0238349634256565 364.9623571956932437 364.9460836689405596 364.9653982082682546 365.0124928084161979 365.0931207364182001 365.2070354236870457 365.3515246157639353 365.5207528560861192 365.7140626284211180 365.9391797485000666 366.2153365661214934 366.5211638037313833 366.8386619544669998 367.1751458864140432 367.5206706665570664 367.8721130927920058
638.1971906116642685 636.2676031294452059 633.9813300142247954 631.3428165007112511 628.3602418207681239 625.0346728307254125 621.4402560455191633 617.5977951635846921 613.5426742532005164 609.2804054054054177 604.8463726884779135 600.2553342816501072 595.5616998577525010 590.7645803698435429 585.8733997155050020 580.8885135135135442 575.8278805120910420 570.6986130867709335 565.5590327169275042 560.4775960170696862 555.5140469416785436 550.7140825035561420 546.1065078236131285 541.7229729729730252
339.4563877572338697 338.8490546328214919 338.2771336049305546 337.7461610780319461 337.2701347539955918 336.8552178000626895 336.5085135276298161 336.2407813642536212 336.0477384310038929 335.9318917789616421 335.9034785333751074 335.9401441554371672 336.0394860545283677 336.1998328632612356 336.4134545074689413 336.6591455134231410 336.9462028622166372 337.2598976287475239 337.5891570040739680 337.9452627180612012 338.3322887287162075 338.7514885615794356 339.2276193460775175 339.7589052543612524
659.7324170761670530 660.3465909090908781 660.9407248157248205 661.5166615479115535 662.0805436117935869 662.6265356265356559 663.1565571253071312 663.6653101965601991 664.1593980343980093 664.6331388206388056 665.0777027027027088 665.4960073710074084 665.8789926289925916 666.2142966830466548 666.4921683046683256 666.7129914004914326 666.8699324324323925 666.9512438574938642 666.9588452088452186 666.8936578624078493 666.7575245700245432 666.5371621621621898 666.2410933660933097 665.8744625307125489
-329.1398963730570131 -319.6580310880829074 -306.8316062176165815 -290.1243523316061896 -269.4093264248704713 -244.1632124352331630 -214.2797927461139977 -180.0129533678756388 -141.7668393782383305 -99.6917098445595826 -54.5362694300518100 -6.9170984455958546 43.0025906735751278 93.9041450777202016 145.1347150259067291 195.8989637305699603 244.8834196891191652 291.3575129533678592 334.6062176165802953 374.3186528497409427 410.0207253886010221 442.1813471502590573 470.4404145077720045 495.1113989637305508
1229.8833605220229401 1226.9522838499183308 1223.5632137030995636 1219.7361337683523743 1215.5236541598694657 1210.9090538336051850 1205.9045676998368890 1200.6080750407829782 1195.1056280587274614 1189.4518760195758205 1183.6321370309951817 1177.6496737357258553 1171.5203915171289282 1165.3784665579119064 1159.1843393148449195 1152.9221044045677900 1146.7287928221860511 1140.5929853181075941 1134.5493474714519380 1128.5791190864599685 1122.7132952691679293 1116.9066068515496681 1111.1945350734094973 1105.5909461663948150
654.6200000000000045 650.3436363636363922 644.2563636363636306 636.2654545454545314 626.3400000000000318 614.4236363636363194 600.4545454545454959 584.3327272727273112 565.8236363636364104 544.8799999999999955 521.4490909090909554 495.5254545454545223 467.1872727272727275 436.4781818181818380 403.5254545454545223 368.8272727272727138 332.6399999999999864 295.7254545454545678 258.4527272727272589 221.2599999999999909 184.5600000000000023 149.1745454545454663 115.8145454545454527 84.5236363636363706
620.8922786006933165 620.9603529782540363 620.9708162622124519 620.9327450362433183 620.8502994011976170 620.7360857232902163 620.5948313898518336 620.4216199180585818 620.2223132682004234 620.0025212732430191 619.7744090765836518 619.5478096438702096 619.3193192562243894 619.1020485345098905 618.8850299401198072 618.6597541758587795 618.4255278915852614 618.1809643870154787 617.9295934446895444 617.6629057674125534 617.3863851244879015 617.0947368421052488 616.7916797982981052 616.4693980460132252
575.6602404914390263 575.9587635603188573 576.2250032675467537 576.4585675075153404 576.6679519017121720 576.8388445954776671 576.9611161939616295 577.0435237223891818 577.0866553391713296 577.0958698209384465 577.0782904195530136 577.0207162462422730 576.9338648542674264 576.8159064174617470 576.6686707619918479 576.4915697294471784 576.2900274473925037 576.0549601359299459 575.7836884067442043 575.4679126911514686 575.1033198274735696 574.6848777937524346 574.2133054502679670 573.7075545680303321
-43.5011420740063954 -39.4024668798538116 -34.8117862037460029 -29.7948835084513490 -24.4545454545454533 -18.7638190954773876 -12.8273184102329836 -6.5993604385564186 -0.1676564641388762 6.4435815440840569 13.3069894929191417 20.3878483325719522 27.6016445865692113 35.0045682960255817 42.6112380082229336 50.3216080402010064 58.1534947464595717 66.1260849703060813 74.1740520785746895 82.3120146185472805 90.4810415714938330 98.5911375057103641 106.6235724074920057 114.5125628140703498
876.3293668612483316 876.6414458913336603 877.0788055680287698 877.6544678940277890 878.3192635832958786 879.0749887741355906 879.8848226313425585 880.7725639874270200 881.6279748540637229 882.4777727885046943 883.3466546924113345 884.2229456668163721 885.0747642568477431 885.9198473282442592 886.7514593623709516 887.5365963179165192 888.2572968118545305 888.8890884598114326 889.4092950157162250 889.7997305792546285 890.0925011225864409 890.2471935339020774 890.3098338572069679 890.2943421643466309
1054.7176145339651612 1050.1034755134280658 1045.1176935229068476 1039.7630331753555311 1034.0943917851500373 1028.0695102685624533 1021.6879936808846878 1014.8582148499209552 1007.6180884676144842 999.9616903633491347 991.9514218009478554 983.8096366508689243 975.6129541864139583 967.4202211690363811 959.2792259083728368 951.2677725118483067 943.3135860979463132 935.4178515007898795 927.5537124802527842 919.7575039494470275 912.1654818325434917 904.7717219589256956 897.6101895734597065 890.7456556082148609
-900.2565687789799540 -900.5239567233385287 -900.7403400309118524 -900.9180834621329268 -901.0680061823802589 -901.1870170015455415 -901.2874806800617762 -901.3663060278206558 -901.4219474497681404 -901.4605873261205033 -901.4884080370942456 -901.5038639876352136 -901.5054095826893672 -901.4899536321483993 -901.4621329211746570 -901.4296754250386812 -901.3863987635239710 -901.3338485316846800 -901.2766615146831555 -901.1978361669242759 -901.0803709428130333 -900.8825347758887574 -900.5857805255022868 -900.1653786707883000
244.5558114332159221 243.9741262530479560 243.4217014359252289 242.9120834462205494 242.4592251422378695 242.0662422107829741 241.7316445407748517 241.4632890815497035 241.2583310755892683 241.1239501490111081 241.0628555946897791 241.0804659983744216 241.1709563803847232 241.3140070441614853 241.5215388783527430 241.7775670549986557 242.0983473313465311 242.5025738282308225 242.9642373340558095 243.4624762936873594 243.9970197778379770 244.5517474939040881 245.1125711189379501 245.6701435925223507
413.3052589043468288 413.1312128384229254 412.9566472320037178 412.7868152167638414 412.6203313513825606 412.4714541361196325 412.3318131963285964 412.2070080240143284 412.0981931536107936 412.0158748484673765 411.9563585983951839 411.9169312474744515 411.8949373665069515 411.8927437510823779 411.9069445246204282 411.9444091670034140 412.0081971944813404 412.0858396351671331 412.1839173353345132 412.3069329792760982 412.4712232292328054 412.6764417248744508 412.9241470876868902 413.1968481209951847
392.4940498749336939 392.1919199575532389 391.9017660880770109 391.6185098158114215 391.3476085803077353 391.1063442734783848 390.8842568028500182 390.6990070491927440 390.5531721367391924 390.4308345334646901 390.3452588493898361 390.3051618282422623 390.3140301675130672 390.3640566967331438 390.4605472599105838 390.5896308648525519 390.7533540513908861 390.9520200106117045 391.1720609414083469 391.4342454331842873 391.7406200257712499 392.0774653225195152 392.4466004699461905 392.8622754491017872
578.3187588152327407 585.4172073342735985 592.8519040902680217 600.6186177715092072 608.6860366713681287 617.0606488011283091 625.6566995768688457 634.5153737658673663 643.5672778561354335 652.7582510578279198 662.0110014104371885 671.2956276445697767 680.5317348377997178 689.6296191819463957 698.4812411847673275 707.0070521861777024 715.2262341325811121 723.0727785613539709 730.3901269393511484 737.1878702397743837 743.5001410437236018 749.2772919605077959 754.5077574047954840 759.2115655853314138
9.0158730158730158 -19.0019841269841265 -48.8988095238095255 -80.2668650793650755 -112.6230158730158735 -145.1865079365079225 -177.1964285714285836 -208.3134920634920775 -238.0763888888888857 -266.0605158730158450 -291.9771825396825307 -315.6517857142857224 -337.1944444444444571 -356.4226190476190368 -373.2519841269841550 -387.6835317460317469 -399.7470238095237960 -409.6130952380952408 -417.3115079365079509 -423.0267857142857224 -426.9394841269841550 -429.1081349206349387 -429.6617063492063266 -428.6428571428571672
-17.4730746960046339 -8.4128546612623047 1.0833815865662999 10.9907353792704114 21.3225246091488145 32.0115807759119875 43.0880138969310948 54.4394904458598745 65.9855240301100139 77.7266936884771269 89.5680370584829149 101.4765489287782287 113.5159235668789819 125.5535610885929287 137.5338737695425664 149.4487550665894560 161.1320208453966529 172.4574406485234590 183.5923566878980751 194.3717429067747560 204.7990735379270291 214.8500289519397768 224.5524030110017293 233.9021424435437098
191.5615491009681932 183.9315352697095420 176.1853388658367976 168.3198478561549223 160.3993775933610095 152.5463347164591994 144.8333333333333428 137.2880359612724703 129.9422544951590623 122.8834716459197836 116.0829875518672196 109.5643153526970934 103.3405947441217165 97.3675656984785576 91.6556016597510421 86.2164591977870032 80.9882434301521386 75.9882434301521386 71.2074688796680562 66.6192946058091309 62.1832641770401082 57.8457814661134151 53.6320885200553263 49.5805670816044284
488.5766038730075138 491.9257014886049433 495.4972994335396947 499.2907390330654493 503.2641285733104723 507.4278751152680798 511.7209853774206181 516.1165854301145828 520.5876696087472055 525.0927414042945429 529.5987353444868404 534.0603346067712209 538.4306415492029601 542.6829139770781012 546.7855355025687913 550.6960874720062975 554.3826900276643528 557.8217626136214449 560.9664075879330767 563.7860624423659601 566.2019496772493312 568.2605717296798957 569.9280727176919754 571.2682123567382177
1208.4558942541139004 1210.7472349608847253 1212.9670892905314759 1215.0652818991097774 1217.1019692473698797 1219.0140275155110885 1220.8427299703264453 1222.5810628540598373 1224.2805503102238163 1225.8823846776369919 1227.3258699757216164 1228.5856487725923216 1229.6258429997301391 1230.4399784192069092 1231.0682492581602219 1231.5562449420015128 1231.9026166711626047 1232.1688697059616970 1232.2824386296197190 1232.2160776908551725 1231.9708659293228266 1231.5548961424333356 1230.9865120043161824 1230.2519557593741411
278.6595012897678316 282.1212381771281343 286.0464316423044124 290.4688306104901017 295.3469475494410972 300.7031384350817120 306.5019346517626673 312.6964746345657886 319.2364574376612154 326.0528804815133412 333.0672828890799906 340.2048581255373847 347.4404557179707922 354.7100171969045732 361.9406706792777300 369.1212381771281343 376.1876612209802033 383.0816852966465831 389.7699914015477134 396.2478503869303381 402.4404557179707922 408.3622098022356113 413.9778589853826247 419.3052450558899409
540.0597941343816046 540.1285884239383677 540.1410541561061791 540.0994672321936605 539.9983447990482546 539.8352557802720639 539.6303729374644718 539.3911446749082188 539.1136398903429381 538.8009103605234031 538.4556975120260631 538.0812600217244608 537.6868566699425855 537.2610045000775472 536.8218589975689383 536.3678684115243414 535.8922567630476124 535.3976103036259246 534.9026534940257989 534.4029379816893197 533.8990327419438700 533.3899032741943529 532.8702736254073216 532.3336781668649564
347.3348314606741383 381.2382022471909977 416.7775280898876531 453.1280898876404422 489.6966292134831633 526.0584269662921315 561.9438202247190475 597.4943820224718820 632.0561797752809525 665.6067415730336734 697.2831460674157142 726.3955056179775056 752.4292134831460999 775.1460674157303856 794.8067415730337189 811.4561797752809298 825.6516853932583899 837.4404494382022222 847.1348314606741496 855.4359550561797505 861.9213483146066892 866.7820224719100679 870.0943820224719047 872.3775280898876190
486.5875832696298176 486.3783444359506234 486.1478104182592688 485.8940155072622247 485.6173419242109617 485.3300753521895672 485.0540024025335697 484.7752539041170508 484.5032761821557301 484.2499726984820541 484.0308507152997777 483.8422518292017003 483.6866877798405540 483.5666703068690708 483.4719886425685331 483.4028611990826789 483.3407229441957043 483.3046303374467811 483.2920716391831206 483.2895052964944966 483.2996614611772657 483.3260893305667878 483.3488587965491092 483.3571038549743548
6.4559585492227978 24.8272884283246995 43.7607944732297085 63.2331606217616553 83.0086355785837640 102.8411053540587261 122.6174438687392012 142.2979274611398921 161.6692573402417850 180.7253886010362578 199.5734024179620008 218.0578583765112342 236.1122625215889457 253.8290155440414537 271.1321243523316298 288.0673575129533788 304.6312607944732349 320.6433506044904789 336.1131260794473405 350.9473229706390498 364.9170984455958546 377.9922279792746167 390.1873920552677077 401.3290155440414537
-7.8253581225236211 -10.0798537031392872 -12.1804327948796107 -14.0813776287717154 -15.8156049984760738 -17.3611703748857060 -18.7150259067357503 -19.8978969826272483 -20.8875342883267301 -21.7034440719292903 -22.3791526973483705 -22.9305089911612328 -23.3425784821700688 -23.6839378238341958 -23.9521487351417264 -24.1356293812861935 -24.2727826882048170 -24.3611703748857060 -24.3724474245656815 -24.2947272173117952 -24.1094178604084135 -23.7552575434318811 -23.2340749771411161 -22.5205729960377923
448.4292670088169643 451.1594946703513642 454.1698907751019760 457.4672983287274519 461.0640873799184192 464.9114357152257071 468.9753914988814358 473.2662192393735836 477.7243058297144103 482.3183313593893899 487.0088169495986108 491.7343071456770645 496.4401894986182242 501.0860639557836294 505.6356099486774838 510.0381629161731780 514.2789840768522254 518.2974075536254759 522.0933017502302391 525.6448216870641090 528.9005132254244472 531.8499802605606419 534.4873009606527603 536.8007632583235136
834.6215068977714964 843.1857092324017913 851.7159533073929651 860.2285107888220637 868.7018040325433503 877.1683763707110302 885.5496993279094795 893.8765475769366731 902.2249734701096031 910.5037141846480608 918.7870534135125808 926.8535550053060206 934.5978068623983290 941.9625044216484184 948.9646268128758493 955.6147859922178895 961.9536611248673807 967.8991864166961250 973.3866289352670265 978.4357976653697051 982.9801910152104938 987.1001061195613602 990.8910505836576021 994.4478245489918891
508.9923954372623598 514.3309637956687084 519.8819639609853311 525.6480409985121014 531.6032402049925167 537.7262357414448388 544.0269466027442604 550.4447016035708202 556.9289138700611375 563.4058522069763058 569.8293932881467754 576.1344023805587540 582.2511158869234578 588.1719292445031897 593.7979831377086839 599.1401884609026638 604.1806910233096914 608.8852702926103575 613.2342535956356642 617.2863283187303978 621.0380228136882579 624.4822284675152559 627.6470490990246844 630.4762770705901858
303.9994779430957692 298.4043330723048939 292.5596450013051140 286.4440093970242742 280.1811537457583086 273.7580266249021292 267.2273557817802043 260.6512659879927014 254.0715217958757535 247.5035238841033731 240.9892978334638372 234.5737405377186064 228.2722526755416368 222.1581832419733757 216.1858522578961015 210.4027669015922868 204.8222396241190211 199.4810754372226711 194.4202558078830521 189.6319498825371852 185.1613155833985900 181.0198381623596902 177.2231793265465853 173.7528060558600771
409.6196150320806737 418.2706996639169006 427.7103574702107949 437.8151542926978550 448.4194928200427626 459.3534983195845030 470.5481209899174928 481.9086465016804368 493.3315001527650452 504.7598533455545180 516.0727161625420649 527.1475710357469779 537.9107852123433986 548.2523678582340381 558.0873816070883322 567.3605255117629440 576.0436908035441093 584.1096853040024826 591.5001527650473463 598.2768102658111502 604.4396578062938943 609.9945004582951924 614.9278948976474339 619.3058356248089922
-201.9775280898876417 -225.4438202247191043 -248.7520064205457402 -271.6605136436597263 -293.8635634028892696 -315.0971107544141319 -335.1693418940610059 -353.9991974317816812 -371.3731942215088111 -387.1701444622792678 -401.3362760834671121 -413.8178170144462342 -424.7150882825040412 -434.0329052969502186 -441.8844301765649902 -448.3531300160513524 -453.5321027287319566 -457.4454253611556851 -460.1974317817014253 -461.8643659711075315 -462.4486356340289035 -462.0304975922953190 -460.5930979133226515 -458.1155698234350098
-193.0895140664961502 -168.5038363171355513 -141.6074168797954087 -112.8670076726342728 -82.7007672634271103 -51.6521739130434767 -20.2915601023017906 10.8491048593350392 41.6035805626598432 71.5153452685422053 100.2966751918158508 127.7800511508951473 153.8184143222506464 178.4117647058823479 201.5562659846547433 223.3171355498721198 243.6739130434782510 262.6636828644501520 280.0946291560102281 296.0115089514066540 310.6278772378516351 323.9360613810741825 335.9705882352941444 346.8069053708439924
551.7736176543515967 552.3406893131664219 552.8719935531862575 553.3680882717579834 553.8339945450037476 554.2764071410859970 554.6914207785767985 555.0727126208777236 555.4200347136127220 555.7293577981650969 555.9973344904537953 556.2364244978923580 556.4487974212744348 556.6397222910984510 556.7940119018101086 556.9137738656087322 556.9856186461690868 556.9967146045128175 556.9535085544259800 556.8511653855690611 556.6822464666500991 556.4246838581700558 556.0866600545499523 555.6523059757004148
926.1912621359223294 920.2446601941747986 913.7155339805825633 906.6029126213592235 898.8956310679611761 890.6466019417475763 881.9378640776699285 872.7674757281553184 863.1072815533980247 852.9325242718446134 842.2286407766990806 831.0359223300970370 819.4917475728154841 807.6548543689320923 795.6703883495146101 783.6592233009708934 771.7524271844660007 760.0611650485436712 748.6470873786407765 737.5475728155339539 726.7786407766990351 716.3737864077669428 706.4218446601942105 696.7033980582524464
-392.2239031770045585 -396.1655068078668478 -399.5839636913767094 -402.4692889561270590 -404.8136157337367536 -406.6511346444780770 -408.0750378214826242 -409.0635400907715393 -409.7237518910741301 -410.0962178517397660 -410.2078668683812452 -410.0883509833585663 -409.7639939485627565 -409.2462934947050144 -408.5443267776096832 -407.6723146747352757 -406.5682299546141962 -405.2099848714069594 -403.5491679273827685 -401.4895612708018007 -398.9833585476550866 -395.9431164901664033 -392.2898638426626121 -388.0154311649016563
-293.9794405123020056 -297.7128412537917370 -301.1172901921132734 -304.2089652847994330 -306.9753960229188010 -309.4647792382878606 -311.7125042130097654 -313.7674418604651123 -315.6548702392989298 -317.3872598584428601 -318.9774182676104033 -320.4462419952814116 -321.7687900235928282 -322.9652847994607328 -324.0175261206605910 -324.9116953151331586 -325.6319514661274184 -326.1300977418267735 -326.3855746545331726 -326.3309740478597973 -325.9383215369059599 -325.1664981462756714 -323.9956184698348238 -322.4310751600943945
593.1274783580005305 593.6750209438704360 594.2229125942474184 594.7537000837754704 595.2686400446802963 595.7749930187098926 596.2587266126780605 596.7245182909801997 597.1727869310248025 597.6082099972074957 598.0263892767383140 598.4333984920413059 598.8263753141580992 599.1955459368891752 599.5462859536442011 599.8657497905612672 600.1609187377827084 600.4297682211672509 600.6590337894442655 600.8276319463836899 600.9466629433119351 601.0043982127897380 600.9902960067020103 600.9090337894442655
192.7766439909296992 171.2018140589569271 146.7120181405895778 119.2165532879818528 88.8356009070294732 55.6984126984126959 20.3117913832199548 -16.5566893424036294 -54.4943310657596385 -92.8548752834467166 -130.7052154195011440 -167.4263038548752718 -202.1927437641723486 -234.5147392290249400 -264.2301587301587347 -291.0736961451246998 -314.8537414965986159 -335.6054421768707243 -353.3605442176870497 -368.1371882086168057 -380.0895691609977121 -389.3707482993197004 -396.1553287981859626 -400.6281179138322273
