1179.7282789153293834 1280.9192030990591320 1304.7714443829552238 1231.9247371333701722 1089.5949086884338612 885.1615938018816223 649.1671278361925488 432.7498616491422467 271.9878251245157799 165.8821250691754301 87.7111234089651362 9.7791920309905915 -82.5091311566131651 -183.0664084117321408 -279.5855008301051612 -351.7421140011068132 -383.9103486441616155 -399.7653569452130569 -434.7371333702268998 -522.8942999446596787 -661.5650249031543808 -800.8201438848921043 -893.6878804648588357 -925.8616491422246781
240.7018633540372718 323.2111801242235742 475.9565217391304373 718.7763975155279468 1054.8198757763975664 1484.6770186335404560 2028.5590062111800762 2665.8198757763975664 3349.7080745341613692 4025.7701863354036504 4574.0683229813666912 4948.3167701863358161 5142.7701863354041052 4754.7329192546585546 3498.9440993788821288 1412.0621118012422812 -765.7391304347826235 -2524.2298136645963496 -3585.3913043478260079 -4082.1055900621117871 -4555.1614906832301131 -4976.7204968944097345 -5158.5341614906828909 -4937.5838509316772615
-384.3402135231316947 -479.1259786476868499 -578.9046263345195484 -684.6946619217081889 -793.0967971530249088 -898.3615658362989507 -995.2391459074733575 -1077.2690391459075272 -1138.1836298932385034 -1174.7110320284698446 -1191.1302491103203920 -1191.5530249110320256 -1176.7444839857651004 -1156.6398576512456202 -1136.0035587188613135 -1120.3380782918150089 -1107.9701067615658303 -1090.6711743772241334 -1066.2284697508896443 -1031.8825622775800639 -983.7814946619216698 -915.7309608540924728 -826.7039145907473312 -720.5686832740213958
394.0140117994100137 435.6397492625368955 469.7062438544739393 496.8673795476892678 515.3804080629302007 525.4751720747295849 526.6397492625368386 519.6034906588004105 505.0294985250737341 484.0951327433628535 457.4488692232055200 425.8462389380530908 391.1086529006882984 353.0529744346115990 313.9933628318584056 278.0511307767944800 244.1597836774827783 213.6617502458210538 186.2847836774827783 160.3214110127827041 135.2968289085545734 111.9557522123893847 90.1070550639134780 68.5796460176991189
-61.3603603603603602 -127.4414414414414409 -130.1891891891891930 -140.4729729729729684 -174.3828828828828819 -253.1036036036036023 -404.9324324324324493 -657.4864864864864558 -1014.3198198198198270 -1465.4774774774775778 -1980.6261261261261097 -2514.2162162162162531 -3011.7252252252251310 -3420.9009009009009787 -3710.4099099099098567 -3889.7657657657659911 -3952.6306306306305487 -3908.8513513513512407 -3774.7207207207206920 -3560.7837837837837469 -3291.9549549549551557 -2980.4189189189187346 -2637.1171171171172318 -2255.5315315315315274
460.7317073170731874 607.6983311938382712 766.4377406931963606 932.8818998716302531 1107.3222079589215809 1287.8934531450577197 1461.8600770218229172 1622.5776636713735570 1759.3645699614889963 1871.8664955070603355 1950.2798459563543929 1989.4621309370988911 1987.9204107830551038 1949.3080872913992607 1876.4929396662387262 1766.5070603337612738 1628.6136071887035541 1477.8395378690629514 1322.3363286264441285 1159.5712451861361387 1007.8600770218228035 864.0795892169447825 746.0526315789473983 646.0256739409499005
772.5991735537189697 117.1363636363636402 -138.5661157024793511 -107.5495867768594991 -57.5206611570247901 -49.5826446280991746 -52.8719008264462786 -60.6404958677685926 -91.0330578512396755 -164.4338842975206489 -284.3099173553719083 -479.5702479338842750 -760.2892561983470614 -1138.5082644628098478 -1604.0578512396693895 -2107.6239669421488543 -2608.3264462809916040 -3048.5289256198348085 -3392.5991735537190834 -3617.3801652892561833 -3716.3636363636364877 -3693.9132231404960294 -3544.7479338842977086 -3289.6652892561983208
757.2761867398979803 858.1510396233817346 948.9003530796391033 1026.7057669674381941 1086.7838367987446873 1120.8638681836014257 1123.0219693997646573 1095.0835621812475438 1039.5107885445272586 961.7222440172616871 866.7026284817575288 761.0710082385248825 653.0906237740290408 550.3373872106708404 455.0105923891722455 369.5025500196155122 294.7979599843075675 234.3958415064731184 184.6990976853668087 144.7143978030600238 110.8246371125931802 84.8795606120047097 61.9478226755590455 36.2581404472342115
-931.2339832869080283 -657.4568245125348085 -442.7632311977715744 -272.1699164345403688 -126.4150417827298014 -17.1754874651810567 42.4011142061281348 60.0724233983286879 64.3844011142061277 72.6072423398328652 97.9164345403899716 145.6963788300835745 233.3593314763231206 379.6434540389972199 609.1894150417826950 945.0696378830083404 1395.4261838440111205 1957.3175487465180140 2609.3314763231196594 3304.9805013927575601 3978.4679665738162839 4510.9220055710302404 4815.0974930362117448 4832.3760445682455611
-40.6539974545875253 -38.5797176906166825 -33.9508851093370367 -27.4533726715260897 -20.3848779359018870 -14.8685063056808975 -11.9133981256508150 -11.1913108874233487 -11.1748235566354275 -10.2446488487793594 -7.4162906398241351 -0.5990975355779243 11.3853985884530839 29.7074511165104695 54.2318639361332870 84.2568552585907611 118.3744070345944692 154.7032858961008799 191.3860927918546793 225.9365960893208296 255.3788615064213730 275.5732963091519423 281.7269466620386424 271.8963901423117022
250.4966592427616945 243.7448032665181756 228.8234966592427497 205.4556421677802405 171.1976614699331947 123.2704157386785511 59.8292501855976226 -18.5389755011135868 -107.0898292501856019 -201.1727913882702410 -297.4619524870081477 -390.9279881217520369 -474.6145137342242037 -547.4040460282108143 -602.6891239792130364 -634.5798069784706286 -641.5682999257609254 -622.5219005196732951 -580.8119896065330749 -518.1481069042316676 -442.9957312546399635 -361.2609502598366475 -277.1976614699331662 -197.2433184855233890
1856.2653721682847845 2355.1359223300969461 2860.4660194174757635 3354.1456310679609487 3835.1423948220062812 4309.3948220064721681 4731.6731391585763049 4912.3721682847899501 4774.0970873786409356 4406.0809061488671432 2891.2880258899676846 1083.8284789644012562 -4.6796116504854366 -200.9352750809061376 -140.8317152103559806 -101.6278317152103625 -111.8576051779935341 -122.1812297734627890 -137.7669902912621467 -179.7637540453074507 -258.6375404530744504 -378.9288025889967457 -545.8090614886731373 -752.7864077669902372
-150.0424186046511750 -194.4091162790697638 -238.7892093023255882 -282.2223255813953529 -325.1373023255814019 -368.0169302325581384 -409.3629767441860281 -450.2645581395348700 -490.8009302325581302 -531.5069767441860904 -571.1871627906976983 -601.8511627906976855 -620.0174883720929984 -617.6150697674418097 -589.6937674418604729 -536.4708837209302601 -461.1471627906976778 -368.3866046511627701 -264.7508837209302328 -157.6952558139534801 -55.7666976744186016 34.5884651162790675 107.5853023255813952 157.9039999999999964
-156.3188854489164044 -232.1408668730650220 -302.8281733746130158 -392.5371517027863888 -515.8885448916408905 -673.3452012383901319 -862.8312693498452290 -1089.1517027863776548 -1349.0263157894737560 -1621.2321981424149726 -1890.3746130030958739 -2128.4938080495358008 -2314.1238390092880763 -2433.2585139318885012 -2489.4690402476780946 -2466.2801857585141079 -2356.2461300309596481 -2175.4520123839010921 -1934.6687306501548846 -1654.4907120743034739 -1362.6455108359132282 -1080.9891640866871967 -835.3637770897832979 -606.9705882352941444
26.5853153609053692 31.3138427565901445 38.2734507981782244 47.0055665455214609 56.0473386391866413 62.9381239361457432 65.6914017573722191 63.3674380089248714 55.8753737866310871 42.6407967980862139 23.3681740810599443 -0.1683765008970879 -26.4516262593734197 -53.5852233518884873 -80.2597874591709939 -104.3912223397892944 -124.5169526613608184 -138.6467313796752023 -145.2089524773427911 -143.4742144730183497 -135.4383309564337310 -122.5406909877168005 -107.5197589363757658 -92.7277453190412615
-460.0422413793103260 -501.1887931034482904 -547.1301724137930478 -626.1137931034483017 -738.5655172413793252 -843.8137931034482335 -925.1293103448275588 -979.4060344827586277 -1000.7672413793103487 -982.3767241379309780 -920.1698275862069067 -802.8836206896551175 -614.2637931034482790 -343.8663793103448256 -7.8560344827586208 360.8086206896551857 719.0379310344827672 1030.8155172413792116 1274.7439655172413495 1438.3862068965518120 1514.6034482758620925 1486.7801724137930250 1348.4370689655172555 1124.9620689655173464
352.8289864641795930 419.9666556619346238 481.7312644437108133 536.0716408055463944 582.3086827335754379 621.2145922746781252 651.7629580719709566 673.2901947837569878 682.4645097391878608 677.3344338065368220 653.9844833278309579 610.0386266094420762 541.8781776163750692 449.4975239352921790 333.3813139650049493 203.0845163420270580 69.8712446351931362 -56.3677781446021768 -171.6150544734235837 -271.4602178936942778 -352.3724001320567822 -411.4503136348629937 -448.6084516342027086 -460.3968306371739914
-57.9853991260790806 -47.1565597356922126 -31.4825748694447398 -10.8227645742299909 13.4206543749333900 41.4596610892038768 73.0878183949696307 108.6782478951294877 147.4766066290099218 187.1592241287434604 225.9042950015986264 261.6733454119151929 293.9088777576467919 322.7288713631035080 349.1945006927421673 372.3615048491953416 392.9063199403175872 410.3438132793349951 423.2026004476180105 431.4283278269210200 431.5614409037621044 420.2816796333794969 396.2297772567409311 362.2346797399552543
999.3070910106085876 1064.2130094919039038 1081.8869346733667953 1050.9472361809046106 976.7292015633723850 866.4751535455053499 737.4684533780010725 601.9522613065327050 473.9798994974874518 362.5725851479620587 272.8076493579006296 204.0055834729201649 152.9745951982132794 113.1222780569514299 82.9776661083193687 58.6370742601898414 40.0097710776102744 25.2953657174762689 17.1887213847012852 13.9949748743718594 13.8813512004466784 7.4740368509212729 -8.1005025125628141 -32.3001116694584027
66.7257790368271912 58.5433427762039642 57.1303116147308785 47.4419263456090619 28.6543909348441943 3.0838526912181301 -21.7121813031161466 -36.6974504249291797 -42.1677053824362602 -54.3728045325779021 -124.6430594900849798 -309.6056657223796265 -599.7155807365438704 -919.9926345609064811 -1170.0730878186968766 -1303.3093484419264314 -1304.2572237960339407 -1189.6526912181302578 -982.4509915014164108 -716.5014164305948725 -418.0674220963172729 -123.2475920679886627 141.7529745042492948 346.4192634560906754
-4974.1894736842104976 -5233.8736842105263349 -5127.4105263157898662 -4603.8631578947370144 -3748.2631578947366506 -2759.5631578947368325 -1853.2684210526315383 -1096.0052631578946603 -511.1000000000000227 -75.5157894736842081 252.8736842105263065 432.0894736842105317 456.0421052631579073 382.4368421052631675 287.9736842105263008 222.5631578947368325 203.6631578947368553 218.7842105263158032 286.6105263157894569 411.4578947368420927 591.6421052631578732 836.2789473684210861 1127.7000000000000455 1463.3315789473683708
-3339.2362204724408912 -3126.0511811023620794 -2806.5866141732285541 -2415.4645669291339800 -1995.2795275590551682 -1562.2834645669290694 -1128.9763779527559109 -717.2322834645668763 -344.8188976377952599 -33.2559055118110223 241.5314960629921188 495.3267716535432896 759.1220472440944604 1073.5511811023623068 1453.9685039370078812 1904.4763779527559109 2415.5039370078739012 2974.4566929133857229 3553.3858267716536830 4112.4251968503940589 4537.0393700787399212 4765.3346456692916036 4704.2795275590551682 4265.7007874015744164
-219.6143439375070727 -235.4174119778104739 -240.8139363749575352 -235.1963659006000285 -218.6366466659119112 -192.9299784897543191 -160.1039850560398463 -121.4809238084455956 -81.4744707347447132 -42.5510019246009250 -7.1599116947809351 21.7797464055247367 43.2150458507868223 56.7399524510358901 62.7109702252915184 61.7661043812974100 55.2758972036680660 46.0482848409373915 35.6858938073134837 25.0710970225291518 15.4619608287105166 7.4626967055360582 1.6201177402920866 -1.4687535378693535
936.0901467505241271 867.3312368972746071 725.1119496855345687 565.7664570230607524 400.2083857442348176 247.3563941299790372 114.7559748427673014 -2.8607966457023060 -115.2415094339622641 -225.6926624737945417 -326.1677148846960108 -411.3136268343815232 -468.7865828092243419 -498.1601677148847216 -521.3010482180293366 -565.2838574423479940 -643.6721174004193244 -740.2901467505240589 -830.1266247379454626 -893.5484276729559951 -919.5861635220126118 -907.4767295597483781 -855.5454926624737482 -765.0591194968553737
-1490.3371017471736195 -1525.9573484069887854 -1477.4686536485098713 -1353.1808838643371473 -1170.7060637204522209 -952.2307297019526686 -724.7317574511819203 -511.9362795477903205 -328.1125385405961197 -183.0411099691675361 -75.8124357656731718 -7.9244604316546763 28.8293936279547793 43.5349434737923957 48.8386433710174686 48.3124357656731789 49.1361767728674224 49.1736896197327837 53.4665981500513894 63.3643371017471750 76.7913669064748206 92.1130524152106887 108.8263103802672163 124.6233299075025656
475.2280207882200216 499.2650498051104364 488.6513642269380853 441.7529233434387379 364.8553486357730549 272.6576440017323648 179.5331312256388117 99.3066262451277595 40.3196188826331721 3.0920311823300128 -9.4924209614551760 1.5478562148116068 32.8834993503681261 79.1539627544391493 133.8819835426591567 194.1587267215244594 254.4491121697704727 312.9495452576873049 363.1019922044175132 398.3265482893027070 414.2459939367691391 409.5101775660459111 383.1857947163273934 335.2184928540493729
-26.6033446563888170 -57.1369218709171705 -83.2960543506663242 -105.9600209041024357 -128.9503527567285062 -157.2393519728246645 -192.1643585053566881 -235.6109223935197292 -288.0661092239352001 -346.5280898876404763 -407.6704990854454991 -470.5960282205383010 -535.8795401097465856 -605.2835118892082846 -678.7078651685393424 -749.7773713091194168 -815.5529135092762090 -871.0864907238045589 -912.9642017245884063 -934.4486542984060407 -934.4779200418082610 -910.6501175855761403 -863.9924222628691268 -792.6187614319310342
1032.2207293666026544 1170.6660268714010726 1268.2667946257197400 1325.4126679462572156 1330.8867562380037270 1286.4299424184262080 1202.8886756238002818 1090.8291746641075406 950.3243761996161538 786.6564299424184128 600.1477927063339166 399.0729366602687378 174.9654510556621858 -58.9904030710172762 -287.3282149712092064 -519.7658349328214626 -768.1516314779270260 -1016.0537428023033044 -1252.8157389635316576 -1466.5163147792707150 -1615.1132437619962730 -1665.1209213051822644 -1606.0191938579655471 -1454.8061420345488841
-770.5606454971368748 -780.2290473711608456 -740.6260628145063265 -658.2396321360403135 -545.9177511712649675 -420.1695297588061635 -293.6810688877320672 -179.0900572618427873 -83.9062988027069281 -14.0258545896234601 29.8049626930418192 50.7711261495748758 55.1268436578171119 50.4447336456706594 42.4017005032101366 36.1162588929377080 32.4754468158945002 30.2404997397188957 29.4207877841402059 31.8178032274856832 36.7072705188270021 42.1117473538087808 46.3453062640985607 49.2963734166232896
116.4038128249566739 100.0060658578856163 70.9696707105719184 32.4597053726169875 -8.2010398613518198 -30.8752166377816302 -37.3258232235701897 -54.0225303292894310 -147.2101386481802479 -347.7053726169843912 -613.7976603119584524 -862.6035528596187305 -1025.6997400346619997 -1088.5870883882148519 -1057.0597920277295998 -936.4870017331022609 -747.9848353552860090 -512.2564991334488695 -246.3804159445407151 30.6798093587521663 288.5567590987868130 499.3635181975736828 649.8613518197573740 728.8409878682841736
351.1995133819951320 429.1068126520681290 499.2871046228710270 554.9542579075425692 587.5430656934306626 594.9873479318735008 571.1374695863746638 511.1009732360097360 421.1399026763990037 307.4034063260340872 182.2593673965936603 60.4506082725060807 -51.9698296836982934 -155.0642335766423230 -249.8243309002432966 -337.4929440389294655 -414.1012165450121643 -478.3656934306569610 -525.7914841849147933 -550.9206812652067811 -557.8450121654501572 -552.0917274939172330 -533.7965936739659583 -501.4053527980535137
4678.2160000000003492 4998.1279999999997017 5119.4960000000000946 4749.8959999999997308 3512.4400000000000546 1197.2239999999999327 -1222.1920000000000073 -2882.5199999999999818 -3579.4000000000000909 -4041.0000000000000000 -4628.2960000000002765 -5139.2319999999999709 -5312.4239999999999782 -5056.8159999999998035 -4353.1360000000004220 -3358.7119999999999891 -2325.2319999999999709 -1480.0000000000000000 -831.5199999999999818 -309.0160000000000196 87.4639999999999986 334.4959999999999809 416.6000000000000227 376.9039999999999964
-894.4317548746518014 -873.9871866295264908 -817.3727019498606978 -731.6473537604456396 -622.3632311977715972 -499.0362116991643688 -364.9470752089136454 -230.9431754874651688 -103.5298050139275716 13.6094707520891358 116.9977715877437277 206.3493036211699234 287.6272980501393022 366.2339832869080851 447.0250696378830071 533.3398328690807375 623.3493036211699518 709.3476323119776907 780.6785515320334525 830.5459610027854751 856.6467966573816284 856.8467966573815602 829.1181058495822072 774.3582172701950412
525.5081984555167764 554.8518988680841630 558.2036390563841906 535.4117211467258812 490.9690045488204646 431.8600444303395989 364.5713530096265913 297.3567121548714454 236.8830001057865218 186.7095102083994504 146.9379033111181627 115.6658203744842837 90.8251348778165664 71.1529673119644599 52.5387707606050967 32.9699566275256544 13.8763355548503124 -3.2086110229556755 -16.5683909869882591 -26.5849994710673876 -33.9243626362001507 -42.8316936422299790 -52.7655770654818568 -62.2297683275150746
-389.3313716613852193 -433.0835219556360585 -453.2290629244001821 -446.6240380262562439 -412.6923947487550777 -358.2005432322317802 -288.3933906745133413 -211.9244001810774023 -136.0885015844273482 -67.4615210502489759 -9.5975554549569946 33.2485287460389287 52.7684472612041660 46.5233137166138491 9.8277501131733818 -60.1518786781348993 -149.2539610683567162 -244.9950203712086818 -334.3764146672702395 -408.5658669081032031 -460.3920325939338909 -483.7727478497057518 -481.0221819827976333 -454.0291987324580987
24.8566754617414247 31.1675285839929650 36.6877044854881262 41.8976253298153054 47.2456992084432699 53.3715391380826745 60.6082673702726495 68.9982058047493467 77.7444854881266423 86.0234300791556734 93.0231486367634091 97.5820228671943681 99.0050307827616507 97.3029727352682556 92.5075813544415126 84.6608970976253232 73.9897273526824932 61.3797361477572565 48.3290413368513612 35.2151978891820576 22.6258223394898863 11.4837291116974498 2.5198240985048375 -4.3537730870712403
-1179.6862396204032848 -1234.8185053380782392 -1181.8054567022538777 -1040.8944246737842150 -828.3262158956108578 -554.7544483985765282 -243.9495848161328695 73.4632265717674926 369.4228944246737569 625.6933570581257982 823.7016607354685220 952.3576512455515513 1004.3297746144721714 978.4062870699881387 865.4056939501779198 675.1411625148280109 443.2663107947805656 228.7141162514828068 67.4015421115065294 -35.9306049822064040 -98.9003558718861200 -136.1251482799525547 -161.3570581257413892 -180.9822064056939439
-133.9524094582460236 -138.1349895240945784 -116.2451361867704236 -79.1215205028434667 -33.2583058964381948 14.9757557617479797 63.2023346303501938 109.9269679736605809 152.7928763843160596 186.9829392397485890 200.7758156240646485 170.6584854833882048 59.0592636935049384 -132.7258305896438060 -354.4292128105357733 -547.0927865908411150 -674.9416342412450831 -723.5507333133792827 -698.8566297515714041 -607.6707572583059118 -471.9452259802454250 -319.7617479796468274 -170.9655791679138019 -42.4202334630350180
-26.4891391794046669 -79.7578439259855259 -130.8165728077232473 -181.4995977473853657 -234.3290426387771390 -282.2510056315366000 -318.0305711987127779 -325.3628318584071053 -274.5977473853579909 -163.8744971842317000 16.2791633145615435 260.6251005631536373 542.6564762670957407 829.1029766693483225 1086.5744167337088584 1275.2493966210779490 1365.2325020112630227 1363.3427192276749338 1261.3773129525341119 1072.1713596138374669 829.6427996781978891 585.8439259855189221 383.6830249396621184 231.8584070796460139
-551.3083889418493300 -764.6496663489036791 -932.4170638703527629 -1013.2883698760724656 -1008.4189704480457976 -922.8317445185891756 -768.9938036224975804 -562.6387035271687864 -328.9632983794089682 -86.0729265967588191 153.5238322211630191 371.6177311725452910 550.4771210676834698 678.1897044804576353 745.2197330791229888 744.6663489037177897 681.2297426120114778 564.1496663489036791 405.2020972354623609 235.3126787416587149 86.8150619637750225 -15.2025738798856054 -73.0276453765490885 -99.0791229742611961
148.5488638462959443 158.5943561795677113 166.3400609643450991 171.7926750415666106 176.0664603731756870 179.5865970811010470 182.3681415111767876 183.8825974505819261 184.7253371513024263 184.8571494550157013 183.8383983003879507 181.5051265472011721 178.4786162941067857 174.9871143543321637 171.2838075004618474 168.3606133382597534 167.1376316275632803 166.3571956401256102 165.6961019767227015 164.9864677627932679 163.3529466100129355 160.0665527433955333 153.1738869388509272 142.4234250877516956
-531.5799874529485578 -593.9002509410288440 -642.3789209535758573 -672.1835006273526005 -687.4626725219573018 -687.0862609786699977 -668.8111668757842381 -633.0185069008782648 -580.4052697616060641 -512.4589084065244151 -431.5821831869510561 -336.5479924717691347 -230.4134253450439189 -116.2578419071518141 0.4369510664993727 116.0592848180677521 228.8422208281053827 333.8472396486825460 431.1276662484316375 510.7700752823086532 566.7647427854453781 593.4021329987452873 591.2430991217064502 561.6947929736511469
-231.8322438371268674 -258.7844372686461156 -280.1904386863038781 -296.2748680790737694 -306.8014491612191819 -312.3306292825076866 -313.6913444120658596 -310.3418917854611436 -302.9971646845711462 -291.7576592895959493 -276.9924391588564276 -260.0157517523824708 -241.5138221627155986 -222.0620619043868658 -201.6546428290147333 -181.3133811136488873 -161.5093329132866131 -142.9680239426636206 -126.7803418130266948 -112.8020792313144796 -100.7131605891155459 -88.9207686855162649 -76.6710246514924734 -62.9747971961880779
706.0389610389610198 1084.9772727272727479 1526.8311688311687249 2021.6850649350649292 2547.7662337662336540 3078.7207792207791499 3584.4545454545454959 4070.7077922077924086 4527.4415584415582998 4882.0844155844151828 4916.1590909090909918 4736.0487012987014168 4016.4805194805194333 2441.5584415584417002 783.5454545454545041 -22.1233766233766218 -171.3311688311688386 -108.7077922077922096 -89.1623376623376629 -112.3246753246753258 -132.5389610389610482 -158.2564935064935128 -218.8181818181818130 -322.2110389610389802
-25.7532505478451412 -25.3827611395178963 -19.3626004382761145 -6.8994886778670566 10.7501826150474802 32.7576333089846585 57.4037983929875821 75.2191380569758934 74.1814463111760460 36.3531044558071557 -43.1858290723155562 -150.5526661796932046 -260.1320672023374527 -350.2381300219138325 -407.8926223520817871 -423.2946676406135680 -393.1184806428049683 -322.0036523009496250 -218.8137326515704899 -96.4645726807888906 32.5018261504747983 150.0933528122717178 239.3592403214024955 288.5238860482103860
-933.0118738404452188 -831.2107606679035143 -659.5302411873840356 -435.4226345083487786 -186.2634508348793929 65.0411873840445338 295.1391465677180008 479.4612244897959386 605.4567717996289957 664.0437847866419361 648.3372912801484063 568.0716141001855704 445.2155844155844306 301.2957328385899700 162.0207792207792181 45.3807050092764399 -38.4278293135435973 -85.2330241187383990 -99.7884972170686524 -91.7153988868274581 -72.5955473098330231 -53.7962894248608521 -41.2612244897959215 -32.7918367346938808
-23.0775729646697378 -5.6461853558627748 11.3054275473630312 24.7534562211981566 33.3640552995391673 38.9759344598054298 43.1351766513056845 40.6013824884792598 33.0427547363031238 22.6108550947260625 11.1536098310291862 1.7800819252432156 -2.2552483358934974 2.9324116743471582 24.0258576548899114 69.5852534562211957 147.2534562211981495 258.7749615975422444 395.9679979518689379 550.6346646185355667 702.8189964157705845 832.0655401945724634 920.6520737327189181 952.1152073732719145
35.2525802752293558 24.4124139908256872 19.3324254587155977 16.7454128440366965 14.4756307339449535 11.4608658256880727 5.5090309633027523 -5.2439793577981648 -19.7866972477064209 -36.7560206422018325 -58.2699254587155977 -83.2315080275229349 -112.7226204128440372 -148.3963589449541303 -195.7121559633027630 -263.2987385321100646 -349.7154529816513673 -445.3896215596330421 -538.6356077981650969 -620.6886467889908090 -684.3791571100917963 -721.5487385321100646 -727.1181192660550323 -698.2712155963303076
5144.3523809523812815 4172.1904761904761472 1910.4190476190476602 -954.1809523809523625 -2938.7047619047621083 -3704.6761904761906408 -4104.3904761904759653 -4654.5428571428574287 -5188.5238095238091773 -5373.4952380952381645 -5109.1047619047621993 -4386.4190476190478876 -3359.4571428571430260 -2302.5619047619047706 -1459.3714285714286234 -827.6857142857143117 -298.3428571428571558 106.5809523809523824 351.6857142857143117 434.3142857142856883 393.6761904761904702 296.5904761904761813 213.6666666666666572 179.7619047619047592
171.8121019108280336 119.9713375796178383 72.6146496815286611 19.3859872611464965 -38.3184713375796164 -103.5592356687898103 -188.0433121019108285 -288.2764331210191244 -412.3987261146496621 -553.3738853503184600 -709.8133757961783203 -877.8617834394904094 -1044.5433121019107148 -1203.9318471337578558 -1339.1611464968152632 -1433.5203821656050422 -1476.9847133757962183 -1474.9541401273884276 -1426.4675159235669071 -1340.0687898089172450 -1224.7197452229299870 -1087.6133757961783886 -933.3484076433121572 -767.6910828025477258
4067.2355555555554929 4517.1599999999998545 4898.1777777777779193 4927.5066666666671154 4658.8977777777781739 3710.2488888888888141 1155.9422222222221990 -280.2844444444444321 -326.9599999999999795 -248.9911111111111097 -192.9288888888888778 -155.2044444444444480 -128.0311111111111018 -165.9733333333333292 -250.2711111111111109 -378.9333333333333371 -549.5422222222222217 -787.1111111111110858 -1080.5155555555554656 -1404.3377777777777737 -1730.5111111111111768 -2029.1422222222222445 -2273.9733333333333576 -2451.6888888888888687
464.4629182476716096 422.8989306657468319 351.9606760952052582 260.4115212142118025 158.7292169713694250 62.3687478440841687 -7.7426698861676444 -45.4584339427388784 -52.9127285270783005 -40.7902725077612942 -18.0865815798551210 10.3694377371507418 46.9510175922731960 90.3342531907554331 136.6943773715074144 182.8316660917557783 200.7606071058985719 150.2780269058295914 1.6015867540531217 -230.5056916177992434 -496.4322180062090411 -728.2807864780959335 -879.3611590203518062 -927.5908934115211650
-39.1687943262411338 -108.8099290780141786 -112.9815602836879407 -133.5262411347517855 -170.7361702127659555 -227.1503546099290816 -301.1460992907801142 -403.7177304964538962 -535.7900709219858300 -699.5574468085106901 -891.6624113475177182 -1115.6652482269503253 -1365.8226950354610381 -1621.3177304964538052 -1862.4496453900708275 -2070.9503546099290361 -2238.9234042553189283 -2353.2014184397162353 -2403.0184397163120593 -2373.4780141843971251 -2258.6283687943264340 -2069.5758865248226357 -1827.7035460992908611 -1569.5758865248226357
-458.9867491166077684 -628.0918727915194495 -844.8568904593639672 -1043.0309187279151502 -1177.7332155477031392 -1239.0680212014133303 -1224.2694346289752048 -1133.2809187279151502 -981.2888692579505232 -766.4416961130741583 -483.5591872791519563 -147.4584805653710191 211.8674911660777411 557.8904593639575751 861.3692579505300273 1095.0503533568903549 1248.8242049469963604 1313.2782685512368062 1272.8038869257950410 1127.7526501766783440 896.7941696113074386 631.0936395759716788 397.6890459363957575 243.9443462897526445
-309.7634943181818130 -299.2816051136363740 -268.6846590909090651 -221.7812500000000000 -158.5017755681818130 -72.7819602272727337 38.7617187500000000 173.7073863636363740 326.2514204545454390 486.8423295454545610 638.6075994318181301 771.3945312500000000 871.4627130681818699 927.4211647727272521 931.7986505681818699 890.1754261363636260 806.1892755681818699 694.6885653409091219 567.3476562500000000 440.8160511363636260 328.9506392045454390 232.8927556818181870 156.4517045454545325 101.3874289772727337
350.3880709701774094 463.4884862212155667 568.4741411853530053 655.8667421668553743 704.6421291053227378 696.0388825972064524 613.9448848622121204 459.7168742921857074 248.4926387315968270 29.2936957342393356 -163.6587391468478643 -306.1528878822197157 -390.2117780294450995 -419.7961494903737503 -395.6474141185353233 -333.4182710456776135 -246.0256700641751593 -146.6323140807851928 -44.4722536806342035 59.9169497923744814 167.7089467723669429 270.1177802944507107 331.8780671951680006 330.4469611174027932
-51.7281087016195471 -19.5774087290694467 26.1229755695855062 83.5598407905572316 150.1021136426022622 222.3807301674444261 298.2156189953335002 372.4305517430689179 438.4206697776558030 491.4924512764205247 526.3429865495470494 539.5457040900356560 528.3277518528684595 495.6356025253911639 445.9593741421904838 381.4597858907494015 306.5658797694208033 228.6108976118583485 154.0129014548449220 89.3267911062311271 35.4278067526763678 -7.1799341202305795 -38.4829810595662920 -61.0627230304693924
-438.3184325108853159 -448.0966618287372967 -430.6798258345428394 -389.6880986937590592 -329.9616835994194730 -258.4348330914368717 -183.0586357039187249 -106.9843251088534117 -32.5664731494920190 38.9313497822931751 106.1097242380261179 168.5693759071117483 224.1748911465892604 270.4804063860667611 309.6036284470246756 341.6822931785196147 365.2159651669085747 377.7486211901306206 379.5433962264150978 370.0567489114658883 351.3281567489114536 326.3698113207547067 295.6510885341074300 260.2693759071117370
-781.6552191595119439 -901.9611387257117485 -1025.3574333483959435 -1141.8481699051062606 -1233.2657026660642714 -1282.5915047446903827 -1278.0872119295074754 -1221.8526886579304573 -1115.1328513330320220 -967.0542250338907024 -796.7302304563939970 -618.5345684591052304 -446.0985088115680242 -289.5363759602349774 -159.1030275643922209 -56.7076366922729349 20.9968368730230459 72.9819249887031134 104.8816086760054276 122.2494351558969754 132.4835065521915851 139.7464979665612361 145.1825576140984992 150.8093086308178954
-328.0867949278530773 -360.6711849584608558 -374.9523393091386083 -365.1294271972015508 -326.6565369479667424 -259.6466987319632835 -164.8106689986882429 -45.3756012243113247 90.7181897682553569 234.5271097507651916 368.6432006996064956 475.5642763445561627 535.7387407083515427 538.3384346305202826 484.8664188893746996 389.1016615653694544 269.8430257979886164 145.4757324005246915 32.5443812855268888 -59.3069523393091416 -123.7669435942282519 -160.3012680367293399 -173.6729339746392782 -173.5760822037603930
-67.6151234567901298 -174.0475308641975403 -343.9015432098765359 -522.7382716049382907 -665.7787037037037408 -744.8163580246913398 -752.0682098765431647 -689.6027777777777601 -569.2481481481481751 -406.9750000000000227 -221.9435185185185162 -33.9015432098765430 143.3910493827160622 293.3277777777777828 400.2734567901234755 455.6154320987654387 456.9302469135802198 410.1873456790123669 333.0981481481481410 238.7416666666666742 139.7617283950617377 50.7367283950617249 -13.7080246913580250 -52.0361111111111114
4837.2921348314603165 4806.1966292134829928 4334.9494382022476202 3124.3876404494380949 1468.6460674157303856 14.4719101123595504 -115.4438202247191043 -21.9550561797752799 -12.4382022471910112 -40.9550561797752835 -63.7528089887640448 -71.6685393258427013 -78.0730337078651644 -85.1573033707865221 -107.6573033707865221 -146.0449438202247165 -194.7359550561797619 -249.1179775280898809 -316.9662921348314626 -398.5168539325842971 -492.7359550561797619 -600.0056179775281180 -728.6685393258427439 -880.5617977528089568
4859.7205882352936896 4557.9509803921564526 2971.9019607843138147 1238.6225490196077317 31.3284313725490193 -397.4117647058823763 -294.3333333333333144 -193.6862745098039227 -156.4803921568627345 -128.9215686274509665 -166.4950980392156907 -265.0833333333333144 -415.6764705882353041 -618.7549019607843093 -897.8921568627450824 -1243.4607843137255259 -1632.8431372549018761 -2027.6617647058824332 -2396.3627450980393405 -2709.1421568627451961 -2941.4362745098037522 -3080.2941176470590108 -3119.7058823529409892 -3062.3137254901962478
-594.0387722132471708 -756.9127625201938372 -952.7205169628432486 -1189.9483037156703631 -1447.8513731825526065 -1716.3941841680129983 -1973.1873990306946780 -2195.8158319870758532 -2362.5266558966072807 -2462.0161550888528836 -2492.3214862681743398 -2446.4135702746366405 -2328.5266558966072807 -2144.8562197092082897 -1911.4571890145396083 -1651.2940226171244831 -1383.4232633279482343 -1123.8546042003231378 -892.5525040387722129 -684.3327948303715402 -493.4604200323101963 -315.0920840064620165 -147.0662358642972549 3.7883683360258482
-2422.5384615384614335 -2241.6923076923076223 -1978.2139423076923777 -1691.8173076923076223 -1418.9927884615385665 -1148.5144230769230944 -868.2980769230769056 -602.3942307692307168 -361.3341346153846416 -161.1081730769230660 -5.0673076923076925 121.7692307692307736 239.2500000000000000 352.4591346153846416 474.6466346153846416 617.7019230769230944 786.2812500000000000 986.6201923076922640 1218.1586538461538112 1469.8605769230769056 1741.9086538461538112 2016.5649038461538112 2280.2211538461538112 2503.3870192307690559
152.9093149334647705 124.3780187284376524 114.1439132577624491 123.8743223262690947 142.0665352390340104 155.3326761951700234 158.5983242976835754 147.1981271562345910 122.5687530803351422 87.1626416954164682 36.4958107442089670 -28.2129127649088218 -119.9916214884179340 -264.5298176441596638 -474.4144898965007542 -737.2084770823065583 -998.9906357811729549 -1198.2439625431247805 -1298.6584524396255347 -1301.6727451946771907 -1220.9443075406604748 -1073.1690487925086472 -893.1734844751108540 -704.4928536224741720
-136.9834943639291396 -23.0424718196457334 118.8907004830917913 276.4325684380032158 432.5464975845410436 560.1090982286634699 639.4963768115942457 655.9901368760064315 605.3341384863124404 495.8629227053140198 347.2188003220612131 188.3701690821256136 45.7039049919484697 -58.8126006441223836 -119.5028180354267278 -138.8458132045088576 -127.8756038647343019 -99.4025764895330042 -62.6926328502415444 -26.2795893719806770 6.2012882447665056 33.0360305958132017 53.4953703703703738 64.6433172302737518
151.7851135407905758 109.4835996635828366 79.3507148864592153 52.4533221194280941 32.9331370899915896 27.0092514718250634 35.4373423044575304 50.5643397813288473 64.3763666947014315 67.7998317914213686 67.6122792262405312 61.1337258200168208 45.6631623212783850 21.2178301093355763 -20.0176619007569379 -99.7472666105971371 -243.3368376787216221 -456.1673675357443472 -720.1148023549201298 -985.0508830950378751 -1208.6126997476872020 -1362.3725820016820762 -1429.9335576114381183 -1408.9226240538266666
1556.5302013422817708 1581.2527964205817170 1519.0268456375838468 1378.9888143176733593 1197.6800894854586659 975.3378076062639366 704.5973154362416153 391.5100671140939426 53.8411633109619672 -270.6308724832214807 -570.6599552572706671 -839.9507829977628717 -1060.5257270693512055 -1226.5324384787472809 -1346.3892617449664613 -1409.5011185682326413 -1396.8076062639820520 -1317.0313199105146396 -1172.6711409395973078 -976.3601789709172181 -760.0693512304250135 -549.1968680089485133 -356.7897091722595064 -196.2170022371364553
231.4228232189973653 295.1550131926121594 367.2457124010554139 447.0745382585752168 535.7506596306068332 630.7143799472295314 730.8891820580474814 828.3980870712400701 917.8545514511873762 987.8077176781002890 1031.2862796833774155 1042.6170844327177747 1020.8179419525065441 972.3684036939314410 898.4653693931398948 801.9353562005277354 691.4841688654353220 574.0883905013192816 455.8268469656991897 346.4251319261213666 253.8542216358839028 180.4445910290237407 124.7608839050131877 83.0933377308707151
254.5676105171915538 241.0176249638832644 173.1954637388038236 58.5931811615140106 -79.3767697197341846 -207.2941346431667284 -298.3549552152556998 -344.5287489164981025 -347.0431956082057354 -308.0456515457960336 -239.8056919965328007 -156.8335741115284634 -73.1090725223923670 3.8682461716266974 68.1199075411730774 114.8722912453048224 141.4660502744871451 150.6554464027737765 146.3423865934700814 126.6417220456515480 95.7152557064432301 60.4432245015891354 29.9703842819994222 9.1433111817393815
2031.1428571428571104 2160.3354978354977902 2192.7705627705627194 2132.2034632034633432 1980.7510822510821527 1763.4058441558440791 1506.0779220779220395 1189.2954545454545041 905.4264069264069121 669.6829004329003965 483.1547619047619264 337.2662337662337677 226.4870129870129745 142.3311688311688386 79.9751082251082295 34.0768398268398300 -0.3647186147186147 -20.5551948051948052 -28.2359307359307365 -31.8517316017316006 -36.5292207792207790 -45.9729437229437252 -75.1893939393939377 -108.0411255411255382
137.5914187821211669 166.4183149042205230 194.6409437782276939 220.8018221460831683 243.1988786793334327 259.7278461298863022 268.4486840056065944 269.5942220837875993 263.7003581996573871 251.8349166796449197 235.4459585734309428 213.7325961688210612 185.8134247002024608 152.2275346519233779 115.0098894253231521 75.3636505217255888 34.4409749260239835 -8.2482479364584957 -50.7895187665472676 -90.8331256813580410 -125.1131443700358261 -150.2400716399314717 -163.6939729014172258 -166.4167575144058446
959.8571428571428896 1377.1496598639455442 1894.0952380952380736 2509.2448979591836178 3197.7959183673469852 3880.5306122448978385 4458.2993197278910884 4859.1564625850342054 5066.0000000000000000 4924.2789115646255595 4037.6734693877551763 2219.8911564625850588 -192.7142857142857224 -2158.1632653061224119 -3316.8027210884351916 -3737.5646258503402350 -4214.3469387755103526 -4728.2857142857146755 -5069.4625850340135003 -5072.3197278911566173 -4626.0884353741494124 -3825.5782312925171027 -2889.0816326530612059 -2006.9591836734693970
1.6811383595431479 0.5918338491508649 -0.2991767866400641 -0.9546604244890264 -1.4613686707617866 -1.9021570075251755 -2.2054184406076698 -2.4216611942877790 -2.5503903979388247 -2.6147864201215967 -2.5346330887782194 -2.2232259280788020 -1.7044522646222489 -0.9979969522253468 -0.0996418079273561 0.9737482915180745 2.1024146544546212 3.1204499395158125 3.9460748118706110 4.6038442807094713 5.0163857163055940 5.0596515482381035 4.6931095156551930 3.9187862315994533
-1797.1236897274632156 -2082.1677148846961245 -2339.7484276729560406 -2544.7861635220124299 -2671.6729559748428073 -2710.4213836477988480 -2679.4800838574424233 -2568.8658280922431913 -2384.1761006289307261 -2139.4360587002097418 -1857.2201257861636350 -1553.8343815513626396 -1251.3920335429768329 -962.4968553459119676 -704.0649895178197539 -473.5220125786163408 -265.3752620545073455 -86.6352201257861623 64.8029350104821873 197.4465408805031359 317.1006289308176065 429.5010482180293252 546.0880503144653630 683.0398322851152670
1028.9507640067911325 1111.2173174872666550 1178.1740237691001312 1229.1791171477079843 1266.4558573853989856 1284.3438030560271272 1281.2724957555178662 1262.4872665534803673 1231.4346349745330826 1190.0016977928692086 1144.7767402376910013 1097.8488964346349803 1051.5594227504243463 1007.6816638370119108 970.7122241086586882 941.9702886247878268 916.1655348047538610 892.3828522920204023 871.0322580645160997 848.4626485568760472 821.1230899830220551 786.7707979626485439 740.4066213921901181 685.4066213921901181
132.0218642117376362 134.5604142692750429 145.7548906789413081 159.8365937859608721 155.6760644418872346 60.9810126582278471 -161.6329113924050773 -486.6283084004602983 -813.0989643268123928 -1052.5690448791715426 -1157.6421173762946637 -1134.6588032220943205 -1007.1093210586881241 -793.3406214039125643 -525.9182968929804929 -243.8078250863061101 27.2295742232451090 267.7220943613348823 457.8866513233601836 589.7272727272727479 662.0500575373993115 678.2272727272727479 639.4056386651323010 553.9965477560414229
-1125.4130000000000109 -1270.5889999999999418 -1397.0170000000000528 -1502.0950000000000273 -1578.4249999999999545 -1617.1089999999999236 -1625.1089999999999236 -1596.0609999999999218 -1538.4809999999999945 -1455.2170000000000982 -1353.3599999999999000 -1244.0340000000001055 -1133.5830000000000837 -1025.4249999999999545 -919.1849999999999454 -809.3170000000000073 -702.2029999999999745 -593.3890000000000100 -480.2379999999999995 -367.7649999999999864 -256.9859999999999900 -153.4120000000000061 -63.8590000000000018 12.3149999999999995
82.6588114754098342 14.9467213114754092 -59.4948770491803245 -151.7879098360655803 -271.9456967213114922 -425.9743852459016580 -602.5286885245901658 -814.6403688524590052 -1046.8401639344263003 -1291.2725409836066319 -1518.0665983606556892 -1685.7571721311476267 -1781.0317622950819896 -1787.9026639344263003 -1696.3760245901639792 -1518.9149590163933681 -1275.6178278688523733 -1000.7274590163934818 -705.1311475409836476 -411.1926229508196684 -143.4098360655737565 77.8463114754098342 240.2694672131147513 350.9702868852459119
-336.4513120131201163 -307.9078515785157606 -243.1396063960639538 -151.6676916769167747 -47.1303813038130386 56.3389708897088966 145.9920049200491974 213.6505740057400544 254.2385198851988548 265.1440139401394163 250.0189626896269033 215.2234522345223411 170.4923124231242184 124.2847478474784708 83.0270602706027034 51.8115006150061532 30.8465559655596557 20.9408569085690850 19.6340713407134082 22.3131406314063128 25.1350963509635079 23.7834153341533430 18.4518245182451821 9.8257482574825747
129.0441314553990537 48.4544600938967136 17.4976525821596240 2.7793427230046950 -17.2704225352112672 -32.3924882629107955 -49.9802816901408420 -70.4319248826291044 -97.8206572769953056 -136.6929577464788679 -191.5070422535211208 -267.7370892018779500 -369.7464788732394254 -499.5079812206572569 -661.2694835680750884 -854.4788732394366662 -1084.9436619718310340 -1339.9427230046949262 -1601.0835680751174550 -1846.5727699530516475 -2047.4253521126761370 -2180.2403755868544977 -2224.1361502347417627 -2174.8291079812206590
-585.6113599713313533 -639.2784447231679223 -678.9530550080630746 -700.6557964522487509 -701.3234187421609249 -681.5542017559577062 -645.9374664038703031 -598.7317685002687995 -542.9609388998387658 -480.9492922415337830 -415.7134922056978894 -350.8229707937645685 -291.2875828704533205 -238.0005375380756050 -192.3961655617272868 -154.5767783551334844 -123.3949113062175229 -97.6609926536463036 -75.7633040673714362 -57.3590754345099469 -40.6161978140118265 -26.7738756495251735 -13.8781580361942307 -0.0619960580541122
-948.4313063063062827 -1063.0855855855854770 -1136.4887387387386752 -1160.1148648648647850 -1122.1542792792793080 -1008.7139639639639199 -812.3186936936937173 -535.5799549549549283 -190.6520270270270316 202.6317567567567437 602.5867117117117004 971.6430180180179832 1267.2623873873874345 1474.2849099099098567 1593.5923423423423628 1618.1250000000000000 1523.4301801801802867 1294.2860360360359664 993.5315315315315274 692.4493243243243796 456.2635135135134874 292.1790540540540633 168.2387387387387321 45.2747747747747766
-532.8860011813349047 -349.9887773183697846 -86.3018310691080899 227.4760779681039651 553.7861783815711760 854.5363260484347165 1093.9663319551093537 1245.1872415829886904 1297.2008269344360087 1246.0029533372710375 1086.8180744240992226 832.2061429415239218 546.4477259303012033 305.5386887182516489 142.2309509746013134 38.3473124630832842 -29.6131128174837563 -90.4370939161252210 -160.5877141169521565 -230.0354400472533882 -283.5469580626107700 -311.1689308919078485 -304.9988186650915623 -282.3874778499704803
1467.3298565840939318 1675.0951760104303503 1858.7014341590613640 2009.2998696219035537 2121.5958279009128091 2178.8318122555410810 2173.3767926988266481 2111.7040417209909720 1999.4667535853975551 1840.7574967405475945 1647.9230769230769056 1439.5775749674055533 1231.1160365058669868 1031.8252933507171747 862.5671447196871213 719.4172099087353445 598.6114732724902296 495.7092568448500742 403.5945241199478346 325.3950456323337903 252.6597131681877499 187.3102998696219004 130.7627118644067821 81.1773142112125186
716.8168216740800744 760.9417711281844277 780.1467852810351360 776.4310553983016234 752.6453699959563437 714.8556409219571606 670.1920744035584221 622.3631217145167511 576.2583906186818012 537.7796198948644815 510.5034371209058008 499.4868580671249561 503.9082086534573364 519.1981399110392204 542.1439547108774377 568.1463809138698480 593.6526486049332334 612.5685402345329749 622.6647796198948299 621.2304892842701065 603.5725839061867646 569.1035179943388584 520.8871815608572433 462.4545086938940699
-569.7743190661478820 -541.8249027237353630 -485.4474708171206316 -378.4085603112840204 -205.2237354085603158 39.4785992217898851 341.5252918287937973 693.6945525291828289 1074.6439688715952343 1459.4805447470816944 1809.1186770428016644 2091.4961089494163389 2262.6926070038912258 2320.0272373540856279 2239.6964980544748869 1969.8832684824901662 1580.4941634241245083 1076.8249027237354767 721.1536964980545008 415.9066147859921898 161.5933852140077818 -26.4824902723735391 -156.5719844357976740 -233.7996108949416225
-128.5404293611003936 -156.2369199125851651 -183.7824913227921400 -210.6183314050649074 -239.1259802031109416 -267.9331533616145862 -296.3544157346702832 -323.1289368813472151 -347.5823370613189240 -369.0376655097056187 -384.9562925825941875 -397.0411363928525361 -406.6086900629900924 -415.6305437716929987 -424.2663581437202538 -432.0536058619359778 -439.1358786476411069 -443.8979303252345971 -445.4776963620002448 -440.7108882889831420 -426.1696876205167541 -401.5750096413420920 -366.5068774906800400 -321.5598405964776703
-2450.5588235294117112 -3409.2058823529409892 -4006.1890756302523187 -4445.7731092436970357 -4801.4411764705882888 -4960.6386554621849427 -4810.5252100840334606 -4324.6134453781514821 -3600.8907563025209129 -2753.0378151260506456 -1952.7184873949579469 -1290.6386554621849427 -740.4369747899160075 -256.1134453781512548 127.5840336134453850 361.7563025210084220 446.3613445378151141 436.4495798319327946 388.9915966386554373 367.2605042016806465 407.8697478991596768 517.9243697478991635 710.7100840336134979 987.7016806722689353
-2017.4815695600475465 -2145.3912009512487202 -2197.6944114149823690 -2163.4673008323425165 -2057.7931034482758150 -1891.3246135552913074 -1667.5636147443519803 -1407.3388822829963374 -1129.3674197384066247 -869.0190249702734491 -635.5184304399524535 -430.8810939357907159 -255.4542211652794208 -109.0118906064209341 6.5219976218787155 96.4102259215219988 159.8299643281807505 215.4625445897740690 261.1141498216409218 294.5005945303210524 323.9120095124851559 355.7039239001189230 391.6765755053507974 437.4351961950059717
-224.1621093750000000 -208.1572265625000000 -191.9804687500000000 -179.8798828125000000 -163.5820312500000000 -143.4482421875000000 -115.0712890625000000 -65.0341796875000000 6.4570312500000000 102.8945312500000000 228.8125000000000000 389.1367187500000000 585.3056640625000000 809.1855468750000000 1044.5908203125000000 1284.0537109375000000 1510.0820312500000000 1712.3115234375000000 1866.5341796875000000 1954.3466796875000000 1965.4384765625000000 1903.3945312500000000 1780.7714843750000000 1618.2666015625000000
-266.2549369747899277 -301.9319327731092244 -328.9959033613445172 -344.7889705882353155 -349.4484243697478973 -345.0988445378151255 -331.5735294117646959 -310.0887605042016730 -281.6307773109243726 -248.3678571428571331 -212.5537815126050418 -173.5318277310924486 -131.4612394957983099 -85.1987394957983213 -34.8368697478991578 18.2893907563025202 72.4029411764705912 124.2577731092437006 169.7594537815126046 207.5459033613445285 235.6548319327731065 250.3635504201680533 250.4846638655462243 237.7178571428571558
-305.5976470588235543 -470.1858823529411779 -658.1529411764705628 -886.4117647058823195 -1156.9411764705882888 -1449.6917647058824059 -1728.6517647058824423 -1945.1788235294118294 -2084.7058823529409892 -2142.3717647058824696 -2096.9505882352941626 -1940.8282352941175759 -1690.5176470588235134 -1355.9788235294117840 -981.5411764705881978 -587.7176470588235588 -209.5035294117647027 132.0823529411764810 426.3835294117646981 671.3505882352941398 879.3670588235294190 1048.9717647058823786 1186.0776470588234588 1282.9741176470588471
320.4090954824429218 333.1131904618171120 325.8454572894657417 301.2299024046684508 263.6577120434651533 219.5093067713049493 173.6075057852902717 127.0508099406378903 80.9372170238454629 36.4694637287453460 -4.4366636482543518 -43.6623402756816574 -82.4313311198309719 -122.4279102525404994 -163.7497736190763646 -206.1825133313210472 -244.2597846865881763 -272.9402354361606058 -292.5605191669181977 -301.9736391991145865 -300.7701982090753745 -290.3233725726934153 -271.5299325887916098 -245.9777643626119357
34.4756886948667756 25.3569170555471928 12.8506698780671389 -1.5069998494656029 -19.6021375884389570 -49.1448140900195725 -97.0823423152190230 -160.2580159566460907 -232.3508956796628127 -297.4046364594310035 -344.8780671383411232 -369.0570525365046137 -364.6360078277886601 -333.6504591299112121 -276.1562547041999096 -193.8752069847960229 -90.4547644136685278 30.5133222941442135 157.5247629083245613 273.6715339455065532 365.7439409905163075 426.1220833960559844 446.4799036579858580 429.6724371518891985
-123.3098859315589380 82.2680608365019026 351.2433460076045435 671.8041825095057220 1021.5665399239543376 1376.4372623574145109 1713.7452471482890815 1992.6387832699620049 2196.8802281368821241 2301.7946768060837712 2261.8079847908743432 2068.2908745247150364 1670.0570342205323868 1304.0076045627376971 866.2357414448669033 508.6045627376425955 211.8041825095056936 -39.4543726235741445 -237.1140684410646315 -349.8022813688212977 -413.8916349809886128 -455.5893536121673151 -476.2623574144486724 -486.0095057034220645
235.9812695109261256 269.8387096774193310 287.0468262226847287 264.9729448491154926 210.2122788761706431 137.3569198751300746 60.5983350676378763 -12.5515088449531742 -91.3798126951092655 -168.2091571279916877 -235.4203954214360124 -267.9843912591051094 -253.7096774193548470 -190.7710718002081194 -64.1737773152965616 124.8387096774193594 370.2539021852237511 662.6139438085327811 990.7055150884494878 1316.7637877211238902 1603.2705515088448465 1827.2819979188345769 1960.5078043704475022 1961.8178980228929049
2700.4191176470590108 3400.1544117647058556 4072.2132352941175668 4621.4926470588234224 4959.4558823529414440 5090.8676470588234224 4762.8823529411765776 3609.3750000000000000 1457.5882352941175668 -923.7573529411764639 -2647.0147058823531552 -3531.8602941176468448 -3969.1838235294117112 -4527.3676470588234224 -5046.6470588235297328 -5287.9117647058819784 -5114.6176470588234224 -4477.5735294117648664 -3530.1544117647058556 -2503.0220588235292780 -1613.5955882352941444 -936.1838235294117112 -401.3382352941176237 16.8529411764705870
-35.1790123456790127 180.3611111111111143 446.4104938271605079 770.9845679012345272 1160.8456790123457267 1611.9351851851852189 2113.1327160493829069 2643.0771604938272503 3173.1450617283949214 3693.3456790123454994 4198.0895061728397195 4656.1080246913579685 4907.7098765432101573 4837.2222222222226264 4564.0802469135805950 3480.9876543209875308 1953.0895061728394921 513.6450617283950351 -59.6481481481481453 -139.3209876543209873 -101.5432098765432158 -95.7037037037037095 -141.7407407407407334 -176.6327160493827080
-931.6997245179063611 -630.4848484848484986 -366.0385674931129643 -156.1652892561983492 -3.0826446280991737 99.2258953168044116 171.7823691460055215 243.4876033057851146 347.9696969696969973 507.4132231404958588 749.2589531680440587 1089.7355371900825958 1524.7685950413222145 2038.9669421487603813 2598.2617079889805609 3165.5179063360883447 3721.2754820936638680 4227.8209366391183721 4642.1680440771351641 4890.2011019283745554 4870.2617079889805609 4719.8126721763082969 4016.2231404958679377 2336.6253443526170486
-1035.7796610169491487 -1795.7627118644068105 -2448.6694915254238367 -2863.5127118644068105 -3254.4449152542374577 -3619.9957627118642449 -3927.1610169491523266 -4127.4703389830510787 -4176.2076271186442682 -4093.5169491525425656 -3859.2796610169493761 -3488.2372881355931895 -3051.8983050847459708 -2593.0932203389829738 -2135.4915254237289446 -1665.9067796610170262 -1170.6355932203389330 -680.1779661016948921 -238.6483050847457719 113.5338983050847474 366.7500000000000000 544.2118644067796822 677.4406779661017026 801.8601694915254257
-641.7165775401069823 -486.2459893048128379 -362.8208556149732544 -258.5026737967914414 -149.0106951871657657 -9.8021390374331556 175.6550802139037444 414.7780748663101349 711.7647058823529278 1081.5374331550801799 1513.3128342245988733 1995.2860962566844591 2520.4839572192513515 3070.9304812834225231 3643.2673796791445966 4211.0935828877009044 4707.6657754010693679 4968.7032085561495478 4925.0427807486630627 4671.0080213903747790 3328.6550802139036023 1277.6711229946524782 -463.3609625668449326 -976.7941176470587834
-627.7061806656101908 -689.7828843106181012 -737.7280507131537206 -765.0307448494453411 -772.8158478605388382 -765.2529318541996872 -744.3648177496038443 -714.3296354992075976 -679.4022187004754869 -645.5591125198097870 -619.0120443740095197 -602.4126782884310387 -593.5822503961965140 -590.8421553090332736 -591.7226624405705024 -592.5778129952456084 -592.7812995245641332 -588.8652931854200006 -577.0345483359745913 -555.8082408874802240 -525.6522979397781228 -486.4437400950871506 -437.5496038034865478 -380.6383518225039779
84.2249086308687112 35.3477649704807391 -26.7705931965139179 -103.9117233623840377 -195.8476244025864617 -298.6426764127073170 -409.3157154905819652 -520.3486083778465172 -625.3519820073095161 -718.1397244869272072 -798.9575484959235609 -864.9881922968794470 -913.1301658701153201 -932.8940118077031229 -926.0177115546808864 -894.6674163621029265 -841.4852403710992803 -769.7261737419173642 -684.8003935901040222 -590.8467809952206835 -489.6862524599381459 -383.3010964295754661 -277.2409333708180839 -179.6204666854090419
-210.0507042253521206 -141.6535211267605519 -54.7901408450704253 49.4647887323943678 166.7732394366197184 300.0859154929577244 450.3718309859154942 615.1816901408450349 801.7647887323943223 1000.9943661971831261 1214.7492957746478623 1427.2197183098592177 1629.9535211267605064 1812.2816901408450576 1961.3112676056337023 2072.3000000000001819 2124.1154929577464827 2117.7830985915493329 2061.7746478873241358 1959.5845070422535628 1812.5605633802817920 1635.2957746478873560 1429.9478873239436325 1222.6647887323942996
281.1639455782312780 576.6938775510203641 879.8421768707482897 1147.4945578231292984 1346.0823129251700720 1458.0510204081633674 1472.7809523809523853 1386.1129251700681380 1186.8782312925170572 899.6891156462585286 598.6571428571428442 354.7761904761904930 178.8088435374149583 43.9863945578231323 -73.2231292517006835 -181.0285714285714391 -284.3333333333333144 -378.3258503401360713 -433.6993197278911794 -438.3183673469387713 -411.0884353741496398 -389.9598639455782063 -411.0598639455782290 -459.3435374149659651
-20.1458523245214209 -26.0444186624678871 -29.1762658490096953 -30.3678627662219291 -30.3926410872627812 -29.4049059418248113 -24.8350874285240728 -16.7374658158614409 -7.8974890196403411 2.1200795558133754 13.7280185630231202 25.6743183889947808 37.0116018894505672 43.8200049722383369 42.3413441617634874 27.7366371094721131 -3.2510980359658572 -51.0406066130769887 -115.8620203861771785 -193.3300737548686641 -272.8021877848678400 -342.3551006878262797 -389.4385514212314661 -406.3158200049722382
1160.2395437262357518 1107.2908745247148090 958.7901140684410848 755.8022813688212409 517.2577946768060428 278.8600760456273520 69.8102661596958143 -83.4425855513307937 -179.7524714828897459 -224.8977186311787193 -238.5711026615969672 -234.2178707224334460 -219.6437262357414397 -200.3768060836501945 -180.9486692015209144 -157.9311787072243476 -133.2893536121673037 -102.3536121673003834 -68.8098859315589380 -44.9456273764258540 -42.4304182509505736 -68.1802281368821355 -113.6749049429657816 -162.7699619771863127
-131.3838383838383947 -288.5909090909090651 -534.8939393939393767 -846.5757575757576205 -1234.5151515151515014 -1709.0202020202020776 -2235.3232323232323324 -2757.2878787878789808 -3218.4494949494951470 -3579.6111111111113132 -3831.0202020202018502 -3974.0656565656563544 -3997.0303030303030027 -3921.7878787878789808 -3740.5252525252526539 -3480.3686868686868365 -3175.0707070707071580 -2832.3282828282826813 -2452.7878787878789808 -2029.1313131313131635 -1558.5808080808080831 -1062.8484848484847589 -567.5303030303030027 -123.8181818181818130
-769.8253145817913037 -725.9207994078460615 -618.6395262768319299 -430.5203552923759958 -164.1443375277572159 159.0081421169504097 504.9178386380459074 834.1791265729090128 1109.2124352331607042 1302.9119170984456559 1401.0251665433013386 1397.7335307179866959 1290.0310880829015332 1059.4270910436714530 760.5847520355292772 483.3737971872686785 273.2701702442635110 135.7150259067357467 44.5055514433752748 -41.2797927461139906 -133.0037009622501785 -224.5847520355292488 -296.2760917838638193 -336.4093264248704713
-2973.0810810810812654 -3127.3166023166022569 -3211.7876447876446946 -3201.8841698841697507 -3092.8880308880306984 -2901.5482625482627554 -2629.4401544401544015 -2297.8339768339769762 -1929.9922779922781046 -1534.7142857142857792 -1144.9729729729729115 -769.3166023166023706 -411.6949806949806998 -80.6795366795366817 229.3899613899613996 526.9884169884170433 837.8185328185328444 1192.1235521235521446 1614.1814671814672693 2110.6911196911196384 2677.3397683397683977 3295.6911196911196384 3888.2393822393823939 4354.5057915057914215
-18.7477227722772284 -27.5017821782178231 -40.6975577557755770 -55.6174257425742553 -69.3193399339934047 -77.2869966996699702 -76.3729372937293789 -63.0392079207920801 -32.5401980198019771 15.3565676567656766 81.6229702970297097 161.4727392739274023 248.8937293729372868 333.2740594059405908 399.3778217821782164 433.0419801980198145 427.4759075907590500 384.4176897689769135 309.5862706270627314 211.6477887788778958 107.2782838283828397 13.6242904290429045 -56.5151155115511585 -94.4899009900990166
-65.4503985828166464 -120.2894154118689158 -190.7526572187776708 -278.8720106288751026 -380.8288308237378033 -489.2475642161204519 -591.6565544729849080 -672.6414968999114308 -717.1793622674933886 -720.2931798051372425 -679.2876439326837499 -599.0823737821081068 -489.3744464127546507 -363.8157661647475720 -237.6268821966341989 -119.7134632418069060 -19.7083702391496907 56.9906997342781239 108.0405225863596144 133.5312223206377382 142.5555801594331342 143.0265721877767930 139.2046058458813036 136.7187776793622618
3162.3510638297871083 3647.4148936170213346 4121.4787234042551063 4564.0248226950352546 4840.8226950354610381 4830.6134751773051903 4741.5815602836883045 3811.3829787234044488 1947.8900709219858527 120.7765957446808471 -235.7517730496453794 -160.5780141843971762 -122.9078014184397176 -109.4397163120567313 -95.5709219858156018 -97.4113475177304906 -132.5638297872340559 -197.3475177304964632 -293.5921985815602966 -438.6879432624113520 -631.1028368794326298 -853.2446808510637766 -1092.7624113475176273 -1329.1134751773049629
-25.1287726358148902 -38.3067292644757416 -67.9123630672926453 -113.3936955063715573 -169.5942320590207828 -226.2177509501453301 -274.6487815783590349 -308.4359490274983386 -320.2454728370221346 -306.8233847529622267 -263.4533869885982540 -189.1198300916610719 -83.8180192264699286 50.4169461211714705 200.4679186228482024 349.6496758327744487 480.3621730382294004 574.0956852224458089 623.9928459646769170 632.6009389671361305 603.0520903196959352 540.4361725911021495 459.2284820031298977 378.2470377822490377
235.3119877760800023 228.2172523961661454 199.3732462842061466 146.9743019863869904 73.3328240033337977 -18.3960272260036106 -121.9305459091540484 -227.3150437560772446 -322.0563967217669301 -395.7674677038477284 -441.1934990970968329 -458.1996110570912606 -449.0569523544936601 -418.4236699541602889 -374.1693290734824018 -321.1325184053340536 -264.0830670926517314 -209.5472982358660943 -157.4971523822753170 -110.4281150159744413 -68.2669815252118326 -31.5684122794832618 -2.5825809140158356 21.1433532435060414
-301.9227784245246653 -391.4194800155219127 -491.1982925882809354 -596.3923166472642379 -707.6864571206829169 -821.6961583236321758 -930.7683352735739390 -1023.7745440434613329 -1091.9937912301124925 -1125.8571982925882367 -1118.1012805587893126 -1068.8723321691888941 -982.0349243306169456 -869.3709740007760729 -740.2937524253006814 -603.6604578967792349 -464.3767947225455828 -332.8657353511835595 -216.4610011641443634 -117.7074117190531695 -38.9441210710128090 21.5607295304617779 69.9336437718277040 106.9879705083430395
116.4340770791075101 148.4192021636240781 105.9465855307640254 -78.4178498985801156 -393.5848546315077670 -756.0966869506423791 -1048.9202163624070181 -1208.4536849222447472 -1228.1886409736307542 -1125.8127112914130521 -921.1744421906694242 -652.6436781609195350 -357.7856659905341417 -66.6754563894523358 200.4192021636240781 424.0398918187964910 590.7038539553752798 697.2907369844489267 745.5720081135903001 735.7782285327924683 661.9134550371873047 532.1602434077078669 375.3725490196078454 223.1744421906693674
-110.3726638144562031 -77.8360729565413152 -28.5422202206710196 35.7275388426030176 110.7403737896870126 187.9475343391128206 260.6111236208060973 323.3314568790813155 371.8716505291600924 402.0119342490430085 409.7133528484575322 391.8288673722134376 346.0292726863319217 269.9750056293627836 165.0481873451925310 36.4478721008781790 -100.5437964422427370 -233.1634766944382022 -351.2380094573294400 -449.1004278315694478 -518.5795991893717201 -556.0828642197702720 -560.5582076108984211 -534.3981085341139305
138.8519815374820894 176.1469043450580898 212.8080534776380830 249.4004456469839113 285.8416361610695731 322.4327550533184876 358.1846251790545921 392.1072735954161885 423.4910074805029581 451.9557536208817510 477.9616425274550124 499.2476523953525316 516.5296832723221314 529.7106477797231037 537.8933630431322399 541.8258793569950740 540.6329778768104006 532.1478593028807609 515.5568995702690245 489.9748527773356841 455.3837338850867695 412.9433391691866859 366.9387235397103382 320.6603533343944150
273.3144493952896141 280.4445344598113365 269.5307563219720919 241.9318326485735895 202.8659221109889472 156.7856026850298008 107.4540825183727861 59.6312713384642095 17.9340894624153684 -15.5297725826051725 -39.0899253515421563 -53.2399166714889205 -59.6536658758173743 -60.2163647937040665 -55.4662924599270895 -46.0594294311671746 -32.8383195416931883 -17.5788438169087442 -1.7761703605115444 12.7826514669289963 23.9636016434234129 29.6059834500318253 29.9564839997685333 26.5939471095422704
-40.5472873900293251 -51.2398175301401082 -61.3611925708699886 -70.8264092538286150 -80.4836673183447431 -91.2252362333007483 -103.4368686868686922 -116.2270283479960966 -127.7281687846203937 -136.5035027696318082 -141.4089687194525879 -141.3724340175953103 -136.3663245356793823 -127.3107689801238251 -114.7750896057347632 -100.0105490387748404 -84.1192163571195834 -68.7393287715868411 -54.7351335940045587 -42.1041463017269493 -31.3508471814923411 -22.7187194525904204 -16.1591723688497879 -11.5393857934180506
-34.4339810662680605 -16.6666666666666679 3.2122571001494769 25.0789735924265074 49.2306925759840581 75.7167414050822174 104.9778276033881355 137.0966616841056407 172.4018435475834679 215.3298455406078631 266.0264075734927474 324.9631290483308703 393.3388141504733539 471.2578475336322867 557.0371200797209212 645.4930244145490406 733.5894369706029465 816.2862481315396508 885.5019930244145598 936.1071250622819662 961.4362232187344262 956.9608868958645189 920.7179870453412605 856.2897359242650737
76.1138211382113781 125.1035515618314093 180.1673085151904274 243.0047068891741446 310.9901583226358639 385.1540436456996304 461.8459563543003696 544.6024818142918775 634.7663671373555871 729.4518613607189081 824.8284124946512748 916.6375695335900673 999.6486949080017439 1067.4522892597346981 1115.8515190415062079 1144.1121095421481186 1151.7038938810439959 1132.6418485237484219 1090.3902439024391242 1027.2545999144201687 944.5532734274711402 849.2798459563542792 747.9409499358151834 644.8990158322635580
-252.9333333333333371 -157.2521739130434923 -60.2028985507246404 72.3797101449275431 253.1072463768115881 490.5652173913043725 796.0144927536232444 1177.9159420289854552 1634.0898550724637062 2141.9014492753622108 2696.4000000000000909 3283.8869565217391937 3872.3855072463766192 4440.8492753623186218 4900.4463768115938365 5096.8608695652173992 4981.0927536231884005 4493.0869565217390118 2755.5884057971015864 391.3188405797101268 -869.0057971014492750 -1288.1797101449276397 -1317.5999999999999091 -1442.0521739130435890
-240.0717488789237564 -334.9756566303651653 -414.9410634208840634 -464.5816784112748223 -487.4003843689942528 -510.2549647661755330 -565.8603459320947877 -654.6162716207559242 -756.2729019859065147 -844.4811018577835284 -905.6489429852658759 -931.2133247918001189 -916.4606021780909941 -863.3459320948110189 -761.6732863549007106 -597.4208840486867302 -361.3408071748879138 -66.0012812299807763 262.5048046124279040 592.4945547725816368 884.3305573350415898 1110.4926329276104298 1248.3087764253682508 1289.4862267777066336
-16.4735062006764359 -25.0447435174746325 -32.7113866967305498 -40.0567925591882741 -47.8918404735061998 -57.1315529875986456 -69.4952790304396899 -85.2984075535513000 -103.7738866967305569 -125.1197857948139784 -148.2789599774520752 -171.6906708004509596 -194.8142615558060982 -217.8604847801578330 -240.5245208568207431 -260.8934611048478018 -278.3607666290868110 -291.9481397970687908 -299.9171364148816110 -302.0916009019165926 -297.8015078917700293 -286.1020293122886073 -266.6428974069898459 -240.7732525366403706
