-80.6800494132180290 -82.4169240271772736 -83.8625694873378649 -84.9329833230389113 -85.7311612106238385 -86.2882952439777711 -86.6221432983323041 -86.8701358863496012 -87.0169857936998170 -87.0852378011118020 -87.1287831995058610 -87.1995058678196386 -87.1465410747374989 -87.1343421865348944 -87.1408276714021071 -86.9496602841259971 -86.6647621988881980 -86.3130018529956828 -85.6947189623224261 -84.8733786287832004 -83.8814082767140263 -82.5807597282273065 -81.0325818406423650 -79.2302347127856734
-245.1113561190738608 -236.9404630650496131 -225.5413450937155346 -210.9239250275633992 -192.8787210584343939 -171.1058434399118084 -145.3770672546857838 -115.5303197353914015 -81.2601984564498281 -42.5556780595369375 0.5887541345093715 47.7232635060639439 97.9845644983462023 150.4729878721058469 204.0110253583241331 257.2447629547960446 308.4829106945975923 356.1609702315325308 399.1058434399117800 435.6493936052921754 465.0496141124586416 487.4895259095920892 503.5380374862182862 513.7905181918412154
88.0259475218658878 86.6282798833819214 86.1326530612244881 86.7854227405247798 88.5553935860058345 91.5215743440233211 95.7443148688046648 100.9125364431486815 107.1413994169096213 114.2061224489795848 122.2358600583090436 131.3189504373177954 141.2813411078717252 152.2107871720116634 163.7183673469387770 175.7568513119533407 188.2139941690961962 200.7186588921282748 213.2583090379008866 225.6804664723032090 237.7212827988338120 249.2801749271137055 260.2145772594752202 270.2069970845481066
478.9811643835616337 479.2778105810108400 479.4971658006613211 479.6372224846480776 479.7151039206424343 479.7296291922531850 479.6848724610297836 479.5888639584317161 479.4592583845063700 479.2831247047708985 479.0655408597071414 478.8200283419934067 478.5442843646669644 478.2490552668871260 477.9189300897496651 477.5779995276334375 477.2162848370335269 476.8389230042512850 476.4411313179027161 476.0153519130845439 475.5772319319792132 475.1137812942843652 474.6148441190363769 474.0750472366556210
-545.2396551724137908 -539.9327586206896967 -532.2741379310344882 -521.9603448275862547 -508.5758620689655345 -491.3500000000000227 -469.7534482758620697 -443.4758620689655118 -412.3120689655172555 -376.3172413793103601 -335.6862068965517096 -290.8775862068965239 -242.6758620689655288 -192.1775862068965637 -140.8155172413792968 -89.7413793103448256 -40.5448275862068996 5.6724137931034484 47.7051724137931004 85.0810344827586249 117.4275862068965495 144.5862068965517153 166.6810344827586334 184.2396551724137908
629.8927444794952635 625.4261829652996312 619.2858044164038347 611.4003154574132850 601.6990536277602359 590.0933753943218107 576.8034700315457712 562.0403785488958874 545.8921135646687617 528.5725552050473652 510.3353312302838845 491.3545741324921323 472.0719242902208066 452.9801261829653072 434.6823343848580521 417.9176656151419706 403.1883280757097623 390.7873817034700323 380.7331230283911623 372.7195583596214306 366.7350157728706677 362.6747634069400874 360.2722397476340461 359.3280757097791707
-76.8025626092020985 -92.1444379732090795 -109.0902737332556853 -127.4350611531741464 -146.6587070471753123 -166.3814793244030170 -186.1613278974956245 -205.6965637740244688 -224.6773442050087226 -242.9388468258590592 -260.4065230052416950 -277.0052417006406245 -292.6505532906231792 -307.3034362259755312 -320.9091438555620357 -333.3179965055329035 -344.3797320908561232 -353.9819452533488402 -361.9301106581246472 -368.1846243447874372 -372.5940594059405839 -375.1456027955736658 -375.8771112405358394 -374.9580663948747770
-165.7411591355599114 -163.0481335952848667 -158.4710216110019587 -152.1940078585461720 -144.3850687622789906 -134.9440078585461720 -124.2003929273084424 -112.3501964636542283 -99.7912573673870327 -86.4636542239685610 -72.9975442043221960 -59.0230844793713132 -44.5309430255402745 -29.7102161100196476 -14.4754420432220048 1.0800589390962672 17.0697445972495103 33.5962671905697476 50.4238703339882122 67.3462671905697476 84.2612966601178783 100.7563850687622846 116.7362475442043177 132.0589390962671814
593.2994923857868343 583.4670050761421862 568.2165820642977678 545.9323181049069262 514.7343485617597025 473.5549915397631366 422.2656514382402975 361.7174280879864909 293.4382402707275901 220.5025380710659988 146.5109983079526330 75.6497461928934030 10.7783417935702204 -46.3028764805414568 -95.0541455160744562 -135.6514382402707213 -168.7749576988155695 -195.5922165820643102 -216.8832487309644534 -233.3045685279187751 -245.8375634517766457 -255.4416243654822267 -262.2351945854483688 -266.4940778341793362
-181.3574144486692035 -155.3650190114068437 -121.8060836501901179 -80.4410646387832742 -31.1216730038022824 24.8631178707224336 85.2319391634980974 147.2623574144486724 207.3041825095056936 260.8707224334600596 305.2585551330798239 337.5171102661597047 354.0608365019011217 354.9695817490494392 341.0038022813688485 313.4220532319391737 274.0342205323194094 224.9809885931558995 171.3003802281368735 115.8897338403041886 61.8593155893536135 11.8669201520912555 -32.0228136882129277 -68.2927756653992333
1420.0388958594730866 1423.7647427854453781 1427.3299874529484441 1430.6637390213300023 1433.7471769134253918 1436.5031367628607768 1438.8745294855709744 1440.8877038895859641 1442.4887076537013400 1443.6875784190715422 1444.4372647427853735 1444.8067754077792415 1444.8055207026347944 1444.4410288582182602 1443.7170639899622984 1442.5414052697615261 1440.9303638644919374 1438.8023839397742449 1436.2013801756586417 1433.1154328732748127 1429.5853199498117192 1425.6072772898369294 1421.1675031367628890 1416.3506900878294346
477.7018012008005599 489.5523682454970071 504.4442961974649506 522.6984656437624608 544.1707805203468524 568.9979986657772315 596.8505670446965041 627.1501000667111612 659.2241494329553007 692.2248165443628523 725.0386924616410624 756.7124749833221813 786.3729152768512449 813.3248832555036643 837.2975316877918885 857.8085390260173426 874.7271514342895671 888.2128085390260139 898.5817211474316082 906.2795196797865174 911.6237491661107697 915.0813875917277755 916.7858572381587692 916.9913275517011471
550.2926061877294615 561.5291033036182853 572.1893025694809012 581.8757210277923377 590.3738856843209533 597.6418458311484301 603.3004719454640963 607.0382800209753213 608.5846879916098260 607.5196643943367008 603.5757734661772247 596.5804929208180738 586.2045097011011876 572.0739381227058402 554.1447299423177810 532.0152071316204001 505.2648138437336343 474.1279496591504881 439.6790770844257850 404.0010487676979665 368.6208704771893281 335.1347666491872133 305.2842160461457865 280.5547981122181227
-25.7218181818181826 -21.7509090909090901 -15.6145454545454552 -6.9242424242424239 4.3872727272727277 18.5399999999999991 35.2684848484848459 54.7351515151515144 76.8933333333333309 101.6866666666666674 128.2115151515151581 155.8175757575757530 184.3642424242424340 213.1030303030302946 241.4266666666666765 269.0115151515151410 295.2751515151514923 319.8642424242424340 342.3557575757575933 362.6454545454545269 380.7733333333333121 396.4333333333333371 409.5612121212121224 420.2121212121211897
-1028.4680555555555657 -1030.0937500000000000 -1031.6423611111110858 -1033.0548611111112223 -1034.3472222222221717 -1035.5513888888888232 -1036.6090277777777828 -1037.4687500000000000 -1038.2048611111110858 -1038.8319444444443889 -1039.3597222222222172 -1039.7479166666666970 -1039.9583333333332575 -1039.9645833333333940 -1039.7333333333333485 -1039.2506944444444343 -1038.5194444444443889 -1037.6041666666667425 -1036.5569444444445253 -1035.3812499999999091 -1034.0083333333334394 -1032.4743055555554747 -1030.8187499999999091 -1029.1340277777778738
551.1073075854403669 551.7549874965268373 552.3786607390942436 552.9664351208668904 553.5182550708530016 554.0332870241734327 554.5279244234509406 555.0062795220894714 555.4629619338704742 555.8906918588496637 556.3055848846902336 556.6934704084468422 557.0470686301750902 557.3584328980272176 557.6229508196721554 557.8431230897471096 558.0134481800499771 558.1338149485968643 558.1916087802167112 558.1904973603778899 558.1126979716588039 557.9242011669908834 557.6192275632120072 557.2014448457905473
333.9516599904949317 333.6070337429560482 333.3619390318419278 333.2298866182361508 333.2215357458076141 333.3058591893543507 333.4845542806708067 333.7462828433702384 334.0836445108290036 334.5021386380609556 335.0041414895783873 335.5512254735555757 336.1469210401249370 336.7873582727951884 337.4621495009844807 338.1847375925045753 338.9403897073800067 339.7081947179034387 340.4795980718311057 341.2592165116436718 342.0409396428813693 342.8351551361259908 343.6661008894018323 344.5055333016497912
787.1290068313189749 782.3560168155544261 776.3368365738307375 769.0262743037309292 760.4408828166053809 750.6008933263268545 739.6103520756699936 727.6487125591171434 714.8728323699422162 701.4419337887545680 687.5509721492380777 673.4027850761955278 659.2509196006305956 645.4143457698371549 632.1103520756699936 619.6276931161323773 608.2580136626379499 598.1539674198634202 589.4477141355754384 582.1660535995796408 576.2440882816605381 571.5867052023121460 567.9829217025749131 565.2088807146610634
1296.1917525773196758 1300.9896907216495947 1304.3237113402062732 1305.8824742268041064 1305.3670103092783847 1302.5164948453607394 1297.4340206185565876 1289.9608247422679597 1280.2515463917525267 1268.3092783505155694 1254.2835051546392151 1238.3525773195876809 1220.8515463917526631 1202.2587628865978786 1183.0979381443298735 1163.8989690721648458 1145.0103092783504053 1126.6814432989690431 1109.2443298969071748 1093.0237113402060913 1078.4113402061855140 1065.7144329896907493 1054.9979381443299644 1046.5474226804124100
1029.4748201438849264 1017.4010791366906687 999.9622302158273897 976.9100719424460522 948.7895683453236870 917.1348920863309786 884.2122302158273897 852.4370503597122024 824.6672661870503589 803.3938848920863620 790.5701438848921043 787.2158273381295430 793.5665467625899510 808.7122302158273897 831.3435251798561012 859.2410071942446166 889.6996402877697392 920.8471223021582546 951.1690647482014356 979.1366906474820553 1003.3345323741007178 1023.1384892086331320 1037.7464028776978466 1047.4604316546763130
679.7564257028112706 688.2379518072289102 697.5483935742971653 707.7090361445783628 718.6052208835341162 730.0526104417671149 741.8841365461847772 753.9080321285140371 765.8746987951807341 777.5885542168674647 788.9212851405623042 799.6558232931727161 809.7614457831325581 819.1692771084337892 827.8098393574297233 835.7620481927710898 843.0283132530120156 849.6321285140562622 855.4740963855422251 860.5461847389558443 864.7343373493976060 868.0674698795180575 870.5526104417671149 872.2273092369478036
1278.5804006497021419 1281.3308067135897090 1284.0368164591229743 1286.6513264753655221 1289.1905793178127624 1291.7384948565240848 1294.2376827287494052 1296.6746074715754276 1299.0443963183540745 1301.4764482945315649 1303.9713048186247306 1306.4510016242554684 1308.9009204114781824 1311.2479696805630738 1313.4114780725501532 1315.2495939361126602 1316.6984298863021650 1317.6719003789928593 1318.1391445587439648 1318.0232809962101328 1317.2252301028695456 1315.7899296155928823 1313.8548998375745214 1311.4878180833784427
788.1103951890033841 788.4229667812141997 788.4092210767468032 788.0943585337914783 787.5481099656357173 786.7938144329897341 785.8798682703321674 784.8861683848797384 783.9226804123711645 783.0538373424971041 782.3434994272622589 781.8682703321878762 781.6493413516609507 781.7060423825887483 782.0073024054983080 782.4810996563574008 783.0607101947308593 783.6378865979381771 784.0797537227949761 784.2945303550973222 784.2256586483390493 783.8268900343642827 783.0077319587628608 781.7394043528064458
533.4111333143019920 533.5371966885526263 533.5571224664573720 533.4960319725948921 533.3623751070510934 533.1673422780473857 532.9225235512417385 532.6469312018269875 532.3486154724521384 532.0320867827576876 531.7125892092492450 531.4139880102768529 531.1320011418783906 530.8767913217242267 530.6365972023979793 530.4071938338566952 530.1705966314586931 529.9133314302026747 529.6205538110191355 529.3097916071938016 528.9775620896374448 528.6245503853839409 528.2468741079075016 527.8339708821010845
389.4589153046062506 389.7797176820208165 390.1445765230312190 390.5456909361070075 390.9527488855869137 391.3861069836552815 391.8364784546805595 392.3268202080237756 392.8453937592867646 393.4203566121842641 394.0571322436849755 394.7671619613670373 395.5321693907875442 396.3294947994056656 397.1369985141158736 397.9410846953937835 398.7276374442793667 399.5030460624071225 400.2637444279346255 401.0115898959880951 401.7382615156017778 402.4173105497771417 403.0330609212481363 403.5983655274888520
340.8221499254439664 345.6707333604446148 351.4008404500474398 357.9490307713162451 365.2423749491663330 373.1308119831909949 381.5099633997559749 390.2027924630608595 399.0394469296462034 407.8565812660973506 416.5442591839500892 424.9381862545750437 432.9425240612715129 440.4531652433238378 447.3599023993493233 453.6189507930052969 459.1897790429713950 464.0482580994984687 468.2460349735665091 471.8617324115493830 474.9089060593737486 477.4531652433238378 479.5061678188965857 481.0935339568930544
800.8754800889428225 799.3139276329088716 796.9284414796846931 793.6975945017181857 789.6502931069335318 784.8168587022437350 779.2751162320598723 773.1394784718011124 766.4447139680614782 759.2737012330705966 751.7036587831008774 743.8900343642611688 735.9336971902163214 727.9571457448959109 720.0384071154235244 712.3106933495047315 704.8156458459671967 697.5771174449160981 690.6466545381039168 683.9419850414392386 677.4354154032747601 671.0875277946230426 664.9173236304831107 658.9169193450576358
-229.0352362204724272 -231.7068897637795146 -233.7047244094488292 -235.2547244094488121 -235.8616141732283324 -236.0738188976378069 -236.1332677165354426 -235.6651574803149742 -235.1496062992125928 -234.6442913385826898 -233.9015748031496003 -233.2190944881889720 -232.6082677165354369 -231.7673228346456824 -230.9068897637795317 -230.0990157480314906 -229.0340551181102455 -227.9958661417322787 -226.9814960629921359 -225.6795275590551171 -224.3279527559054998 -222.7393700787401656 -220.7911417322834779 -218.5641732283464478
-317.1966236345580796 -314.4667328699106292 -308.7388282025819422 -299.8391261171797169 -287.5263157894736992 -271.9950347567030917 -253.0834160873882865 -230.7924528301886653 -205.0218470705064533 -175.7755710029791487 -143.0734856007944416 -107.3416087388281994 -68.7318768619662421 -27.8510427010923536 14.8351539225422044 58.6226415094339615 102.6713008937437905 146.0645481628599782 188.0526315789473699 227.9285004965243218 264.6713008937438190 297.5332671300893708 325.7914597815292836 348.7745779543197386
414.5527747551686844 405.9278200943053889 397.2658686978600144 388.9390642002176151 381.6909684439607986 375.8966267682263265 372.0569459557490291 370.6833514689880076 372.2306855277475393 376.8454842219804277 384.6510700036271260 395.6401886108088775 409.7029379760609231 426.6282190787087529 446.0406238665215710 467.4243743199129426 490.0903155603917298 513.1759158505622054 535.7693144722524039 557.1186071817193124 576.7457381211461325 594.2081973159231438 609.3888284367066035 622.1498005077983180
898.7100093545369646 897.1445275958840284 894.0579981290926526 889.3119738072965674 882.7993451824135036 874.4630495790457871 864.2708138447146666 852.0509822263798014 837.7871842843778722 821.4607109448082838 803.2249766136576454 783.2530402245089363 761.6230121608980426 738.6810102899906951 714.7937324602431772 690.3844714686623547 665.9237605238540709 641.8657623947614184 618.5144995322731347 596.2329279700654752 575.2708138447146666 555.8283442469597730 538.2460243217960851 522.6913002806361419
829.6920754716981037 831.0387735849056980 832.2918867924528286 833.3670754716980582 834.2378301886792542 834.8902830188678763 835.2995283018867667 835.5207547169811733 835.5933018867924602 835.5483962264150932 835.4280188679244930 835.2862264150943474 835.1408490566037699 834.9966037735848658 834.8367924528301955 834.6455660377358754 834.3786792452830241 833.9735849056603456 833.3972641509434425 832.6205660377358981 831.6304716981131833 830.3926415094339291 828.9477358490565848 827.2826415094339154
755.5009191176470722 745.4402573529412166 732.5514705882352473 716.5569852941176805 696.9623161764706083 673.4246323529412166 645.8216911764706083 614.3363970588235361 579.0036764705882888 540.1222426470587834 498.1075367647058556 454.0652573529411598 409.5128676470588402 366.3051470588235361 327.0863970588235361 293.4430147058823763 266.4430147058823763 246.2454044117646959 232.2316176470588118 223.6516544117646959 220.1020220588235361 220.7481617647058840 224.6939338235294201 231.1341911764705799
391.6378668871434456 393.3282348077718211 396.3220338983051079 400.8499379909053459 407.2550640760645138 415.7813145928069503 426.6225713104588522 439.9516329061595457 455.7159983464241577 473.7817279867713864 493.8693675072344149 515.6858205870194070 538.7974369574204729 562.7412153782554469 586.9479123604795632 610.8594460520876055 634.1409673418768307 656.2695328648201212 676.8784621744522383 695.7420421661843193 712.6019016122364746 727.2988838362959996 739.8619264158743363 750.3112856552294261
1097.8218611521417643 1100.4103397341211803 1102.4903988183161800 1104.0224519940916252 1105.1190546528803225 1105.8257016248153377 1106.2035450516987112 1106.2847858197931146 1106.1370753323485587 1105.8079763663220092 1105.2963072378138349 1104.7028064992614418 1104.0921713441655356 1103.4644017725258891 1102.8067946824223782 1102.0224519940916252 1101.0649926144756137 1099.8844903988183432 1098.4354505169867480 1096.6475627769571020 1094.5072378138847853 1092.0147710487444783 1089.1728212703101235 1086.0168389955686052
765.9725250763192435 774.1709550806803009 782.8257740950720063 791.8491059747055942 801.1051024858264782 810.6380287832533895 820.2810728303531960 829.9694723070214195 839.5765372873963770 849.0898386393371311 858.4086349760139001 867.5372873964239488 876.2836894897513957 884.5839511556912385 892.4315307457479776 899.6591801133886293 906.2935019624945880 912.2219799389446280 917.4917139119057765 921.9116877453118377 925.4930222416048764 928.1949411251634956 929.9908416921064145 931.0617095508067678
371.2217028578190821 370.7929116620318268 370.3969587598367070 370.0372759008342882 369.7198390627773392 369.4450624223418913 369.1923554819241531 368.9428436187207581 368.6956393112833439 368.4373114016922273 368.1627714336430017 367.8748003076740929 367.5744038814271448 367.2657239216614471 366.9670433702147534 366.6608484705047317 366.3635879533755428 366.0834861842494661 365.8279391751967182 365.6115022779717378 365.4400923022306529 365.3159576356428602 365.2285663570202701 365.1920004733447627
-809.5579763663220092 -810.1272156573116945 -810.6552806499261123 -811.1423559822746938 -811.5853028064992714 -811.9652880354504987 -812.2623707533234665 -812.4759970457902227 -812.6264771048744251 -812.6997784342688647 -812.6757754800590874 -812.5932422451994626 -812.4593796159526846 -812.2804652880354297 -812.0646233382569790 -811.8253323485967030 -811.5841949778434810 -811.3199778434268410 -811.0284342688330526 -810.7112259970457444 -810.3844165435746163 -810.0367429837518785 -809.6739290989660276 -809.2978212703102372
830.4365756541524206 837.4155290102388562 845.5261660978384270 854.7044937428896674 864.9220705346984914 876.0446530147895601 887.9738339021615730 900.3629124004551159 912.8950511945392918 925.2062002275313262 936.9974402730375687 948.0275881683731996 958.2090443686006438 967.5278725824800858 975.8865187713311116 983.3555176336745944 989.8370307167235751 995.3589306029579120 999.9075654152445622 1003.5719567690557597 1006.2829920364050622 1007.9436860068259421 1008.6638225255973111 1008.4812286689419807
1010.5609516801570180 1011.8373804267844207 1012.0963944076527241 1011.2781456953642873 1009.4199166053471117 1006.4569536423840646 1002.4527839097376045 997.3745401030168978 991.3019376992887146 984.2266372332597939 976.2325239146431386 967.4120676968359476 957.9254353691439974 947.9070394898209315 937.4785381407898512 926.7660044150110252 915.8866813833701599 905.0603384841795105 894.4441991660535223 884.1979396615158748 874.5008584743684423 865.4405199901888182 857.0848663232769695 849.4204071621289813
-123.7451162790697623 -107.7534883720930168 -87.2818604651162815 -62.6520930232558158 -33.0641860465116295 1.4437209302325582 39.8502325581395382 82.0120930232558152 127.4669767441860415 174.9953488372092920 223.9069767441860392 273.4660465116278942 322.2120930232558180 369.0427906976744339 412.9972093023255866 453.0269767441860722 488.4790697674418425 519.0800000000000409 544.3739534883720808 564.5395348837208758 580.0037209302325891 591.4455813953488814 599.5990697674418470 604.9925581395349354
-142.7795721476510096 -146.4196728187919518 -149.3001258389261636 -151.3984899328858944 -153.2594379194630960 -154.6386325503355579 -155.5427852348993270 -156.4618288590604038 -157.1442953020134325 -157.5817953020134325 -158.0044043624160963 -158.1231124161073751 -158.1369546979865675 -158.2330117449664328 -158.1925335570469713 -158.0004194630872405 -157.9261744966443075 -157.6587667785234999 -157.0696308724832306 -156.3584312080537018 -155.1646392617449806 -153.5383808724832306 -151.4316275167785193 -148.6963087248322211
446.2492110071424349 446.5854603842533379 446.9244227894358232 447.2678146282044054 447.6215602679807262 447.9847184541276874 448.3520846021814918 448.7530590775704695 449.1693150988317598 449.5954819777421108 450.0248048280826083 450.4336415480870528 450.8277504014174042 451.2080172747909614 451.5679087536681209 451.9116327999557257 452.2583467139139657 452.6077182880239320 452.9615192957200520 453.3212446708377001 453.6569957366701829 453.9628481257959152 454.2329328387132250 454.4715685731687245
880.7823204419889862 879.6216574585635044 877.5725966850828854 874.7257458563535693 871.1058563535912072 866.6961325966850609 861.5228729281767528 855.5120441988950688 848.6483977900552418 840.9498342541436386 832.5151381215470110 823.3113812154696234 813.4556906077348231 803.0287292817679372 792.1020994475138650 780.7885082872928706 769.2514917127072067 757.6344751381215019 746.0587845303867880 734.7177900552486562 723.6826519337016634 713.0727071823204142 702.8598895027624849 693.0795580110496985
463.9729359890527576 466.2682073893872712 469.1710506309867696 472.7444123460544461 476.9890527596168681 481.9332522426638548 487.5795955602858385 493.9194161471795610 500.9028432415994985 508.4573513760072956 516.4640413562414096 524.7857685875019342 533.3066747757336543 541.8724342405351990 550.3084993157974623 558.5082864527900028 566.3632355177132922 573.8000608180021800 580.6610916831382383 586.8020374030712674 592.2169682225938914 596.8193705336780113 600.5811160103390876 603.4971871674015347
772.5000000000000000 757.5622605363984121 739.1168582375479446 717.5919540229884888 693.5162835249042246 667.6781609195402325 640.7796934865900766 614.1178160919540687 588.7059386973180608 566.0392720306513183 547.0938697318007371 533.2289272030651546 525.2634099616858521 523.4185823754788771 527.7011494252873263 537.8553639846743408 553.0134099616858521 572.1618773946360079 594.0699233716475192 617.3946360153256592 640.8601532567049617 663.1139846743294584 683.1111111111110858 699.9022988505747662
938.7922480620154602 941.0171834625323299 943.0767441860465397 944.9382428940568843 946.5720930232557748 947.9586563307493634 949.1122739018087486 950.0723514211886140 950.8250645994831984 951.4793281653746817 952.0306201550387186 952.5480620155038878 953.0400516795865542 953.4881136950904192 953.8760981912145098 954.1736434108527192 954.3892764857880593 954.4400516795865315 954.3186046511627865 953.9538759689922927 953.3812661498708394 952.5953488372092579 951.5838501291989360 950.3669250645995135
116.8489751887810115 89.7416396979503759 60.4212513484358169 29.6877022653721667 -1.5388349514563107 -32.1618122977346275 -61.4309600862998906 -88.7162891046386193 -113.7351672060409982 -136.4946062567421734 -156.9336569579288039 -175.0765911542610525 -190.7621359223300885 -203.9978425026968694 -215.0167206040992482 -224.0291262135922352 -231.3036677454153107 -236.7562028047464935 -240.7443365695792750 -243.1645091693635266 -244.0258899676375393 -243.3932038834951470 -241.2788565264293368 -237.8511326860841564
671.5216284987277504 652.9363867684478464 631.4452926208651888 608.2519083969465328 583.1933842239185424 557.5648854961832512 533.2544529262086144 512.5165394402035872 497.6641221374046040 491.0229007633587912 494.8676844783715296 510.1501272264630984 537.7659033078880384 576.5572519083968928 625.2442748091602880 681.0966921119593280 740.0687022900763168 798.0534351145038272 851.8804071246819376 898.1170483460559808 934.5674300254453328 960.2748091603053808 975.5089058524173424 981.7150127226462928
649.3753865841953257 650.4990935267143186 651.3108670150368198 651.8080409512637061 652.0445771568731743 652.0712381358644052 651.9203369947744022 651.6108563506452356 651.1743628026021042 650.6262130745441254 649.9715260744374064 649.2229924282819411 648.3638690412711867 647.4319078596565760 646.3988482457075406 645.2598912232057273 644.0013863709075395 642.6162951903594376 641.1023781593260082 639.4524901354377562 637.6650314599552303 635.7471472752479258 633.7097152607443604 631.5468700010663952
305.7618406889127982 306.4132131324004149 307.8632938643702914 310.2308934337997925 313.5184337997847024 317.6605220667384515 322.6005113024757520 328.2958826695371499 334.7509418729816844 341.8622174381055174 349.4677072120559842 357.4643433799784589 365.7362755651237762 374.2208019375672734 382.7563240043057249 391.2793326157158162 399.6459903121636330 407.7678955866522870 415.4908503767491652 422.6076426264800716 429.0902852529602001 434.8424381054897481 439.8097416576964633 444.0117061356297086
487.2956448911222651 464.6750418760469188 435.9053601340033310 401.3584589614740139 361.8291457286431978 319.0360134003350367 275.3986599664991672 233.2311557788944754 194.3324958123953081 159.7386934673366738 129.8056951423785677 104.1222780569514299 83.1834170854271377 66.8852596314907828 55.0460636515912896 47.6306532663316560 44.5594639865996669 45.1574539363484107 48.7077051926298168 54.6599664991624792 62.4631490787269712 71.7303182579564549 81.9262981574539424 93.0234505862646586
219.5673166202413995 237.1903435468894941 260.7223769730733238 290.1652739090064870 325.1494893221913003 364.9220055710306383 408.1058495821727092 453.2831940575673002 498.6620241411328038 542.5673166202413995 583.9275766016712623 621.9842154131847565 656.0928505106778630 685.7325905292478865 711.0807799442897021 732.2395543175487092 749.3129062209842459 762.7780872794800189 772.9071494893221370 780.3649025069637446 785.3221912720520095 788.0649953574744586 788.7966573816155460 787.8245125348189504
1038.0912240184757138 1039.4138148225908935 1040.4858282595002947 1041.2741969347050599 1041.7826999790047466 1042.0469242074323120 1042.1291203023304206 1042.0737980264539146 1041.9527608650009824 1041.8263699349149647 1041.7328364476170464 1041.6641822380852318 1041.6173630065084126 1041.5990972076422167 1041.5832458534537182 1041.5261389880326988 1041.3937644341801843 1041.1425572118412219 1040.7443837917278415 1040.1560990972077434 1039.3482049128699600 1038.2957169850933496 1037.0170060885996008 1035.5317027083769972
586.5291164658634671 598.7931726907630718 615.7921686746988144 637.6305220883533593 664.4909638554216826 695.3202811244980239 729.4006024096385090 765.4929718875501976 802.2038152610441557 838.2339357429718802 872.1425702811244491 902.8122489959839641 929.4467871485943533 951.7901606425702994 969.6285140562248444 983.1475903614457366 992.7028112449798982 998.9257028112449461 1002.5180722891566347 1003.9236947791164312 1003.4718875502007904 1001.5833333333333712 998.2951807228915868 993.3815261044176168
988.9704123050630642 990.6643879512924968 992.2687459944456805 993.7841273232215826 995.1803033539841863 996.4648579363383760 997.6064943388164465 998.6036103396710359 999.4773552659687539 1000.2283700064089089 1000.8645588549454715 1001.3588976714377168 1001.7350993377483519 1001.9719077120273596 1002.0933561204871012 1002.0907925656911175 1001.9361247596667681 1001.6152531510360859 1001.0694296090579201 1000.3143559068574859 999.3151036103396336 998.0885494552445607 996.6597949156163168 995.0580004272591168
551.2269543289436342 549.7661810030821243 547.8488372093023600 545.4345755113477026 542.4739422807508618 538.9597926590081443 534.9092182684224781 530.3470159708601841 525.2586158587839691 519.7161669935555892 513.7926590081254972 507.4904735219949430 500.8818996917904087 494.0787335388063752 487.1050714485850222 480.0650042028579492 473.0888203978705633 466.2616979546091329 459.6821238442140611 453.4268702717848214 447.5672457270944165 442.1553656486410659 437.3111515830764802 433.0277388624264745
719.9123809523809996 720.2323809523809359 718.6495238095237710 714.7733333333333121 708.1009523809524353 697.9676190476189959 683.6399999999999864 663.4819047619047296 635.7771428571428487 598.2704761904761881 549.4228571428571968 488.7904761904761699 417.2419047619047774 337.6399999999999864 254.6647619047619173 173.6838095238095150 99.6914285714285739 35.8228571428571456 -15.6342857142857135 -55.7104761904761929 -85.6495238095238136 -107.4876190476190487 -122.8323809523809587 -133.5409523809523762
580.5260646108663423 585.7000734214390150 591.2211820851688344 597.0130323054331711 603.0837004405286734 609.4025330396475510 615.9566813509544545 622.7426578560939561 629.7668869309839010 636.9319016152716131 644.2345814977973077 651.5965491923641366 658.9330029368575197 666.1863069016152394 673.2560572687224294 680.0556167400881122 686.5022026431718132 692.5893906020558006 698.1699706314243485 703.2364170337738187 707.7340308370044113 711.6066446402350039 714.8072687224669153 717.2571585903083360
560.1139240506329315 546.9194476409666095 530.8958573072496847 511.8624856156502005 489.9136939010356855 465.0592635212888126 437.6127733026467013 408.3636363636363740 378.1967779056386689 348.0960874568469308 319.2025316455695929 292.4228998849251866 268.3803222094361445 247.4838895281933162 230.0304948216340506 216.3095512082853986 206.0517836593786001 199.0281933256616753 194.8342922899884968 193.3481012658227769 194.0886075949367182 196.8135788262370625 201.3440736478711131 207.1421173762945784
414.3128307824345598 410.8326419682449000 406.7635531397510817 402.0337576884566033 396.5904734658847133 390.5025032184236693 383.8397940208839714 376.5753111142897751 368.7652696323845021 360.4794736089257867 351.7193534544414319 342.6645687312258701 333.4152481762265552 324.1137176369617805 314.8825632956658751 305.8832785009297481 297.2783578887140834 289.2672006865970502 281.9530825346874394 275.3518809898440622 269.6176512659133095 264.8078958661135971 261.0028608210556627 258.1901015591474788
131.8912373403786944 132.0184940554821651 134.2373403786878043 138.6605019815059450 145.5570233377366662 154.7344782034346053 166.5121092029942815 180.7908410391897860 197.0656098634962632 215.3800088066930982 235.5112285336855962 257.0827829150154002 279.8674592690444456 303.5200352267723360 327.5790400704535728 351.6860413914575361 375.2611184500220247 397.6807573756054808 418.4487010127697317 437.1571994715984033 453.4240422721268260 467.1761338617349111 478.4152355790400861 487.4284456186701959
533.0519083969466010 534.5073791348600025 535.3811704834605507 535.4513994910940937 534.4758269720101680 531.9918575063612707 527.5888040712468410 520.8997455470737350 511.6498727735369130 499.6198473282442478 484.5312977099236491 466.1241730279897979 444.2890585241730150 418.9384223918575003 390.3801526717557522 359.3277353689567235 327.1664122137404433 295.1908396946564608 264.4458015267175597 235.7389312977099110 209.7679389312977207 187.0193384223918542 167.7511450381679481 152.2045801526717526
265.7359357060849447 255.9311136624569372 247.7709529276693559 241.7537313432835901 238.3691159586682033 238.4207807118255005 242.8094144661308746 252.1762342135476445 266.4919632606199684 285.2698048220436249 307.7732491389207894 333.5706084959816167 362.1354764638346637 392.7330654420206884 424.5355912743972340 456.4385763490241175 487.5522388059701484 517.1343283582089043 544.3932261768082981 568.9471871412170003 590.4753157290471108 608.8444316877153142 623.9282433983926239 635.8105625717565772
362.7652329749104183 355.4496415770609588 347.1390681003584291 337.8664874551971593 327.8741935483870975 317.3302867383512762 306.4679211469534152 295.4652329749104069 284.4632616487455152 273.6075268817204460 263.1872759856630637 253.2573476702509083 243.9446236559139720 235.5247311827957049 228.0329749103942731 221.5951612903225794 216.2224014336917435 211.9526881720429969 208.7327956989247184 206.5281362007168582 205.2163082437276103 204.6948028673835154 204.9499999999999886 205.8620071684587742
338.3563777994157817 363.3378773125608632 390.9717624148003665 420.4615384615384528 450.7580331061343486 480.9518013631937947 509.9527750730282492 536.6236611489775896 560.2507302823757982 580.2930866601752768 596.2702044790652280 608.0944498539435017 615.9975657254137786 620.0223953261928500 620.4810126582278826 617.6884128529698046 612.1285296981499187 604.2161635832521824 594.3943524829601301 583.1703992210320848 570.9440116845180455 558.0462512171372964 544.5053554040895278 530.4089581304771173
432.3994060876020740 446.5463994060876303 462.8719376391982223 481.1610987379361291 501.1098737936154635 522.1358574610244432 543.9231625835188879 566.1239792130660362 588.3864142538975557 610.4810690423162214 632.0419450631031850 652.8184855233853341 672.5738678544914819 691.1544172234595180 708.2483296213808899 723.9060876020787418 737.9944320712694434 750.4112843355604809 761.1685226429101476 770.1662954714179250 777.5608760207869636 783.4213066072754827 787.7835931700074070 790.6184112843355933
1178.6384395813511219 1180.7421503330160704 1181.0095147478591571 1179.4424357754519406 1175.6622264509990146 1169.3815413891531989 1160.4281636536632050 1148.9781160799238933 1134.8715509039011522 1118.2911512844909794 1099.3910561370123560 1078.6022835394862796 1056.1826831588962250 1032.7240723120837629 1008.8734538534729381 985.6270218839200652 963.7821122740247120 943.9048525214082019 926.5680304471931095 912.1826831588963387 901.1398667935300182 893.6251189343482793 889.4938154138915252 888.2093244529020239
782.9636189564384949 774.5227381522259975 763.7979894686452553 750.6993776926759665 735.3365246529440356 717.7836285303973227 698.0248922929631590 676.3963618956438495 653.1397797989468472 628.4724748683580628 602.8693154619435290 576.8420296792724002 551.0679751077070705 526.3743417903302770 503.2790808999521346 482.3030157970320602 463.8343705122068172 448.1838200095739353 435.3288654858783957 425.1474389660124302 417.5026328386787782 412.3125897558640531 409.2948779320249173 408.0306366682623320
212.7363150867823833 200.5170226969292457 187.2363150867823833 173.2049399198931781 158.7556742323097581 144.3648197596795626 130.2359813084112261 116.1301735647530080 102.3531375166889177 89.2386515353805123 76.5961281708945307 64.7726969292389896 53.9522696929238990 43.8751668891855786 34.7453271028037349 26.6448598130841106 19.2306408544726288 12.7359813084112155 7.3765020026702270 2.8621495327102804 -0.6244993324432577 -2.8264352469959948 -4.0781041388518027 -4.3184245660881171
162.2524795170332084 162.7921517895644570 164.4034066407934347 166.9874946097455677 170.6828374299266784 175.4482535575679094 181.1034928848641528 187.6714100905562645 195.0571366968520977 203.1487710219922462 211.8398016386373399 221.0679172056921118 230.7069857697283339 240.7192755498059569 250.9974126778784012 261.3689090125054122 271.7772746873652636 282.1746442432082631 292.4586028460543616 302.4859853385079873 312.1095299698145595 321.0987494609745454 329.3656748598533568 336.7652005174644501
403.5475516558165623 408.2127087461081487 413.6224172091706919 419.7381828474384520 426.4310784036229620 433.5953863572034948 441.1711010472686212 448.9973110670817960 456.9909425417492344 465.0437305406170481 473.0333993772997587 480.8666855363713353 488.4310784036229620 495.6320407585621410 502.3699405604302228 508.5765638267761233 514.2020945372205460 519.1532691763374032 523.4555618454571686 527.0662326634587771 529.9712708746108092 532.2105859043306282 533.8007359184829284 534.7640815171242821
402.1759343664539870 374.0173199635369201 338.6536007292615977 296.3536918869644410 248.3254329990884344 196.2844120328167605 142.4384685505925177 88.8760255241567876 37.8951686417502245 -9.0920692798541474 -51.3509571558796694 -88.4740200546946198 -120.4412032816773035 -147.4257064721969073 -169.5259799453053802 -187.0802187784867954 -200.6052871467639136 -210.4649042844120288 -217.0528714676390223 -220.9398359161349106 -222.4949863263445877 -221.9562443026435687 -219.4712853236098340 -215.0938924339106677
530.4113411341133997 504.4428442844284177 474.0774077407740492 439.7524752475247283 402.6840684068407086 365.6201620162016184 330.7983798379838163 299.7497749774977365 273.3465346534653690 253.0009000900089973 239.4455445544554379 233.6993699369936905 235.8577857785778633 245.7794779477947884 262.6867686768677004 284.9081908190818808 311.1602160216021389 340.4338433843384450 371.8127812781278294 404.2718271827182548 436.4707470747074467 467.1386138613861476 495.5490549054905500 520.9576957695769579
-614.7945307644499735 -615.6752019888128871 -616.4968303293970848 -617.2355500310751495 -617.8795525170913834 -618.4216283405842205 -618.8668738346799501 -619.2405220633934277 -619.5341205717836601 -619.7625854568054820 -619.9228091982597562 -620.0234928527034981 -620.0661280298321572 -620.0469857054071099 -619.9709136109385099 -619.8387818520820929 -619.6484773151025820 -619.3971410814169758 -619.0835301429459605 -618.7030453697949497 -618.2272218769421670 -617.6503418272218369 -616.9600994406463315 -616.1812305779988037
686.0419857406918709 687.2587800369685738 688.1969897016107325 688.8960918933192943 689.3416952733034577 689.5615262740956268 689.5970425138632436 689.4758383945074911 689.1968576709796253 688.8181938209664850 688.4013731185634697 687.9413783997887322 687.4622392395035604 686.9411143385265177 686.4085027726432600 685.8638764193292445 685.2850541325587983 684.6519672564035091 683.9676524953789567 683.2141536836545583 682.3621600211248506 681.3477686823342765 680.1350673356218977 678.7150778980723089
451.3384824518042251 448.6812901631240607 445.5574641621354317 441.9589718240237062 437.9128769154720544 433.4154720711813980 428.4668808699950660 423.0778546712802495 417.2765694513099106 411.1043005437468878 404.5773603559070466 397.7467869500741244 390.6606524962926414 383.3861838853188146 376.0740237271378987 368.8519525457241457 361.7743450321304977 354.9539050914483482 348.4998764211566709 342.4792387543252516 337.0096391497775699 332.1620118635689778 327.9602076124567702 324.4608255066732454
402.3126744835287809 402.9731993299832311 402.9363484087102165 402.0061418202121786 399.8218872138469919 396.1870463428252265 390.6069235064209693 382.7107761027359061 372.2456728084868587 358.8782802903405695 342.5281965382467888 323.0591848129536743 300.7766610831937442 275.9882747068676849 249.1379117811278547 220.7571189279732096 191.4673366834170736 162.1295365717476216 133.7381351200446602 107.2322724734785027 83.4092685650474550 62.8012283640424371 45.6906756002233365 32.3478503629257403
126.7059110893991232 144.4479726428920401 165.2750366389838916 189.0268685881778197 214.9599413776257961 242.2217879824132751 270.1827063996091738 298.2212994626282239 325.5940400586223973 351.5153883732291433 375.4851001465559079 397.1099169516365350 416.0361504640937937 432.0942843185148945 445.2955544699560164 455.6844162188568816 463.5881778212017821 469.2432828529555309 472.8382999511480307 474.8466047874939022 475.5148998534440921 474.9770395701025905 473.5422569614069630 471.3800683927698856
276.6216857934309701 275.8969133359715329 275.4141274238227197 275.1930154333201699 275.2164622081519383 275.4349030470914386 275.7856153541749222 276.2830431341511712 276.9160071230708127 277.6653146022952114 278.5577760189948435 279.5736050652948279 280.7053818757419776 281.9426197071626348 283.2674119509299544 284.6523545706371010 286.1018005540166200 287.5566877720617072 289.0300751879699419 290.5268104471705328 292.0261179263949316 293.5186980609418015 295.0185001978630908 296.4916897506925011
621.5372037203720765 619.3100810081008376 616.1989198919892488 612.2235223522352499 607.3721872187218196 601.6878187818781498 595.3199819981998644 588.3028802880288595 580.7698769876988081 572.8591359135913308 564.6767176717671646 556.3006300630063379 547.8937893789378677 539.5471047104711033 531.3571857185718272 523.4341434143414062 515.8790879087908934 508.7976297629762712 502.1417641764176665 495.9449444944494303 490.2563756375637354 485.0864086408640787 480.3837383738373887 476.2080708070807304
427.3875031977487993 427.0840368380660266 426.7058071117933196 426.2537093885904369 425.7473138910207240 425.1978766948068369 424.6213865438730863 424.0282680992581277 423.4339984650806059 422.8236761320030723 422.2468662061908162 421.7209004860578148 421.2572908672294716 420.8619851624456487 420.5498209260680369 420.3221412125863594 420.1868764389869284 420.1460731644921793 420.1901381427475144 420.2983499616270251 420.4447429009977100 420.6157585060117867 420.7994371962138871 420.9673190074187801
246.3805338541666572 246.9114583333333428 248.3476562500000000 250.7625325520833428 254.1070963541666572 258.3061523437500000 263.3697916666666856 269.1660156250000000 275.6108398437500000 282.6728515625000000 290.2869466145833144 298.2934570312500000 306.6416015625000000 315.2752278645833144 323.9990234375000000 332.7495117187500000 341.4213867187500000 349.8486328125000000 357.9467773437500000 365.6642252604166856 372.9041341145833144 379.6235351562500000 385.7469075520833144 391.2083333333333144
286.6392617449664613 280.0067114093959617 272.6462527964205833 264.6552013422818845 256.0450223713646665 246.9692393736017948 237.5553691275167694 227.6440156599552438 217.3696868008948684 206.7967002237136569 195.7888702460849970 184.6233221476510096 173.5039149888143299 162.3554250559284071 151.5067114093959617 141.0872483221476443 131.1001118568232755 121.8691275167785193 113.4809843400447420 105.9247762863534632 99.3579418344519070 93.8291387024608525 89.2550335570469855 85.7418903803131940
37.2231008866522899 36.5700934579439263 36.1679846633117634 35.9954469206805641 35.9934100167745044 36.1186196980589500 36.3249460819554244 36.6312005751258098 36.9995207284926906 37.3882099209202039 37.8509465612269338 38.3638868919242739 38.8932422717469422 39.4526719386532463 40.0745267193865331 40.7337646776899120 41.4696860771627129 42.2710280373831750 43.1177809729211603 44.0668583752695895 45.1140666187395141 46.2126767313683189 47.3806613946800894 48.6274862209441636
594.2385643912737123 603.3176167018531260 613.3112831339432205 624.0727187426695082 635.4431151771053692 647.2958010790523531 659.4773633591368025 671.8353272343420031 684.2561576354679573 696.5815153647665738 708.7295331925873825 720.6352334037063656 732.2068965517241850 743.2997888810696168 753.7471264367816275 763.4410039878019916 772.3155055125498620 780.2739854562514665 787.3570255688482575 793.5883180858550077 798.9214168425991147 803.3042458362655225 806.7574478067089103 809.2097114707952414
-303.6704980842911823 -306.4232708207300107 -308.7904819520064734 -310.7896753377697223 -312.4498890905424560 -313.7983464408146688 -314.9185319620891050 -315.8753781004234611 -316.7481347045775237 -317.5698729582576902 -318.4242790885259069 -319.3480540431538657 -320.2960274248840733 -321.2401693889897274 -322.1615245009074329 -323.0619076426698939 -323.8503730590845180 -324.3972575115950576 -324.6327888687235372 -324.5055454728775999 -323.9298245614035068 -322.8415003024803127 -321.2101230086710757 -318.9808429118774029
610.7277904328018394 601.8189066059225070 589.9134396355352692 574.3564920273348662 554.4601366742597293 529.2220956719818332 497.9510250569476284 460.7619589977221040 418.0466970387243464 371.1218678815489511 321.4954441913439496 271.4760820045557921 222.5922551252847370 176.7414578587699339 134.3667425968109228 95.9202733485193590 61.4054669703872449 30.7391799544419122 3.8143507972665147 -19.2767653758542146 -38.5979498861047858 -53.9271070615034134 -65.5159453302961339 -73.8314350797266457
-685.0560983827493828 -685.9176212938004937 -686.6408355795148282 -687.2275943396226694 -687.6999663072775775 -688.0785040431267134 -688.4102088948786786 -688.7105795148247580 -688.9850067385444845 -689.2051886792453388 -689.3657345013476743 -689.4738881401617618 -689.5372304582210745 -689.5658692722372507 -689.5414420485175242 -689.4779312668463263 -689.3510781671159293 -689.1635781671159293 -688.8672506738544143 -688.4462601078166699 -687.8846024258759826 -687.1632412398921588 -686.3020552560647047 -685.2870619946091892
-462.3293318591059915 -463.9235507818669930 -465.3081661664824082 -466.4711735902700980 -467.3659769388722225 -468.0138998578423752 -468.4695940609698255 -468.7682830516505987 -468.9371347338492910 -469.0031590586005450 -469.0521244669088787 -469.1012478281472227 -469.1235191912809910 -469.1003001105670478 -469.0519665139788117 -468.9456641920707511 -468.7507502764176479 -468.4579055441478204 -468.0309587742852386 -467.4511135681566998 -466.6659295529931910 -465.6333912494076799 -464.3422839993681919 -462.8294108355710250
248.6754512635378944 261.7454873646209421 277.7299638989169921 296.6166064981949262 318.0714801444043474 341.5137184115523610 366.3064981949458456 391.6790613718411578 417.0989169675090125 442.2274368231047106 466.7003610108303064 489.9162454873646197 511.3259927797834052 530.6270758122743700 547.6389891696751420 562.3440433212996368 574.6613718411551872 584.7447653429602497 592.7148014440433599 598.5772563176894892 602.4812274368231328 604.6949458483754825 605.4653429602888082 604.9350180505415437
1146.2075403949729662 1151.1285457809694890 1156.0570915619389325 1160.9231597845600845 1165.7012567324954944 1170.3680430879712731 1174.9816876122083613 1179.5730700179533414 1184.1281867145421529 1188.5533213644523585 1192.8412926391381461 1196.9870736086174929 1200.8509874326750833 1204.3436265709156032 1207.3299820466786514 1209.7788150807898546 1211.5874326750449654 1212.8445242369839434 1213.5342908438060476 1213.6703770197486847 1213.3001795332136226 1212.3454219030520562 1210.8782764811489869 1208.9468581687613096
-883.8099301784328645 -885.0325833979828758 -886.1613653995344748 -887.1838634600464957 -888.0597362296354049 -888.7893716058960081 -889.4654771140418461 -890.1039565554693809 -890.6427463149728965 -891.0721489526764572 -891.3972071373157178 -891.6027928626842822 -891.6706749418153777 -891.6237393328161716 -891.4883630721488998 -891.2443754848719664 -890.8650116369278749 -890.3246702870442277 -889.6051202482544795 -888.7203258339798140 -887.7218774243599455 -886.6311093871217963 -885.4297905352987073 -884.1183087664855975
618.2982708933717504 602.5597982708933387 583.6116714697405996 561.9755043227665965 538.2961095100864668 513.5914985590777633 488.8962536023054781 465.3595100864553160 444.1786743515850162 426.3134005763688492 412.5482708933717504 403.4452449567723420 399.2319884726225041 399.7600864553314182 404.9524495677233631 414.2139769452449514 426.8912103746397975 442.1649855907780875 459.4582132564841572 477.9553314121037602 496.7500000000000000 515.1649855907780875 532.2708933717578930 547.7744956772334035
-266.7578253706754481 -270.0779791323448649 -271.0263591433278521 -269.2992861065348507 -265.2295442064799431 -259.0516199890170128 -250.9829763866007681 -241.5683690280066003 -230.6205381658429303 -218.5085118066996017 -205.3898956617243243 -191.0807248764415078 -175.7638660076880797 -159.3212520593080797 -141.4503020318506401 -122.6221856123009388 -102.6490939044481081 -81.3399231191652916 -59.2559033498077952 -36.4689730917078521 -13.2322899505766056 9.7034596375617799 31.9500274574409673 53.2811641954969772
253.7056456316342121 253.1371165286364260 252.6370582059955723 252.2118278315642215 251.8452117111862947 251.5230957657762758 251.2548116178700468 251.0412341070803564 250.8725650297445497 250.7383063105097278 250.6500641549049249 250.5959407441968949 250.5694039426105348 250.5688790388428799 250.5877755744780018 250.6231774174734710 250.6950309109996624 250.8020529569578798 250.9344453516855253 251.1287763909949717 251.3936195030910881 251.7315408841712383 252.1537968039192776 252.6574711302927767
24.4054054054054070 41.4241164241164270 64.6559251559251607 94.3991683991684027 130.1860706860706784 171.4573804573804523 217.0893970893970959 265.9854469854469698 316.7172557172557390 367.9875259875259985 418.2536382536382575 465.7027027027027088 509.3004158004158057 548.1829521829521354 581.8201663201663223 610.1143451143451557 633.1663201663201335 651.2338877338877410 665.0779625779625803 675.3399168399168957 682.6517671517671033 687.5228690228690311 690.2266112266112259 691.2962577962578052
893.3563988095238528 897.5662202380951840 905.0543154761904816 916.0520833333333712 930.3363095238095184 947.5528273809524080 966.9308035714285552 987.9851190476190368 1010.0312500000000000 1032.2760416666667425 1054.2864583333332575 1075.4196428571428896 1095.2254464285713311 1113.1964285714286689 1129.0528273809522943 1142.5714285714286689 1153.8147321428571104 1162.7626488095238528 1169.3839285714286689 1173.7194940476190368 1175.7998511904761472 1175.9047619047619264 1173.9531250000000000 1170.0781250000000000
-747.6739631336405409 -748.4452764976958861 -749.1445852534561709 -749.7836981566820214 -750.3738479262673309 -750.9121543778801424 -751.3605990783410107 -751.7321428571428896 -752.0541474654378362 -752.3528225806451246 -752.6396889400921282 -752.8862327188940071 -753.0783410138249110 -753.1987327188940071 -753.2448156682028184 -753.1866359447004697 -753.0080645161290249 -752.7033410138249110 -752.3047235023041139 -751.8113479262673309 -751.2036290322580498 -750.4858870967741495 -749.6558179723501780 -748.7137096774193878
92.7840478807866162 91.9228044460730445 91.3092707951630587 90.9009405154513246 90.6383290582630963 90.5420789055820165 90.5823867106388150 90.8180041529253685 91.1921338707707321 91.6769268352265811 92.3273482350067241 93.0582631000366405 93.8105533162330545 94.6614144375229074 95.6130450714547493 96.5347502137535116 97.5712715280322413 98.7414193233174586 99.9033834127274929 101.1805301087089219 102.5588127519237815 103.9565164284841785 105.4626847441065109 107.0394527910101345
-414.3366206443129727 -417.4549638395792499 -418.7817225509533046 -418.3182117028271136 -416.1183431952662772 -411.9690992767916100 -405.7284681130835224 -397.4043392504930807 -387.2005259697567112 -375.1564760026298586 -361.2629848783694797 -345.7376725838264520 -328.8099934253780248 -310.7587113740959808 -291.7324128862590555 -271.7264957264957275 -250.9533201840894208 -229.6863905325443795 -208.2333990795529246 -186.8191978961209827 -165.7909270216962625 -145.5581854043392411 -126.3971071663379320 -108.6278763971071726
707.9380704041720946 711.1447196870925609 714.1747066492829390 716.9551825293350475 719.5365058670143981 721.9602346805736488 724.2940026075618789 726.5852346805736488 728.8580508474576618 731.1634615384615472 733.4921773142111761 735.8269230769230944 738.0798565840938181 740.2369621903520738 742.2607561929595477 744.0619295958279054 745.6039765319426351 746.8153520208604732 747.6523794002607701 748.0537809647979657 747.9830508474576618 747.3688070404172095 746.1805736636245001 744.3763037809648040
-547.1604535790219188 -548.6009922041105256 -549.8409638554217054 -550.8830616583983328 -551.7159461374911871 -552.3588944011339663 -552.8317505315378639 -553.1553508150248035 -553.3713678242381775 -553.5299787384833508 -553.6259390503189479 -553.6717221828490665 -553.6961020552799937 -553.7040396881644710 -553.6839121190645301 -553.6304748405386817 -553.5192062367115113 -553.3107016300496070 -552.9794472005669377 -552.4891566265059737 -551.8249468462083769 -550.9671155209072140 -549.9160878809354926 -548.6609496810772271
756.4445859872611209 758.6484076433121118 759.3656050955413548 758.5197452229299415 756.2178343949044574 752.1197452229299643 745.9235668789808642 737.0203821656050422 724.9210191082802339 709.2305732484076088 688.9248407643311793 663.2063694267516212 630.8980891719745614 590.7248407643312476 541.9159235668789734 484.6203821656051218 419.6114649681528590 349.2828025477707001 277.8280254777070013 210.2305732484076373 150.8560509554140197 102.8624203821656096 67.9490445859872665 45.7019108280254756
584.9862288135593644 585.6690840938722431 586.1613428943937834 586.4691166883962978 586.6093546284224658 586.5957464146023312 586.4489080834420065 586.1901075619296080 585.8396349413299049 585.4076760104302366 584.8946382007823104 584.3051662320730202 583.6452086049544050 582.9299217731421550 582.1827737940026282 581.4000977835723916 580.5805084745762770 579.7185462842242032 578.8476205997392299 577.9341590612776827 576.9305736636245001 575.8410202086049594 574.6298891786179865 573.3065514993480747
510.0677559586268899 515.2863138959676235 521.0221855793733994 527.2614300704542529 534.0064458102233402 541.2735721780842368 548.9335931644430957 556.9159046619697619 565.0992354969270082 573.4558536950981988 581.8352570828960779 590.1572477889371839 598.3044521061310661 606.1656423324839125 613.6573227402188877 620.6289911557487358 627.0595113176435689 632.9087093389297252 638.1122770199370962 642.6520761505021255 646.5194123819517245 649.7076900014990315 652.2633788037775275 654.2422425423475261
504.6157907662082494 502.5136296660118091 499.9136787819253414 496.7649803536345985 493.0676571709233826 488.7994842829076561 483.9605844793713345 478.5777259332023732 472.6973231827112158 466.3931728880157266 459.6735019646365572 452.6306483300589321 445.3689833005893774 437.9805992141453999 430.5405206286836801 423.0992141453830868 415.7394400785854600 408.5335216110019587 401.5859528487229682 395.0104371316306242 388.9009086444007721 383.4103634577602975 378.6498035363457575 374.6374017681728787
-387.1071618979918298 -388.8245956993069399 -390.4188732894970713 -391.8510751732717381 -393.0966767371601236 -394.1572774124755369 -395.0314554824951188 -395.7231206682068319 -396.2571530122622789 -396.7053492091700946 -397.1112493335702993 -397.4933357028612022 -397.8841300870801660 -398.2802559090101227 -398.6701617202772354 -399.0071085836146949 -399.2511107161897712 -399.3522303181090933 -399.2171672294295490 -398.7782121912209163 -398.0074640127954240 -396.9127421361293955 -395.5151945974764658 -393.8398791540785737
1025.0744101633392802 1028.4655172413793025 1029.6107078039926819 1028.3058076225045170 1024.3584392014518016 1017.6560798548094908 1008.0208711433756434 995.5181488203267008 979.9836660617060033 961.5344827586206975 940.1225045372050317 915.8992740471869638 889.2713248638838195 860.7558983666061749 830.9637023593465983 800.4682395644283588 770.0998185117966841 740.7087114337567755 713.1896551724138362 688.2168784029038306 666.5889292196006863 648.5607985480943398 634.1887477313974841 623.4201451905626072
312.0044169611307439 313.2535335689045723 313.6342756183745450 312.6519434628975205 309.4328621908127275 303.1696113074204959 293.1236749116607712 278.4381625441695860 258.9876325088339399 234.7614840989399170 206.0865724381625341 173.5574204946996417 137.8886925795052889 99.8197879858657302 60.2005300353356887 20.3427561837455819 -18.1528268551236742 -54.0901060070671349 -86.8816254416961158 -115.8348056537102480 -140.5450530035335817 -160.6342756183745450 -176.2314487632508815 -187.6219081272084850
942.5284324324323961 941.2049729729729961 938.7660540540540524 935.3145945945946096 930.9584864864864358 925.8082162162162376 919.9178378378378511 913.4328648648648823 906.4804324324323943 899.1528648648649096 891.5290810810811308 883.6514594594594882 875.5571891891892164 867.2869189189189001 858.9081081081080811 850.5044324324323952 842.1323243243243724 833.8949189189189610 825.8503783783784229 818.0534054054054423 810.5070270270269930 803.2229189189189356 796.2495135135135342 789.5811891891892174
-101.1223241590214030 -127.5244648318042806 -158.6636085626911381 -194.3532110091743164 -234.4021406727828776 -277.4510703363914104 -321.8577981651376376 -366.0519877675840803 -408.4418960244648247 -447.7431192660550323 -482.6712538226299785 -512.4602446483180529 -537.2599388379204584 -557.4954128440366503 -573.5336391437308521 -586.1391437308868717 -596.2874617737003291 -604.6070336391437650 -610.8944954128439804 -615.5795107033638942 -618.9892966360856690 -621.5504587155962781 -623.2094801223241802 -624.0137614678899354
-679.6074600355240136 -678.5150976909413885 -676.1651865008881259 -672.2735346358791730 -667.0674955595026177 -660.4298401420959408 -652.1793960923623672 -641.9609236234458649 -629.3161634103020106 -613.6039076376554249 -594.7229129662522382 -572.3143872113677162 -545.7548845470693095 -514.6447602131438543 -478.8170515097691009 -438.8401420959147572 -395.3410301953819044 -349.2966252220248862 -302.4120781527531108 -256.2362344582593323 -212.4369449378330330 -172.2912966252220315 -136.8010657193605653 -106.4458259325044338
327.8102189781021707 325.7513316235944103 323.6111659104360001 321.3936673900177539 319.1704478200828703 317.0044387453146442 314.8821266521996449 312.8429670546458965 310.9008680213059961 309.0538567764845084 307.3171236930360806 305.7309133951469562 304.2772736239889468 302.9307555730913464 301.7057605050305824 300.5785164726770518 299.5651015979482850 298.7036890905504265 298.0134148747287668 297.5197277569540120 297.2383113040047533 297.1613730518840271 297.2770763464193919 297.6105740777273354
604.5158675537202271 606.1191404756442580 607.5914200504703331 608.9506767607249458 610.1953047335015299 611.3201039993882659 612.3269863118451894 613.2063164334327894 613.9733883918329411 614.6202492926512377 615.1487344192092905 615.5606025846906277 615.8602890571231683 616.0368586067140768 616.1095052382045196 616.1063699625295840 616.0202645866788771 615.8438479773648169 615.5831612755218885 615.2128928653361299 614.7353368509596976 614.1330580408350670 613.3898447656190456 612.4939206239963596
845.2267401791867769 844.3066850447967227 841.6292212267401283 837.0516884906960513 830.3149552033080454 821.3645761543763228 810.1357684355616584 796.3873190902825172 780.1337008959338846 761.2832529290144521 739.7222605099931343 715.2288077188146644 687.7966919365954936 657.3776705720192695 624.3983459682976900 589.5747760165403406 553.4390075809786822 516.7050310130944126 480.2956581667815499 444.8607856650585859 411.5692625775327542 381.5106822880771915 355.5478980013783712 334.6733287388008193
116.7391055045871582 110.3836009174311954 103.3377293577981675 95.5997706422018325 86.8142201834862419 77.0275229357798139 66.2826834862385255 54.3881880733944953 41.2534403669724767 26.9455275229357802 11.2901376146788994 -5.5980504587155959 -23.3910550458715605 -42.2975917431192627 -61.9547018348623837 -81.7586009174311954 -101.6576834862385255 -121.2144495412844094 -139.7402522935779814 -157.3560779816513673 -173.2236238532109951 -186.8325688073394417 -198.5797018348623908 -207.4489678899082605
500.5873824216643584 501.1225810316937554 501.6658678329638974 502.2038823317955689 502.7498052842849461 503.3174165718051540 503.8873644479060658 504.4504223833203582 504.9973039362530471 505.5169252890779603 506.0010185129710862 506.4531783595949719 506.8563297585525333 507.2201785393325508 507.5668324246599923 507.8718471032292996 508.1406746150619824 508.3716374093822878 508.5703672637948785 508.7173926067940783 508.7807800611107609 508.7458510574560933 508.6078125936133461 508.3743334731292407
160.2369674185463566 158.4571428571428555 156.7969924812030058 155.2778195488721735 153.8842105263157976 152.6289473684210520 151.5066416040100137 150.4865914786967380 149.5991228070175509 148.8640350877192873 148.2407268170425994 147.7052631578947341 147.2507518796992372 146.8652882205513777 146.5545112781954913 146.3537593984962371 146.2713032581453660 146.3086466165413526 146.4976190476190538 146.8261904761904759 147.2765664160401116 147.8867167919799499 148.6530075187969828 149.5907268170425937
672.8400000000000318 670.9942081447964028 668.6783710407239596 665.8142986425339132 662.3263348416289773 658.2153846153846644 653.4486877828054503 647.9806334841629223 641.8848868778280803 635.1795475113121938 627.9201809954751070 620.1581900452488298 611.9080542986425826 603.2360180995475503 594.2504977375565431 584.9773755656108278 575.5583710407239550 566.1319457013574947 556.7833484162896411 547.6347511312217193 538.8206334841628404 530.4238914027149576 522.5297737556561515 515.2009049773755578
-1148.6020011117286685 -1149.6364647026125567 -1150.4674819344079424 -1151.1667593107281391 -1151.7687604224568076 -1152.2801556420233737 -1152.6859366314620274 -1153.0172317954418304 -1153.2556976097832830 -1153.3896609227349472 -1153.4391328515841906 -1153.4252362423569593 -1153.3857698721512861 -1153.3012784880488653 -1153.1662034463590771 -1152.9877709838799547 -1152.7743190661478820 -1152.5125069483046900 -1152.1645358532518912 -1151.7009449694273826 -1151.1284046692605898 -1150.4302390216787444 -1149.6108949416343421 -1148.6031128404670199
209.1255707762556995 196.2031963470319624 178.6780821917808169 156.5000000000000000 129.4748858447488544 97.1095890410958873 58.9908675799086737 15.6004566210045663 -33.0182648401826455 -86.5547945205479436 -143.5844748858447417 -202.8493150684931550 -262.4474885844749110 -320.3835616438356055 -374.5022831050228547 -422.8036529680365447 -464.2009132420091078 -497.9063926940639249 -524.5707762557077558 -544.2557077625571083 -558.1141552511415966 -567.1415525114155116 -572.8150684931506476 -575.9315068493150420
213.5977971546581102 211.9896282698485663 210.4067921064708457 208.8919687930243185 207.4581918311151867 206.1088572739788845 204.8766406608536101 203.8175309775126323 202.9168425883432860 202.2197338228545220 201.7595227168425822 201.5262964662689171 201.5327214318494669 201.7666819642037694 202.2204681046351595 202.8620468104635108 203.6759981642955495 204.6050481872418629 205.6776502983019839 206.8801284993116099 208.2039467645709010 209.6648921523634783 211.2465351078476488 212.9391463974300223
661.1721958925750187 676.8846761453396539 692.0118483412322803 706.2148499210110231 719.2527646129541381 730.7053712480252443 740.3364928909952596 747.8617693522907075 753.0355450236967272 755.5884676145340109 755.3151658767772005 752.3143759873618137 746.4944707740916101 737.5924170616113997 725.2353870458135816 708.9510268562401052 688.5860979462875093 664.0742496050553427 635.4660347551342738 603.2203791469194130 567.9597156398103834 530.8807266982622650 493.8041074249604776 458.6935229067930209
-77.4432842904603689 -76.4665401044138520 -73.6483151400094869 -68.8974845752254339 -61.7489321309919319 -52.8675842429995271 -42.3298528713811137 -29.7066919791172275 -15.4190792596108217 0.0189843379212150 17.1551969625059328 35.3464641670621731 54.1684859990507803 74.0090175605125751 94.4366397721879451 115.1746559088751809 136.4807783578547742 157.7802562885619295 178.5946843853820667 198.9886093972472736 218.2890365448504895 236.3056478405315488 252.9088751779781603 267.6212624584717332
-4.6795101553166072 -7.1217144563918762 -9.4690860215053760 -11.6469534050179213 -13.6463560334528076 -15.4417562724014346 -17.0364396654719243 -18.4345878136200731 -19.5905017921146971 -20.4480286738351253 -21.1015531660692943 -21.5147849462365599 -21.6962365591397841 -21.7038530465949826 -21.5227001194743117 -21.1641278375149327 -20.6884707287933090 -20.0588410991636792 -19.2616487455197145 -18.3343787335722830 -17.2217741935483879 -15.9450418160095584 -14.4678912783751485 -12.8802270011947435
589.3313782991202743 579.8194386258902568 567.5902806870549284 552.5052366987850974 534.6200251361541405 514.2312526183493446 491.4595726853791575 466.7180561374109971 441.0100544616673801 415.5806451612903061 391.7080016757436169 370.3158776707163611 352.0456640134059398 337.2609970674486704 326.0787599497276688 318.3686635944700356 313.8856304985337147 312.4403016338500265 313.7281105990783203 317.3292836196062012 322.7172182656053678 329.5035609551738389 337.3954754922496591 346.0498533724340291
883.9933871181060567 886.5031080544900988 888.7849490808093833 890.8695939690517207 892.7342944055019416 894.3871181060706022 895.8274037825684672 897.0432482475863480 898.0480095225499326 898.7902393863245152 899.3262795926465287 899.6537495040338399 899.8088877132654488 899.7614072212670635 899.5372305250627960 899.1749768549133250 898.7116783494246874 898.1428382489089017 897.4002116122205734 896.5213596085174004 895.4513953180795625 894.1822510249967308 892.7022880571353198 890.9638936648591425
