-55.3348623853211024 -70.6551987767584109 -87.3876146788990837 -105.7270642201834931 -125.6574923547400573 -147.0007645259938727 -169.5558103975535289 -193.1666666666666572 -217.4671253822629922 -242.2155963302752184 -267.1414373088684897 -291.8448012232415749 -316.0084097859327130 -339.4724770642201861 -361.9900611620794848 -383.1773700305810166 -402.8279816513761489 -420.7308868501528991 -436.6666666666666856 -450.6024464831804153 -462.4074923547400431 -471.9510703363914104 -479.3409785932721547 -484.6529051987767502
-389.8414206372405602 -390.2344343759134517 -390.4640456007015246 -390.5840397544577627 -390.5876936568254791 -390.4842151417714149 -390.3542823735749607 -390.1351943876059636 -389.8881905875475127 -389.6170710318620536 -389.2946506869336645 -388.9624378836597316 -388.6164864074831939 -388.2909967845658912 -387.9389067524115831 -387.5420929552762459 -387.1328558900906387 -386.6720257234726432 -386.1432329728149853 -385.5996784565916187 -385.0084770534931522 -384.3487284419760499 -383.6555100847705262 -382.8849751534639267
297.7066044684507915 304.6196906457157070 311.8514608396758945 319.3837466241100174 327.1762828382027806 335.2268598084949645 343.4424257304198136 351.8347655290940565 360.3695065062607341 368.9349373925853115 377.4907930272526642 385.9972992879941103 394.3970046648661878 402.5286029953351203 410.3950405106800758 417.9538423766265396 425.1168671740731497 431.8882887306653515 438.1448563712251598 443.8372207218266681 448.9646452246501553 453.4807267370488830 457.3245764792536079 460.4753253130370467
477.5491533128764559 478.3195817706557591 478.9403341288783054 479.4426639390840137 479.8281622911694626 480.1138765768837402 480.2927605409705620 480.3684509603364177 480.3409478349812503 480.2360495510853298 480.0301170587566730 479.7244005000568450 479.3445846118877398 478.8954426639390931 478.3659506762132310 477.7458802136606550 477.0365950676213060 476.2254801682009315 475.2945789294237784 474.2116149562450005 472.9477213319695466 471.5263098079327051 469.9193090123877710 468.1151267189453620
179.5912584053794490 185.7941882804995259 192.3347742555235413 199.1212776176753039 206.1409702209413979 213.3143611911623339 220.6335254562920341 228.0096061479346758 235.4526897214217058 242.8840057636887479 250.2973102785782942 257.6243996157541005 264.8715177713737035 272.0408261287223581 279.0417867435158428 285.8962536023054781 292.5408261287223581 298.9164265129683145 304.9452449567723420 310.6308837656100081 315.8967339097022204 320.7838616714697650 325.2122958693564101 329.1272814601344976
-453.2847796143250889 -453.8054407713498790 -454.1962809917355344 -454.4794536271808738 -454.6557621671258289 -454.7118916437098051 -454.6683884297520422 -454.5575068870523410 -454.4061065197428775 -454.2255509641873346 -454.0436179981634268 -453.8758034894398747 -453.7504591368227693 -453.6518595041322328 -453.5812672176308524 -453.5325987144169062 -453.5013774104683080 -453.4940312213039419 -453.5008034894398747 -453.5083792470156254 -453.4902433425160666 -453.4568411386593425 -453.3811983471074427 -453.2615932047750107
-158.0499040307101666 -155.6473564822892968 -152.6941196998778594 -149.1797243064037559 -145.1470947478624964 -140.6574768801256425 -135.7143604955505225 -130.4355260861978820 -124.8235909963357244 -118.9658000348979243 -112.9459082184609997 -106.8497644390158854 -100.7400104693770686 -94.6935962310242587 -88.8023032629558600 -83.0441458733205309 -77.5409178153899887 -72.2671436049555069 -67.2947129645786077 -62.6337462920956227 -58.3105915198045750 -54.3526435177106961 -50.7204676321758825 -47.3887628686093194
-416.9453083109919476 -418.5882037533511948 -420.0589812332439692 -421.3718498659517309 -422.5123324396782891 -423.4911528150133790 -424.3124664879356374 -424.9797587131367322 -425.4805630026809808 -425.8316353887399259 -426.0432975871313488 -426.1150134048257314 -426.0674262734584659 -425.9341823056300314 -425.7036193029490505 -425.3864611260053721 -424.9888739946380838 -424.5053619302948960 -423.9581769436997547 -423.3380697050938579 -422.6416890080428743 -421.9005361930294953 -421.0844504021447960 -420.1808310991957001
-636.6066010114452638 -639.1756720787863060 -641.5275485759914318 -643.6640936917754061 -645.5823795581580953 -647.3058291189779538 -648.8155443172744299 -650.1192440777215324 -651.2347617780143310 -652.1522491349480788 -652.8794250731966713 -653.3984562150652664 -653.6907106734096260 -653.7596486558423976 -653.5991482565876822 -653.1916422677668379 -652.5158371040723750 -651.5480436518498664 -650.2893265903646807 -648.7434122970455519 -646.9025818472184710 -644.7527282406175573 -642.2885280809156257 -639.5294117647058556
-62.0988372093023244 -39.3988372093023287 -14.3883720930232553 13.0186046511627911 42.8244186046511643 74.7523255813953540 108.5395348837209326 143.8744186046511686 180.6767441860465055 218.4779069767441797 256.8069767441860449 295.1360465116279101 332.9465116279070003 369.6976744186046631 404.9313953488372135 438.3651162790697526 469.6639534883721012 498.7197674418604834 525.2790697674419107 549.3290697674418652 570.7302325581395053 589.4406976744186295 605.6593023255813932 619.4267441860465624
150.0977107761027298 145.3753954959985037 140.0554624976735454 134.1064582170109816 127.6065512748929791 120.6361436813698162 113.2458589242508822 105.5209380234505829 97.4781313977293848 89.2086357714498348 80.8259817606551252 72.3696259073143437 63.9024753396612724 55.5066071096221876 47.2583286804392344 39.2263167690303334 31.5036292573981029 24.1915131211613641 17.3512004466778329 11.0420621626651769 5.2841987716359577 0.1140889633351945 -4.4228550158198399 -8.3593895402940621
-118.0531067445565583 -124.3044786687909351 -130.9346787041954201 -137.8105859444149530 -144.9357408390865771 -152.2922641175429419 -159.7511063905116089 -167.3485572667728718 -175.0125685962117075 -182.6592317224287569 -190.3112055231014210 -197.8895379713223690 -205.2396884404319337 -212.3775889537971295 -219.2609311382545627 -225.7873959992919026 -231.9753938750221209 -237.8242166755177891 -243.1922464152947327 -248.1414409630023101 -252.5917861568419198 -256.4917684545937391 -259.8937865108868550 -262.7863338644007740
-531.1503608660785858 -533.5617481956695656 -535.2189254210104536 -536.0769847634322787 -536.0829991980754130 -535.2105052125100428 -533.3877305533279696 -530.5701684041699764 -526.8340016038492877 -522.1491579791500044 -516.5000000000000000 -509.8524458700882178 -502.2750601443464120 -493.7987169206094791 -484.5248596631916485 -474.4566960705693646 -463.7963111467522026 -452.6291098636727952 -441.1439454691259243 -429.4719326383320208 -417.8420208500401145 -406.2650360866078358 -394.9414595028067083 -383.8512429831595796
-99.6905309364548486 -100.8761496655518357 -102.0032399665551850 -103.0241429765886352 -104.0559155518394618 -105.0443143812709081 -105.9182692307692264 -106.7970317725752523 -107.6415133779264153 -108.3947533444816003 -109.1877090301003363 -109.9610158862876261 -110.6555183946488228 -111.3668478260869534 -112.0351170568561940 -112.6291806020066844 -113.2134197324414657 -113.7477006688963144 -114.1741220735786015 -114.5730560200668862 -114.8799122073578616 -115.0165133779264153 -115.0786998327759250 -115.0549749163879625
-52.0754966887417226 -36.9423841059602651 -20.5225165562913894 -2.7172185430463576 16.4516556291390721 36.7741721854304657 58.4072847682119232 81.2973509933774778 105.3052980132450358 130.2602649006622642 156.1417218543046488 182.4377483443708741 208.8821192052980109 235.1774834437086099 261.2980132450331325 286.7437086092715504 311.2880794701986815 334.6794701986755172 356.5251655629139123 376.8801324503311321 395.6907284768211639 412.8370860927152535 428.0980132450330871 441.5125827814569561
349.6647456777749881 342.6702580806815490 334.9949887246304456 326.6394387371586276 317.5760461037334039 307.9072914056627610 297.7306439488850174 287.0949636682535697 276.1009771986970804 264.8897519418691786 253.4450012528188552 241.8366324229516522 230.2575795539964929 218.7341518416436941 207.3953896266599770 196.3537960410924654 185.6537208719619230 175.2929090453520473 165.3630669005261780 155.8965171636181424 146.8957654723127177 138.3189676772738608 130.1525933350037576 122.4673014282134744
477.0765129298853822 472.7054118901626225 467.2796587576646061 460.8187150093308446 453.4326846174353705 445.1559584110903529 436.1186350306584814 426.3548387096774377 415.9424153559050978 404.9549453479071985 393.5609170887763071 381.8213809650760027 369.8136496934150728 357.6696880831778458 345.4718741668888242 333.3156491602239271 321.2458011197014116 309.2833910957078274 297.4566782191415655 285.8528392428685834 274.5387896560916943 263.6118368435083994 253.1500933084510905 243.2303385763796371
23.8997563522450385 12.5736164288200492 0.5207100591715976 -12.3915767490428124 -26.0577793247476492 -40.4100243647754951 -55.4803341454925132 -71.0765750087017096 -86.9516185172293774 -103.0125304559693689 -119.0490776192133637 -134.9129829446571591 -150.4789418726070380 -165.6936999651931899 -180.4437869822485254 -194.7128437173685995 -208.3344935607379114 -221.2112774103724462 -233.2206752523494515 -244.2829794639749252 -254.3202227636616897 -263.2586146884789287 -271.0212321615036331 -277.6400974591019803
-138.5876667717197108 -139.0678642714570969 -139.3977308540813169 -139.6684525685471101 -139.7416745456455374 -139.6835802080050541 -139.5781069440067199 -139.3129530412858514 -138.9967433553944716 -138.6834751549532427 -138.2647336905137081 -137.8036558462023322 -137.3914276709738544 -136.9390692299611203 -136.5157054312427647 -136.1960289946422904 -135.8467275974367112 -135.5222187204538216 -135.2565395524740097 -134.9562979304548662 -134.6656161361487420 -134.4773610673390181 -134.2397310641874242 -133.9735266309486406
491.8296398891966987 500.6700831024930949 509.8648199445983096 519.3163434903046891 528.9911357340720315 538.7221606648199668 548.4734072022160944 558.0598337950139012 567.4246537396121539 576.4570637119113599 585.1565096952908789 593.4069252077562169 601.1897506925207608 608.4689750692521102 615.1357340720221600 621.1465373961218575 626.4855955678669943 631.0980609418282938 634.9481994459833913 638.0102493074791710 640.2144044321329375 641.5174515235456738 641.9285318559557254 641.4271468144044093
-730.0055121727147025 -730.8277446026642110 -731.5907211759301845 -732.2673403766651745 -732.8856224161689852 -733.4313275149288529 -733.9219108865411272 -734.3785025264124897 -734.7749196141479615 -735.1263206247128892 -735.4216812126779814 -735.6573265962333608 -735.8585209003215368 -735.9954065227377669 -736.0546623794211882 -736.0358291226458505 -735.9136426274690166 -735.6669728984841186 -735.2650436380339443 -734.6853468075332785 -733.9219108865411272 -732.9921910886540672 -731.8837850252641601 -730.6017455213597032
587.7261477045908578 584.9808383233532822 580.7684630738523310 575.0363273453093598 567.7061876247505552 558.7628742514970099 548.2634730538921985 536.1792415169660444 522.6383233532934582 507.5776447105788520 490.9792415169660558 472.9413173652694695 453.6211576846307594 433.1077844311377021 411.6035928143712681 389.3333333333333144 366.6974051896207811 344.0463073852295679 321.6487025948104019 299.7349301397205750 278.5640718562873985 258.3061876247505211 239.1165668662674761 221.0842315369261541
81.6167855801727313 86.6220428088621901 92.0274126924521170 97.7855801727375109 103.8817123544874192 110.2367630491926462 116.7923394667668049 123.4951182876455107 130.2452121667292602 136.9639504318437844 143.5998873450995177 150.0595193390912527 156.3017273751408140 162.2791963950431864 167.9113781449493104 173.1935786706721672 178.0895606458880991 182.6119038678182562 186.6211040180247949 190.1520841156590222 193.1520841156590222 195.6154712730003666 197.5550131430717329 198.9992489673300895
-520.8014484007242118 -517.4616777308389146 -512.4284852142426416 -505.5956547978274216 -496.9094749547375045 -486.3391671695835612 -473.9643934821967264 -459.8026554013276836 -443.9511164755582513 -426.6360893180446396 -408.0663850331924891 -388.2733856366928080 -367.4254677127338482 -345.6282438141219018 -323.0875075437537589 -300.0392275196137462 -276.7109233554616594 -253.2812311406155743 -229.9191309595654786 -206.7905853952927089 -183.9824984912492596 -161.7423053711526961 -140.3162341581170836 -119.8581774290887125
194.3172751223183923 191.3701543093714577 187.9574708317651357 184.0380127963869086 179.5999247271358570 174.5991719984945405 168.9885208882197958 162.7963869025216468 156.0502446368084293 148.7960105382009885 141.0274745954083642 132.8063605570191896 124.1878057960105366 115.2188558524651825 105.9429808054196513 96.4813699661272182 86.9467444486262764 77.4283025969138095 68.0935265336846101 59.0368837034249125 50.4000752728641359 42.3496424538953704 34.8897252540459135 28.0829883327060585
-340.2761865227618614 -342.1851390618513733 -344.0511969005119681 -345.7739034177390067 -347.4278400442784118 -349.0206171302061762 -350.4772381347723922 -351.8691019786909919 -353.1901203819011812 -354.4133111941330867 -355.5893178358931550 -356.7013975370139747 -357.7177251971772307 -358.6345648263456383 -359.4719800747197951 -360.1854158018541625 -360.7492735574927565 -361.2103224021032020 -361.5357686453576775 -361.6865919468659172 -361.7330842673308666 -361.6338729763387505 -361.3607305936072862 -360.9719108897190836
356.7932489451476954 379.3094233473980239 402.5752461322081786 426.5956399437412188 451.3305203938115255 476.4950773558368269 501.7672292545710206 527.0140646976090011 551.9803094233474212 576.3551336146273343 599.9170182841069163 622.4317862165963788 643.4592123769339196 662.7981715893108685 680.3628691983121826 696.0886075949366614 709.8635724331926440 721.6884669479605918 731.5815752461321608 739.5225035161744245 745.5203938115330402 749.7883263009845223 752.5576652601969272 753.8206751054851793
262.7619564234698259 263.1446523822439190 263.4260916734472744 263.6057318506464071 263.6710062381339981 263.6287858240665400 263.4536660338125102 263.1688816562697752 262.7705451586655840 262.2598318416056600 261.6724527619564356 261.0173582858692498 260.3046740801012788 259.5541994394720291 258.7649398788536246 257.9474731036976891 257.1097549950275720 256.2596510261278127 255.3957146731760304 254.5287948648404210 253.6513877587921399 252.7618660157309591 251.8930476448784077 251.0575897296808705
581.5619913834370891 579.7644806127333368 577.1232647199617531 573.5959789372906243 569.2199617041646889 564.0026328386787782 557.9303494494973847 551.0971756821445524 543.5299186213499070 535.3183341311632830 526.5646242221158673 517.3178554332216663 507.6148875059837451 497.5737194830062435 487.2247486835806853 476.6936333173767366 466.0892771661081611 455.5122067975107711 444.9526089037817087 434.5124461464815795 424.3262326471996175 414.3877453326950899 404.7683101962661567 395.4942556247008270
-243.2164548022598751 -237.4375000000000000 -230.5713276836158059 -222.6147598870056470 -213.5773305084745743 -203.4615112994350170 -192.4194915254237230 -180.4954096045197787 -167.8569915254237230 -154.6518361581920828 -140.9823446327683598 -127.0095338983050794 -112.8227401129943530 -98.5617937853107406 -84.3961864406779654 -70.4304378531073496 -56.7616525423728788 -43.4887005649717509 -30.6963276836158201 -18.4576271186440692 -6.8509887005649714 4.0720338983050848 14.1896186440677958 23.5088276836158201
339.0172778561354221 328.8476727785613321 317.4234837799717752 304.7619887165021169 290.9531029619182050 276.1205923836389502 260.4767277856135479 244.1583215796896980 227.2002820874471070 209.7556417489421676 192.0211565585331357 174.0666431593793959 156.0641748942172171 138.2743300423131245 120.8381523272214366 104.0066995768688258 87.9033850493652977 72.5807475317348434 58.1378702397743297 44.6868829337094482 32.1985190409026814 20.6875881523272227 10.2320169252468265 0.6889985895627645
76.7343470483005348 90.4713774597495473 105.1457960644007130 120.7669946332736970 137.4302325581395223 155.0169946332736970 173.5666368515205704 192.7526833631484919 212.3555456171735329 232.1274597495527701 251.7754919499105597 271.4485688729874937 290.8318425760286345 309.7625223613595722 328.0071556350625883 345.5769230769230944 362.2097495527727915 377.8305008944543602 392.4118962432916078 405.6815742397137683 417.8305008944543602 428.6784436493738895 438.4056350626117933 446.9226296958855187
114.4970496035404750 114.7139037433155124 114.9618292458049069 115.2178683385579916 115.4800848238982098 115.7314217222939305 115.9669002397197062 116.1696477964226375 116.3325650009220027 116.4417296699243991 116.4733542319749233 116.4616448460261893 116.4014383182740175 116.2966992439609015 116.1560022127973468 115.9635810437027459 115.7251521298174453 115.4335238797713430 115.0836252996496398 114.6647612022865559 114.2060667527198916 113.6767471879033735 113.1156186612576136 112.5347593582887669
340.5406613047363749 354.1711349419124417 368.4915102770330577 383.3217158176943826 398.7265415549597947 414.7386058981232964 431.4115281501340746 448.5746201966040871 466.0446827524575610 483.6796246648793840 501.2015192135835377 518.4146559428061209 535.2542448614834711 551.5214477211795838 566.9718498659517536 581.3663985701518868 594.6251117068811709 606.6005361930294839 617.3431635388740233 626.7546916890080411 634.9164432529044007 641.6925826630920255 647.0294906166219562 651.0330652368186293
-158.9816161616161594 -160.0589898989898927 -161.0824242424242527 -162.0231313131313016 -162.9157575757575671 -163.7679797979797911 -164.5474747474747517 -165.2891919191919214 -166.0094949494949503 -166.6669696969696872 -167.3058585858585730 -167.9231313131313073 -168.4804040404040393 -169.0150505050505103 -169.5314141414141318 -169.9720202020201896 -170.3778787878787853 -170.7335353535353590 -170.9781818181818096 -171.1563636363636363 -171.2618181818181711 -171.2475757575757598 -171.1252525252525345 -170.9020202020201964
-216.1297311406943322 -224.8397285304098148 -233.8906290785695603 -243.2375358914121648 -252.8702688593056678 -262.7624641085878352 -272.9094231271208741 -283.1769772905246896 -293.5732184808144325 -304.0138345079613487 -314.4145131819368544 -324.7308796658836059 -334.7760375880970969 -344.4962150874445115 -353.8608718350300251 -362.7418428608718273 -371.0999738971547686 -378.8843643957191603 -385.9710258418167541 -392.3938919342208465 -398.0999738971547686 -402.9772905246671826 -407.0490733489950230 -410.2933959801618471
-233.9070121951219505 -212.7621951219512084 -189.2240853658536537 -163.1905487804878021 -134.5121951219512084 -103.0868902439024453 -69.1539634146341484 -32.9176829268292650 5.4786585365853657 45.4573170731707350 86.4695121951219505 128.0228658536585442 169.3841463414634063 210.3125000000000000 250.1829268292682968 288.4618902439024168 324.6875000000000000 358.8338414634146147 390.6585365853658800 419.6844512195121979 446.1570121951219789 470.0594512195121979 491.5929878048780211 510.9298780487804947
174.2799551024226048 174.6717800018707294 175.0256290337667338 175.3293424375642928 175.5551398372462870 175.7284631933401897 175.8538022635862035 175.9322794874193221 175.9696941352539454 175.9815732859414368 175.9779253577775648 175.9472453465531885 175.9121691142082113 175.8718548311663881 175.8369656720606145 175.8050696847815857 175.7732672341221587 175.7250958750350662 175.6495182864091191 175.5576653259751083 175.4402768683939655 175.2913665700121726 175.0722102703208236 174.8060985875970346
173.6358811040339845 155.1178343949044631 134.3428874734607348 111.3980891719745188 86.3428874734607206 59.2080679405520200 30.0955414012738842 -0.6953290870488322 -32.8630573248407671 -65.8959660297239935 -99.2675159235668758 -132.3301486199575265 -164.3757961783439612 -195.0318471337579638 -223.7823779193205951 -250.2048832271762251 -274.0541401273885072 -295.2813163481953325 -313.8513800424628357 -329.9681528662420646 -343.6910828025477826 -355.2016985138004088 -364.8046709129511669 -372.6040339702760207
73.0441225441225441 70.6463536463536457 67.8583083583083635 64.6112221112221050 60.9502164502164518 56.8191808191808221 52.2509157509157518 47.2673992673992700 41.9132534132534147 36.2355977355977359 30.2334332334332352 24.0224775224775229 17.6213786213786214 11.1153846153846150 4.5995670995670999 -1.8731268731268731 -8.2266067266067271 -14.3461538461538467 -20.2012987012987004 -25.7322677322677329 -30.8776223776223766 -35.5596070596070604 -39.7850482850482834 -43.4921744921744917
500.6399755501222444 489.4431540342298490 476.1693154034229565 460.6039119804401025 442.5977995110024494 422.3092909535452577 399.7169926650366847 374.9596577017114782 348.4902200488997437 320.5091687041564796 291.3966992665036742 261.4816625916870407 231.1809290953545144 200.8251833740831387 170.8801955990220165 141.6509779951100256 113.4938875305623469 86.8636919315403446 61.8251833740831316 38.4303178484107590 16.9095354523227392 -2.8050122249388751 -20.6882640586797066 -36.6253056234718812
-355.5838023764853233 -364.7173233270794412 -374.3724202626641500 -384.5290806754221649 -395.0988117573483578 -406.0284552845528196 -417.1507191994996901 -428.3336460287679870 -439.4512195121951095 -450.3911819887429715 -461.0756722951845177 -471.3092557848655133 -480.9918699186991944 -490.0006253908692884 -498.2420262664165307 -505.6197623514696602 -512.1003752345216071 -517.6232020012507746 -522.0706691682300971 -525.4202626641650795 -527.6260162601626007 -528.7163852407754803 -528.7467166979362219 -527.7779862414008676
-252.2146931325576134 -253.6016427104722766 -254.8915126625599044 -256.0764316678074124 -257.1559434177503931 -258.0742642026009435 -258.8506730549851795 -259.5285192790326505 -260.1234314396531886 -260.6583390371891369 -261.1592516541181794 -261.6260552133242072 -262.0787132101300472 -262.5374172940908011 -262.9774127310061544 -263.3775952543919630 -263.7213096052931860 -263.9696554871092644 -264.1253707506274395 -264.1816107688797501 -264.1010723248916179 -263.9058863791923386 -263.5586356376910544 -263.0645676477298593
-423.3761682242990787 -433.6817757009345655 -444.5285046728972134 -455.8551401869158894 -467.6098130841121474 -479.6752336448598157 -491.9345794392523317 -504.2411214953270928 -516.3565420560747725 -528.1242990654205869 -539.3303738317756597 -549.8831775700934941 -559.6285046728971793 -568.4813084112149681 -576.3565420560747725 -583.1682242990654004 -588.8593457943925387 -593.4317757009346224 -596.9976635514018426 -599.4668224299065287 -600.9341121495326661 -601.4495327102803230 -601.1014018691588490 -599.9088785046728844
649.0191387559808618 663.1220095693779513 677.4035087719298645 691.6889952153110244 705.9226475279107262 720.0462519936204444 733.8421052631579187 747.2001594896331653 759.9617224880382764 772.1355661881977994 783.5582137161084120 794.0055821371611273 803.6068580542264499 812.2440191387560162 819.8732057416267480 826.5637958532695393 832.2727272727272521 837.0263157894736423 840.8987240829345637 843.8532695374800596 845.8596491228070136 847.0398724082934905 847.4114832535884716 846.9553429027113225
813.2851667305480987 815.4269835185895090 816.7635109237255620 817.3215791490993070 817.1379839018781013 816.2725182062092699 814.7669605212724946 812.6301264852434088 809.9252587198160427 806.7270985051743537 803.0536604062859851 798.9735530854733270 794.5162897661939496 789.8390187811421583 784.9766193944039969 779.9582215408202046 774.8309697201992776 769.5894978919126288 764.2376389421234535 758.7485626676888160 753.1605979302414653 747.4610962054426864 741.7224990417784056 735.9160597930241465
58.0380334954078876 57.6900054024851414 57.3492166396542444 57.0112371690977824 56.6521880064829801 56.2699081577525675 55.8503511615343058 55.4049702863317108 54.9576445164775791 54.4964883846569421 54.0234467855213367 53.5319286871961069 53.0391139924365191 52.5507293354943243 52.0634251755807682 51.5653160453808752 51.0652620205294454 50.5531064289573209 49.9950297136682877 49.4061588330632091 48.7779578606158850 48.1445705024311152 47.5200432198811455 46.9301998919502950
529.9616013071895395 546.7205882352941444 563.6560457516339966 580.6266339869281410 597.4109477124183059 613.9477124183006254 630.0241013071895395 645.4779411764706083 660.1756535947712337 673.9730392156862990 686.7463235294117112 698.4240196078430927 708.9517973856209210 718.1964869281046049 726.1294934640523024 732.7683823529412166 738.1151960784313815 742.2994281045752132 745.2826797385621376 747.1662581699346219 748.0261437908496873 747.9048202614378624 746.8410947712418420 744.9199346405229107
26.3846442650647646 30.7018960015017832 35.4058569551342188 40.5470245917026446 46.1056880045053532 52.0497465740566909 58.4084850760277803 65.0814717477003910 71.9915524685564066 79.0677679744696889 86.2538013891496149 93.4499718415618617 100.6330016895062869 107.6825605406420152 114.5087291158250480 121.0640135160503092 127.3044865778111472 133.1537450722733240 138.6037169138351715 143.6258682185094813 148.1421062511732600 152.0835366998310576 155.4373944058569634 158.1603153745072348
135.6901251117068909 141.3315460232350347 147.3094280607685391 153.6677837354781104 160.2966934763181541 167.1403038427167189 174.0714924039320692 180.9492850759606881 187.6239946380697177 194.0898123324396920 200.2408400357462028 206.0860142984807908 211.5451295799821310 216.5951742627345880 221.2882037533512118 225.6282394995531604 229.6429848078641669 233.3286416443253017 236.7050938337801540 239.6948168007149320 242.2846291331545956 244.4903932082216329 246.3080875781948293 247.7303395889186675
698.5003445899379813 696.3907649896623298 692.9924190213645261 688.1040661612680651 681.5802894555479270 673.2322536181943633 663.0234321157822706 650.8077188146106664 636.5858028945555134 620.3232253618194818 602.2405237767056860 582.5492763611302962 561.4562370778772902 539.1702274293591017 515.9593383873191215 491.9779462439696545 467.5010337698139438 442.6409372846312635 417.8166781529979517 393.3445899379738080 369.5472088215024087 346.6960716747070705 325.0882150241212685 304.8421778084079961
-183.0651192778852305 -199.3907156673114116 -217.1411992263056163 -236.1205673758865373 -256.2314635718890941 -277.2301740812379194 -298.9361702127659441 -321.1521598968407716 -343.5209542230819011 -365.6582849774339365 -387.2888459058671629 -408.0335267569309963 -427.6492585428755433 -445.8394584139264794 -462.4384268214055282 -477.2269503546099259 -490.0992907801418710 -500.9871050934880827 -509.9219858156028522 -516.9754996776273401 -522.2469374597034175 -525.8729851708575325 -527.8961960025790177 -528.4854932301740291
444.0242005185825178 426.1037165082108800 405.4814174589455433 382.3353500432152146 356.8271391529818288 329.0432152117545570 299.2904062229904980 268.0008643042351082 235.4295592048401033 202.2273120138288789 168.9083837510803789 135.9152981849611024 103.7026793431287786 72.5894554883318932 42.8375108038029353 14.5142610198789974 -12.1979256698357830 -37.3146067415730371 -60.6473638720829697 -81.9204840103716521 -101.3076923076923066 -118.5859982713915315 -133.8107173725151142 -147.1910112359550453
222.9618340842830548 230.1966604823747673 237.7198515769944436 245.5284919162470203 253.6559766763848529 262.1367611979856633 270.9870129870129745 280.2099125364431416 289.7410548635038481 299.5027829313543748 309.4558706599522679 319.4704479194274995 329.5234561357010534 339.5939570633448170 349.6307977736549333 359.4847601378213540 369.0254439438112968 378.1455075536708250 386.8221574344023566 395.0352504638219102 402.6686986482905013 409.6623376623376771 415.9040551285449396 421.3649615690432029
13.5412834108862672 13.4051509576885621 13.3692241099448115 13.4477870360350611 13.6439779244670483 13.9388594307975335 14.3231252029001190 14.7806514446488482 15.2690185044908553 15.7913645709338812 16.3092738881073487 16.8237203765826209 17.3511524726761159 17.8654907477545706 18.3694405367384483 18.8683042960718552 19.3353533167406120 19.7550048696028568 20.1308299967535973 20.4686722216210377 20.7543555892219445 21.0056270966345622 21.2231360242397997 21.3936803376257991
-72.2192850705917664 -64.7416641634124375 -56.4749173926103936 -47.4082306999098861 -37.5178732352057693 -26.7972364073295282 -15.3021928507059179 -3.0387503754881346 9.8960648843496539 23.3391408831480938 37.2430159206969051 51.5295884650045082 66.1372784620005945 80.9498347852207871 95.8660258335836630 110.6533493541604116 125.1168519074797274 139.0762991889456259 152.3211174526884975 164.6665665364974416 175.9861820366476479 186.2649444277560917 195.5530189246019859 203.7729047762090602
-213.8572229489815015 -211.8344234722481758 -209.2724724350588588 -206.1416557652775055 -202.4907493926369000 -198.2855541020369969 -193.6053074191739825 -188.4423472248177802 -182.7665856849187094 -176.6985610166323966 -170.2956456737058488 -163.5673705849374073 -156.6122220145767017 -149.4479536535227169 -142.1080171930480276 -134.7065968977761088 -127.2868622687348221 -119.9101102597645365 -112.7305176602504275 -105.8095683049897247 -99.1952905998878691 -92.9557092132311737 -87.1792188376004447 -81.8925434498224689
166.1136678680343834 156.0144164125311761 144.8782922095924732 132.7344053229830934 119.6795120598835638 105.8408649847518745 91.3568062101469422 76.3695591904629936 61.0942611588577762 45.6559467701691162 30.2766842251178261 15.0992514555031878 0.2938730246742445 -14.1272525644579989 -28.0920432492375944 -41.4496811754920955 -54.0959245910729152 -65.8522317715553100 -76.6276684225117890 -86.2633767673967355 -94.7629609093429508 -102.1535902411976764 -108.4449681175492088 -113.7565844191849180
979.7393617021276668 986.5354609929078151 992.8812056737588136 998.7765957446808898 1004.1258865248227039 1008.9078014184397034 1013.1063829787234454 1016.6914893617021107 1019.6471631205673702 1021.9840425531914434 1023.6081560283687395 1024.4822695035461493 1024.6187943262411864 1024.0301418439717054 1022.6524822695035937 1020.6099290780141473 1017.8510638297872219 1014.3971631205673702 1010.3404255319148888 1005.7039007092198517 1000.5531914893616658 994.8989361702127781 988.7641843971631488 982.2039007092198517
446.4597672064777498 452.8987854251012095 459.6196862348178342 466.5551619433198312 473.6214574898785372 480.7877024291498174 487.9903846153846416 495.2009109311740644 502.3246457489878480 509.3375506072874259 516.1829453441295072 522.7899797570850069 529.1012145748987905 535.0814777327934735 540.6594129554655410 545.7507591093117298 550.2869433198380875 554.2203947368420813 557.4876012145748518 560.1181680161943177 562.0655364372469194 563.2884615384615472 563.7859311740891144 563.5387145748987905
-365.1185357350377672 -364.3564787914003205 -362.8361417780360512 -360.5087158628704174 -357.4575828006972529 -353.6092388146426515 -348.9503195816386096 -343.5880302149913064 -337.5142359093550226 -330.7434631028471586 -323.4578733294596304 -315.6690877396862334 -307.4267867518884145 -298.8805926786752138 -290.0090063916327949 -280.8895990703079519 -271.5636257989540923 -262.0665310865775837 -252.5415456130156997 -243.1260894828588164 -233.8596746077861610 -224.8402091807088823 -216.1533991865194650 -207.8219058686810001
230.1800538047655778 230.8117794004611767 231.3443504996156719 231.7685434281322046 232.0981936971560344 232.3130284396617924 232.4266910069177641 232.4479246733282025 232.3816295157571119 232.2477901614142866 232.0235395849346673 231.7183897002306026 231.3418524212144405 230.8974827056110826 230.3961375864719514 229.8624135280553560 229.2868946963874066 228.6545926210607149 227.9698308993082208 227.2378939277478764 226.4569561875480304 225.6247117601844820 224.7523059185242005 223.8365680245964597
651.8924432081595342 653.2516226240148853 654.4680111265646474 655.5678025034770826 656.5616597125637099 657.4602457116365031 658.2610106629578013 658.9525961984237483 659.5381316643486116 660.0265414928140899 660.4223458507185569 660.7137227630969392 660.8930227167362546 660.9648817802503800 660.8840982846546694 660.6652758460825225 660.2888270746407215 659.7420027816411903 658.9849327770051559 657.9872508113120375 656.7342373667130460 655.2093184979137277 653.3821279554937291 651.2566063977747035
-165.1589916633584778 -172.9475982532751175 -181.0847558554982015 -189.5194521635569629 -198.2415641127431627 -207.1722905915045772 -216.1728860658991778 -225.2431520444620787 -234.3473600635172716 -243.2949583167923890 -252.1504565303691834 -260.8316792377927982 -269.2826518459706335 -277.5230250099245950 -285.4700277888050550 -293.0371179039301524 -300.2447399761810516 -307.0238189757840246 -313.2512901945216299 -318.9164350932909997 -323.9450178642318292 -328.2084160381103857 -331.7677649861055897 -334.6135371179039453
716.9916711931921327 720.4626108998733116 723.3186673909107185 725.5430019916711899 727.1662140141227155 728.1875792141952388 728.6784356328082595 728.6639507514032630 728.2344740177439917 727.3981531776208840 726.2467861669382501 724.8453738910012589 723.1674814412457408 721.2505884483070986 719.1022994749230293 716.7059569074777983 714.0300561289154757 711.0525076950932544 707.7812782907840301 704.2404490313235783 700.4086547166394894 696.2565634618866852 691.8191200434546317 687.1146116241172876
-488.0477787091366508 -489.0561609388097395 -489.0125733445096330 -487.8147527242246611 -485.4237217099748705 -481.8822296730930361 -477.2644593461860723 -471.5804694048616739 -464.8772003352891602 -457.2024308466051821 -448.6098072087175410 -439.1374685666387450 -428.9065381391450273 -418.0289186923721445 -406.6601005867560730 -394.9094719195305743 -382.8872590108969121 -370.6366303436714134 -358.2464375523889544 -345.8093042749371193 -333.4735959765297366 -321.3839061190276425 -309.5624476110645560 -298.0817267393126713
-851.0237822349570251 -851.6275071633237985 -852.1948424068767736 -852.7200573065902063 -853.1899713467048514 -853.6025787965616018 -853.9573065902578719 -854.2449856733524030 -854.4790830945559037 -854.6438395415473224 -854.7363896848137301 -854.7587392550143477 -854.7120343839541192 -854.6034383954154237 -854.4372492836675974 -854.2148997134670481 -853.9449856733524484 -853.6234957020056981 -853.2587392550143477 -852.8544412607450340 -852.4214899713466593 -851.9567335243552861 -851.4767908309455606 -850.9724928366762242
206.3165935316106072 206.3537298878595720 206.3161059645701414 206.1961644726149814 206.0006500893872783 205.7322444336096225 205.4124817162359875 205.0371363562489933 204.6304241833252036 204.1977896960832197 203.7554851292052547 203.3247196489517421 202.9006988460913306 202.4890297415894622 202.0657402892897778 201.6287989598569936 201.1616284739151581 200.6692670242158272 200.1474077685681721 199.5773606370875939 198.9599382415082118 198.3118803835527331 197.6354623760767026 196.9332845766292905
127.7513751375137474 114.6674000733406729 100.5474880821415411 85.5610561056105610 69.7084708470847119 53.0623395672900600 35.8093142647598128 17.9178584525119184 -0.4748808214154749 -19.2086541987532087 -38.0744407774110769 -56.9372937293729393 -75.5900256692335830 -93.7810781078107851 -111.2247891455812265 -127.8261826182618250 -143.4708470847084811 -158.0069673634030210 -171.3637697103043536 -183.4506784011734624 -194.1884855152181899 -203.5331866519985340 -211.5903923725705909 -218.4946828016134930
-477.3420521979604700 -477.5969349541971383 -477.8211096387624366 -478.0195310249467298 -478.1878204758887136 -478.3304142420925018 -478.4503658466325078 -478.5536094947283345 -478.6358817768047516 -478.7093391715158077 -478.7679898599988633 -478.8318833899867286 -478.8902460102552254 -478.9434810163046450 -478.9920493172783154 -479.0416546638243744 -479.0751281903554855 -479.0984617157342882 -479.0951777380883527 -479.0730540992107080 -479.0352595494613297 -478.9650285187532290 -478.8683528259491595 -478.7456357665495261
-602.2549728752260307 -602.0804701627486111 -600.4764918625678547 -597.3245931283905747 -592.4529837251355957 -585.6301989150090321 -576.8128390596745021 -565.9674502712476851 -552.9990958408679944 -537.9692585895118100 -520.8851717902350629 -501.9041591320072371 -481.2206148282097615 -458.8372513562387098 -434.9349005424954839 -409.8110307414104909 -383.6356238698010657 -356.7513562386980084 -329.3743218806509958 -301.7513562386980084 -274.1292947558770265 -246.7305605786618514 -219.7793851717902385 -193.4014466546112203
-40.9164837357812843 -41.9178806625424087 -42.8436439832368805 -43.7312911594492135 -44.6016763121133479 -45.4337457593294758 -46.2712033526242266 -47.0889044102973457 -47.9136898822590283 -48.7488525244462210 -49.5993813610057899 -50.4450209539014196 -51.2746956695270413 -52.0891039712632207 -52.8841548593095183 -53.6701257234085034 -54.4399321492716055 -55.1692276990620627 -55.8551187387746921 -56.4858311714228662 -56.9943125124725611 -57.3883456395928988 -57.6932747954500087 -57.8754739572939556
-281.5740251156642557 -283.2280237937872016 -284.7977528089887755 -286.2783652786957305 -287.6403392817801432 -288.9232209737827475 -290.1126900198281646 -291.2068737607402795 -292.1810971579643024 -293.0738048028200069 -293.8494161709627406 -294.5116765807446768 -295.0909892046706204 -295.5539766468385210 -295.8950209297202036 -296.1326283322317749 -296.2702137034589214 -296.2946684291694055 -296.2445472571050686 -296.0984798413747399 -295.8409341264595582 -295.4767569949328276 -294.9844679444811391 -294.3227583168098818
-634.9371212121211556 -636.8325757575757962 -638.0727272727273203 -638.4136363636363285 -637.8704545454545496 -636.3015151515151047 -633.6113636363636488 -629.7053030303030710 -624.5318181818181529 -617.9810606060606233 -610.0166666666666515 -600.5696969696970200 -589.5856060606060964 -577.2212121212121474 -563.4590909090909463 -548.4159090909090537 -532.2333333333333485 -515.0780303030303457 -497.1060606060606233 -478.4598484848484645 -459.3007575757575864 -439.7613636363636260 -419.9492424242424136 -400.0181818181818016
-26.3669763513513509 -39.2305743243243228 -53.2639358108108141 -68.3788006756756772 -84.5962837837837895 -101.7470439189189193 -119.6304898648648702 -138.0067567567567437 -156.7706925675675791 -175.6494932432432563 -194.3800675675675791 -212.8158783783783861 -230.7352195945945823 -247.8897804054054177 -264.1621621621621898 -279.4434121621621898 -293.6777871621621898 -306.7968750000000000 -318.7694256756756772 -329.4759290540540633 -338.8847128378378102 -347.0350506756756772 -353.9928209459459367 -359.7217060810810949
390.1227108508782635 390.1524853619035866 390.0687679083094395 389.8429051949669883 389.4782608695651902 388.9938956023420928 388.3856982683443562 387.6651301856235250 386.8558614675470153 386.0048586022174959 385.1101283169303429 384.2076740999128219 383.3230347576927670 382.4638096424566811 381.6531705493957816 380.8729288650803255 380.1285660894480998 379.4255637224367774 378.7469789460570837 378.1053942942568824 377.4415099040737687 376.7727669116731022 376.0711349196461697 375.3358664507288154
-395.8594500218245571 -390.4465298996071851 -383.7472719336534510 -375.8131820165866657 -366.6398952422522939 -356.3352247926669634 -344.9476211261458047 -332.4949803579223158 -319.1108686163247512 -304.8956787429070232 -289.8384984722828221 -274.0960279353993769 -257.8009602793540012 -241.0593627237014402 -224.0549978175469334 -206.9467481449148920 -189.9017896115233555 -173.1195984286337932 -156.7302487996508091 -140.8943692710606683 -125.7263203841117445 -111.3596682671322498 -97.7690964644260134 -85.1012658227848107
-535.4482390608324067 -527.2806830309498309 -516.7716115261472396 -503.9039487726787456 -488.6328708644610401 -471.0053361792956252 -451.1942369263607020 -429.1355389541088812 -404.9722518676627487 -378.8260405549626739 -350.8143009605122984 -321.3191035218783327 -290.5549626467449116 -258.8783351120597445 -226.5645677694770654 -193.9445037353254975 -161.2582710779082049 -128.8121664887940199 -97.0469583778014879 -66.3030949839914570 -36.9498399146211298 -8.9914621131270014 17.5090715048025629 42.5912486659551774
-142.0643195666892211 -128.9343263371699493 -114.5341909275558550 -98.7264725795531461 -81.5010155721056151 -62.8997968855788727 -42.9302640487474605 -21.7312119160460391 0.6899119837508463 24.2850372376438735 48.7894380501015590 74.1022342586323646 99.9722410291130643 126.1645226811103555 152.2863913337847066 178.0067704807041196 202.9187542315504515 226.6100203114420992 249.0974949221394752 270.1035883547731942 289.5192958700067720 307.2545700744752821 323.3452945159106093 337.8557887610020316
644.9758808228896214 644.5840624261054472 643.3298652163632596 641.2095057933318003 638.1695436273350879 634.2428470087490950 629.4492787893118475 623.8363679356822331 617.4209032868290024 610.2279498699456326 602.3660439820288275 593.8812958146133951 584.8358950106407974 575.3381414045874180 565.4393473634429483 555.2267675573422139 544.8479545991959867 534.4549538898085075 524.1735634901867797 514.1004965712934336 504.2754788366044068 494.8058642705130978 485.6914164104989595 476.9524710333412258
-307.2585688514732283 -315.0015033072759820 -323.1229705351773873 -331.5291641611545401 -340.0998196031268890 -348.7543595911004104 -357.3983764281418871 -366.0261575466025192 -374.5351773902585819 -382.9134095009019916 -391.1596512327119513 -399.2065544197233748 -406.9951894167167552 -414.4921828021647343 -421.6383042693926768 -428.3731208659049798 -434.6443174984967186 -440.3944678292243111 -445.5138304269392506 -449.9344558027660810 -453.5826819001803756 -456.3656043295249560 -458.3343355381840070 -459.4858689116055075
-317.0225931969373505 -318.3204468432282965 -319.4546253294841449 -320.4735785113593352 -321.3598594201079663 -322.0822141332998854 -322.6954939123885993 -323.1924187272499012 -323.5760010041420855 -323.9061127149491881 -324.1599096272122438 -324.3404041671896607 -324.4983055102296703 -324.5987197188402433 -324.6125266725241545 -324.6113970126772870 -324.5370904983055311 -324.3331241370653970 -324.0384084347934959 -323.5952052215388335 -322.9491653068909045 -322.1924187272499012 -321.2708673277268758 -320.1802435044558592
-5.6393358614328175 -6.5447371118171569 -7.4841652147176383 -8.4336373885415608 -9.3966383109562361 -10.3884390693860826 -11.4122168699395310 -12.4537255303884393 -13.5372553038843915 -14.6390283898739373 -15.7253254073998150 -16.8021932971200165 -17.8190017423388340 -18.7562775443271512 -19.6433329916982693 -20.4474736086911975 -21.1739264118069066 -21.8169519319462957 -22.3891565030234716 -22.8799836015168587 -23.2917905093778828 -23.6094086297017540 -23.8110074818079340 -23.8926924259505995
151.9316553371302518 151.6318206871210634 151.2664890685283865 150.8488884806173189 150.3518280360095503 149.8179312878927192 149.2376446812419601 148.6250229652765142 147.9922836670953643 147.3376814256843659 146.6758221568987608 145.9952232224875956 145.2970788168289573 144.5928715781737992 143.8985853389674787 143.2241410986588335 142.5665074407495752 141.9221017821054431 141.2871578173801197 140.6551534080470276 140.0148814991732422 139.3840712842182654 138.7468307918427399 138.1017821054565502
-497.8389465508719809 -498.3842406269857861 -498.8866059450681405 -499.3415942949940245 -499.7560545082256453 -500.1440372802372281 -500.5044835133799097 -500.8385935183223978 -501.1485560968721416 -501.4338770034597133 -501.6855892113252935 -501.9051048506672146 -502.0907293652474550 -502.2454988349925884 -502.3804984819600463 -502.4986231730565578 -502.6080632634328822 -502.6951210901644913 -502.7540069194379839 -502.7698933841700182 -502.7266115935889275 -502.6236673021252841 -502.4524465155687381 -502.2111840711713739
-552.2239092216717609 -553.5686431197059392 -554.7684193703053097 -555.8484896915455238 -556.7965478663896874 -557.6169090618507198 -558.3092536359278029 -558.8552021735656581 -559.2493207607479917 -559.4924085024772467 -559.6055617708167347 -559.5964519737893852 -559.4944861754834164 -559.3090938149273370 -559.0308454530925246 -558.6648553619945687 -558.1857120025571248 -557.6087581908262791 -556.8914815406744765 -556.0567364551701530 -555.0690426722071606 -553.9437430078312445 -552.6669330350008522 -551.2229502956688520
288.0602950609364825 289.4119627966645112 290.7490378447723174 292.0729634381013398 293.3324246311738079 294.4972738935214807 295.5750481077614040 296.5490699166132345 297.3940025657472574 298.1529826812059127 298.7912123155869040 299.3381975625400742 299.8009942270686565 300.1446440025657694 300.3798909557408479 300.5431366260423260 300.6451250801795823 300.7081462475945841 300.7014111610006353 300.5591725465041577 300.3181526619628130 299.9889352148813373 299.5798588838999308 299.1035920461834507
-180.4874048037492571 -173.0951962507322719 -164.6423550087873480 -155.1895137668424240 -144.8719976567076628 -133.7779730521382646 -122.0697129466901032 -109.8415348564733449 -97.2355008787346264 -84.3886936145284068 -71.4686584651435197 -58.5043936731107195 -45.5058582308142974 -32.5831868775629729 -19.7826596367896883 -7.2322788517867602 5.0202108963093144 16.8142940831868763 28.0166959578207369 38.5694200351493848 48.4024604569420021 57.3922085530169923 65.5029291154071416 72.7706502636203822
-15.8661133164922408 -12.0561169252977258 -7.7937567665102847 -3.1208949837603752 1.9400938289426199 7.3978708047636230 13.1683507758931793 19.1914471309996379 25.4321544568747733 31.7858173944424394 38.1833273186575255 44.5016239624684218 50.5768675568386854 56.3711656441717821 61.8237098520389736 66.9225911223385026 71.6389390111872899 75.9945867917719227 80.0203897509924218 83.7374594009382918 87.1309996391194517 90.1642006495849841 92.9070732587513533 95.3596174666185448
340.6392357642357638 340.7129120879121160 340.7503746253746044 340.7668581418581653 340.7713536463536457 340.7646103896103682 340.7606143856143603 340.7308941058940945 340.6776973026973110 340.6006493506493484 340.5181068931069035 340.4194555444555590 340.2992007992007757 340.1889360639360689 340.0764235764235650 339.9766483516483504 339.8881118881118937 339.8001998001997777 339.7335164835164960 339.6864385614385355 339.6564685314685335 339.6352397602397559 339.6098901098901024 339.5670579420579429
-523.5208697825543140 -524.1623760726484988 -524.7352328584520365 -525.2336082646005480 -525.6558360409896977 -525.9974173123385981 -526.2629342664333763 -526.4587186536699619 -526.5979338498708557 -526.6815796050987046 -526.7221527951345479 -526.7153211697075221 -526.6586686661668182 -526.5501124718820165 -526.3875697742231523 -526.1651253853203798 -525.8764475547779966 -525.5230359076897457 -525.1099725068733051 -524.6336749146046259 -524.0943930683995404 -523.4993751562109310 -522.8512038657001995 -522.1544613846538141
727.7119070059692376 728.1033616085453559 727.6101162425385382 726.1853597235312918 723.7439522463084813 720.2532202324850914 715.7342130065975425 710.2387684574300692 703.7269871190700314 696.2177191328935351 687.7141061891297795 678.2224316682375047 667.8956958843857592 656.7285579641846880 644.9145460257618652 632.5730442978322117 619.8127552623311658 606.8039585296889982 593.6578699340244611 580.5337731699654569 567.5645617342130436 554.8834432924913926 542.5208922400250913 530.5874960728872338
-85.2163400356324701 -81.8587426826164375 -77.9465512853143281 -73.4576228047849327 -68.3044031560193474 -62.4728938661236981 -55.9442606261135182 -48.6849071010435210 -40.6737083227284302 -31.8892848052939684 -22.3357088317638066 -11.9972003054212273 -0.9177907864596589 10.7587172308475445 22.8864851107151956 35.3329091371850339 47.9997454823110203 60.7627895138712120 73.4171544922372163 85.7986765080173086 97.6922881140239241 108.8862305930262124 119.2298294731483850 128.5777551539831904
577.6666666666666288 571.1123456790123782 562.7611111111110631 552.5549382716048967 540.3740740740740875 525.9950617283950578 509.4722222222222285 490.7617283950617093 469.7574074074074133 446.6370370370370324 421.5790123456790184 394.8382716049382566 366.7932098765431874 337.8543209876543187 308.2475308641975289 278.3333333333333144 248.4728395061728463 219.1012345679012299 190.6104938271604965 163.3080246913580140 137.4796296296296418 113.2049382716049450 90.7074074074074019 70.0234567901234612
-347.6329442282749937 -329.2075226977950706 -308.5382619974059821 -285.8715953307392965 -261.1309987029831632 -234.3255512321660206 -205.4980544747081694 -174.5551232166018281 -141.7237354085603158 -107.2632944228274994 -71.2425421530479923 -33.9312581063553793 4.5136186770428015 43.2996108949416367 82.2178988326848241 120.9584954604409859 158.9961089494163389 195.7418936446173916 230.8936446173800334 264.2101167315175303 295.1815823605707010 323.6394293125810577 349.6964980544747164 373.3255512321659921
-5.5209034118212399 -10.9971167707832773 -16.9996796411981421 -23.4786160499759724 -30.4316834855037648 -37.8598430241870929 -45.6338298894762104 -53.6791606599391287 -61.8899567515617477 -70.1975012013455029 -78.5021624219125442 -86.7752683004965490 -94.8979657216082018 -102.7887233701745942 -110.3972449143040251 -117.6266218164344082 -124.3757808745795330 -130.6179721287842312 -136.3346147685407743 -141.5165785679961630 -146.1614608361364844 -150.2862405894601920 -153.8335736024347398 -156.7741470446900394
-195.8140064135719456 -196.5669804489500336 -197.1272369918278571 -197.6082548877624845 -197.9291403744698528 -198.1147201820626833 -198.2693700217233754 -198.3150925830143763 -198.2790938243508947 -198.2420606185993677 -198.1244439846901741 -197.9544843281266253 -197.8082135098789820 -197.6169442433019583 -197.3687803868832020 -197.1176166339091651 -196.8021102720595934 -196.4390193441605561 -196.0915485672907721 -195.6731147201820704 -195.1928209372090635 -194.6937002172338964 -194.1022033722975095 -193.4305368780386800
539.0976418570376154 539.8734954556620096 540.4042004421518186 540.7219356423482850 540.8590027020387652 540.8472119872267285 540.7171456644558702 540.4780152296732467 540.1360845001228199 539.7024072709408529 539.1769835421272319 538.5945713583886345 537.9505035617784188 537.2327437975927751 536.4557848194547205 535.6057479734708977 534.6421026774747816 533.5438467207073927 532.3029968066814490 530.9081306804224596 529.3306312945222771 527.5202652910833194 525.5084745762711691 523.2795381970031485
50.8642098273572358 45.2423638778220436 38.9822377158034499 32.1298140770252303 24.7901726427622826 17.0747011952191237 9.0461487383798147 0.7823705179282868 -7.6641766268260296 -16.1450863213811431 -24.6728087649402390 -33.1660026560424939 -41.5766932270916314 -49.8356573705179287 -57.7949867197875164 -65.3413014608233738 -72.4002324037184621 -78.9520252324037131 -84.8920982735723726 -90.1932270916334602 -94.8841301460823416 -98.9389110225763631 -102.3628818061089021 -105.1940571049136821
-296.3978965819456448 -295.5981595092024463 -294.1836108676599224 -292.1895267309377573 -289.6172217353199017 -286.5317703768624256 -283.0256354075372656 -279.1097721297107910 -274.7874671340928785 -270.1575372480280635 -265.1614811568799155 -259.9439088518843164 -254.5076687116564358 -248.8312883435582705 -243.0170902716915009 -237.0843558282208505 -231.0243207712532865 -224.9815950920245484 -218.9338299737072759 -212.8661262050832477 -206.9842243645924498 -201.2635845749342707 -195.8104732690622143 -190.7162576687116484
464.9019920318725099 455.8709163346613309 445.5888446215139425 434.1912350597609702 421.6848605577689000 408.1653386454183305 393.6884462151394359 378.4354581673306939 362.4840637450199097 345.8900398406374279 328.6876494023904343 311.0258964143426397 293.0019920318725326 274.7243027888446250 256.4701195219123520 238.4645418326693118 220.8346613545816695 203.7561752988047772 187.4354581673306654 171.9306772908366554 157.4398406374502031 144.1003984063744952 131.7713147410358658 120.3366533864541879
128.0020481310803859 145.7373271889400996 164.8044034818228454 185.0916538658474053 206.2734254992319620 228.1756272401433705 250.6272401433691641 273.4756784434204064 296.4930875576037010 319.4705581157194274 342.1111111111110858 364.0312339989759494 385.0727086533537999 405.2078853046594986 424.2519201228878387 442.0752688172042895 458.5396825396825307 473.5888376856119066 487.0988223246287703 499.2616487455197216 509.8694316436252052 519.0117767537121836 526.7096774193548754 532.9370199692780261
379.1304101838755400 375.5728429985855996 371.3773691654880054 366.5021216407354814 361.0613861386138410 355.0987270155587225 348.6531824611032562 341.8670438472418596 334.8455445544554436 327.6147100424328187 320.2809052333805084 312.8543140028288576 305.3550212164073514 297.7920792079207786 290.1756718528995975 282.4783592644978967 274.7926449787835850 267.1496463932107304 259.6557284299858566 252.4342291371994236 245.4605374823196655 238.7889674681754002 232.4922206506364830 226.6393210749646414
599.1379510576524581 600.1668187474076603 601.0637909581087115 601.8224802986312625 602.4441310659477722 602.9343840729987960 603.2919950228121024 603.5618415595188253 603.7453338863541603 603.8693488179178530 603.9151389464951762 603.8994608046454005 603.7980091248444978 603.6116134384072893 603.3544587308171003 603.0072998755703111 602.5621733720447537 601.9951887183741519 601.2970551638323968 600.4376607216922821 599.4133554541683679 598.2366652841144514 596.9097469929489534 595.4507673164662265
-351.2923951048950926 -343.2862762237762126 -334.1634615384615472 -323.8229895104894922 -312.1612762237762126 -299.2583041958042145 -285.0301573426573327 -269.5607517482517324 -252.9361888111887993 -235.2902097902097864 -216.8339160839160797 -197.6896853146853061 -178.1761363636363740 -158.4357517482517608 -138.7233391608391742 -119.2784090909090935 -100.3872377622377599 -82.1306818181818130 -64.7386363636363598 -48.2421328671328666 -32.6201923076923066 -17.8435314685314701 -3.8409090909090908 9.4007867132867133
364.8654182272159687 372.4676654182272273 380.4214731585518052 388.7176029962546977 397.3498127340823771 406.2164794007490514 415.3078651685393083 424.5468164794007748 433.8337078651685488 443.0631710362047215 452.1503121098626821 460.9505617977528118 469.3088639200998955 477.2159800249688146 484.6124843945068505 491.4039950062422122 497.5692883895131331 503.0766541822721365 507.9263420724095113 512.0292134831461226 515.3303370786517235 517.8716604244693826 519.6566791510612120 520.6739076154806298
-489.1683748169838850 -474.3587115666178420 -457.0717423133235684 -437.1874084919472807 -414.7994143484626761 -389.8257686676427625 -362.3411420204977844 -332.7042459736456976 -301.3030746705709930 -268.2957540263543024 -233.9048316251830215 -198.4553440702781870 -162.1376281112737843 -125.1961932650073237 -88.1068814055636835 -51.3089311859443598 -14.9809663250366025 20.6632503660322122 55.2884333821376259 88.6295754026354388 120.3967789165446618 150.2166910688140433 178.0805270863835972 203.8579795021962013
57.7451321279554932 67.4311543810848377 77.9937413073713515 89.3880389429763511 101.5128650904033378 114.3557023643949861 127.7107093184979192 141.4676634214186492 155.5382475660639727 169.7357440890125133 184.0194714881780271 198.2016689847009729 212.2524339360222427 225.9937413073713515 239.3219749652294865 252.0928372739916483 264.2931154381084866 275.8543115438108657 286.6668984700973510 296.7100139082058377 305.9099443671766494 314.1269123783031887 321.3407510431154606 327.6787204450625950
-78.0848578355741694 -78.7053118800969855 -79.2290059510689844 -79.6250826537359444 -79.8979501873484708 -80.0642495040775799 -80.1405113511130764 -80.1883403129821488 -80.2164425832047669 -80.2302182058629114 -80.2199691426052510 -80.2106017191977116 -80.2078465946660799 -80.2348468150760397 -80.3043861582543599 -80.4142605245757096 -80.5830945558739273 -80.7984350892660359 -80.9821467930350423 -81.1170376901035866 -81.1925281022702166 -81.1807361692748515 -81.0760414370729592 -80.9005951068988338
873.6080674292594495 878.2354003612281304 882.3865141481035153 886.0794701986754944 889.3022275737507698 892.0403371462973610 894.3136664659843973 896.1523178807947261 897.5586995785671434 898.4990969295605510 899.0373269114991217 899.2155328115593420 899.0547862733293414 898.4996989765202215 897.5322095123419786 896.0806742925948356 894.1890427453341772 891.8669476219145054 889.0638169777242865 885.8482841661649445 882.2859723058398913 878.4081878386514290 874.1908488862130753 869.7417218543046147
88.5059288537549378 118.3162055335968432 150.2687747035573125 184.3056653491436236 220.0461133069828747 257.2700922266139401 295.4967061923583742 334.1910408432147506 372.7088274044795639 410.5731225296442517 447.4677206851119990 482.9670619235836853 516.7061923583662519 548.3017127799736272 577.7364953886692547 604.7865612648221258 629.3451910408432468 651.1699604743082546 670.2042160737812537 686.3399209486166228 699.6455862977602465 710.4756258234518782 718.9776021080368764 725.4558629776021235
-204.5239193083573355 -192.8737752161383412 -180.0674351585014392 -165.9729106628242050 -150.4979827089337050 -133.7711815561959554 -115.8881844380403408 -96.8363112391930798 -76.9285302593659992 -56.2731988472622504 -34.9383285302593691 -13.1763688760806925 8.8835734870317005 31.0051873198847261 52.9487031700288213 74.5832853025936657 95.6230547550432277 115.9377521613832869 135.3458213256484157 153.5734870317002958 170.4224783861671426 185.7873198847262302 199.5648414985590762 211.6991354466858866
-319.5261606484893377 -308.0972733971997286 -295.0655858511422025 -280.3795136330140281 -264.1532792925571016 -246.4252026529108264 -227.2623434045688953 -206.7096536477523898 -184.8607221812822274 -161.7789240972734035 -137.7406042741341139 -113.0014738393515046 -87.8047162859248402 -62.3640383198231376 -36.7155490051584366 -11.0434782608695645 14.5364775239498893 39.8467207074428913 64.5733235077376548 88.5814296241709656 111.7848194546794360 133.8769344141488489 154.5615327929255614 173.6823876197494485
-269.5375388716126395 -267.1010661928032164 -264.1083962683251798 -260.5402043536205952 -256.4486894713460856 -251.8778320746334884 -246.7783207463349697 -241.1845846290537452 -235.1392714349178164 -228.5664149266992524 -221.5448689471346029 -214.1508218569524615 -206.4122612172367894 -198.4002665482007899 -190.2239004886716884 -181.9515770768547327 -173.6323856063971505 -165.4113727232341091 -157.2752110173256312 -149.3647267880941740 -141.7412261217236846 -134.4604620168813938 -127.5590848511772606 -121.1426032874278036
246.0600085726532313 260.7891127303900589 276.3206172310329976 292.5945135019288728 309.4316330904414940 326.7235319331333017 344.2456065152164797 361.8838405486498004 379.5760822974710891 397.2893270467209845 414.8855550792970348 432.2927561080154533 449.2571795970853259 465.6069438491213077 481.1997428204028893 495.9965709387055313 509.8246892413201863 522.4119159879983272 533.7055293613373124 543.5769395627946778 552.0051435919417600 558.9331333047578028 564.4504929275610721 568.5795113587655578
420.5049765807962672 421.5364461358313974 422.5162470725995263 423.4070550351287920 424.2545374707260066 425.0564988290398105 425.7975702576112553 426.4661885245901658 427.0862119437938986 427.6188524590164093 428.0925058548009474 428.5215163934425959 428.9320843091334723 429.3228922716627380 429.6961358313817527 430.0153688524590052 430.2791276346604263 430.4486241217798579 430.5115632318501184 430.4159836065574041 430.1722775175643960 429.7511709601873804 429.1621779859484604 428.4440866510538513
285.3050964187327736 268.6225895316804326 250.0399449035812722 229.4621212121212182 207.0130853994490394 182.8491735537189982 157.2348484848484986 130.4724517906336132 102.8360881542699730 74.5234159779614345 45.8106060606060623 16.8877410468319553 -12.0179063360881546 -40.4428374655647360 -68.1205234159779565 -94.6928374655647360 -119.8195592286501352 -143.1790633608815426 -164.4931129476584033 -183.6618457300275509 -200.5330578512396755 -215.2307162534435179 -227.6646005509641952 -237.9862258953168066
258.7588315217391255 248.9106657608695627 237.9208559782608745 225.8009510869565304 212.4864130434782510 198.0478940217391255 182.5394021739130324 165.9864130434782510 148.6059782608695627 130.6212635869565304 112.1097146739130466 93.3135190217391255 74.4959239130434838 55.7941576086956488 37.3804347826086953 19.4867527173913047 2.2472826086956523 -14.2476222826086953 -29.8692255434782616 -44.5692934782608674 -58.1063179347826093 -70.4439538043478279 -81.5502717391304373 -91.2506793478260931
-411.8389550264550394 -410.7195767195767075 -409.0453042328042557 -406.8475529100529116 -404.0201719576719483 -400.6610449735449606 -396.8048941798941769 -392.3710317460317469 -387.3829365079365061 -381.8538359788360026 -375.6868386243386340 -368.9560185185185333 -361.7027116402116462 -353.8812830687830910 -345.7146164021164054 -337.3121693121693170 -328.6676587301587347 -319.9867724867725087 -311.3842592592592382 -302.8535052910052627 -294.5839947089947373 -286.5707671957671892 -278.7668650793650613 -271.3072089947090149
86.6479383358098119 86.5246099554234718 86.4014673105497764 86.2911404160475541 86.1901931649331345 86.0771731054977778 85.9601597325408591 85.8095282317979127 85.6093053491827618 85.3670133729569045 85.0863670133729499 84.7676448736998509 84.4116827637444231 84.0594353640416045 83.6998514115898899 83.3511329866270501 83.0044576523031168 82.6614970282317927 82.3408246656760809 82.0383543833580973 81.7663447251114377 81.5294390787518637 81.3142644873699822 81.1256500742941995
-67.6130420390599198 -64.1530950016550747 -60.2277391592187996 -55.8533598146309203 -51.1084078119827865 -46.0423700761337287 -40.6989407480966534 -35.1701423369745143 -29.5061238000662023 -23.8179410791128774 -18.2000993048659367 -12.6883482290632248 -7.4601125455147299 -2.5372393247269116 2.0481628599801391 6.2479311486262823 10.0518040383978811 13.4132737504137705 16.3689175769612696 18.8709036742800400 20.9968553459119498 22.8186031115524663 24.3467394902350200 25.6110559417411459
499.7793610664215294 498.9887382210985720 497.3589979315099754 494.9073776143415557 491.6108940473454254 487.4775913583084161 482.4902321305447117 476.7258101585842383 470.2990117214433212 463.3047575270052789 455.8512985520570169 448.0068949666743379 439.8648586531831484 431.4279475982532972 422.7499425419443924 413.9110549299011836 404.9301310043667854 395.8432544242702988 386.7531601930590455 377.7306366352562463 368.8386577798207213 360.1838657779820778 351.7745345897494644 343.6826017007584255
244.7597306964022721 241.9438249526614868 238.5966757837155399 234.7717231222385976 230.4918998527246004 225.7435304018514728 220.4996844098464237 214.8388386282348108 208.7959183673469283 202.3852303808121178 195.6980854197348947 188.8060172522617393 181.6242373237954837 174.1567431096149789 166.4075320849989339 158.2781401220281907 149.8838628234799160 141.4098464127919215 132.9505575426046846 124.6385440774247826 116.5882600462865497 108.8354723332631977 101.5110456553755540 94.6271828318956381
-96.8423171158557921 -96.4214210710535582 -95.6137556877843906 -94.3948197409870460 -92.7205110255512750 -90.5976548827441377 -87.9712985649282473 -84.8398669933496734 -81.1701085054252758 -77.0278263913195644 -72.3759187959397963 -67.3085404270213559 -61.8636681834091675 -56.0504025201260063 -49.9231711585579276 -43.5694784739236951 -37.0229261463073129 -30.4263213160658026 -23.8316415820791043 -17.2710885544277204 -10.8510675533776695 -4.6660833041652081 1.2472873643682185 6.8587679383969196
-579.7551233793392385 -582.6329987452947989 -585.3517356754496177 -587.8996235884567341 -590.2415307402760618 -592.3726474278544174 -594.2877457130907715 -595.9740694270179802 -597.4602676704307669 -598.7559598494353850 -599.8686741948974941 -600.8161856963613445 -601.5999581764951927 -602.1892513592639489 -602.5698452530322129 -602.7369301547469149 -602.6760769552488455 -602.3640736093684609 -601.7829360100375879 -600.8950230029277009 -599.6794228356336589 -598.1277708071936559 -596.2254286909243319 -593.9870347135090469
-15.6470025510204085 -6.4231505102040813 3.7305484693877551 14.7286352040816322 26.5449617346938780 39.1479591836734713 52.4151785714285694 66.3246173469387799 80.7838010204081627 95.7739158163265358 111.0465561224489761 126.5140306122448948 141.8874362244897895 157.0937500000000000 171.9856505102040956 186.4126275510204209 200.2302295918367463 213.2914540816326507 225.5535714285714164 236.8778698979591866 247.2353316326530717 256.6345663265306030 264.9416454081632537 272.2267219387754835
-221.0690412528647926 -222.1747517188693735 -223.2310924369747909 -224.1945187165775337 -225.1122039724980937 -225.9700152788388152 -226.7509549274255107 -227.4867265087853241 -228.1524064171123030 -228.7683346065699084 -229.3613445378151141 -229.9115737203972571 -230.4028838808250441 -230.8825439266615831 -231.3069136745607466 -231.6906035141329312 -232.0697097020626529 -232.3822574484339327 -232.6522154316271838 -232.8834988540870938 -233.0576776165011381 -233.1513559969442326 -233.1913674560733511 -233.1354087089381153
-69.3916918937100604 -74.5203498150016799 -80.1061217625294262 -86.1416078035654209 -92.5306088126471593 -99.1977800201816393 -106.1044399596367356 -113.1584258324924264 -120.2818701648166808 -127.4187689202825453 -134.5227043390514723 -141.4989909182643828 -148.3568785738311533 -155.0073999327278784 -161.3784056508577294 -167.4308779011099944 -173.1325260679448377 -178.3647830474268403 -183.1673393878237448 -187.4673730238816063 -191.2494113689875519 -194.4695593676421197 -197.1710393541876840 -199.3266061217625236
