168.0250569476081921 82.7881548974943087 10.4191343963553535 -62.2255125284738071 -134.3599088838268756 -188.5535307517084220 -289.6423690205011212 -405.1913439635535497 -515.0227790432801385 -604.6674259681093417 -699.3986332574031621 -746.9339407744874961 -708.5398633257402707 -528.7198177676538080 -202.0296127562642425 288.6013667425968379 915.6492027334851400 1695.2323462414578898 2647.2551252847379146 3653.4555808656036788 4488.9339407744873824 4909.2619589977221040 4730.4487471526199442 4104.3781321184505941
8.1565962784863064 57.6796989337236070 111.8653564708342003 182.8020071085093150 265.2439891281622408 357.3562617604014235 463.6295212209910233 588.9567217227681795 731.8126698724649941 885.2588333681790118 1038.9763746602550327 1174.8653564708342856 1280.3913861593141519 1353.0374242107463942 1390.5063767509930130 1387.3096383023207636 1344.1969475224755115 1265.9445954421910301 1170.5688898181058448 1062.5214300648128756 949.2977210955467626 842.8618022161823546 740.5448463307548082 642.0618858457035003
105.4586720867208669 493.3523035230352320 1065.5027100271001927 1712.2120596205961647 2202.6273712737129244 2363.8814363143633273 2101.8346883468834676 1510.7032520325203677 805.9918699186991944 170.2649051490514864 -290.6185636856368433 -570.2289972899728809 -719.4302168021680473 -759.0074525745257006 -695.5569105691056393 -550.4464769647696585 -377.0806233062330648 -219.7737127371273687 -113.9905149051490554 -45.3055555555555571 -4.7513550135501355 15.2174796747967473 24.8109756097560989 19.9979674796747950
1047.8092804578905088 1114.5004088307441634 1177.1578086672118388 1241.3237939493048998 1303.6067048242027795 1357.9482829108749229 1404.6578086672118388 1439.2724856909239861 1459.0889206868357633 1461.8515944399018736 1447.8597710547833231 1418.6171300081766731 1372.7553147996729876 1310.1719133278822937 1228.3438266557645875 1127.2307849550286392 1014.1927636958299672 895.4390842191332922 779.7569501226491866 672.8180703188879761 574.3720359771054973 486.1899018806214485 412.4298855273916615 353.4971381847914813
1348.5646258503402350 1538.6069538926681162 1750.1413454270596048 1975.2698412698412085 2185.7860922146637677 2373.3356009070294022 2530.0967498110353517 2655.3295540438398348 2736.4724111866967178 2765.8843537414963976 2763.0120937263795895 2741.8518518518517340 2706.3280423280421019 2649.6424792139077908 2573.5003779289495469 2475.1670445956160620 2352.6371882086168625 2207.7082388510962119 2052.9969765684049889 1901.8949357520787089 1758.9040060468632873 1626.7067271352984790 1497.2260015117158218 1366.9289493575208780
-1209.7971334068356555 -1292.4821756707092391 -1346.7789415656009169 -1352.5696435134141211 -1312.0132304299888801 -1244.9715178243293394 -1164.3700845277471672 -1083.5137816979051877 -991.1545387725101364 -874.6407570746049487 -745.0790150679897579 -610.5558618155090471 -481.5086365306872267 -359.2554208011760579 -244.9332965821389223 -150.3989342153620044 -77.1892686512311599 -22.7304299889746417 15.5690922454979788 53.0045938993017245 96.6927600147004824 139.0961043733921372 166.4891583976479126 176.0531054759279641
4208.8995633187769272 4672.9868995633187296 4710.6441048034930645 4353.0567685589521716 3699.2969432314412188 2978.2751091703057682 2354.0371179039302660 1898.3122270742358069 1565.8864628820961116 1297.6244541484716137 1028.2227074235806867 734.5174672489082468 441.3930131004366899 181.0283842794759721 -17.8995633187772931 -147.4192139737991170 -210.6375545851528273 -208.6615720524017377 -174.4803493449781797 -122.5786026200873380 -46.6506550218340621 10.9606986899563310 36.0371179039301310 39.9672489082969449
664.1648351648351536 727.9839391377853417 764.7092138630599720 841.5925612848690207 1020.4839391377853417 1259.9180050718512121 1448.8651732882501619 1498.2874049027896035 1406.6859678782755054 1206.5583262890954757 959.5422654268808174 717.2633136094674455 505.9505494505494312 322.7392223161454012 169.9780219780219852 54.2992392223161460 -34.5304311073541825 -153.8157227387996500 -378.4463229078613722 -715.2417582417582480 -1120.7810650887574866 -1506.9623837700760305 -1748.1754015215553864 -1780.0798816568046732
-52.9317969479912804 -24.1719090625973223 -32.2251635004671471 -52.0221114917471184 -80.8355652444721215 -109.1986919962628519 -131.5412644036125869 -141.5406415446901178 -136.5188414824042411 -107.5808159451884194 -55.0407972594207422 37.1616318903768317 174.3403924011211359 383.8938025537215708 663.3478667081906224 996.1563375895359513 1333.5590158829024858 1603.6200560573029179 1726.7823108066022542 1651.8059794456555665 1397.3640610401744198 1063.5362815322330334 719.3824353783868446 445.5630644658984920
-1279.9871794871794464 -1446.5722610722609716 -1506.6981351981351054 -1370.0477855477854519 -747.6585081585081980 293.9254079254079102 1465.9883449883450339 2336.4930069930069294 2522.6759906759907608 2029.8846153846154721 1132.8251748251748268 201.9825174825174940 -345.5745920745920898 -393.2027972027972282 -193.9160839160839203 -11.4603729603729612 110.7668997668997690 188.4137529137529157 239.4941724941724885 279.2925407925408194 320.4953379953379908 336.9452214452214207 294.3123543123543300 276.2062937062937067
76.7532467532467564 24.7114521841794570 -26.1589138134592680 -81.0946871310507618 -131.6899645808736636 -194.2309327036599882 -304.0410861865407242 -489.3471074380165078 -746.4245572609208921 -1031.7020070838252650 -1270.1952774498229246 -1399.9355371900826412 -1402.2689492325855554 -1301.9027154663517649 -1136.8063754427391814 -932.6264462809917859 -688.2628099173554119 -465.4746162927980890 -260.5530106257378975 -118.1421487603305849 6.5293978748524202 109.8722550177095627 188.0073199527745089 223.9123966942148627
-1384.7014061207610212 -1456.7364212848083298 -1512.8450510063412366 -1555.5348773090709074 -1583.8872346291700524 -1596.4932451061483789 -1594.5062034739453338 -1590.4962779156328452 -1590.3614557485525438 -1601.3060380479735159 -1620.6288944030879975 -1638.5621725944306490 -1651.0736145574855982 -1645.1240694789082681 -1610.3760683760683605 -1549.7226357871518303 -1463.3024538185827623 -1355.6021505376343157 -1233.2883926109732329 -1101.3148607664736573 -971.1690102012682928 -852.6242073338847831 -762.6501240694789203 -696.1960297766748909
-236.0668010679453062 -253.3239797308341963 -272.0495831744129305 -293.2695472129897212 -314.2697106740042727 -333.9109682340761651 -350.1850378684683847 -361.4249441508200107 -367.1713071432463380 -369.5729308559908191 -370.9267149784776052 -367.4161717430392855 -357.4633030022339426 -342.0134582901977751 -323.8013403803192887 -305.2435569116765919 -283.6318857952378494 -261.7005939083528574 -242.9375578924426407 -228.9487277284367792 -215.5368604587805805 -200.5772353293739343 -183.4221108265678595 -161.6519915000272363
-4235.3607427055703738 -4836.6472148541115530 -4946.2917771883285241 -4632.7612732095494721 -2331.5066312997346358 -265.1352785145888333 -12.5464190981432360 -200.1485411140583608 -185.8832891246684369 -249.9708222811671021 -362.3501326259947177 -397.5782493368700443 -372.4137931034482563 -318.4748010610079518 -234.1140583554376633 -130.2917771883289220 -37.1511936339522535 26.2891246684350115 30.8116710875331563 37.2360742705570260 66.7294429708222765 115.3103448275862064 154.5702917771883165 192.5596816976127457
-5.0706638115631693 -15.9475374732334050 -71.0278372591006359 -135.3008565310492486 -224.3179871520342488 -325.4989293361884393 -396.6702355460385547 -437.5331905781584396 -441.8083511777301737 -436.6648822269807511 -512.4860813704497104 -645.4571734475374569 -859.3426124197002309 -1119.6434689507493658 -1376.3843683083512133 -1586.5471092077086723 -1652.6445396145609266 -1439.3511777301928305 -818.8565310492505205 179.8597430406852311 1358.7055674518201158 2422.8254817987153729 3038.3993576017128362 2962.9807280513919068
-1931.9236947791164312 -953.8714859437751556 525.1445783132529641 1883.2088353413655568 2596.3734939759037843 2712.1124497991968383 2341.4176706827311136 1482.9518072289156407 221.2128514056225015 -881.7630522088353473 -1710.0682730923695090 -2335.8232931726906827 -2660.8313253012047426 -1913.1204819277108982 -240.1566265060240823 1419.8032128514055330 2357.2168674698796167 2706.6265060240962157 2634.6586345381524552 2044.4738955823293054 1007.4176706827308863 -115.6345381526104461 -918.1807228915662336 -1336.5100401606425748
-713.9737704918032932 -610.4885245901639337 -325.2131147540983420 96.5540983606557432 651.4426229508196684 1352.2885245901638882 2245.2590163934428347 3249.2426229508196229 4231.2950819672132639 5005.5245901639345902 5259.1377049180327958 4953.7278688524593235 4266.3606557377052013 3468.6032786885243695 2785.2918032786883487 2283.1016393442623666 1933.6295081967214173 1660.8360655737703837 1403.4163934426228479 1101.0098360655738361 755.2557377049180332 434.1245901639344424 187.1147540983606632 35.8327868852459019
1576.2462380300958102 1924.7086183310534580 2262.3502051983582533 2512.8016415868673903 2656.8112175102601213 2676.1737346101231196 2520.0930232558139323 2215.1764705882351336 1838.4664842681258961 1441.3160054719562595 1072.7264021887824583 731.9972640218878723 404.1614227086183178 65.7647058823529420 -302.7113543091655288 -659.7838577291381625 -1000.3926128590970848 -1349.1956224350205957 -1690.6538987688097677 -1999.2243502051983342 -2218.5143638850890966 -2347.0246238030094901 -2313.3077975376195354 -2177.1409028727771329
-1395.8699439950216856 -1791.8481642812694190 -2077.1978842563785292 -2170.7809583074049442 -2065.9663970130677626 -1822.2787803360299677 -1338.4100808960797622 -973.3347853142502117 -647.4667081518357463 -407.6832607342875008 -151.5525824517735032 61.3540759178593618 229.5600497822028672 367.9390168014934943 504.1393901680149270 641.2271313005600177 765.8973242065961813 867.4891101431238667 999.7417548226509325 1224.6932171748599103 1473.1804604853764431 1617.5712507778468989 1587.7087741132545489 1402.7983820784070303
-304.2607792207792272 -417.4820779220779059 -587.7496103896104387 -835.1667532467532737 -1174.5023376623375952 -1586.7490909090909099 -2003.6929870129870324 -2305.1293506493507266 -2413.8457142857141662 -2321.4737662337661277 -2090.4940259740260444 -1803.8857142857143572 -1520.6981818181818653 -1281.3355844155844352 -1121.6446753246752905 -999.1501298701298310 -904.6805194805194787 -826.8093506493506766 -767.6280519480519615 -754.7537662337662141 -787.0566233766234063 -843.2696103896104205 -899.1875324675324919 -899.8883116883116600
292.7433795712483970 372.1185372005044201 469.4552332912988390 595.3303909205548052 736.0138713745270707 876.9356872635561331 1041.5977301387138141 1231.4047919293820996 1441.2402269861286186 1658.3259773013871836 1878.8297604035308268 2089.7250945775535911 2278.9829760403531509 2435.4388398486757978 2552.5542244640605531 2630.5706179066833101 2674.7635561160150246 2678.1116015132406574 2643.5510718789405473 2561.3934426229507153 2443.1967213114753577 2300.6954602774276282 2145.3972257250943585 1978.9552332912987822
1634.9903505950467206 1676.7574782888389109 1618.1518173045994899 1480.2753296880025573 1294.8973946606624850 1101.9269861691861934 924.1048568671598105 779.8452878739144580 675.8057253136056488 599.3994853650691539 548.0090061112897502 521.9639755548407720 523.4133161788356574 546.4474107430041840 586.5101318752010684 644.2434866516564398 714.6091990993888885 786.2315857188806376 850.0479253779350302 909.5831457060147613 962.4998391765841461 997.7108394982309392 1002.8649083306529519 975.1592151817304739
-1131.8851694055588268 -1223.4765672550213367 -1185.7709474538446557 -1025.5412862649625367 -811.4856968959220467 -631.3197403124365792 -514.5672550213024579 -430.5138973422600657 -376.7630350983972676 -324.4325420977885983 -248.5865287076485970 -157.1018462162710421 -60.3424629742341239 26.6492189085007105 102.4223980523432687 165.2880908906471973 227.1268005680665567 325.0184621627104775 474.0598498681274009 660.7853519983769957 836.4747413268411265 946.2720632988435909 959.1941570298234865 890.5193751268005826
25.7854866388820803 15.4099043883304727 27.5498896788428524 45.6084824711939234 58.7188036283402823 62.3875949987742118 61.0796763912723719 59.0247609708261862 43.3677371904878655 15.8428536405981859 -34.3731306692816858 -108.3285118901691533 -209.2956607011522294 -336.8274086785976920 -501.5979406717332836 -718.0806570237803044 -966.9541554302525128 -1221.2159843098797865 -1437.9955871537140411 -1587.9480264770777467 -1654.6651139985290229 -1633.9264525619023516 -1562.2593772983575491 -1434.6268693307183639
-452.9308966913527570 -461.8143747669028585 -441.3512707123448422 -399.2035270925462100 -338.7247589109701948 -267.4595876178805725 -196.7948212478022185 -133.6540039426714372 -82.0607384517022780 -43.5151579732537712 -16.1412968192231858 2.6673770579146465 15.1523789226916730 24.7205498428259354 33.5926794181895687 41.4923544141936205 48.8956790452341608 55.1577068570515223 60.2118386701475856 64.1374607064840916 69.2929298311044874 76.7926367947146957 86.5705684905962016 92.9328147477223041
-96.8582412301777964 -83.5588659298414171 -74.8414223930802507 -61.8889956751561741 -36.5358000961076428 7.7169629985583850 63.3507928880345972 148.6544930321960578 260.0470927438731223 396.5271504084574872 553.2638154733301690 744.3724171071600040 968.7236905333974164 1218.2657376261413447 1487.1979817395483678 1764.4420951465640428 2034.8981259010090525 2280.5896203748197877 2478.3137914464200549 2606.5242671792407236 2636.9947140797694374 2570.0720807304182927 2429.5406054781356033 2225.1681883709757130
916.7814952498966932 1084.3564642709623058 1292.5964477488641933 1420.6567534076827997 1396.5852953325072576 1238.7393638992152773 990.0202395704254741 722.9719124328789803 468.9198678232135649 250.2701363073110201 59.5018587360594822 -114.2589838909541555 -239.0916976456009877 -323.5914911193721650 -416.4481619165633788 -571.8653448988021637 -824.8446922759189874 -1158.7356464270962988 -1492.1342420487401341 -1722.8988021478728569 -1794.7947129285419123 -1729.7802560925238140 -1566.8376703841388462 -1294.0739363899215277
1239.7648083623694220 559.4721254355400788 -313.6829268292682968 -1148.7961672473868475 -1792.5087108013938177 -2200.9895470383276006 -2462.6951219512193347 -2532.0766550522648686 -2408.1306620209061293 -2064.4982578397211910 -1482.9355400696863398 -698.8571428571428896 192.0975609756097526 1065.1219512195120842 1885.1376306620209107 2579.9878048780487916 3039.6794425087109630 3181.1306620209061293 2965.6132404181184938 2458.8397212543554815 1707.0069686411150087 765.3101045296167513 -185.9459930313588814 -868.9965156794424956
-167.1185047720042292 -119.3345705196182394 -72.7515906680805955 -25.9658006362672324 26.3266171792152690 84.3748674443266111 149.1794803817603281 204.4329268292682968 255.2545068928950229 309.5060975609756042 397.2306468716861332 560.9573170731707705 831.8677094379639811 1161.2661717921525906 1416.0360551431601834 1502.0259809119829697 1399.4212619300105871 1152.3552492046660518 834.1291092258749131 503.4395546129374566 205.1174443266171750 -37.8936903499469793 -209.4331919406150462 -285.1288441145280785
125.6965786901270832 121.2932551319648127 126.6699902248289362 154.1214076246334344 197.1741935483871089 240.7998044965787017 280.8420332355815958 321.2674486803518903 368.9998044965786903 425.2322580645161452 489.0252199413489507 562.4285434995111927 640.5970674486803773 721.8678396871945324 805.3655913978494709 903.2969696969696543 1015.6455522971651817 1134.9122189638319469 1254.3266862170087279 1371.3554252199412531 1472.2637341153470061 1530.0385141739980099 1532.9008797653959846 1475.2879765395894083
-97.2763270547945211 -126.1612799657534225 -161.9204837328767042 -207.9397474315068450 -266.2666952054794365 -331.7273116438356055 -401.1697345890410702 -473.7706549657534083 -544.8476027397259713 -613.9897260273972961 -677.6558219178082254 -734.1285316780821404 -777.9699272260273801 -807.0912885273972961 -822.6805436643835492 -823.3813142123287889 -811.4415667808219723 -784.9055008561643945 -745.4476669520547603 -691.1694135273972961 -643.8608732876712111 -596.5360659246575779 -553.5611087328767326 -508.1828981164383663
128.9722373434948395 276.5890038105607118 499.2923244420250626 786.2406096897115049 1124.9787697332608332 1476.8258029395753965 1787.1692977681002503 1969.8105606967883432 1952.4485574305933824 1726.7593903102886088 1342.5280348394121575 862.3277082199238066 348.5552531301034378 -128.3309744148067466 -516.9771366358193063 -790.5530756668481445 -907.9433859553620323 -882.2313554708764514 -753.8949373979313577 -589.5046271094175836 -451.5890038105607118 -335.1927054980947105 -245.3968426782797962 -192.7147523135546976
672.3932642487046678 557.7072538860103350 424.4466321243523339 293.2854922279792618 164.9082901554404259 38.2792746113989608 -80.1471502590673595 -194.2119170984455820 -342.8036269430051561 -582.9098445595855083 -961.9735751295336286 -1467.4134715025907099 -2011.1792746113990233 -2430.0673575129535493 -2584.4222797927459396 -2442.9093264248704145 -1905.1772020725388757 -1282.3984455958548097 -847.1968911917098239 -656.7181347150259398 -459.1264248704663373 -308.9870466321243612 -237.4036269430051789 -189.5404145077720273
57.2528140075040213 79.5577988207968616 91.8361622297659466 106.6745577988207998 123.7347686260496715 142.5800428801143482 165.4179024477398627 198.9132571020189459 241.0308200821868923 288.9874932999821340 344.2054672145792438 402.6231016616044371 460.9556012149365642 516.4141504377345200 567.9857959621225518 614.0770948722530420 653.2830087546900586 684.6422190459174999 703.7321779524745580 711.0847775594068025 708.2240485974629109 697.1667857780954591 674.1657137752367817 638.4899946399857527
-560.0416031697652670 -596.7548003657421987 -646.8063090521183085 -711.4568729046022781 -785.8514172508381534 -865.4455958549223169 -939.3886010362693924 -1002.5609570252971707 -1054.9302042060346594 -1099.7592197500762268 -1136.5854922279793300 -1163.7264553489790160 -1181.5147820786346529 -1190.5412983846388215 -1183.6193233770191000 -1160.8733617799450712 -1122.7854312709539499 -1068.4469673879914353 -1001.6530021334958747 -922.9902468759524936 -837.2345321548308448 -754.6115513562938304 -684.7688204815605104 -625.8354160316976049
711.3489419180549476 757.8025664115262998 806.0036019810895596 854.6528590724898322 897.3619990995047146 943.7505628095452721 986.7453849617289734 1024.5184601530841064 1058.6715443493922066 1093.6321476812247511 1131.7368302566410421 1175.1573615488518953 1229.4313372354795320 1294.2872579918955580 1365.9279603782081267 1434.0630346690679744 1492.7892841062584921 1538.9905447996397925 1572.0513282305266785 1587.0342188203512706 1582.2647456100855834 1557.6316974335884424 1509.3446645655110387 1433.7300765420982316
-2017.6707882534776672 -2405.9953632148376528 -2554.4683153013911578 -2540.5935085007727139 -2271.5811437403399395 -1635.4853168469860520 -652.9814528593508385 463.2040185471406630 1497.6846986089644815 2383.4822256568777448 3073.8887171561050309 3401.3848531684698173 3328.3137557959812511 2869.6908809891806413 2026.4482225656877290 830.4976816074188264 -422.4404945904173019 -1393.9582689335393297 -2011.5826893353942069 -2447.9891808346214930 -2716.7063369397219503 -2635.4868624420400920 -2222.4760432766615850 -1522.3585780525502287
-39.4943820224719104 -86.8651685393258362 -170.6769662921348356 -268.1657303370786281 -374.0421348314606576 -479.3342696629213719 -559.5280898876404763 -593.5955056179775511 -560.6516853932583899 -413.0983146067415532 -113.3089887640449405 326.8511235955056122 896.4016853932583899 1595.7387640449437640 2464.8988764044943309 3448.6264044943818590 4353.0561797752807252 4967.8174157303374159 5071.8820224719102043 4664.0983146067419511 3976.7387640449437640 3269.5112359550562360 2695.0786516853931971 2273.2837078651687079
107.3158494868871173 154.3962371721778766 248.8261117445838124 399.7132269099201949 595.8580387685291271 832.9099201824401462 1100.0763968072976695 1382.5176738882553309 1665.0450399087799269 1938.2280501710376939 2180.6202964652225091 2360.1744583808435891 2436.4002280501708810 2394.6402508551882420 2247.5256556442418514 2031.2234891676168900 1781.6824401368301096 1530.4167616875713520 1285.5142531356898417 1054.7696693272519042 837.8443557582668291 637.6556442417331709 457.8945267958951035 316.8164196123146894
-13.7548521946849807 -15.9714342589827805 -20.0084602368866342 -27.9871603463720504 -34.8082014531700992 -40.2113068577684913 -49.5117945655419547 -66.9830795262267316 -90.4185328953916638 -124.5617597292724241 -167.0789290335423516 -214.9855678311933787 -276.5077137453966429 -353.2354931820443653 -440.8853389071364859 -534.6106300388175896 -625.1345675325967477 -705.0955509107195667 -768.4877077734647628 -810.0240867920772416 -830.0569324176370856 -825.5483228824524531 -799.2008559769085423 -754.9250522544042497
998.2070251787379220 1020.8952440161641562 934.8501709667391424 788.2850481815355579 615.2663972645322019 459.4274168479950049 347.8980416537146425 280.1656823127137272 249.0801989431147092 262.6254274168479697 295.1401927261423452 260.2151072427727740 65.1678582530307722 -291.8159776188995806 -725.9813490829965303 -1092.7991917935964921 -1248.6049114081442895 -1156.8946223189307148 -923.6869754429592376 -669.2207025178737467 -489.0329499533727358 -383.4591234069008578 -334.5579732670189514 -308.3357165060615444
-1577.8676132003070052 -1513.0959324635457506 -1340.0283960092094730 -1073.1239447429009033 -739.7494244052187469 -474.8346124328472797 -215.9589409056024465 7.4504988488104376 193.3254029163468886 362.6665387567152834 514.0349194167306450 647.1784343821949506 763.0648503453568310 852.3806600153492354 936.3311588641596472 1041.4566385264772634 1182.8729854182654435 1334.6933998465081004 1413.5959324635457506 1366.2068303914045373 1216.9109746738295144 1015.6231772831926037 816.9604758250192162 647.7532617037605860
-836.9180024660912522 -857.9670160295930827 -838.9201602959309412 -783.9576140567201037 -700.8367755856966141 -610.2691122071516929 -515.7318125770653978 -433.3192046855733679 -367.0180332922317916 -320.6125154130702981 -291.9625462392108375 -288.3870221948212134 -305.7285758323058076 -340.8031750924783978 -391.8783908754624008 -459.8128853267571117 -539.5622688039456989 -624.8581997533908634 -707.1054254007398185 -782.9443588162762353 -846.3585080147965982 -884.5624229346485663 -891.9684032059186620 -859.2498458692971326
808.6027732463295479 720.5438417618270250 401.8380913539967310 -26.6001223491027723 -436.3185154975529940 -714.2132952691680430 -777.0577079934747644 -640.1912724306688460 -407.4015089722675498 -198.0093800978792729 -75.1201060358890658 -33.4804241435562773 -33.6409053833605185 -39.5116231647634564 -35.3968189233278991 -22.8272838499184338 1.2632544861337685 25.2069738988580738 42.9965334420880936 51.8348287112561152 50.3334013050570945 46.7167618270799352 61.9942903752039172 98.8291190864600395
500.3030993618961020 540.8751139471285114 585.0234731084776740 627.5475159525980189 670.3187101185050096 710.7240200546946198 748.1950774840473741 773.9935050136737118 787.4458751139471815 788.1329762989972778 782.9045123062899165 773.1981540565177511 762.6808340929808310 753.4288969917957957 744.6737693710118720 733.4781221513218270 720.2255013673654958 706.0453509571558470 687.8810391978122425 665.9768687329079739 637.7989972652688948 606.9732224247949262 574.3916362807657379 535.7953509571558470
2480.9438202247192748 2618.4382022471909295 2287.8471910112357364 1449.6404494382022676 335.9977528089887642 -787.7056179775280498 -1610.9011235955056236 -2207.4337078651683441 -2732.9685393258428121 -2937.2157303370786394 -2267.5033707865168253 -770.7595505617977096 856.9752808988763491 2011.1977528089887528 2692.5370786516855333 3053.6179775280897957 3058.9685393258428121 2558.9932584269663494 1529.1640449438202722 261.4966292134831178 -899.6943820224719275 -1715.7325842696629934 -2074.3460674157304311 -2019.0292134831461226
-148.4592321755027342 -143.0332723948811804 -133.3056672760511958 -120.0756855575868371 -119.2460694698354615 -126.0407678244972516 -139.5159049360146355 -138.9981718464350990 -91.8332723948811633 49.3815356489945145 287.6067641681901250 564.1429616087751810 767.9027422303473713 831.2277879341864946 731.7978062157221757 493.9232175502742166 189.6243144424131515 -94.0817184643509989 -293.4800731261425994 -386.6113345521023916 -385.0246800731261487 -322.3394881170018493 -231.9550274223034876 -160.8886654478976368
-1173.4950794852384206 -1217.9119354024728636 -1239.7983850618218185 -1244.7103204642946821 -1235.0545041635125472 -1217.5220792329043888 -1196.8957860206915029 -1177.7615442846329188 -1159.2697451425688087 -1142.5387332828665876 -1125.8493565480696361 -1112.0497098157961773 -1107.7726469846077180 -1122.1940449154681119 -1159.0842795861719878 -1220.7171334847337221 -1306.9896543022962305 -1411.3656320968962063 -1521.5425182942215088 -1619.5109765329295897 -1687.8889730002522356 -1700.4774160989150005 -1648.6510219530657650 -1535.3472117083017565
236.4384449244060420 149.1490280777537691 62.2894168466522657 -33.7149028077753812 -136.0237580993520510 -248.1231101511879160 -394.9460043196544348 -569.2289416846651875 -773.9071274298056551 -1007.7473002159827047 -1289.7602591792656312 -1647.6997840172787164 -2091.6025917926567672 -2624.7494600431964500 -3265.2937365010798203 -3937.5745140388767140 -4506.9352051835849124 -4835.6436285097188374 -4801.8574514038873531 -4379.5399568034554250 -3240.3520518358532172 -2186.3326133909286000 -1472.7861771058314844 -1006.8423326133909086
732.4941176470588289 639.2352941176470722 539.8058823529411256 432.4088235294117908 304.0235294117646845 179.9676470588235304 75.3441176470588232 -21.3999999999999986 -116.5735294117647101 -224.8470588235294088 -359.7882352941176691 -519.9441176470588744 -708.2500000000000000 -916.3529411764706083 -1180.1941176470588744 -1515.8117647058822968 -1938.3176470588234679 -2497.3205882352940534 -3221.0382352941178397 -4070.1176470588234224 -4861.3382352941180216 -5380.6000000000003638 -5396.5382352941178397 -4921.2794117647063104
-6.5147977535180157 -9.0023979302076107 -12.5639553227740262 -11.1689278727834918 -1.8868555562567046 14.0484634315643344 27.9458572600492197 35.0774279043352024 34.2681264592667389 28.5566353252981635 18.3643591847037300 6.5254622325992298 -5.7625418060200673 -22.1509433962264168 -43.4274626112197879 -73.3955322774026655 -118.7111756168359875 -178.9659872531078406 -252.6086325487474085 -334.0540796365242500 -419.2795481794661328 -491.6728718369407716 -537.7109863065564923 -543.2269199217518008
-151.3494349252643190 -159.6839227123587364 -163.1080933284724779 -158.4156033539919690 -128.6543930003645642 -42.8758658403208202 132.7181917608457979 380.0100255195042109 638.0599708348523791 809.6046299671892257 821.7716004374772183 664.7520962449872286 399.2242070725483245 100.9527889172438933 -158.3332118118848086 -324.3988333940940834 -391.6110098432373547 -381.5337222019686578 -306.5949690120306173 -202.6363470652570129 -120.6244987240247895 -81.3780532263944565 -86.8115202333211755 -120.5592417061611314
448.9988520826500462 533.0367333551984075 625.3581502131846719 700.0870777304033936 719.7199081666119582 680.5036077402427281 601.1816989176779771 499.3506067563135389 400.8666775992128350 322.3445391931780932 262.7691046244670474 213.2161364381764486 173.3788127254837548 134.7410626434896699 68.1218432272876413 -65.1566087241718606 -258.7951787471301941 -497.1733355198425670 -717.8404394883568784 -862.7820596917022158 -899.5972449983601109 -853.9932764840931441 -785.3394555591997914 -716.6826828468350641
1044.7100977198697365 1695.2996742671009542 2534.6612377850165103 3523.7296416938111179 4479.6156351791532870 5151.3192182410421083 5302.2345276872965769 4917.9804560260590733 4192.8403908794789459 3403.2801302931598002 2745.0521172638436838 2272.5602605863191457 1911.0423452768729931 1614.6188925081432899 1327.3094462540716449 1004.0260586319218419 643.6384364820846713 323.5570032573289723 79.2117263843648232 -84.0781758957654688 -206.3843648208469119 -268.3680781758957892 -261.5863192182410444 -225.1530944625407074
-360.5451018428710199 -402.3928225024248491 -421.4005819592628654 -433.1396702230844085 -427.7361784675072727 -390.4287099903006606 -321.3326867119301369 -209.4510184287100003 -15.5771096023278375 279.4335596508244635 642.2192046556740479 1082.5935984481086507 1563.0329776915616549 2088.1707080504365877 2587.7381183317165778 2921.4481086323958152 2968.6779825412222635 2713.5237633365663896 2248.9980601357906380 1717.5354025218234710 1198.4927255092143241 766.9534432589719017 448.0009699321047378 201.4578079534432504
-291.8263157894737105 -352.1513157894736992 -414.1868421052631675 -465.6539473684210293 -480.7618421052631561 -467.7921052631579073 -434.0894736842105317 -435.1684210526315724 -519.2460526315788911 -689.9315789473683935 -974.5118421052632129 -1318.8039473684209497 -1687.3697368421053397 -1983.9605263157893660 -1998.2368421052631220 -1548.6644736842106340 -547.3605263157894569 719.6815789473683935 1862.5381578947367416 2569.0407894736840717 2584.3499999999999091 2042.5236842105264259 1243.9197368421052943 518.8552631578946830
138.5910231391134744 215.0854474491218298 341.9993030387510657 504.8201839977697318 667.9986060775021315 790.3663228324504644 836.7454697518818421 806.1703373292444894 696.5761081683858720 537.3607471424588766 370.2477000278784658 222.9015890716476065 99.8805408419291894 8.2442152216336773 -47.9838304990242577 -78.7602453303596377 -95.2637301366044085 -101.6268469473097298 -100.2114580429328186 -98.6699191524951260 -100.8940618901589090 -106.5762475606356219 -109.4829941455255096 -116.8753833286869224
-215.8852040816326507 -185.5216836734693970 -131.9591836734693970 -40.8278061224489761 45.2315051020408134 136.2608418367346985 256.4151785714285552 423.8156887755101820 672.3125000000000000 980.6498724489796359 1355.7684948979592718 1751.2232142857142208 2068.5363520408163822 2201.3801020408163822 2092.3622448979590445 1762.0975765306122867 1307.1326530612245733 777.3966836734693970 241.8934948979591866 -233.5695153061224403 -623.2978316326530148 -889.9190051020408418 -1007.0306122448979522 -976.5204081632653015
105.9594843462246843 68.6077348066298356 19.6034376918354809 -7.3898096992019644 2.9404542664211171 23.9889502762430951 44.7759361571516266 62.2817679558011079 71.6396562308164562 56.9508901166359749 25.9791282995702879 -8.5666052793124621 -54.6617556783302661 -111.9441375076734175 -199.0331491712707077 -337.7274401473296734 -554.6593001841620207 -865.3836709637814693 -1291.3756906077348958 -1830.0472682627378163 -2409.8035604665437859 -2891.3707796193984905 -3121.4174340085942276 -3027.3290362185389313
2020.9644808743169051 2378.9052823315118985 2497.8870673952642392 2375.4754098360654098 2004.8861566484517880 1439.9489981785063719 743.7140255009107932 13.6775956284153004 -614.8542805100182704 -1093.1284153005465214 -1422.3524590163933681 -1538.6256830601093952 -1449.2222222222221717 -1225.5919854280509753 -968.3497267759562419 -722.5063752276867035 -515.7668488160290963 -328.4371584699453592 -159.7431693989070993 -17.2003642987249528 103.5400728597449955 216.1511839708560956 312.4198542805100374 399.6839708561020075
-49.1815097540288377 -371.8914334181509957 -856.1335877862595680 -1388.3040712468193760 -1788.4609838846479306 -1859.7586938083120458 -1562.1764206955047030 -962.8184902459711338 -261.0525869380830954 80.2455470737913430 180.6331636980492021 153.3095843935538483 86.7527565733672645 59.8842239185750671 93.5343511450381726 137.1195928753180624 161.3812553011026409 162.9800678541136563 135.4944868532654709 79.5462256149279057 27.1976251060220520 30.9520780322307054 93.1030534351145036 152.4813401187446971
-2209.4344146685471060 -2478.9431123648332687 -2615.5514809590972618 -2579.9515749882461932 -2400.3027738598966607 -2134.8133521391632712 -1743.1678420310295223 -1395.1429243065349510 -1160.4217207334272643 -938.3333333333333712 -744.3008932769158719 -597.5608838740009787 -492.9793135872120615 -439.4019746121297771 -429.7367183826986548 -429.3206393982134728 -416.6572637517630255 -375.9224259520451596 -282.7663375646450277 -151.7296661965209239 -8.1415138692994820 122.7465914433474410 208.1485660554772039 222.3164080865068115
12.6675307144534006 15.2873659910791133 18.3657563189607949 22.0217935675717982 25.8929982784255408 29.3512500978167310 31.9359496048204079 33.8932232569058627 35.2991724704593466 36.2758920885828289 36.9808474841536921 37.3042785037952882 37.3375655372094855 36.9989631426559171 35.7866714922920437 34.5103392284216284 33.1152183269426388 31.3170240237890276 29.1675502777995135 27.1156193755379924 25.1620921042335084 22.8798712731825660 20.7559081305266453 18.9356561546286883
113.1861274190041371 148.2291802565775072 185.6290497934333530 235.3141987388562768 319.2783213742117709 436.3148510545771046 570.4868449662969851 680.0539247662535445 736.1282887584256969 727.1859099804305515 668.4248749728201346 589.8841052402696050 516.9219395520765374 456.3289845618612617 413.2670145683844112 378.6066536203522332 341.6592737551641790 273.4944553163731484 131.3842139595564333 -103.5786040443574620 -407.6129593389867409 -720.4988040878452011 -944.6675364209610279 -1005.0634920634920491
-1189.6570212765957422 -1252.2343262411347951 -1305.2825531914893418 -1353.2000000000000455 -1401.8334751773049902 -1451.2090780141843425 -1495.6765957446807533 -1525.5531914893617795 -1540.2363120567376882 -1537.5398581560284583 -1507.5347517730497202 -1444.7934751773050266 -1349.7072340425531820 -1221.5971631205673020 -1062.7585815602838011 -882.1259574468084566 -690.3404255319148888 -496.8147517730496361 -320.4754609929078129 -172.4283687943262464 -55.9994326241134743 34.9134751773049672 94.1784397163120559 112.8723404255319167
73.3952561669829180 159.8925996204933710 268.1005692599620716 390.0772296015180132 517.8914611005692450 651.8225806451613380 794.4041745730550019 950.2428842504743898 1122.0979127134723967 1281.6518026565465789 1381.5984819734344455 1380.0696394686906388 1270.9766603415559985 1078.7087286527514607 850.1206831119544631 626.0982922201138763 432.3705882352941217 275.6491461100569040 160.6077798861479948 89.8747628083491463 46.9580645161290349 5.0094876660341559 -59.3184060721062636 -147.7375711574952675
275.8759794422444998 272.3548740416210308 253.0470974808324343 221.4271631982475412 177.7977925688769005 123.9031931923498178 58.3658269441401956 -11.6034206757098328 -83.8010784396326613 -154.5162187210380011 -223.5535428426994713 -286.6467267672086905 -342.2836801752464453 -387.2093689443087214 -417.8378127896200454 -428.0862751706125096 -420.4632235234644781 -396.0229168421939789 -356.6553205830314255 -310.6581851883056515 -263.1053163703766131 -215.9823911028730379 -172.7943381919285457 -139.6591119723649967
1164.6178927512798964 1185.3852061438965393 1114.0255995688494295 962.9954190245216523 776.1181622204258019 583.0591484774993205 405.2523578550255934 257.5890595526811921 144.4059552681218008 59.8353543519267035 0.1122338992185395 -39.6963082727027725 -62.3808946375639977 -73.2423874966316362 -78.3050390730261370 -83.0105092966855267 -90.4962274319590421 -97.7173268660738330 -98.3096200485044420 -98.0408245755861003 -104.0354351926704339 -117.0741040150902705 -135.2427917003503239 -152.3327943950417591
-1386.8513181019332023 -1267.1521968365552766 -900.9356766256590845 -255.9898066783831325 414.5356766256590504 749.1915641476274459 728.4168717047451764 515.2231985940245522 253.8355008787346208 47.9978910369068572 -48.6186291739894543 -57.2970123022847133 -30.8189806678383142 -8.7743409490333928 8.4210896309314585 1.0854130052724078 -20.5996485061511407 -37.1427065026362015 -46.0231985940246062 -60.2667838312829502 -59.4618629173989461 -46.7789103690685408 -32.8231985940246034 -30.3690685413005284
-4083.4419475655431597 -4541.7228464419476950 -494.9101123595505669 2401.0299625468164777 147.8651685393258504 -186.2097378277153439 -32.3932584269662911 -79.9887640449438209 -180.7790262172284770 -121.9176029962546863 -25.6891385767790261 83.4756554307116119 160.7565543071161187 192.4494382022471939 202.8764044943820295 214.7865168539325964 243.5767790262172241 284.1760299625468065 335.4194756554306878 431.0749063670411942 552.8314606741572561 598.2247191011235827 598.9400749063670446 594.4906367041198791
-493.1832611832612088 -678.5555555555555429 -837.2655122655122568 -897.8874458874458924 -840.7301587301586778 -738.1212121212121247 -627.8181818181818699 -610.2813852813852691 -775.6753246753246458 -1057.3751803751804346 -1408.2496392496393582 -1703.9047619047619264 -1767.2655122655123705 -1393.2943722943723515 -490.9494949494949765 790.6940836940837016 1981.1269841269840981 2679.0505050505048530 2568.4112554112552971 1753.0158730158730123 744.5137085137084796 -68.9870129870129887 -449.5873015873015675 -480.8629148629148631
-2200.2920065252856148 -1978.4029363784666202 -1446.5285481239804994 -589.3017944535073411 433.3099510603589124 1466.4959216965742144 2370.3213703099509075 3026.8825448613374647 3326.1353996737357193 3246.3621533442087639 2766.5709624796086246 2013.2022838499183308 1033.4241435562805691 -64.4371941272430604 -995.2969004893964211 -1635.9543230016313373 -2034.9200652528547835 -2331.2773246329525136 -2492.8238172920064244 -2423.3915171288745114 -2059.7944535073411316 -1504.7569331158238128 -839.9119086460032122 -162.9706362153344230
-2412.9329268292681263 -2633.6862527716184559 -2771.1330376940131828 -2817.0260532150778090 -2762.0271618625279189 -2629.9079822616408819 -2470.4927937915740586 -2315.8342572062083491 -2167.9379157427938480 -2018.5343680709534055 -1875.4833702882483522 -1735.3963414634147284 -1593.4456762749446170 -1445.3991130820400031 -1309.7067627494457156 -1204.2649667405764831 -1130.0471175166296689 -1091.3098669623059322 -1074.8342572062083491 -1061.8569844789356011 -1031.4362527716186833 -973.8115299334810970 -902.3536585365853853 -827.1557649667405485
639.4797437673130389 662.5728012465374377 654.0220740997229996 627.5561807479224399 589.0747056786703979 547.0342797783933975 506.8842624653739790 469.8145775623268605 440.1973684210526585 414.4528220221606603 391.8879847645429209 372.3837430747922213 351.9538608033241189 332.2396121883656406 313.9897853185595409 301.7583102493074989 293.6733033240997202 287.5102146814404591 283.5219875346260210 279.6444771468143813 276.2460180055401793 272.3823580332410188 260.6359937673130389 240.1723511080332401
-800.5472527472527418 -1034.3582417582417747 -1315.2043956043955859 -1665.6967032967033902 -2121.5494505494507393 -2719.4879120879122638 -3403.6175824175825255 -4068.0637362637362457 -4612.3912087912085553 -4922.4439560439559500 -4868.1912087912087372 -4338.3934065934063256 -3302.9032967032967463 -2222.7714285714287143 -1353.8791208791208192 -935.2197802197802048 -912.5494505494505120 -831.9648351648351081 -843.9758241758241866 -825.7846153846153356 -781.4329670329669852 -729.0153846153846189 -673.0549450549450512 -615.2307692307692832
-56.3154075970977388 -186.6274007682458489 -457.0298762270593329 -821.7281263337600876 -1213.7042253521126440 -1520.4186939820742737 -1660.8856167306871612 -1628.8198890311566629 -1451.1570635936832332 -1151.2462654716175621 -880.9009816474605259 -597.2970550576184223 -308.5283824157063464 -46.4408877507469029 153.0593256508749391 312.0904822876653952 461.0473751600512173 617.8480580452411459 782.2390098164745496 907.6973965002133582 969.7400768245838663 1009.8501920614596656 1059.2535211267604609 1089.0140845070422984
-1.9290100712355687 -13.4834193072955042 -20.9498894620486382 -26.3807418324735927 -38.3082780643576513 -42.0881847211987221 -39.7536231884057969 -39.8744780152296698 -49.5507246376811565 -53.0857283222795360 -37.8189633996561057 -3.0985015966592973 44.9447310243183509 96.5018422991893914 133.3628101203635481 145.1967575534266643 98.5431098010316902 -38.7455170719724862 -286.7565708671087918 -635.6504544338000642 -1046.8715303365265754 -1448.9616801768606820 -1740.6072218128224449 -1784.7133382461311157
-2387.0512820512822145 -3076.3044871794872961 -3911.6250000000000000 -4752.6506410256406525 -5398.9166666666669698 -5574.8333333333330302 -5224.1282051282050816 -3605.3878205128203263 -2051.8750000000000000 -1039.1506410256411073 -555.6987179487178992 -561.7051282051281760 -563.1185897435897232 -605.4679487179487296 -647.2628205128205536 -676.2884615384615472 -660.6666666666666288 -597.2435897435897232 -496.5128205128204968 -378.7820512820512704 -293.5416666666666856 -236.2852564102564088 -208.8269230769230660 -185.1826923076923208
-575.9486329743165243 -795.5716652858326370 -1153.4183927091962687 -1635.8450704225351728 -2188.8102734051367406 -2698.1126760563379321 -3037.7406793703398762 -3125.7638773819385278 -2891.6172328086163361 -2192.8608119304058164 -1305.7489643744822843 -636.9345484672742259 -481.6793703396851924 -289.4134217067108352 -138.1905550952775457 -64.2054681027340450 -47.4697597348798652 -38.7149958574979323 -29.4183927091963540 -26.7042253521126760 -18.4250207125103564 -14.8177299088649548 36.7895608947804504 130.8989229494614790
2001.9493853940707595 2130.3380332610267942 2113.5737527114965815 1943.1493130874910094 1674.7874186550975537 1368.7281272595805603 1087.2241503976861168 846.3065798987707922 639.3221258134490199 460.7443962400578243 297.4732465654374778 162.5986984815618257 60.8629790310918324 -23.9063629790310905 -98.5600144613159728 -164.6691973969631135 -221.5404916847433014 -270.7086044830079459 -308.3720173535791673 -330.9020245842371537 -348.7798264642082700 -370.7321041214750608 -387.7997107736804310 -395.2866955892986311
-173.3258845437616458 -171.1275605214152620 -156.7076350093109909 -159.5405027932960991 -156.1634078212290433 -167.1918063314711276 -182.5069832402234624 -198.0465549348230923 -217.6736499068901196 -220.1564245810055809 -209.0153631284916287 -179.8058659217876993 -107.1662011173184368 0.8905959031657356 163.8635940409683371 392.8114525139664579 687.0986964618249431 1041.8007448789571754 1433.0889199255120730 1842.3105214152699318 2213.5209497206706146 2455.5265363128492027 2531.0656424581006831 2415.0605214152701592
-2625.7439613526571520 -2388.3140096618358257 -1412.7222222222221717 -45.0241545893719817 1295.9927536231884915 2322.0990338164251625 2906.2246376811594928 3009.2367149758451887 2679.0096618357488296 1843.5531400966183355 516.8212560386473342 -799.1932367149757965 -1607.9154589371980819 -2103.9661835748793237 -2630.5289855072464889 -2806.9975845410626789 -2154.5652173913044862 -830.1932367149757965 522.2391304347826235 1542.1086956521739921 2244.9420289855070223 2660.5217391304349803 2720.3067632850243172 2357.5410628019321848
96.6565295169946381 -5.1759093619558731 -112.2462731067382293 -219.5855694692903910 -320.7704233750745288 -447.6112104949314130 -647.0960047704234057 -958.4341085271317979 -1403.5611210494930674 -1943.1741204531901985 -2452.5163983303518762 -2762.5283243887893150 -2779.4669051878354367 -2514.7537268932619554 -1793.8700059630291435 -1111.3470483005366987 -926.5193798449612359 -798.6690518783542529 -639.5742397137745456 -526.6267143709004586 -458.5122242098986476 -404.8228980322003849 -353.8115682766845680 -310.4287418008348141
1436.7976588628762329 2244.4381270903008954 2807.1588628762542612 3070.2190635451506751 3007.9698996655520205 2594.7709030100336349 1896.1638795986621062 831.6371237458193946 -453.6321070234113790 -1498.4297658862876688 -2155.4197324414717514 -2565.4030100334448434 -2824.3093645484950684 -2874.5551839464883415 -2506.3377926421403572 -1743.0451505016721967 -737.1170568561873324 274.6053511705685537 1184.7290969899665924 2014.0451505016721967 2681.6204013377928277 3086.1571906354515704 3140.5033444816053816 2759.4247491638798238
-71.2711191932550889 -64.4718135228963405 -72.2575632335923359 -87.9983468341874726 -99.3443544387502016 -104.0362043312944280 -104.1082823607207786 -104.5197553314597485 -110.3934534633823716 -121.6247313605554581 -130.6701934204000679 -119.2180525706728389 -53.6728384857001188 90.5162836832534339 302.2630186807736550 517.1006777979831668 681.0077698793188574 735.9345346338237732 644.9578442717804592 416.8040998512150850 111.6083650190114014 -188.5566209290791733 -398.7381385352950929 -468.1854852041659569
-804.4049199185913039 -832.1922838686841715 -823.7156003893460365 -786.7583399699141182 -728.6152552871427588 -660.8486859569949274 -587.7325015485355379 -514.7323245730466397 -444.9603574904875813 -371.8324042120166268 -291.2363507654189902 -217.9266436598531129 -156.8464737633837842 -105.1652066188832890 -67.4227944429696464 -42.7647110875143781 -34.1022918325811872 -36.8441730820281421 -45.6337492257322381 -54.2331652066188852 -62.3380231837890477 -69.0751260950358414 -71.5666755154411049 -66.7070170781346832
62.9279999999999973 35.7263157894736807 9.7587368421052627 -5.0126315789473681 -6.1406315789473682 -5.0543157894736845 -10.9246315789473680 -26.8589473684210525 -47.1810526315789502 -85.0905263157894751 -185.3313684210526446 -381.8774736842105426 -693.6143157894737215 -1122.3288421052632202 -1599.1886315789474793 -2007.2286315789474429 -2221.5785263157895315 -2192.2673684210526517 -1898.6303157894737978 -1361.2303157894737069 -914.0168421052632084 -629.1747368421052897 -471.8067368421052379 -342.0829473684210598
1510.6019536019537099 1578.1504884004884843 1623.3214285714286689 1649.9810744810745291 1662.6358363858364555 1664.5738705738706358 1660.0027472527472128 1652.9288766788765770 1645.4539072039071925 1636.6120268620268234 1628.7176434676434837 1622.8253968253968651 1616.2316849816850208 1612.0390720390721526 1609.6797924297925420 1605.6370573870574390 1600.3757631257631147 1591.9133089133088106 1577.8733211233211478 1556.0692918192917205 1522.3589743589743648 1474.5882173382174187 1414.8012820512819872 1339.0796703296703072
13.9260042283298091 -117.8498942917547510 -282.2367864693446222 -474.3974630021141365 -690.8942917547568641 -932.7589852008457001 -1216.0761099365749942 -1565.1458773784354435 -2003.4735729386891308 -2540.1712473572938507 -3172.9365750528540957 -3851.1120507399577946 -4447.1458773784352161 -4832.1141649048622639 -4854.0507399577163596 -4451.7124735729385065 -3314.4756871035942822 -2308.1353065539110503 -1401.5285412262155660 -857.1818181818181301 -864.9217758985200817 -828.9344608879492853 -837.7822410147991832 -832.2262156448202859
-877.7304236200257037 -919.6970474967907876 -826.7881899871630367 -665.1540436456996304 -537.1925545571244811 -482.0860077021822576 -637.9589216944800683 -907.8100128369704862 -1195.8575096277279499 -1455.0423620025674154 -1522.5224646983313050 -1156.7933247753530850 -262.7086007702182542 950.0988446726572647 2039.3145057766366790 2547.4223363286264430 2263.3093709884465170 1377.2644415917843617 333.5288831835686665 -415.4801026957637760 -675.3363286264441285 -661.6983311938382712 -600.3825417201539949 -600.0924261874197327
-19.9797629218282786 -7.8820482699700980 -2.8070269115762496 -1.1060444254592054 0.5665313968389577 3.5469884664673215 4.1450768902178554 0.2870568133276378 -3.3080414352840668 -3.1368005126014524 1.3747330200768901 9.9318133276377623 21.5043784707389989 39.3213904314395535 66.2223942759504496 103.9128043571123499 153.1527659120034173 213.5618325501922357 282.9583511319948457 355.1870461341306964 421.9833938487825549 475.2873771892353716 503.2518688594617515 495.3321764203332123
-942.1695095948826975 -1277.2196162046907375 -1508.2292110874200262 -1671.4029850746269403 -1713.3880597014924660 -1556.3635394456289305 -1085.1204690831557400 -249.9211087420042645 760.9840085287846705 1699.6886993603411611 2312.5447761194031955 2395.4008528784647751 1975.6876332622600785 1233.8912579957357138 462.2025586353944391 -22.5820895522388057 -131.1172707889125775 -126.8049040511727128 -137.1183368869936032 -209.3688699360341161 -261.3283582089552510 -244.8091684434968158 -129.9541577825159777 -19.8443496801705770
2775.2225755166932686 2956.7901430842607624 2799.9634340222573883 2268.0937996820348417 1383.5771065182830171 209.8108108108108070 -977.4244833068362368 -1854.4260731319554907 -2311.1717011128775994 -2602.0206677265500730 -2732.0635930047697002 -2631.1526232114465529 -2121.7440381558030822 -1195.1430842607312570 -129.0683624801271776 873.3354531001589294 1763.7599364069951662 2504.2893481717010218 2990.0731319554847687 3143.5627980922099596 2949.6581875993642825 2345.2003179650237144 1455.3084260731320683 503.3672496025437226
-404.6900584795321834 -551.0994152046783938 -669.8040935672514706 -747.9736842105263577 -726.6900584795321265 -542.8976608187134616 -227.0292397660818722 211.9941520467836256 800.8245614035088238 1571.7807017543859729 2505.1257309941520361 3492.6023391812864247 4385.4093567251466084 4969.6198830409357470 5037.4473684210524880 4599.4444444444443434 3881.1315789473683253 3159.3596491228072409 2585.8099415204678735 2192.6315789473683253 1901.6198830409357470 1635.6257309941520361 1338.9883040935671943 994.1140350877193441
242.9715365799421818 337.9197242606181817 459.7682899710918605 513.5287969757615656 420.5850567044696504 144.3222148098732589 -273.0486991327551891 -721.0042250389147966 -1024.9103847009116635 -1065.9639759839892577 -851.2768512341560836 -536.6573271069602242 -286.9199466310873845 -145.8120969535245592 -81.6613297754058323 -58.9028241049588601 -49.2054703135423637 -22.3911496553257727 12.4585279074938846 43.3907049143873706 70.8796975761618882 89.3842561707805174 90.0473649099399580 71.9117189237269230
7.8952879581151834 9.3397905759162310 18.9324607329842927 21.7863874345549746 -0.2706806282722513 -45.5445026178010437 -119.6591623036649281 -224.4000000000000057 -349.9575916230366488 -479.1554973821989734 -616.7497382198953346 -784.7324607329842365 -976.8146596858638304 -1211.9204188481676283 -1493.1801047120418389 -1814.2486910994764457 -2145.8356020942410396 -2436.6675392670158544 -2636.4424083769631579 -2719.8345549738219233 -2685.7010471204189344 -2540.0654450261781676 -2345.6628272251309681 -2088.6178010471203379
156.8176437429537771 175.7643742953776780 225.1561443066516404 310.7446448703494752 435.8807779030439633 542.0729988726043302 537.5958286358511486 346.6662908680946771 -24.5822998872604295 -498.6324689966178312 -934.0972378804960954 -1162.1657271702367780 -1083.3314543404735559 -765.7948139797068734 -398.0814543404734991 -103.2573280721533280 30.0828635851183783 57.0524239007891794 65.9168545659526472 97.9337655016910986 139.2046223224351706 162.0073280721533138 174.8720405862457596 180.6299323562570578
-183.0297356828193927 -270.2841409691629906 -432.6123348017621311 -673.5969162995594388 -920.3689427312775706 -1209.4394273127752513 -1502.8898678414097958 -1718.1354625550661694 -1671.1167400881056437 -1101.2863436123348038 -28.8656387665198224 1157.0759911894272136 2077.8006607929514757 2379.3821585903083360 1968.6222466960352904 1187.7929515418502433 371.4229074889867661 -170.2951541850220281 -286.3469162995594957 -201.5088105726872243 -198.8766519823788599 -266.4702643171806358 -305.6255506607929533 -249.3314977973568318
0.9050387596899225 38.4166666666666643 39.4342700258397940 37.0513565891472894 33.4177971576227364 27.8301033591731262 25.0072674418604635 11.4207041343669253 -6.4420219638242893 -15.9538113695090438 -19.9995155038759691 -22.2771317829457374 -17.1826550387596910 -0.0290697674418605 31.9861111111111107 88.0952842377261049 184.8228359173126591 334.4589793281653556 544.0394056847545698 799.0066214470284649 1061.0815568475452437 1293.2527454780361040 1441.4039082687338578 1445.7879521963823208
41.8743246417664992 -28.5536762978623457 -180.4998825463941614 -429.6189805027014472 -758.9304674653511711 -1104.0176180408739128 -1369.1205073995772636 -1460.9830866807610619 -1368.3013859525487987 -1163.7188160676532789 -918.0493305144467513 -673.7484143763213069 -507.8000939628846595 -409.0119802677942289 -338.6568005637773240 -271.6525722339675895 -207.4587737843551736 -150.6373032652102495 -119.8010335917312688 -124.4789758045571944 -156.7054263565891574 -192.5207892882311569 -201.2245712943387446 -157.0366455250176045
1022.5729937393283535 1089.3908651109845778 1133.4708309618667954 1159.8188673875924906 1163.6822709163345735 1143.2613830392715499 1103.7037564029596979 1046.2418895845189581 969.4122083096186770 879.1623505976095885 782.4620091064314238 683.3201479795105797 585.4682697780307308 492.6094194649971314 404.4093625498007896 320.6531018782014826 239.7497154240182056 166.6794251565167997 107.8406374501991962 57.9052361980648840 16.5894991462720540 -17.9304211724530447 -45.0825270347182681 -70.6531018782014826
1030.8241469816273366 1009.0115485564303981 878.9543307086614732 694.4104986876640169 482.0162729658792387 258.3199475065616753 45.6813648293963226 -160.5118110236220446 -347.3611548556430648 -515.4307086614172704 -662.6480314960630267 -769.1267716535433010 -818.1307086614173159 -829.0585301837270435 -826.8868766404199278 -826.1656167979002703 -835.0099737532808604 -845.0152230971128802 -850.8272965879265257 -850.1818897637795089 -830.4325459317585683 -794.4364829396325831 -734.5296587926509346 -654.6947506561680257
-28.1742655772469277 -34.4294891785691988 -41.0521632466371429 -48.0302916900559254 -55.5972265535665997 -63.5267469178153377 -70.9955092621468253 -77.1342439551757764 -81.7789766939021661 -84.7700575895548809 -86.2211064679099337 -86.5056030270899612 -84.7663153080105616 -81.8424291565313240 -78.1414790328281299 -73.9110168610574050 -68.2282168028441305 -61.6581010000207925 -54.2012931661780897 -46.5220690658849492 -38.6845672467203059 -30.2281960123911091 -23.1196906380590050 -17.8579596249402286
-1267.0945783132531233 -1409.4481927710844502 -1567.0234939759036479 -1741.1186746987950755 -1923.4000000000000909 -2093.7650602409639760 -2231.2759036144580023 -2314.6825301204817151 -2358.1379518072290011 -2379.6168674698797076 -2378.3499999999999091 -2357.1132530120480624 -2326.0614457831325126 -2290.0204819277109891 -2242.6240963855420887 -2175.5054216867470132 -2108.6445783132530778 -2042.0680722891565892 -1972.3632530120482897 -1896.2975903614458275 -1812.9536144578312360 -1716.0096385542169628 -1606.1066265060239857 -1488.5921686746987689
-233.9982363315696716 621.0723104056437478 1512.7936507936508406 2263.0828924162256044 2847.6701940035272855 3140.8377425044091069 3121.4497354497352717 2795.3932980599647635 2192.1093474426807006 1310.9858906525573730 246.6878306878306830 -797.8977072310406129 -1609.9929453262786865 -2160.8059964726630824 -2538.6913580246914535 -2707.1552028218693522 -2637.2539682539681962 -2269.1093474426807006 -1622.4797178130511384 -862.7019400352734237 -97.2204585537918859 640.1622574955907794 1323.6578483245150437 1838.4074074074073906
-723.1855964467005151 -756.7872250423012019 -775.2211294416243845 -783.6461505922165998 -783.1723773265651971 -776.5307741116751004 -769.4782148900169432 -762.7007191201353180 -761.7280033840947908 -768.2710448392555236 -774.2634306260575840 -767.6665609137055526 -743.5553087986463652 -700.8431683587140242 -644.6568316412859758 -584.0450507614212938 -515.5041243654821983 -446.6396996615904982 -379.5066624365481971 -315.8280456852791644 -258.5067681895093301 -211.4303087986463652 -173.4127538071066112 -145.6455160744500859
-225.5489579237121518 -269.7286669288242251 -329.5806789880718384 -399.5549875475160775 -460.0511207235548454 -501.7793944160440560 -529.4721457596015171 -559.1401232140516413 -589.2982042207366931 -603.0811377637960504 -597.6774151264910415 -564.6152837855551070 -499.5962773626949911 -407.9577926333726623 -293.1827238170140504 -161.2894219425874951 -20.6732206055839569 114.7048105911652840 240.2211298990693535 347.7441342246690397 437.1894088347096385 502.6591951763009547 531.9849259404902568 520.6088609254161383
57.1792873051224930 39.8685968819599097 43.0066815144766181 -6.8145879732739418 -166.9749443207126944 -475.8769487750556664 -979.1391982182627771 -1596.6286191536748902 -2134.8802895322937729 -2427.0322939866368870 -2406.0857461024497752 -2046.5194877505568911 -1315.3201559020044442 -720.0584632516703323 -483.9381959910913338 -238.5389755011135833 -35.8752783964365278 81.4454342984409863 168.9031180400890833 269.6887527839643894 371.5851893095768332 457.3791759465478890 506.0818485523385561 501.3073496659242778
-501.7417455848477061 -484.6210647555669198 -474.7294599436908129 -471.2943434860506500 -464.4512413616585604 -444.3551318146915605 -404.6947786025083360 -339.8551318146915605 -244.7614538008702425 -128.3702329152802690 -6.6883798310724343 108.6739186076273285 212.9950089582800103 310.0314819554645283 405.6902994625032193 500.1504991041720132 585.8372152546711504 645.3620424878423592 665.4475300742257105 655.3422062963910548 622.0871512669567664 572.0216278474532601 521.2466086511390131 469.7870488866137748
-1814.6054540179866308 -1891.7238178125905961 -1789.9553234696838899 -1524.4020887728459002 -1154.5117493472585011 -791.1673919350159849 -448.7861908906295412 -207.6852335364084752 -73.8624891209747574 3.5883376849434292 35.0542500725268340 47.0234986945169737 43.6521612996808841 20.8607484769364682 -9.7133739483608927 -33.8700319118073665 -51.4328401508558173 -50.3646649260226269 -43.4287786480997937 -44.5361183637946070 -57.7684943429068767 -82.3997679141282333 -110.6608645198723480 -118.7885117493472649
-224.9101906158357735 -294.0150293255131828 -385.7730938416422077 -492.5487536656891621 -618.1099706744868172 -761.9387829912024017 -924.7159090909091219 -1103.4827712609969694 -1297.6565249266861883 -1497.3258797653959391 -1697.2331378299120388 -1892.6730205278593075 -2063.2382697947214183 -2190.4989002932552467 -2257.3889296187685432 -2259.4343841642230473 -2209.4365835777125540 -2124.6337976539589363 -2019.3552052785923934 -1902.8031524926686870 -1770.4450146627566482 -1637.6374633431084931 -1505.2675953079178726 -1372.5960410557183877
2487.4865771812078492 2642.7231543624161532 2727.5313199105144122 2744.5240492170023572 2711.4927293064874902 2635.8182326621922584 2532.3713646532437451 2404.3506711409395393 2267.0878076062640503 2121.5777404921700509 1976.5374720357942806 1832.1079418344518217 1687.6722595078299491 1544.3954138702461023 1411.0296420581655639 1296.6364653243847442 1203.6526845637583847 1121.2516778523490757 1051.2796420581655639 990.4401565995525516 935.0290827740492432 875.8171140939597308 815.3473154362416153 758.9916107382550763
-96.2667988107036621 -127.6109018830525343 -172.8269573835480628 -231.4864222001982057 -301.1849355797819499 -375.2812685827552173 -453.3234886025767878 -536.1863230921704826 -627.0035678889989867 -727.9857284440039393 -828.6019821605550533 -924.3030723488602689 -1012.6124876114964763 -1087.3609514370664328 -1145.4951437066401922 -1195.4929633300296246 -1245.9674925668978176 -1302.4097125867194791 -1363.5266600594648025 -1423.7496531219028384 -1469.0218037661049948 -1488.6669970267591907 -1467.1135777998017602 -1395.9298315163528059
539.6755277560594095 735.7083659108678830 992.0734949179046680 1284.9046129788896451 1616.2408131352619876 1963.6473807662237050 2298.5652853792025780 2590.8889757623142032 2766.9569976544175915 2778.1368256450350600 2625.3956215793587035 2344.9499609069584949 2016.3455824863174257 1660.6028146989835932 1313.6067240031275105 988.6591086786552296 682.4566067240031089 398.9257232212665940 133.5121188428459789 -98.5637216575449600 -266.3346364347146391 -378.2095387021110469 -458.5629397967161935 -531.5394839718529738
-215.5377162629757777 -158.4484429065743996 -81.1577854671280221 9.1660899653979246 159.8754325259515667 398.4290657439446477 713.3633217993079825 1085.1778546712803291 1488.4671280276816105 1844.9204152249135404 2035.6865051903114363 1992.5702422145329820 1733.3868512110725533 1299.3453287197232839 771.3972318339100411 197.6034602076124429 -349.5737024221453453 -796.5328719723183895 -1104.8989619377161944 -1242.7114186851210889 -1208.7508650519030198 -1090.7951557093424526 -950.7314878892733532 -821.5688581314879002
1710.6597612359551022 1848.0389747191011338 1961.9648876404494331 2039.8753511235954647 2064.6941713483147396 2028.1302668539326532 1937.8356741573034014 1799.1077949438201813 1628.6193820224718820 1444.2380617977528345 1254.4143258426965986 1067.1576544943820863 893.9926264044943309 734.2099719101123583 589.2377106741572561 459.5509129213482993 345.0203651685393424 247.4220505617977608 164.7710674157303288 94.5365168539325822 32.9375000000000000 -18.5519662921348321 -61.5586376404494402 -102.6264044943820295
2206.9048706240487263 2302.0030441400303971 1919.7488584474886011 1187.6613394216133202 321.7374429223744414 -480.5433789954337840 -1012.0418569254185286 -1237.6811263318113561 -1227.4444444444443434 -1039.3683409436835063 -766.9330289193302406 -490.9155251141552299 -263.7640791476408140 -89.3812785388127793 38.0654490106544898 128.2458143074581471 169.2640791476407855 193.8173515981735022 221.2488584474885727 250.3584474885844884 287.8561643835616337 328.1940639269406574 320.9817351598173332 259.0662100456621033
-1220.6623036649214100 -1949.5445026178010721 -2494.9816753926702404 -2577.0392670157066277 -2060.2774869109948668 -893.3324607329842593 593.4214659685864035 1848.3952879581152047 2652.0366492146595192 2954.4947643979057830 2814.1832460732985055 2257.3534031413614684 1072.2460732984293372 -402.8141361256544428 -1372.1308900523561078 -1931.8507853403141326 -2560.6623036649216374 -2865.9869109947644574 -2280.2722513089006497 -887.1544502617800845 574.8115183246072775 1645.3010471204188434 2201.6858638743456140 2383.0549738219897336
29.6574027916251239 54.6319790628115669 89.1817671984047848 129.7149800598205331 173.2391575274177455 217.4140079760717867 260.3805458624127596 302.2681954137587468 339.3101321036889431 370.0887961116650331 393.1442547357926287 408.7791001994017961 416.3719466600199439 412.0995762711864359 394.0909147557327969 365.4412387836490552 330.7086864406779796 291.0758973080757528 251.8290752741774554 215.3378614157527409 183.2637088733798691 152.7597208374875493 121.9681580259222358 93.9991276171485595
-15.2304309586631490 -31.6868953386103769 -49.9920844327176752 -43.8416886543535611 -24.3254177660510109 -26.3755496921723847 -36.8302550571679888 -35.6323658751099401 -13.9885664028144241 36.7704485488126664 85.5417766051011483 155.8381706244502993 189.0202286719436984 102.3940193491644663 -131.0668425681618317 -511.1732629727352446 -1044.9912049252418456 -1635.9023746701845994 -2191.7308707124011562 -2428.5734388742303054 -2149.4828496042214283 -1250.5936675461741743 370.2673702726473266 1040.5013192612136663
1590.6604477611940638 1367.6753731343283107 578.7985074626865298 -412.2611940298507420 -1439.5820895522388128 -2319.8843283582091317 -2821.6156716417908683 -2391.9253731343283107 -935.2611940298507989 793.4552238805970319 2131.6007462686566214 2761.6044776119401831 2760.4813432835821914 2330.8656716417908683 1408.7313432835821914 39.0111940298507491 -1078.5783582089552510 -1700.6679104477611872 -2201.2201492537315062 -2337.8208955223881276 -1560.9253731343283107 -192.5708955223880707 1124.1305970149253426 1845.3097014925372150
-722.3428070858477668 -712.6065797157874613 -645.6242943352151542 -533.9028615923690495 -374.2655246252676875 -186.7251313996495981 6.5616118357017719 201.9982480046719786 391.6603075725131475 557.1045357212381077 678.6281876581662118 746.4490948024138106 752.6198170138212618 714.1590422425540510 656.2178314191162372 599.8098111738369198 545.3169164882226596 480.8283044578547560 415.9653494257348711 355.1479462721432583 304.6569982480046974 262.4512361300369889 219.3574070469145454 159.0800077866458935
-147.7179878048780495 -1002.8978658536585726 -1742.8201219512195621 -2213.5823170731705432 -2466.0533536585367074 -2592.7637195121951663 -2541.7774390243903326 -2095.1600609756096674 -1212.6189024390243958 -117.1676829268292721 939.5137195121951663 1885.6204268292683537 2671.5259146341463747 3186.3292682926830821 3327.8277439024391242 3110.5335365853657095 2479.1935975609758316 1482.7682926829268126 299.6585365853658800 -801.2804878048780211 -1671.3125000000000000 -2240.8795731707318737 -2526.6448170731705432 -2447.0076219512193347
289.3543378995433955 229.4410958904109634 168.5315068493150648 130.0222222222222115 138.0894977168949822 200.7975646879756368 309.8617960426179820 440.9884322678843205 489.6508371385083933 366.0642313546422884 42.2021308980213092 -443.5850837138508496 -967.1025875190258603 -1339.6423135464231109 -1419.4493150684932061 -1186.7911719939118029 -769.9257229832571738 -384.5153729071537327 -149.0414003044139974 -61.0191780821917789 -94.7175038051750420 -120.0438356164383578 -101.6818873668188701 -48.6523592085235919
371.7414676592864566 386.3725708208449987 374.5402204389442318 345.5586870347094646 304.5514357536497982 258.0943633375229638 212.4444068452093290 172.5910277482355184 140.8562312675239241 116.9123561829256488 95.3582132843469026 76.3426472010055051 60.2159914918302235 45.0271681330368381 30.6731122498308046 18.0967804312095133 8.7244996616068846 2.4947790776370491 -2.9277288987721164 -7.3271294595378516 -10.6919172387121719 -11.9510780237842020 -13.1271874697863282 -16.3534757807212614
-1529.4779787652378218 -1592.6838379866298965 -1607.0127801808887398 -1574.5674400314590002 -1500.9882029099487681 -1396.7243413291387242 -1277.6541486433345653 -1160.0161226897364486 -1053.4738497837199702 -956.3885174990168707 -873.5037357451828939 -811.2123476209201272 -771.0212347620920355 -745.8659064097522560 -731.3714117184428005 -721.6677152968934479 -719.5501376327172238 -728.0460086511993723 -740.0585922139205195 -750.5198584349193425 -755.7345654738497842 -752.0045222178529229 -732.4844671647659879 -692.5684231222965082
1904.3941877794336506 2021.5879284649777219 1896.7220566318926558 1614.0409836065573472 1267.3323397913561621 918.8457526080477464 607.8695976154992877 330.7369597615499401 65.2026825633382998 -191.4932935916542363 -401.3748137108792662 -598.6684053651266595 -845.5774962742175376 -1162.3822652757078231 -1548.9307004470938409 -1967.7645305514158736 -2296.9307004470938409 -2408.8703427719819956 -2298.5342771982118393 -1923.7771982116244089 -1457.0447093889717962 -1063.1892697466466871 -850.4850968703427725 -583.6028315946348357
-103.8171296296296333 -113.7598379629629619 -119.7430555555555571 -123.0367476851851904 -114.4007523148148096 -95.5188078703703667 -79.0332754629629619 -63.9710648148148167 -56.5263310185185190 -58.1869212962962976 -73.7479745370370381 -125.2146990740740762 -218.9745370370370381 -355.0023148148148380 -545.5986689814815236 -745.9126157407407618 -905.5138888888889142 -929.3666087962963047 -748.7806712962963047 -378.6767939814814667 144.0020254629629619 588.3269675925926094 796.0361689814815236 841.5266203703703241
