199.4433249370277110 201.8561580273101015 204.8193026647222723 205.7120509081267414 205.3609969508153199 207.6686994564497013 211.9079941667771436 215.4244995359936468 220.9870078218215497 227.5542887445313625 235.1456979981439872 241.4703698793583442 243.3444252949754798 239.5947235847805814 229.9757390958504573 213.7376375447434782 190.5770913429669804 161.2570595253877741 129.3352777409518808 97.8450218745857114 66.8361394670555455 43.3474744796500033 26.5220734455786840 23.6539838260639002
-560.9324274697025885 -577.4825560044068880 -584.1516709511568024 -587.0859346309217699 -585.6390011017260804 -580.0282776349614551 -571.5776716856408939 -558.8483290488431976 -544.2291590157914243 -530.1726037458685141 -516.5872199779654466 -498.9977965479250770 -478.5530664708042536 -457.5787734116782985 -434.4193903782592656 -406.8160117517443837 -378.1872934263680008 -349.2794711715019957 -322.1156812339331736 -296.7080426000734406 -274.4425266250459003 -257.3327212633125214 -246.7601909658465047 -247.0235034887991219
-859.5254237288135073 -1069.3361581920903518 -1022.0423728813559592 -714.2146892655367765 -304.0028248587570374 71.4745762711864359 352.0225988700564699 469.1412429378531215 504.0621468926553916 492.3700564971751419 424.4576271186440408 351.9350282485875709 312.0593220338982974 327.4971751412429626 388.9265536723164018 470.2429378531073212 520.7542372881356414 507.0847457627118615 431.3898305084745743 327.4265536723164018 230.1440677966101589 144.3728813559322077 74.8757062146892594 29.5225988700564983
20.8195282501371359 0.6796489303346133 22.4854635216675796 64.2298409215578658 140.1651124520022051 243.6138233680746055 351.7251782775644529 451.5754251234229173 535.7109160724081676 595.2846955567745226 635.7739989029073513 646.9171695008228653 629.8568294020844860 602.3889193636862274 575.3795940756994014 558.4980800877674483 545.4053757542512813 531.5403181568842683 521.2057048820624914 512.5660998354361482 504.7240811848600970 497.8447613823367988 493.5452550740537845 493.9670872188700059
50.8281597904387681 51.4229207596594620 53.8793713163064822 55.9506221349050392 59.4037982973149994 64.2525212835625439 68.0802881466928653 68.8269810085134282 64.6349705304518665 54.7989521938441371 41.0840864440078590 22.8946954813359511 2.6983628028814670 -19.2098231827111974 -41.8286836935167017 -64.7845448592010484 -86.2487229862475431 -104.7724950884086468 -119.4234446627373956 -131.1286182056319660 -140.3937131630648310 -145.1345121152586728 -146.4196463654224090 -139.1292730844793653
349.8057851239669276 331.7721369539551119 314.6068476977567911 301.1906729634002318 289.4226682408500437 277.1800472255017667 272.8884297520660880 272.1635182998819573 282.5088547815820448 293.8559622195986094 306.1971664698937161 339.2685950413223281 373.3134592680047490 419.6340023612750656 478.5844155844155807 557.3565525383706927 650.0572609208973063 752.8353010625737625 847.4462809917355344 922.1505312868948749 964.5938606847697656 965.4061393152302344 927.7042502951593406 863.2556080283352458
406.0291627469426317 400.9087488240828065 397.6812793979303819 403.2131702728128175 416.3358419567262558 437.8530573847601204 464.2684854186265397 496.8970837253057198 534.8474129821260021 566.5317027281279252 589.3527751646283832 607.1535277516462656 609.6233301975540826 594.9126999059266154 562.9851364063970323 518.6635936030103267 464.5471307619943673 413.3307619943556119 370.0184383819379264 334.1463781749764621 306.8449670743179922 288.0312323612417913 280.4316086547507325 287.4805268109125223
377.3166797180892900 385.3202819107282835 380.0801879404855299 364.1682067345340670 338.2722004698512137 305.2097102584181698 272.1393891934220619 243.4394675019577221 217.4391542678151836 192.9086922474549795 171.0280344557556873 155.8526233359436048 147.5592795614722093 143.5407987470634339 142.9162098668754766 144.7694596711041584 147.9232576350822228 148.9456538762725017 146.9583398590446279 143.5705559906029691 137.1220046985121428 130.0441660140955378 126.8098668754894334 126.1035238841033674
325.7583289264939026 332.2622950819672383 369.9619249074563641 444.8746694870438887 538.1316763617134029 650.1147540983606632 766.2675832892649623 860.7191961924906991 918.5081967213114922 931.3495505023796568 899.3717609730301774 828.0502379693283501 731.4590163934426528 627.6583818085669009 537.4965626652565334 461.7340031729243606 405.6329984135377913 377.7964040190375385 374.5912215758857542 394.8651507139080081 427.9645690111052545 481.0888418826017983 565.9629825489158748 616.5473294553146388
853.2170818505337593 951.3362989323843522 898.2793594306049272 705.6548042704625914 413.8950177935943202 100.8558718861209940 -223.3665480427046361 -539.0640569395018247 -795.2935943060498403 -927.7241992882562727 -892.1743772241992474 -715.3274021352312957 -521.2615658362989279 -394.4021352313167199 -286.8576512455516081 -112.9128113879003621 109.3362989323843379 322.2081850533807597 504.6067615658362797 605.9786476868326872 612.0177935943059992 534.1814946619217608 374.2206405693950160 175.9804270462633440
734.3028764805414994 647.1505922165820266 511.2791878172589008 372.2182741116751004 269.1759729272419577 208.0896785109983114 175.1844331641285919 172.5532994923857757 211.9306260575296221 288.8172588832487122 370.9221658206429879 482.8426395939086433 636.4551607445008585 822.8646362098138525 1015.7428087986463652 1170.8561759729273035 1270.1235194585449335 1294.2216582064297654 1238.5329949238578138 1095.5922165820643386 862.6818950930626215 553.5702199661590157 275.1658206429780194 121.3908629441624356
-8.7676172519443796 -15.7150600989865659 -24.4591091209050191 -31.7230732971953806 -37.0744756068819257 -39.8689606410558568 -39.0386518972425165 -32.3141645062455822 -17.1286825359415502 9.2347395710582134 44.9441432948385611 88.7678529342446438 138.2710346452981298 191.3763846335140215 233.5500824888050886 247.6898420928588394 232.1956163092151826 186.5434833843978311 123.8404430827244909 59.4704218713174626 4.7002121140702338 -37.1828894650011819 -62.5543247702097602 -69.6521329248173515
673.8949386503066989 688.9413343558281895 696.9075920245398947 691.3297546012270232 675.3746165644171242 652.8769171779141516 626.8746165644171242 594.4470858895705305 558.5256901840490400 518.9953987730061726 476.2523006134969137 430.7105061349693074 384.2220092024539895 340.8531441717791495 307.0122699386503200 276.2626533742331389 245.0302914110429526 216.5525306748466221 186.2998466257668611 157.1115797546012232 128.2887269938650263 104.3171012269938700 90.4455521472392689 93.1832822085889632
74.3833666455418552 74.1519036708428843 74.6744503485594464 75.5616438356164366 76.2526690391459141 76.8062204455710997 77.3753229659240418 78.2480378296689878 79.2128406376444190 80.0936966801540535 80.2175205966947829 80.0639106907814551 80.3419295081168059 81.2046994588797304 82.2583239896650866 82.8182615902110797 83.1473699605128473 82.7186174620971997 81.7400185248379074 80.4290937454297250 78.6849315068493098 76.9732852337542113 75.6472480865792392 75.2627114512747966
566.8639957828149818 587.3663679493937479 606.9604638903531395 633.6610437532946207 670.7828149710068146 700.8518713758566037 720.2698998418555902 719.5123879810226981 698.1497100685292025 656.8165524512387492 592.7606747496046182 513.5793357933579273 433.9920927780706279 369.9409594095940861 324.7253558249868206 310.6151818661043649 333.0469161834475358 390.1966262519767952 511.8613600421718388 691.1375856615709381 877.2846599894570545 996.1022667369530836 1032.2730627306273163 1002.9746968898260775
915.2349358974358893 925.9387820512820326 927.6112179487179219 926.6275641025640653 921.3355769230769283 912.9339743589744103 905.8657051282051498 899.2573717948718013 896.8266025641025863 892.9762820512820554 887.5701923076923094 890.3028846153846416 901.4227564102563974 913.2493589743589837 921.3387820512820099 920.5740384615384073 902.2673076923076678 875.3134615384615245 823.6288461538460979 761.8743589743589837 691.0602564102564429 623.9291666666666742 590.2400641025641335 585.2596153846153584
262.2190300474433116 264.6565629942013516 265.5521876647337649 260.0898787559304424 247.7580390089615321 228.8668950975224163 206.1686874011597297 182.7369530838165588 159.0537691091196564 137.4008961518186709 119.6947812335266264 104.2920400632577724 92.0363732208750633 83.8460727464417488 81.2301001581444382 89.1296784396415376 112.2965208223510842 151.8352662098049564 210.1831839746969024 278.7456510279388340 357.0466526093832158 422.0179230363732472 469.5063257775435090 476.1631523458091806
75.9034759358288795 69.3748663101604279 62.1902406417112275 52.6810160427807475 41.0070855614973269 29.0377005347593595 21.1438502673796798 17.1487967914438499 18.4149732620320847 26.5489304812834241 43.6048128342245960 68.4475935828877056 100.4405080213903716 135.9204545454545325 172.1760695187165879 207.1605614973261993 236.6696524064171001 259.6264705882352928 271.6176470588235361 273.7291443850267569 268.8486631016043020 258.3921122994652251 245.3092245989304843 232.9447860962566779
-160.8861439312567256 -179.9964196204797702 -184.5893304690297043 -175.5603293949158683 -153.2885785893304558 -118.1432151808091646 -76.0429645542427437 -28.3540995345506630 27.3873970640887947 81.8052273540995287 131.1023988542785617 178.7576083064804777 217.3827425707125087 251.6015037593984971 282.1453634085212911 302.5209452201933686 312.4718940207662286 321.7404224847833802 328.8449695667740684 337.3204439670604984 341.6824203365556514 345.5023272466881394 345.6630862871464274 337.4930182599355248
-673.2349098510583190 -682.6226809511366582 -690.8497517637836154 -697.6853932584269842 -703.2359550561798187 -706.9971256859158757 -708.8087274627645229 -709.5414162529395981 -710.7112620851842166 -712.0276979357198570 -712.6561275150248775 -711.4638097726679007 -709.6597857329501267 -708.3650378886856060 -706.7423569375489478 -704.7940945910635264 -703.4225241703684333 -702.1583485759080077 -699.9874575385418893 -697.2309903318525812 -694.1570420695061330 -689.4933368173503823 -682.8698719623725992 -674.1147112620851658
139.5968677494199426 141.2396558391338033 142.7228828306264461 143.8078112915700046 143.5806264501160001 141.4442188708430024 138.1860982211910311 135.1401778808971414 132.8266144624903404 131.6227764887857745 131.2945185614849208 130.3788669760247387 129.7838360402165563 129.5968677494199426 129.7819025522041727 130.8456593194122206 131.9191802010827530 133.2145688321732280 134.6700019334880096 135.9771365042536786 136.3720030935808154 136.5062354988399136 136.0031902552204315 135.5894721577726330
836.0630407911000930 948.0259579728059407 1016.8516687268232772 1041.7725587144623205 1003.5241038318912388 894.1334981458591074 715.9703337453646554 515.4548825710753590 319.5550061804697179 169.0383189122373437 56.1384425216316458 -4.3757725587144627 -7.8627935723114959 26.9530284301606926 92.6996291718170511 169.3943139678615637 250.5970333745364655 312.4845488257107604 356.4932014833127596 382.1928306551297965 384.1681087762669904 385.5611866501853910 384.8071693448702035 376.2051915945611995
628.8083623693379423 706.6454703832752102 798.8432055749128722 889.8414634146341768 968.0905923344947723 1016.5322299651568301 1035.3040069686410334 1014.7970383275261383 941.8571428571428896 810.5426829268292295 655.8162020905923555 482.1550522648083756 322.8667247386759414 201.4808362369338113 118.8501742160278809 98.3571428571428612 126.8902439024390247 192.2160278745644462 282.8371080139372680 371.1533101045296235 451.9486062717770096 509.4120209059233275 553.9207317073170316 588.0217770034843170
855.2112817568537366 868.7694847136500584 885.7071910434907522 892.3417539830629721 895.0881297545571442 893.4320367446533737 894.6431749677049083 898.1738194344768544 896.4590210994689414 891.1267403473517561 884.3631405195923207 877.4102196067174191 868.4280177981914903 859.1631979331132243 852.0585617913018268 850.9909573704607055 856.2349648342184310 867.7436486292522204 882.1656380077507720 895.0612889335438922 906.5784412229079408 911.0945887756566890 907.1122434333285582 895.3769197646045086
406.0626808100289509 412.4956605593056906 420.4320154291224867 433.6837029893924864 446.8360655737704974 458.4985535197685635 463.0096432015429286 463.1002892960462987 461.8765670202507181 460.7107039537126525 467.5188042430086739 474.6152362584377897 494.7791706846672923 514.5053037608486193 523.5014464802314933 517.5660559305689503 479.7213114754098342 376.0636451301832039 220.9633558341369337 30.4985535197685635 -132.8167791706846685 -238.9035679845708842 -277.0308582449372921 -221.4522661523625970
-114.2289818667085370 -116.6968364863804055 -120.3315801868278498 -123.3399010911374489 -125.8530496899285680 -127.8828008477902500 -129.4479158489677388 -129.5355208415103334 -129.3599968600361194 -127.7843629798257297 -125.0266896930685334 -122.5960436454980709 -120.5016092314938447 -118.1086427506083680 -115.4340215087526502 -113.0113038700054915 -111.9360232357327902 -111.6648088546981654 -111.5450977313760887 -111.8941832168930119 -111.4863019075280590 -109.9629484260931065 -108.4471308579951341 -106.6694403014365378
-409.6898358365351100 -410.1959483059727631 -414.5805099545930830 -420.5808592385609472 -426.1938526021655775 -433.8599371288858038 -448.2591687041564796 -462.9668180230527241 -482.1830247991617284 -503.9514495284666395 -526.2546280125742442 -548.6594481313308052 -573.1767376877401148 -597.2245895913378035 -620.2839678658749563 -638.8784491791826667 -650.6636395389451764 -658.9109325881942141 -661.0328326929793548 -657.8913726859937015 -647.6115962277331164 -637.0202584701362412 -625.5298637792525369 -606.5871463499825040
972.8755426917510931 999.3082489146164562 988.6353111432706555 910.0405209840810130 748.1736613603472961 558.7091172214181825 364.5484804630969506 197.1287988422575950 86.6034732272069476 42.2344428364688866 59.6136034732272080 127.9493487698986911 232.8219971056439874 329.1331403762662831 430.7612156295224395 545.6729377713459144 682.2547033285094358 800.8654124457308399 916.4717800289436127 996.3140376266280782 1041.0520984081042570 1042.2344428364688156 969.6845151953690447 843.9609261939218641
-225.1106321839080522 -231.9568965517241281 -233.8692528735632266 -231.4655172413793025 -230.5545977011494188 -229.5021551724137794 -222.9608477011494188 -211.9015804597701162 -197.4859913793103487 -179.2629310344827616 -158.0057471264367734 -125.9080459770114970 -88.9755747126436773 -48.3793103448275872 1.2140804597701149 57.1099137931034448 111.6813936781609158 162.9630028735632266 211.3229166666666572 249.2683189655172384 275.9522270114942444 286.9579741379310462 283.8782327586206975 269.9238505747126169
340.2138876668133207 340.4032116146062208 342.4073177885320547 345.0813169086376320 347.8627364716234069 349.2428508578970536 349.6173925795571336 349.8195483208681367 350.7643349464730704 353.4672239331280252 356.4677372048687403 358.6254582783399201 360.2215867429241598 361.7759202229065636 363.0720046927701787 364.3586302976976299 364.9997800263968202 365.2924915676785531 365.5280832966710705 364.9388473383194196 363.9791758322334658 363.4468397125678507 362.8647895585863239 361.6008945593195563
-511.7760180995475139 -355.5475113122171820 -62.6832579185520373 301.6945701357466305 667.1153846153846416 932.2556561085972362 1054.9638009049774610 976.5791855203619889 749.1719457013574583 472.2624434389140333 171.8031674208144750 -148.7941176470588118 -441.1063348416289500 -667.0022624434388945 -812.4298642533937027 -850.3303167420814361 -757.6968325791855250 -596.9411764705882888 -470.4230769230769056 -371.6447963800904972 -238.7307692307692264 -50.5859728506787363 155.3009049773755521 355.4751131221719334
-23.9491189863393394 -30.6656107701445251 -27.5808750742427229 -16.3450801821421514 2.5648386458127104 31.7071866957038218 68.1233419124925774 110.1389823797267837 154.7319342704414851 197.3819045733518180 228.4686200752326215 233.9879231835280109 210.1292813304296203 166.4690160364284282 112.8459710948327057 62.7428232033260755 22.4711938230053470 -3.7792516333399329 -20.3856662047119386 -27.6143337952880614 -26.6293803207285684 -22.9305088101366081 -13.7246089883191456 -2.3136012670758266
298.8922863558314589 299.2624488178576030 300.3018755778629156 301.1703209615638457 300.6435081231012987 300.2418438779553753 299.7671377625148352 299.7730814951789853 299.8857482499009279 300.6151102892616791 301.1470743626997546 301.3595958261788610 300.7782987716285561 300.1437722889974680 300.0607581561220627 299.7230880993263895 299.8599260335490726 300.6308942015585899 301.9514595165763922 302.6869634130233635 302.8446044115704581 302.7672698454629767 302.2084929335622974 301.2281072513538334
-208.3864249903586483 -211.6255302738141211 -201.6498264558426570 -183.9236405707674464 -157.2375626687234842 -124.4319321249517998 -88.2927111453914364 -47.4523717701504069 -7.5136907057462397 28.5595834940223696 53.5495564982645575 65.4145777092171272 59.4701118395680695 37.2876976475125304 -1.7747782491322792 -46.6058619359814870 -97.9301966833783268 -151.5113767836482737 -202.3740840725028818 -245.0948708060161891 -277.2815271885846755 -297.5877362128808272 -302.7473968376398261 -292.2213652140378031
901.6899365367180508 940.6409791477788076 807.5158658204895801 568.0353581142338726 330.0589301903898445 154.4877606527651892 58.3318223028105152 26.7914777878513135 56.2302810516772453 130.2184950135992665 217.7379873073436158 294.0253853127833281 343.7361740707162312 368.7842248413417678 376.6464188576609331 371.6246600181323743 365.2085222121486936 355.1033544877606687 334.6844968268359253 309.4950135992747278 289.9320036264732607 269.8440616500453189 261.6464188576609331 269.1078875793290877
1509.8860294117646390 1570.3933823529412166 1484.1213235294117112 1276.4375000000000000 958.1764705882352473 549.2757352941176805 133.6911764705882320 -170.7279411764705799 -310.1764705882353041 -228.0845588235294201 31.2794117647058840 402.9411764705882320 784.7279411764706083 1148.0661764705882888 1421.9411764705882888 1556.0992647058824332 1581.1102941176470722 1480.9669117647058556 1256.9522058823529278 963.6911764705882888 658.7279411764706083 368.5294117647058556 149.7389705882353041 51.0477941176470580
124.2437655860349111 127.6820448877805489 126.7774314214463800 114.8528678304239463 89.0754364089775521 57.0423940149625963 10.8852867830423943 -50.2312967581047403 -123.0349127182044953 -202.3528678304239463 -280.3921446384039768 -349.2281795511221958 -402.7605985037406526 -433.3254364089775663 -452.5504987531172105 -465.5268079800498526 -472.4226932668329368 -466.2281795511221958 -456.8790523690773284 -445.2855361596010084 -427.8559850374064695 -406.1589775561097326 -383.5255610972568547 -359.4326683291770337
381.9105802047781708 314.3003412969283090 387.9549488054607309 629.5358361774743798 881.1467576791808369 1070.6962457337883734 1105.9051194539249536 1047.8689419795221056 980.9235494880546185 897.3829351535836167 836.1761092150170498 802.4225255972696687 788.2832764505119485 815.0491467576791820 850.4252559726962772 876.6402730375426700 893.1133105802048249 897.7215017064846734 898.6218430034130051 893.3378839590443476 891.7569965870306987 895.6020477815699223 901.1419795221843287 900.1392491467577202
-432.0237500000000068 -460.5570833333333098 -466.6258333333333326 -461.3816666666666606 -440.6729166666666515 -407.0412499999999909 -362.2599999999999909 -311.1424999999999841 -258.4641666666666424 -203.6870833333333337 -150.2662500000000136 -101.9124999999999943 -59.8766666666666652 -26.6554166666666674 -3.0466666666666669 11.3362499999999997 19.4695833333333326 19.2516666666666652 15.3570833333333336 10.2891666666666666 1.5229166666666667 -2.8208333333333333 -9.3766666666666669 -14.9875000000000007
741.0885245901639564 757.7920374707259725 770.1494145199063723 782.1489461358313520 793.2894613583138153 802.1405152224824633 799.4749414519906168 786.2379391100702151 776.9948477751756855 773.9025761124121345 776.7362997658079848 778.0079625292739820 779.2716627634659972 790.8613583138172771 799.4908665105386945 797.6149882903981734 766.2618266978922748 692.0459016393442653 592.4065573770491255 467.7756440281030450 341.6754098360655689 247.9086651053864045 189.0889929742388631 198.1718969555035130
-139.7964396284829718 -146.3510061919504608 -154.4222136222910251 -164.5773993808049624 -173.5241873065015454 -181.1147445820433575 -188.7859907120742946 -196.0801083591331349 -201.9154411764705799 -211.7654798761609811 -222.6555727554179498 -237.4315015479876081 -255.4541408668730753 -275.1708591331269531 -295.8384287925696867 -318.2712848297213668 -337.4444659442724515 -353.1517027863777116 -367.3601006191950660 -376.3839009287925705 -382.5371517027863888 -385.8465557275541755 -385.4589783281733730 -375.8641640866873104
14.7867383512544794 26.1594982078853029 32.7562724014336908 44.7365591397849443 63.3333333333333357 85.8942652329749166 100.8476702508960585 112.6093189964157659 114.7222222222222285 105.8279569892473120 87.4587813620071728 66.9874551971326184 33.5645161290322562 -23.2759856630824373 -101.6630824372759889 -196.6487455197132590 -325.1863799283154322 -478.5322580645161565 -628.3512544802866842 -768.2311827956989418 -900.5537634408601662 -983.2132616487455152 -941.9283154121864072 -745.3960573476703075
455.7428254400564924 457.0204771271498316 459.5340192666565713 462.3554748575175495 465.4029353911333260 468.2457759620719457 469.8474807081252607 470.8758258939829489 471.5084985121299042 471.5795127855953979 471.1131285620618314 469.8817269380137986 468.7564936702476643 467.7921521158016844 467.1459121400110917 466.7775255964089638 467.1752156150703854 468.0776718616028802 469.2654965451152407 470.9984364755131878 472.6763504312301620 473.6539062894033236 473.7270388863670973 472.8249861300247403
830.5965362411802744 849.8098139833226696 864.8980115458626869 873.9698524695317019 880.2139191789608503 892.2780628608081770 901.0586914688902880 903.4345734445157632 899.6061577934573279 889.6183450930083154 863.5609364977549376 827.1324567030147819 779.4073123797305698 720.7299550994226820 658.4352148813342183 598.7235407312380175 558.7459910198845137 537.4589480436177382 544.3749198203977357 564.5516356638870548 589.6478511866581584 619.8059653624118255 635.6933932007697194 637.5227710070557805
111.9629046118590594 110.3395875107419073 115.1336293325694697 123.9084789458607787 137.6555428244056145 152.8924376969349623 168.9561730163277105 186.4036092810083005 205.4036092810083005 225.0379547407619611 244.4906903466055610 264.1213119450014233 282.0157547980521144 299.3826983672300344 317.0829275279289732 334.1833285591521303 348.3307075336579715 361.2093955886565482 374.4802348897164279 385.5582927527929087 395.6183042108278300 402.1329132053852504 404.9185047264394370 400.0282154110569763
867.0884955752212591 654.3097345132742930 396.6755162241888115 133.8436578171091469 -68.6696165191740420 -138.7433628318584056 -69.1740412979351049 106.7463126843657761 345.4336283185840557 630.9410029498525319 951.7640117994100137 1249.0000000000000000 1462.8613569321532850 1560.1415929203540145 1552.3775811209438871 1434.4188790560472171 1235.0560471976400549 960.2979351032448676 616.6489675516223770 267.0737463126843636 -13.6902654867256643 -163.8584070796460139 -164.2389380530973426 -17.1327433628318602
-46.2453047775947255 -56.3174629324546956 -69.8606260296540427 -82.9828665568368962 -93.7655683690280028 -101.2311367380560085 -110.3657331136738122 -117.9110378912685348 -123.2334431630972063 -126.5082372322899573 -124.9568369028006600 -119.2864909390444836 -108.6449752883031294 -93.2771004942339346 -75.2018121911037838 -52.7881383855024708 -24.5120263591433272 5.6598023064250409 34.6140032948929175 61.8093904448105462 85.3453047775947340 104.9411861614497496 119.0159802306424979 121.8794069192751266
555.4965424938657179 551.6457729199197502 536.3082757082311218 511.1875975908989744 481.7129154583984132 448.2607628819986871 409.0122685701539353 371.3129600713807577 342.7361142092348700 322.1184474682132759 313.9232656703100588 320.3457506134284927 341.8456390809725463 375.6558108409547003 421.3622574169083350 470.1780057996876963 519.3718492081195564 566.5743921481150664 602.8364934195850537 626.6830247602051713 635.7695739460183404 628.4327459290653906 605.5585545393709026 578.8204327459291108
449.3921125781793080 465.7998610145934890 489.4529186935371854 518.2470465601112437 546.8764767199444350 569.0086865879083007 583.4989576094510539 591.8735232800555650 585.0404794996525197 563.9937456567060963 534.2039610840861315 493.3981931897150730 448.4409312022237941 408.0889506601806715 372.6619179986101358 342.6633078526754730 319.2489576094509971 301.8902015288394978 296.1455872133425942 296.4117442668519971 302.9240792216817226 315.9874913134120789 332.4595205003474803 351.0568102849200613
819.1632183908045590 870.4942528735632550 818.9770114942529062 642.9517241379310235 394.7333333333333485 203.4229885057471279 119.3724137931034477 163.3402298850574823 325.7310344827586164 581.1724137931034875 953.1862068965517665 1231.2091954022987466 1321.9402298850575335 1198.4183908045977205 889.1563218390804195 542.1885057471264417 159.9770114942528778 -53.0114942528735611 14.3425287356321842 367.6758620689655004 760.1632183908045590 1051.9678160919540915 1164.7816091954023250 1064.6045977011494870
-47.0284087641612487 -48.7526022197941202 -49.0699867732474573 -48.9276554143424036 -49.0898269020645230 -49.1918454195180885 -49.0326643280234649 -48.2777042958191984 -47.2704008281097217 -46.5161308873425696 -45.3675311978837215 -44.6381045488527235 -44.5874403358444980 -44.9752142158836037 -45.4560354246937735 -46.0484789234573597 -46.4737477715797311 -47.4328598539306441 -48.9472080050606735 -50.5089999424923803 -51.7477140721145545 -52.3597676692161684 -52.0221404336074542 -50.4679970096037707
350.9198221677142442 357.2014410547294005 370.5313506055496191 389.8673923041545208 415.1051663345086808 441.8315192396136695 468.6351372068066894 494.1391997547140704 514.8347386172006281 528.7769431243292502 540.3530584087076249 546.7289590679135927 550.2616894067147086 553.4476467882875568 560.5845469875823710 571.4102406868005346 585.5808676989115611 602.5494404415146619 619.0807910470642810 635.4260309673462643 648.9208952935765637 661.1407327916602981 664.5885328836425288 657.8295262915836474
-113.5783783783783747 134.9945945945945880 548.9459459459459367 981.6324324324324380 1256.2864864864864103 1203.7945945945946278 818.8540540540540178 319.5729729729729911 -90.0918918918918905 -268.9243243243243455 -233.9567567567567608 -1.2594594594594595 384.6756756756756772 880.6486486486486456 1226.0972972972972457 1186.8054054054055086 814.4432432432432734 387.4378378378378329 26.3999999999999986 -206.5621621621621671 -238.7189189189189165 -49.8054054054054021 308.9891891891891760 694.0810810810810381
535.1295519752814016 537.1740233943942258 538.1157029353344114 538.1132752151843306 537.1182961818583408 536.2443721032884696 535.3944493489295837 533.8845177664974244 531.9496799823438096 530.3418119620392872 529.3982012800706798 528.6420768042374903 527.4263407636283318 526.6685058485985564 526.1973074376517161 525.2834363275214855 524.9247958508055945 524.8512469653497874 524.7807327300816951 524.4047119841094400 524.0353122930920335 522.9583977047009284 521.3914698741999700 519.8000993158243546
-388.1870600067046553 -407.9637948374120242 -421.0657056654374628 -429.2883003687562677 -434.0321823667449053 -436.7847804223935668 -435.0191082802547839 -435.0070398927254587 -430.6178343949044347 -418.9906134763660930 -402.5859872611464993 -380.5993965806235337 -352.1656050955414230 -316.3530003352329913 -277.9443513241702703 -236.9094870935300037 -192.5538048944016225 -149.7157224270868312 -107.1055983908816671 -73.6218571907475763 -47.2809252430439173 -28.9017767348307082 -20.0787797519275912 -16.5564867582970159
860.8372260150915736 904.8145885734818421 918.2745238950772091 903.1785842615881847 866.2579949694573997 804.5986345670139599 727.2245777937476987 647.8433345310816094 577.3330937836866497 519.9166367229607886 483.9238232123607872 468.8120733021918909 466.0305425799496675 482.6097736255838981 507.0909090909090651 532.2874595759971044 553.8250089831117293 571.2766798418972485 585.9439453826805675 596.0445562342795256 602.6313330937837236 602.0093424362198675 597.7430830039526199 588.8645346748113525
-67.9362520021356175 -72.8613988254137723 -70.2091831286705883 -63.4301121195942343 -54.1505605979711717 -42.9002669514148423 -29.9124399359316619 -16.9655098772023507 -3.9141484249866525 9.3688200747463970 24.4247730912973822 41.2781633742658869 58.4797650827549376 73.6888414308595827 88.8957821676454927 104.2886278697277049 119.7711692471970082 134.9019754404698404 147.8627869727709481 154.3560064068339557 155.1964762413240919 152.7361452215696715 148.2782701548318300 142.4433529097704252
447.9244953899825532 446.7951657114378463 454.4585098430102335 483.1876401694493097 523.9274856715674105 574.8769000747570317 643.4188886120109601 701.4739596311985679 736.2751059058061855 757.8706703214552363 770.8068776476451376 778.8888612010964607 783.4946424121604878 779.4983802641415878 771.3937204086718111 759.2305008721654076 748.8298031397956720 740.7680039870421069 732.8071268377772185 722.1360578121106073 710.0919511587341049 700.0261649638674726 690.8918514826813180 684.2461998504859366
658.8035975431412226 661.6983035975431449 664.2660134542263677 664.1549429657794690 663.1255484059666969 662.6199912255045774 661.7189236618894483 660.5580579116700619 659.8133957297455936 658.9666569172272830 657.7143170517695125 655.7538754021643399 652.8132494881543835 650.5239105001462576 648.9869844983913936 647.6826557472945751 647.2091985960806824 647.0323193916349283 646.2498537584089036 645.8852734717753492 644.8952910207663081 644.5945451886516366 644.3762796139221791 642.2474407721556418
1.0495017154059794 -1.7145891194249305 -9.0370854435549752 -18.0617546152589448 -28.4451886946577339 -39.9235419049174993 -52.4009148831890244 -66.7957850024505859 -84.6722757719326893 -104.9397157327234140 -124.3907858193105653 -143.6062734847247100 -162.1174644665904339 -179.1877144257474299 -195.0297337036431884 -209.8392419539291041 -222.8907041333115444 -232.5636333932363868 -240.3069759843162956 -247.5322659696128085 -255.4113706910635528 -265.5742525731089927 -270.8309099820290839 -265.4742689103087514
22.6769662921348321 76.0168539325842687 125.0898876404494331 165.1601123595505669 188.6348314606741496 181.9269662921348356 159.2387640449438209 148.3286516853932540 135.0533707865168651 98.0561797752808957 38.9213483146067389 -46.8426966292134850 -160.2556179775280896 -314.4747191011235827 -498.8174157303370748 -703.1629213483146259 -885.3623595505617914 -1005.0449438202247165 -1013.5561797752809525 -814.7303370786517007 -324.4831460674157029 229.5168539325842687 691.2556179775281180 927.2949438202247165
-261.5979856606350040 -270.1311027654489862 -272.0437009218163098 -269.4441789006486943 -265.4132809832707380 -260.2302833731649230 -253.3630932058723033 -246.4453738477295985 -239.1741208603619100 -232.5522362581085645 -225.9902697166268410 -218.2678388528508151 -209.2654489586889781 -196.0189484465687997 -180.2864458859679075 -162.5602594742232725 -142.1003755547968694 -116.6241037896893147 -92.2260157050187814 -68.4494708091498865 -44.3260498463639436 -23.1964834414475938 -8.9433253670194599 -2.3067599863434620
21.6270871985157704 -203.5120593692022339 -423.7421150278292998 -622.3450834879406557 -756.3803339517625091 -785.5695732838589720 -713.4155844155843624 -605.8608534322820560 -510.7532467532467422 -390.6252319109461837 -119.6753246753246742 255.2708719851576973 642.8738404452690247 930.8775510204081911 1091.8998144712429621 1014.1187384044526425 797.4953617810760989 519.3525046382188748 189.4990723562152084 -166.7884972170686524 -490.7142857142857224 -709.6679035250464267 -804.5881261595546903 -784.4768089053803806
135.2763091001525027 139.1522623284189137 171.9748347737671565 223.5297407219115371 291.7125063548551225 371.1049822064056798 450.4717844433146752 508.1126080325368548 528.0630401626842740 506.9626334519572879 456.0688866293848491 396.2691916624301030 342.3749364514488889 300.0396542958820305 271.8139298423996024 256.3802745297407455 253.5172852058973092 264.8032536858159460 286.9219623792577636 316.6700559227249414 351.0391459074733120 383.2663955261820092 407.5162684290798438 417.1703101169293291
875.9445061043285250 982.4328523862375278 1078.8934517203108499 1098.8657047724750555 1038.8235294117646390 903.9345172031077027 660.5271920088790694 443.5338512763595986 318.4051054384017903 395.1231964483906722 657.6315205327414333 891.7513873473917556 1019.4339622641509777 1042.6903440621531445 1015.4128745837957695 960.5982241953385028 901.1065482796892638 892.4938956714761389 888.4983351831298251 887.2153163152053139 899.5793562708101945 911.3285238623751638 915.4017758046614972 903.1498335183130166
423.8446690064141080 424.5069587316955335 423.6947234660535173 421.9967929323490239 419.5913106619871655 416.8408568316592095 414.4321674936463751 412.1215660171850459 410.2861551494614787 409.1189035459276511 408.5464117148735568 409.0772116664649616 409.7822824639961254 410.5236596877647344 411.6078905966356274 412.9382185646859398 413.9745249909233848 414.7833716567832312 414.8471499455403659 414.4069345274113516 412.8365605712211277 410.8296623502359921 408.8688732905724237 407.5931864940094442
34.3636363636363669 361.8458498023715606 666.6976284584980021 911.7035573122529968 1004.7292490118577462 903.7549407114624955 656.2490118577075009 357.9782608695651902 36.5000000000000000 -325.4920948616600640 -667.5671936758893708 -910.4802371541502453 -980.2549407114624955 -862.8577075098813793 -652.8498023715415002 -478.8754940711462496 -358.8162055335968148 -198.6126482213438749 28.0849802371541486 284.3498023715415002 508.9604743083003768 644.2371541501976253 689.3043478260869961 630.7114624505928759
-433.3486765050362806 -437.8944717732489949 -440.3579292574373198 -441.7061372686811751 -441.8395408760833902 -441.1516748653080526 -439.8956430077301434 -437.9306629187163367 -435.4461232138673950 -433.0065589130944090 -430.9621691262590844 -429.9918013586320171 -429.9557273366127674 -429.8977512297961994 -429.8157648161162001 -430.7798079175450994 -431.5750761302412570 -432.0583274771609013 -431.9756383227922356 -433.0689857109393301 -433.8199812602483121 -432.5858514874677780 -429.6458186929023100 -425.9714218786601236
-705.9196141479100106 -728.8778135048231661 -605.5241157556270082 -354.3408360128617574 8.2443729903536980 492.4501607717041907 1020.3054662379421416 1336.2218649517685662 1286.4340836012861473 1004.0707395498392316 616.7106109324759018 117.7717041800643045 -456.3665594855305585 -878.8520900321543650 -959.4437299035370188 -733.6495176848874280 -436.2025723472668801 -150.6463022508038705 198.2057877813504945 559.8295819935691497 824.4630225080385344 917.1093247588424902 849.2636655948552971 633.8617363344051228
177.4053944079520875 179.5461256757542401 182.8660698715340232 186.8632215311282891 190.3655176422716977 192.4180084868918073 193.6740103470324925 193.8886822065918807 194.0122071731674680 193.6950531883973667 193.0959716328547415 192.4463175027611328 192.5360111608440263 194.4460268557809570 196.7377782944835189 198.5503109922687770 199.6295413590652856 201.7976515724001558 203.5063070394698741 204.3828983316863344 205.0795210137766560 205.8139859326861654 205.5980352264139981 203.7949194907864978
159.9021763772387317 167.0714123781455385 176.5876218544547669 184.2291997279528459 180.6796644751756844 159.8284969394695167 126.4627068691906544 89.9874178190886482 56.3569485377465398 29.6386306959873060 9.6381772840625715 -4.3815461346633420 -13.2550442076626620 -18.0763999093176153 -20.9455905690319639 -21.5055542960779853 -19.7897302199047829 -16.1048515075946490 -10.4865109952391755 -3.9007027884833372 4.3856268419859443 14.1611879392428026 26.2494899115846749 38.2536839718884636
1120.3245901639343174 1376.2885245901638882 1561.8983606557376334 1599.5081967213113785 1524.3704918032785827 1358.9573770491804225 1098.6557377049180104 745.4983606557376561 334.2393442622951056 -50.4590163934426243 -289.0327868852459119 -324.6819672131147740 -188.0622950819672212 84.5573770491803316 406.8819672131147627 753.5770491803278901 1062.9409836065574382 1292.2360655737704747 1439.8950819672131729 1477.5049180327869180 1415.7606557377048375 1280.2819672131147399 1063.7967213114754941 810.3770491803278446
483.6962569549822888 468.6507334344967148 447.9332321699544650 427.2420333839150430 407.0159332321699708 390.6909458775922985 381.8775923115832143 379.7933737986848541 388.6426403641881393 412.0480526049569789 450.2266059686393760 497.4466363176530308 553.5867475973697083 605.3674759736975375 643.7969145169448666 671.3100657561963089 681.4031360647445581 663.9160343955487633 613.2152250885179683 539.1383409205867565 458.9251390996459463 397.8128477491148374 358.4934243803742788 339.8958017197774666
-540.3586206896551403 -701.4431034482759060 -797.7482758620690220 -787.4758620689655118 -695.2103448275862547 -574.3982758620689992 -440.3896551724137680 -219.0413793103448370 117.4431034482758633 497.5793103448276042 812.6672413793103260 1019.2793103448275360 1020.1965517241379757 849.3758620689654890 591.0862068965517437 305.4499999999999886 -27.2827586206896555 -365.4862068965517210 -638.7465517241379303 -804.1879310344827445 -831.5155172413792570 -763.8120689655172555 -637.3258620689655345 -484.3379310344827786
720.3487804878049019 541.6365853658536480 345.0317073170731987 194.3902439024390105 137.9512195121951095 216.2731707317073244 416.9609756097560762 746.0487804878048337 1074.8487804878047882 1270.9853658536585499 1235.6951219512195621 968.8121951219511629 633.4951219512195166 235.6317073170731646 1.5048780487804878 9.7170731707317071 330.9756097560975832 711.7975609756097128 1037.9414634146341996 1177.6390243902440034 1107.7024390243902872 920.0121951219512084 699.2926829268292295 568.7097560975610122
88.0106837606837615 -56.3931623931623918 -102.9081196581196593 -31.6880341880341874 125.4594017094017033 324.6346153846153584 571.4337606837607382 835.7863247863248262 1111.2692307692307168 1307.4123931623930730 1414.8205128205129313 1427.8589743589743648 1360.2329059829060043 1229.1217948717949184 1022.2628205128205536 765.9487179487178992 470.1858974358974592 188.5662393162393187 -33.1495726495726473 -152.7735042735042725 -147.7628205128205252 -40.5940170940170972 162.8055555555555429 398.1452991452991341
-402.9156358238495841 -422.7308263236021730 -427.7201880257298399 -420.0445324096981494 -401.9792182088075378 -378.0479960415635787 -350.4997525977238979 -322.9915883226125857 -297.5838693715982117 -272.3441365660564202 -249.9205838693715975 -232.7273626917367721 -222.4844136566056534 -218.8258287976249505 -221.2199406234537378 -227.2211776348342482 -241.4413656605640881 -260.5945076694705449 -283.5954972785749533 -305.2102919346858130 -323.8676397822860054 -334.3852053438891403 -337.2041068777832606 -328.6543790202869673
-582.4670724094881962 -590.0004681647940288 -592.8657927590511463 -594.4321161048688964 -596.0265293383271228 -596.4483458177278408 -594.6429463171035650 -592.7403245942572312 -589.2432896379525573 -583.9447565543071050 -577.7699750312109472 -572.8531523096129376 -567.2011548064918998 -561.0165418227215923 -555.5769350811485765 -551.2696629213482993 -548.6587078651685943 -546.7545255930087933 -545.8420724094881962 -544.3526841448190225 -544.0393258426965986 -542.8568976279650542 -540.4950062421972916 -537.1651061173532753
192.3902762012864116 167.0005675368898892 149.6855845629965813 144.3312523647370540 149.7342035565645233 167.0136208853575397 199.1350737797956754 242.7835792659856224 294.4738933030646990 352.8117669315172407 414.7707150964812968 467.8575482406356514 497.3488460083238465 499.8344684071131496 471.7682557699583867 423.7444192205826994 372.7867953083617181 327.9470298902762124 289.7421490730230857 260.8876276958002336 239.0529701097237876 225.7512296632614550 223.7124479757850963 234.5923193340900355
600.7895024603608363 620.6234736650263812 632.8899216329506316 632.5214142518680092 612.3763440860215042 578.7900492072170664 536.6593767085839772 491.9537087661746000 450.4439584472389129 413.4660105704392095 377.7913249498815276 347.8139238199380543 327.0267905959540826 316.5294332057590623 316.7366502642609589 325.7063969382176083 339.5321669400400992 361.1355932203389898 384.7650811007836751 407.9684709312921314 431.3449972662656933 452.2988882813924079 468.6256606524512449 478.1237470384545531
-293.0595718654434449 -295.0433027522935845 -298.2996941896024623 -299.4840366972476886 -302.4365749235474254 -306.8529663608562714 -314.0873394495412754 -321.1170642201834653 -330.1433639143730829 -339.2491743119265948 -346.9422629969419063 -351.6949235474006059 -353.9663608562690911 -353.5530275229357926 -348.5623241590213865 -340.3472782874617906 -328.1838532110091933 -314.5577981651376263 -299.8322935779816589 -283.9952293577981663 -268.4912538226299716 -256.3311314984709384 -244.6494189602446454 -238.9437308868501475
227.9726291441788817 234.1642251349267667 235.5547417116422650 233.9263685427910673 224.4275250578257612 209.2775636083269148 183.4787972243639160 152.0690053970701570 115.3330763299922950 72.4888203546646110 19.0215882806476486 -38.9379336931380138 -95.9660755589822685 -151.7644564379336884 -202.2116422513492751 -237.5212027756360840 -259.4969159599074828 -276.7748650732459623 -284.9352351580570826 -289.9710871241326231 -296.9876638396299313 -299.9225134926754208 -296.9591364687740906 -289.1954510408635315
-242.9143161255987309 -247.0915380521554141 -234.3780379634557391 -211.6959375554372969 -183.0759269114777226 -153.4227425935781355 -126.0624445627106667 -100.2387794926379314 -75.3312045414227356 -52.1733191413872603 -31.2935958843356410 -14.2680503814085515 -1.1467092425048784 6.5675004434983144 11.5648394536100767 14.3070782331027146 15.6161078587901372 16.0228845130388500 16.6308320028383889 18.9070427532375369 20.5921589497959907 21.8827390455916273 23.9398616285258115 25.4030512684051786
583.6046984939233653 583.7418735826016700 584.6189451648543809 585.5570739082397722 586.4827004710124356 586.8099668546839212 587.1070535558527581 587.6895970227365069 589.0360527999069973 590.0693144153050298 590.5869046926788997 592.1121125777751786 593.5283479676687648 595.5241030412281589 597.7548991103099070 599.6301680525673419 600.4293190672791525 600.9503983252892567 601.6955282898179576 601.6048147932779102 601.3501773565157009 599.9913938477641295 598.5028784090247882 597.1838692795255383
715.4208955223880366 933.5253731343283334 967.1910447761193836 810.6865671641791096 528.9253731343283107 163.0626865671641781 -282.3253731343283448 -707.0059701492536988 -920.6537313432835390 -859.4298507462686985 -641.7253731343283789 -416.0835820895522374 -105.8119402985074657 378.2179104477611986 899.1761194029850230 1248.7343283582090407 1275.6686567164178996 1039.2805970149254335 669.8119402985074657 231.1104477611940240 -257.1283582089552056 -656.8059701492537670 -827.2059701492537442 -750.1402985074627168
272.8855947617315110 273.1375045471080512 280.2108039287013526 295.3770461986176770 317.2446344125136193 347.0825754819934446 375.7200800291014957 400.4312477264459744 418.7115314659876049 427.1029465260094753 418.5369225172790379 393.6822480902146140 358.6285922153510342 314.8566751546016462 267.8955983994179633 221.5340123681338582 179.2862859221535246 143.5512913786831461 120.4532557293561297 109.6465987631866170 107.6495089123317541 116.7817388141142203 132.4245180065478280 151.4608948708621199
572.7662452219935858 577.8191708321081705 585.0832108203469488 585.2190532196412960 580.2049397236106643 576.2108203469567798 569.4092913848868420 563.6836224639812372 560.2308144663334133 564.8673919435460675 579.2387533078506294 602.4936783299029912 633.7659511908261720 672.7318435754190205 718.0367538959129661 763.8568068215230369 810.9714789767715502 854.0705674801529312 888.3160835048514627 910.2734489855924949 918.7415466039400371 908.4872096442222755 884.3213760658629781 841.0291090855630500
-199.7179076594609057 -203.5313584200693811 -217.3189218041099480 -234.6188951160928866 -255.3685615158793780 -280.4339471577262088 -304.9490258873765924 -330.1155591139578291 -355.9092607419268575 -382.8038430744595644 -405.2868961836135782 -421.3917800907392461 -434.8524152655457442 -446.8145182812917255 -455.6514544969308531 -463.5489725113424129 -471.6637309847878328 -479.1334400854016735 -486.6373098478783277 -492.8452095009340610 -497.5895382973045002 -497.9842540699225992 -492.8969842540699347 -480.1499866559914835
201.0506785411365627 204.2056827820186697 204.3933418150975285 202.8986429177268747 200.0197201017811608 195.7483036471586217 190.3610050890585228 183.5788804071246716 176.2160729431721791 167.1544741306191781 154.3034351145038272 137.8766963528413783 118.1277565733672645 97.4760390161153509 77.9535623409669256 58.7322943172179848 40.1492790500424093 23.8438295165394400 10.0743214588634444 -1.4194232400339271 -10.9262086513994916 -18.3104325699745552 -21.2699321458863437 -18.8004664970313833
454.4549180327869067 64.9385245901639365 -373.5573770491803316 -718.3114754098360208 -791.3073770491803316 -625.2213114754098342 -349.8647540983606632 16.6270491803278695 549.2663934426229844 1102.1844262295082899 1400.5409836065573472 1314.2868852459016580 1003.9508196721311606 573.8319672131148081 32.1516393442622928 -530.4344262295081762 -844.5204918032786736 -818.2295081967213264 -562.0491803278688394 -237.2008196721311606 126.0327868852458977 530.9959016393443108 841.8893442622950261 938.9590163934426528
-162.5185185185185048 -312.8518518518518476 -530.2828282828282909 -810.5050505050504626 -1060.0168350168351026 -1172.0437710437711303 -1064.4646464646464210 -716.3434343434342964 -322.1043771043770789 40.7171717171717162 325.2626262626262701 406.0909090909090651 443.0572390572390304 453.5454545454545610 424.7239057239057161 395.7845117845117784 380.0471380471380485 393.6195286195286371 430.7003367003367202 449.5656565656565817 442.6026936026935914 405.7003367003367202 356.6632996632996537 299.2222222222222285
5.8982558139534884 4.0174418604651159 93.1627906976744242 292.2936046511628092 572.6337209302325846 899.8691860465115724 1218.4738372093022463 1451.0668604651161786 1557.4563953488373045 1560.1453488372092124 1447.0406976744186522 1229.3284883720930338 923.7441860465115724 537.6017441860465169 133.9156976744185954 -169.2645348837209269 -285.0523255813953369 -223.4825581395348877 -23.9825581395348841 278.5697674418604493 601.5494186046511231 923.9563953488371908 1158.2877906976743816 1302.0145348837208985
398.7901769591910579 397.0101119537739010 300.8537378114842795 162.1068977970386413 45.4684001444564814 -29.5391838208739621 -68.2242686890574248 -73.1755146262188561 -56.7063921993499491 -31.8884073672806068 -6.5680751173708920 14.7797038642109069 30.2834958468761286 34.6511375947995646 37.4557602022390768 40.1650415312387139 41.5810762007945129 43.3062477428674626 45.2174070061394033 40.6933911159263246 34.9270494763452533 30.1744312026002177 31.1018418201516802 33.4391477067533387
318.8216597998822976 275.0694526191877571 242.7575044143613923 225.1606827545615204 231.0900529723366787 253.7969393761035803 299.1341965862271763 359.5444379046497829 435.1442024720423660 532.9623307828134102 619.9947027663331482 699.1801059446733007 771.9081812831077514 833.1995291347851662 877.9087698646262652 900.0447321954090967 896.1595055915244075 879.1553855208946970 847.6686286050618264 803.7522071806945405 764.3095938787522527 728.7410241318422095 705.6339022954679194 666.6327251324308918
138.9739130434782624 177.6637681159420197 193.1507246376811509 180.4376811594202934 155.8840579710144993 127.3681159420289788 96.6144927536231819 48.7884057971014471 -25.6521739130434767 -122.5362318840579690 -262.7391304347826235 -427.6289855072463979 -610.9188405797101495 -802.3884057971014272 -961.7130434782608290 -1023.5768115942029226 -856.5565217391304031 -392.6637681159420481 180.1362318840579633 685.0666666666667197 944.1565217391304259 1040.0057971014493887 1008.5188405797101723 831.0869565217391255
787.7979467016164108 792.9600262123198036 794.5133245958934367 793.3193534294451865 792.1004805591961713 790.6204674530362126 789.4873307121013113 788.6600043687199104 788.5909785932722116 788.4164482306683794 788.5928352992573309 788.9699650502402619 790.8900174748798690 791.9523809523809632 793.4939930100480296 795.4414591524683829 797.2529488859763660 797.8262341633901542 799.1513761467889481 801.7315421581477040 803.5084097859327130 806.2734818698121444 806.7024901703800879 802.2593927479248350
1079.3248945147679478 970.9493670886075734 677.1729957805906679 259.4388185654008225 -230.1012658227847965 -669.6202531645569707 -870.8565400843881434 -768.0379746835443484 -530.2109704641350163 -227.1898734177215147 211.4810126582278542 807.4092827004219544 1281.5400843881857327 1382.4261603375528011 1146.2827004219409446 749.5696202531645440 282.3164556962025245 -272.8860759493670685 -722.7932489451476386 -862.5063291139240391 -713.4135021097046092 -434.6033755274261807 -104.2362869198312296 229.2405063291139129
22.2723173106487664 19.1282668853131099 17.2811314953366804 16.3464692015988504 15.9255918827508456 15.7673465204468588 15.6292917905093773 15.7540739981551710 16.1802295787639636 15.9660756380034847 15.5026135082504872 15.4246182228143898 15.3308393973557440 15.1350825048682989 14.7679102183048077 15.1566055139899554 15.7618120323870041 15.9833452905606226 16.3756277544327133 17.3099825766116631 18.3663011171466657 20.3044993338116235 22.4871374397868209 25.0966998052680133
490.3364993215739673 497.7946630483943977 506.6417910447761415 512.2252374491180262 513.3170511080959386 511.6793306196291269 500.7548620533694930 480.4255992763455652 451.7222976028946277 412.9923111714156221 363.8177295341474178 303.9267299864314964 233.4816824966078741 156.9805517865219429 73.1981004070556338 -6.1614654002713705 -64.8186341022161940 -99.7485300768882865 -115.1207598371777436 -117.3722297602894571 -109.6056083220262281 -96.5793758480325693 -88.9502487562189117 -74.6300316598824054
955.8267095914742413 967.9293960923623672 967.8271536412078149 964.8320381882771244 962.3320381882771244 961.0891429840141882 959.5337477797513657 959.2087033747779969 959.5183170515098254 957.9522646536412367 956.0970248667850910 957.4035301953819044 959.7771980461811836 961.9325044404973823 964.2945159857904400 966.4216252220248862 966.3959813499111533 964.1289964476021623 961.6753996447602049 960.1939387211367603 959.4626998223801593 958.0864786856127466 954.6777309058614946 948.1700710479573218
94.6580152671755712 98.6854961832061122 51.9516539440203573 -33.2580152671755727 -139.6076335877862675 -253.4880407124682051 -350.0157760814249173 -419.4366412213740318 -445.0870229007633725 -428.9653944020355993 -389.1776081424936251 -347.3954198473282418 -304.6585241730280131 -273.0000000000000000 -247.9424936386768366 -230.0763358778625900 -219.9058524173028104 -213.6860050890585114 -207.8162849872773563 -197.5857506361323033 -181.7053435114503941 -172.6122137404580030 -168.8997455470737918 -178.6575063613231578
665.9877862595419629 730.8541984732823948 802.7106870229007427 876.1312977099236150 926.8374045801526790 938.8557251908397348 920.2931297709923228 836.6045801526717014 722.1763358778625843 570.2297709923664115 409.7290076335877984 305.2236641221373930 277.7335877862595339 319.8328244274809435 443.8129770992366616 653.6954198473282531 870.0748091603053354 995.3297709923664343 1021.4312977099236832 990.6725190839695188 934.1244274809159833 845.9312977099236832 768.9687022900762940 699.1122137404580599
-784.4177215189873777 -774.7866184448463400 -677.5605786618444881 -534.5949367088608142 -327.8101265822784853 -24.6618444846292952 350.7215189873417671 719.0090415913200559 980.8264014466545859 1069.6998191681736898 941.9222423146474057 689.6256781193490042 405.8607594936709120 80.0705244122965638 -280.0632911392405049 -592.6329113924050489 -791.0596745027124825 -852.4792043399638715 -797.1374321880650768 -665.8824593128390461 -525.8444846292948114 -390.2278481012658062 -231.0126582278481067 -27.7956600361663639
105.4485233798195196 110.0459392945036967 104.0225594749794880 89.6269483182936852 65.2052912223133774 31.3385972108285493 -4.9183757178014762 -45.9458572600492232 -85.7071369975389672 -121.4415504511894994 -153.4237079573420885 -174.6550451189499711 -184.6802707136997412 -185.3609515996718642 -178.7778917145201092 -165.9321164889253453 -148.2456931911402762 -128.9878999179655352 -109.2867104183757192 -87.5348646431501294 -66.9376538146021289 -47.7186218211648878 -33.9552912223133703 -29.7052912223133703
9.2053388090349078 17.5167693360711851 53.4537987679671431 113.6574264202600943 188.7707049965776775 273.5253251197809732 345.6365503080082249 366.8223819301848039 326.4010951403148511 248.0208761122518695 159.7973990417522145 89.1132785763175974 40.2238193018480459 6.1683778234086244 -12.9202600958247782 -16.5790554414784381 -9.9661190965092405 2.7156057494866528 18.4664613278576333 40.2354551676933596 62.6824093086926766 79.9503764544832336 87.6485284052019153 91.2429842573579748
283.6407281001137903 278.1026166097838654 277.0373151308305069 278.8207053469852212 285.5770193401592678 296.9624573378839614 313.1327645051194395 331.9981797497155753 352.4106939704209367 373.4005688282138635 395.1252559726962659 414.9255972696245749 432.7529010238907858 448.7216154721274393 461.8932878270762217 470.7180887372013558 478.1048919226393537 485.6051194539249423 493.3907849829351449 502.1282138794084062 511.5516496018202588 520.2613196814562571 526.5519908987486133 526.9853242320818936
528.9614614614614538 546.2272272272272176 539.2072072072072615 512.1411411411411336 458.8143143143142879 385.4129129129129296 301.2622622622622544 209.3143143143143163 120.2992992992992924 45.7867867867867844 -10.3173173173173165 -44.1411411411411407 -51.4404404404404403 -47.5895895895895862 -41.3403403403403402 -43.9904904904904939 -52.6651651651651633 -63.2647647647647631 -69.5085085085085126 -65.8538538538538489 -59.6736736736736759 -46.5545545545545565 -35.3518518518518547 -20.4864864864864877
300.4450867052023000 524.1127167630057784 816.2630057803468162 1127.5809248554912756 1385.5751445086705189 1530.7947976878613190 1561.1531791907514162 1480.6589595375721728 1307.8265895953757081 1029.1907514450867893 658.0231213872832541 239.7225433526011500 -112.6965317919075176 -291.8988439306358487 -274.2861271676300703 -113.0924855491329453 184.8468208092485554 549.5173410404623837 882.2456647398844325 1162.6907514450867893 1351.1387283236995245 1445.4884393063584866 1421.7861271676299566 1290.8265895953757081
102.3597258675998773 97.3034412365121000 87.5573053368328971 75.1580635753864073 61.2125984251968518 47.3925342665500153 34.9765237678623535 22.7384076990376194 9.2885680956547105 -5.2649460484106152 -19.4231554389034713 -29.9553805774278210 -34.2009332166812499 -29.9517351997666950 -16.8823272090988610 2.4820647419072617 29.3995333916593751 66.5969670457859451 111.6048410615339748 158.6809565470982761 204.1625838436862068 239.6376494604841128 255.0516185476815281 248.8331875182268789
437.7096577017114782 395.5519559902200513 369.3429095354523497 353.8007334963324979 361.2585574572127030 385.8184596577017373 436.4755501222493876 516.8844743276283680 610.5544009779951011 725.0067237163814298 839.8233496332518371 941.7713936430317290 997.7665036674816292 1000.2677261613691826 958.8667481662591854 870.9572127139364284 751.1864303178483624 622.0085574572127598 507.6900977995110225 420.1424205378972943 371.5061124694376531 345.9064792176039305 344.4199266503667332 388.3092909535452577
-230.1020408163265358 -108.1836734693877560 163.0272108843537353 579.9115646258503602 1005.0408163265306030 1244.9353741496597650 1228.5034013605443306 966.8435374149660220 508.0748299319727721 -53.7959183673469354 -559.9557823129251801 -774.9183673469387941 -690.7959183673469852 -442.3741496598639173 -105.7006802721088405 372.4455782312925294 905.7551020408163822 1241.9863945578231323 1218.9115646258503602 955.7108843537414486 586.1938775510203641 165.6768707482993079 -228.8605442176870781 -438.4761904761904816
400.5953922315308660 425.7597105864432478 448.5784463061690985 467.3459634424980891 479.2964584920030688 477.4059405940594161 455.3703351104340982 416.4331683168317113 372.3141660319878383 325.0546458492003126 282.3505331302361014 243.9590632140136961 210.9562071591774668 183.8659558263518647 164.8665270373191163 157.6591774562071464 160.4748667174409889 174.1220487433358812 196.1923076923076792 225.0860624523990907 257.6231911652703843 290.5723533891850821 321.4335491241431555 347.6281416603198977
436.9096244131455364 445.2053990610328356 441.6931589537223317 423.9339369550637002 396.2483232729711631 364.9624413145539847 329.9409792085848494 296.5476190476190368 263.9906103286385246 236.6641515761234018 215.9709926224010701 204.5682427900737821 205.9069416498994087 218.3764252179745142 241.8117035546613067 274.0647216633132075 313.4193494299128133 354.9986586183769077 399.8876592890677557 443.0598591549295975 475.1421864520456211 489.1659959758551395 483.4300804828973810 462.2706237424547453
681.5896580483736216 726.9015846538782171 765.3127606338615578 794.2985821517931981 824.8723936613845353 839.0425354462051928 848.9241034195163138 861.8490408673894763 873.9741451209341676 884.8006672226855471 874.9182652210174638 860.0750625521267239 808.1284403669724270 716.3494578815680143 587.9774812343620169 424.2351959966638901 261.4286905754795498 130.2643869891576287 50.5379482902418715 33.2418682235196030 64.8432026688907399 131.7731442869057616 212.5095913261050953 297.0675562969141197
102.8281250000000000 76.4962121212121247 53.4886363636363669 40.1846590909090935 33.2708333333333357 35.1818181818181799 47.6491477272727266 74.1581439393939377 116.4161931818181870 179.5430871212121247 255.1704545454545325 340.2187500000000000 428.7357954545454390 510.7376893939393767 574.6742424242423795 613.6856060606060055 633.7201704545454959 626.0809659090908781 609.4166666666666288 587.5558712121212466 566.1709280303030027 548.3830492424242493 530.6571969696969973 514.9403409090908781
367.0324989020641056 342.8526570048309168 311.0810276679841877 276.5421607378129352 238.3173034694773946 199.8539745278875728 168.1207729468599155 146.7433025911286677 141.6592007026789588 150.9391743522178331 174.6618357487922708 211.5149319279753968 261.4567413263065419 318.5076855511638314 380.3170838823012900 438.4266578831796437 475.0004391743522092 484.1482213438735016 462.0682916117698937 414.9385155906895193 361.6921387790952735 316.9514712340799178 284.5057092665788332 266.6157224418093961
710.6794647124422681 714.0001593117731318 717.5277202485264070 719.6642504381073877 719.0077266209973459 717.6277680420582783 715.8938187032022142 716.1677552971164005 716.3041261749243631 717.1029950613350366 717.7787956029950465 718.0247729807232417 719.0374382666879001 720.1199617651744802 720.8457065477139167 720.0070893739047051 717.9992034411343411 717.1036323084275637 714.7273379002708680 711.4464712442249947 709.1024374701290753 705.7345865859487049 701.7391269714831878 697.7086984228134270
-19.9020018621973946 -20.4841713221601474 -8.9110800744878951 12.2154329608938550 41.1464152700186219 73.9166666666666714 109.6297718808193622 146.4344739292365034 178.2767690875232915 204.4428538175046697 222.9767225325884681 231.0577281191806378 232.0871741154562358 227.1884310986964692 219.4518156424580866 210.6677141527001993 202.3947858472998007 195.0912476722532460 188.8391527001862187 185.0350325884543849 184.1710893854748576 183.6773743016759681 184.1172020484171412 183.2126396648044704
196.1352941176470495 203.7752941176470642 208.1476470588235372 207.3817647058823468 208.5135294117646936 207.9094117647058795 208.2858823529411723 208.5694117647058761 207.7352941176470722 210.5294117647058840 211.3876470588235179 208.9905882352941262 195.4141176470588164 179.6682352941176362 150.4511764705882229 101.6229411764705901 38.5911764705882376 -40.5429411764705847 -134.2888235294117578 -222.8482352941176430 -293.2552941176470540 -342.5794117647058670 -360.8500000000000227 -344.0564705882352996
440.4092321349311874 440.3389554667850234 430.8379937860630093 417.4332001775410390 403.7111998816392884 389.8100310696848396 379.0674656014203379 372.3419144843911681 369.6693297825121931 370.4476993638112390 371.5997928687675653 375.6426986240568340 379.2598017458203685 377.8075159047196507 371.0769344577600464 357.8834147063175237 339.5847018789762046 314.6691818316318745 284.6555703506435862 255.4584997780736728 228.5244858706909383 205.7279183311140685 190.0011836070424636 185.2339103417665456
190.4419354838709637 156.5290322580645181 122.6064516129032285 83.3419354838709694 20.8258064516129018 -60.8967741935483886 -156.5096774193548299 -284.5483870967742064 -447.9645161290322335 -629.7225806451613153 -802.6193548387096826 -961.1064516129032427 -1056.7774193548386847 -964.6161290322580726 -516.2580645161290249 96.1967741935483929 607.5741935483871430 908.8548387096774377 1022.5548387096773695 1022.3774193548387075 876.8774193548387075 688.1129032258064626 454.2838709677419615 212.2774193548387132
-195.1304485957554959 -198.0679883085525432 -199.3516329902147675 -199.3883593849282079 -198.5864785868598403 -197.7150209683568391 -196.7208031516075835 -196.2819926293048809 -195.8388613546829333 -196.8259626382005365 -198.8368280594738735 -200.8152878383530435 -201.6854111068750797 -201.7381497013597595 -200.9107891727030051 -200.0665268776210439 -199.7676324818909563 -200.1761977379590860 -200.0403482018045622 -200.2314144109797951 -200.6230779006226896 -200.0111831236497721 -198.2143855636040257 -195.2155928326343997
175.4560737527114895 161.0433839479392759 146.2077006507592216 127.4495661605206038 114.2017353579175705 103.2885032537960939 92.5650759219088997 80.7353579175704965 68.7451193058568322 53.9088937093275504 41.8069414316702819 36.5938177874186579 47.5667028199566175 79.8519522776572614 142.4994577006507654 228.0281995661605094 332.8687635574837032 442.0905639913232221 545.7489154013014740 625.1648590021692371 670.5081344902386036 684.9967462039045358 671.4257049891540419 633.1480477223427670
687.0614798694232377 690.2767500906783198 688.7421109902066974 686.0059847660500054 681.3210010881392691 673.2740297424736582 668.4838592673195308 662.5632934348930121 653.5544069640914131 644.9941965904969265 636.3928182807399025 622.6019223793979336 603.8795792528110269 579.9691693870148583 550.0197678636199043 520.2664127675009240 492.1360174102285328 464.9220166848023155 438.7821907870874156 419.7698585418933703 407.7179905694595732 401.8572723975335634 402.3329706202393936 406.4782372143634461
374.8209982788296202 196.9104991394148101 -0.4733218588640276 -205.3614457831325240 -429.6299483648881505 -650.3769363166953781 -815.9621342512908768 -891.8433734939759461 -874.8657487091221583 -794.4681583476764217 -682.2822719449225133 -481.9879518072289102 -194.4526678141135960 152.0740103270223642 393.6970740103270145 589.2616179001721548 747.7005163511187220 786.2220309810671779 710.3511187607573447 559.9466437177280795 391.0998278829604260 216.2857142857142776 34.3063683304647142 -136.3752151462994959
252.0909141645272769 252.6288090188637057 253.3694050675298683 254.0510659671838312 254.6842281504632126 255.4865498381515749 255.6495144547382381 255.2589016631320362 254.3153253711351738 253.7475164638910599 253.6966179261078196 253.8173345239424066 254.0843844179037774 253.9759459761133940 254.0056367898203007 254.4344792945641132 254.7933921196562039 254.6991851769170694 253.7599062395356668 252.9177921643040463 251.7638129255497290 249.8425605536332057 248.3747628083491463 247.5630650742270404
807.9583532790809386 767.1728099569171491 681.9794159885112776 577.6558161799904383 512.7534705600766074 516.3642891335567811 610.9885112494016539 752.4657730971756564 884.0947821924365826 968.2924844423168906 988.1029200574437255 985.2570607946386190 974.2359980852082799 968.7505983724270209 962.9334609861177796 949.9411201531833058 930.3791287697463304 917.3877453326950899 915.1263762565821480 915.0574437529918441 909.1689803733844428 907.7515557683101406 902.0804212541886500 889.5265677357587037
860.2360774818401978 848.9485472154963190 795.1016949152542566 701.1688861985471704 591.3753026634382195 476.7312348668280606 383.2233656174333873 328.8504842615012080 314.9297820823244365 342.0756658595641397 405.5236077481840198 496.9430992736077428 641.7239709443099400 790.8577481840193286 874.9776029055690287 903.1646489104116426 875.2929782082323982 817.3910411622275660 747.3976997578693044 658.6204600484261391 591.9903147699758392 568.7911622276028538 573.6277239709443165 588.8529055690072482
