-287.8607346297387721 -502.2376743272441786 -595.2315851502651185 -309.6937733254763430 0.7536829699469653 55.1826753093694791 58.1763897073266563 66.2492634060106127 55.0463563150658004 50.3516008642702815 38.4024749558043581 34.6733451188371617 32.5285798467884533 23.0278923590650173 18.3555293655470422 13.5680612846199171 11.8577882537811821 12.1730504812414058 6.4370457670398746 5.4028678059320372 9.5319190728736984 10.0143390296601851 11.1644077784325280 15.6360243567079156
175.1102893890675318 108.4151125401929221 4.7739549839228292 -151.8697749196141444 -353.8781350482315133 -656.1848874598071006 -931.4337620578778569 -789.2524115755627463 -376.8996784565916300 -148.4794212218649534 -57.8083601286173661 14.5681672025723472 29.3456591639871398 30.6974276527331185 35.3327974276527357 35.6549839228295795 37.1122186495176862 30.7234726688102882 19.3909967845659175 8.6864951768488741 11.6414790996784561 16.6212218649517673 13.2951768488745987 14.2636655948553059
57.4411695906432769 59.0072514619883037 68.7244444444444440 87.6205847953216335 101.4991812865497138 114.2231578947368433 115.6432748538011737 98.4247953216374327 54.4383625730994183 -54.7373099415204649 -191.6409356725146154 -477.9513450292397465 -779.3200000000000500 -541.6998830409356742 -126.5677192982456205 -72.1221052631578914 -63.3557894736842115 -13.5791812865497068 -9.9981286549707598 8.7754385964912274 16.9918128654970744 26.7660818713450297 33.1003508771929802 41.9204678362573091
-672.2441627751834403 -593.1994663108739587 -514.9899933288859302 -417.9866577718478879 -275.0013342228152169 -95.6310873915943915 130.0620413609072727 420.9526350900600278 797.9006004002668533 1156.7311541027352177 1284.9499666444296508 1395.7158105403602804 1301.1014009339560289 617.1020680453635805 132.5030020013342096 103.9232821881254125 55.8085390260173426 51.9659773182121398 50.4603068712474965 19.5363575717144755 24.1601067378252168 19.0913942628418951 19.1280853902601748 12.0740493662441626
1688.8176382660687977 1468.9282511210763005 900.8056801195814387 629.0702541106128365 534.9536621823617679 419.0792227204782989 188.8475336322869964 -109.8759342301943178 -572.3363228699552110 -1422.0896860986547381 -2219.1405082212259003 -2667.3931240657698254 -1896.6248131539612132 -545.0074738415545426 -705.0538116591927746 -810.2257100149477083 -159.8161434977578494 -101.9790732436472354 -82.0941704035874409 -12.5276532137518686 -38.4678624813153931 10.6442451420029887 11.7832585949177879 16.1195814648729439
76.3063457330415815 77.5229759299781165 65.0536105032822718 31.4934354485776815 -16.9321663019693638 -109.3129102844638965 -217.0229759299781165 -373.8282275711159741 -614.1159737417942779 -988.5831509846826748 -1658.8008752735229336 -1935.5612691466083106 -1299.8774617067833788 -688.8074398249452770 -527.6181619256017257 -452.3588621444201294 -338.4135667396061535 -95.1575492341356721 185.9934354485776851 764.7757111597373978 1731.7855579868707991 2501.5196936542670301 2574.1455142231948230 1469.4682713347922345
1626.2324786324786601 2251.8649572649574111 2494.7145299145299759 2222.7470085470085905 1693.3658119658118721 1405.4307692307693287 974.3196581196581292 433.8444444444444343 237.0324786324786430 139.0444444444444514 86.3230769230769255 86.4649572649572633 71.9401709401709439 75.2495726495726558 67.8991452991453031 69.1179487179487211 64.0017094017094053 32.0529914529914564 -6.3794871794871799 -65.6512820512820525 -154.1162393162393300 -290.7299145299145380 -506.3247863247863165 -809.3111111111111313
-12.5285252960172233 -9.7761033369214214 8.5048439181916038 16.4058127018299231 22.7782561894510209 33.4639397201291686 62.0150699677072126 101.4499461786867585 175.4628632938643591 278.8998923573735169 423.9246501614639442 674.9192680301399605 1079.8772874058126945 1775.5360602798707532 2052.3293864370289157 1271.7190527448869943 553.5263724434876167 470.6964477933261719 434.6189451022605112 314.4294940796555693 118.4165769644779402 -110.3347685683530699 -481.1571582346609262 -1148.2023681377825142
11.8441064638783278 -86.7319391634980974 -243.5532319391635099 -459.9714828897338634 -746.2699619771863127 -1388.2148288973382932 -2058.8155893536122676 -1909.2528517110265511 -1118.4961977186312652 -527.2566539923953997 -414.0551330798479057 -416.9087452471482607 -231.1768060836501775 0.2832699619771863 390.7281368821292631 1146.2015209125474939 2069.4695817490492118 2587.9638783269961095 1865.1749049429656679 1434.9239543726234842 2033.0855513307985802 1330.7737642585550475 292.4467680608365185 222.8365019011406787
2890.7211660329530787 951.6932826362484548 -1201.1723700887198447 340.9416983523447584 476.9024081115335889 -51.7325728770595674 161.1419518377693407 -24.2408111533586812 20.9581749049429646 15.1558935361216722 -12.4397972116603288 24.1533586818757904 -3.2965779467680609 3.4017743979721167 3.5031685678073510 -8.1901140684410638 -28.5399239543726253 -59.3016476552598206 -88.7059569074778267 -117.3738910012674239 -180.2699619771863127 -274.6704689480354773 -366.0025348542458801 -451.0190114068441289
-190.0709592641261452 -264.9776609724047489 -405.9132720105124577 -568.8948751642575417 -795.9421813403416763 -1129.8725361366623474 -1179.0775295663599991 -871.7503285151117325 -625.4848883048620110 -487.9211563731931847 -367.9434954007884357 -242.6491458607095808 12.6622864651773988 218.0170827858081566 781.8226018396845802 1383.9132720105124008 1943.8304862023653641 2495.9290407358739685 458.8291721419185478 -1141.7923784494087158 338.8134034165571506 577.4559789750328491 35.8226018396846229 148.2693823915899998
0.9984502851475329 1.1681724729316472 1.1010775683940821 0.8544327010496735 0.9021923299446235 0.9240226464997107 0.7417322712620877 0.6267615092156377 0.6534321018265973 0.7760868666831969 0.6491342259690883 0.5625697371683610 0.6188992891974543 0.6020823001900983 0.7666568518059343 0.7672095834366477 0.4876332754773122 0.0570811637325399 -0.3625893668898256 -0.1536981362096041 0.3713323415158278 0.4252882469625589 0.0612576452599388 0.1558212455574841
-6.9363697253851306 -25.0308104487608851 -38.2498325519089093 -49.4882786336235796 -61.6858673811118550 -76.4259879437374394 -81.5927662424648332 -78.1172136637642325 -110.8050904219691830 -139.3235097119892885 -154.4420629604822466 -205.8091091761554026 -174.5284661754855904 -201.3409243134628355 -102.7856664434025475 -42.5398526456798365 122.6195579370395166 1404.0107166778298051 1333.0709979906228000 -328.2967180174146051 -295.9524447421299556 111.8084393837910255 -64.0334896182183542 27.5030140656396505
37.0385064177362864 70.5863477246207651 120.7567094515752615 189.9941656942823727 283.1528588098016144 386.3407234539089927 477.8354725787631310 548.1942823803967713 610.2287047841307412 639.9329054842473852 625.0752625437572760 591.1826137689614598 488.9270711785297294 318.2502917152858686 131.8208868144690769 -89.2001166861143560 -321.0332555425904388 -555.4941656942824011 -819.3203033838973397 -998.0204200700117099 -1192.9072345390898136 -1139.2304550758460664 -394.4317386231038540 66.1936989498249773
-687.0069348127600506 -462.9195561719833449 -369.4660194174757066 -293.4479889042995637 -22.5839112343966697 142.3578363384188492 715.7475728155339993 1399.0055478502081314 2234.9625520110957950 3001.2995839112345493 689.3536754507628075 -776.0097087378641163 948.1026352288488397 733.9098474341192286 34.9861303744798917 229.5423023578363484 10.3023578363384196 53.8085991678224715 49.7794729542302363 16.2829403606102652 60.0402219140083204 27.0097087378640772 25.2441054091539527 25.6074895977808588
208.9885964912280656 308.0885964912280883 434.2298245614035181 512.6447368421053170 589.4929824561403393 653.0184210526315383 636.0789473684210407 591.6903508771929410 522.9578947368421495 435.0245614035087556 302.8166666666666629 161.4201754385964875 -40.4754385964912302 -225.1201754385965046 -516.3649122807017875 -872.2035087719298190 -1088.6912280701753843 -1798.7763157894737560 -1242.4710526315789139 565.4666666666666970 303.3877192982455995 -384.4964912280701697 -46.6868421052631604 -44.3508771929824590
-9.1046696899129795 -12.6196837847775463 -13.5081505086407656 -17.1003799485231021 -21.4175756832945225 -28.3270008579482777 -34.6526535114597394 -36.7835519058708158 -37.5962740531927935 -37.6225027576908957 -36.1866650324794676 -31.9769579605343779 -22.5173428116190699 -6.5532540752543200 22.8206888099031744 90.4107120970707143 193.1495281284471162 316.9382277239857899 425.0393430567471569 402.0321117784042144 255.1818850349307581 111.9613923274911116 7.1465865914940556 -62.0410589533031001
-53.1633554083885187 -357.9646799116997613 -761.4856512141279836 -1372.0805739514348716 -1923.0033112582782451 -2136.0320088300222778 -1831.7858719646799273 -1112.5827814569536258 -754.4105960264901114 -629.9569536423840646 -334.6788079470198909 -204.5264900662251648 -165.2472406181015572 -114.8984547461368635 -109.0187637969094965 -90.9448123620309019 -91.5982339955849909 -87.8068432671081638 -67.6655629139072801 -64.9381898454746107 -56.5529801324503296 -25.9392935982339949 5.3830022075055188 25.2759381898454762
632.9765494137353699 917.3489670575097534 1211.6839754327190803 1311.7945281965382947 1050.3433835845896738 625.2786152987157493 273.8777219430485843 128.9570072585148068 129.8269123394751432 114.9676158570630946 91.0005583472920137 70.0290340591848093 50.4148520379676128 47.2920156337241764 42.8860971524288104 42.5907314349525379 44.8313791178112808 39.8542713567839186 39.8391959798995003 36.7844779452819637 17.7883863763260734 3.1496370742601898 -10.1987716359575664 -48.8615298715801245
-615.1865443425076592 -874.5713557594291387 -1079.0672782874617042 -1173.9102956167175762 -902.6952089704383297 -441.7701325178389311 -244.5453618756370986 -175.2013251783893963 -81.0193679918450584 -32.2380224260958173 -25.4898063200815486 -34.4225280326197733 -26.1080530071355774 -20.1722731906218158 -25.3353720693170246 -22.0545361875637091 -16.2548419979612646 -12.6406727828746170 -14.7273190621814472 -15.2043832823649332 -9.1554536187563702 0.5474006116207951 11.5891946992864430 24.0168195718654438
-60.2134543302426479 -58.8125863089366732 -62.8244229631090931 -64.4180311698559933 -63.8289603472085219 -62.4637995659893477 -57.4511738015387650 -35.8072598145590817 7.7334780035509967 76.0903531268494788 227.0854211876109616 450.6192542907871257 616.4381534819491435 569.4470309725784318 298.9035312684947598 57.2347603077530067 -17.9364766226080086 -39.5121325705267310 -40.8031169855987343 -14.9309528506608800 -4.0578023278753204 -10.0937068455316634 -18.1229039258236355 -37.8954428881436201
17.2232215862632856 21.0188062142273111 37.8520032706459517 49.2215862632870014 65.6876533115290329 89.4358135731807096 94.8479149632052270 122.8896156991005739 150.9288634505314803 131.0621422730989423 145.7726901062959826 171.9762878168438363 140.1300081766148935 162.7726901062959826 121.6434995911692596 103.0932134096483992 65.6238757154538064 -165.7825020441537163 31.4660670482420279 -851.6794766966476118 -1927.8847097301716076 -240.0457890433360717 643.9934587080948631 -223.1406377759607551
-52.8557142857142850 -139.2028571428571411 -221.1857142857142833 -345.0714285714285552 -544.0657142857143072 -801.2571428571428669 -1253.9271428571428260 -1565.6071428571428896 -1246.6342857142856246 -773.8485714285714039 -565.4214285714285779 -453.4499999999999886 -364.6271428571428714 -129.9399999999999977 97.2600000000000051 553.9600000000000364 1385.9285714285713311 2053.7657142857142389 2748.0257142857144572 1334.1214285714286234 -918.7857142857143344 95.8557142857142850 875.3885714285714812 146.2085714285714175
-440.7707889125799738 -726.3891257995735486 1693.0373134328358447 1445.1311300639658839 -507.5767590618336840 2.0639658848614073 97.9904051172707824 -89.1844349680170581 71.3049040511727128 -40.9488272921108774 8.9733475479744129 -4.1908315565031984 -22.0959488272921121 -2.7430703624733477 -12.9104477611940300 -12.9072494669509599 -14.0735607675906191 -15.2633262260127935 -28.1492537313432827 -52.6439232409381646 -80.2761194029850742 -105.8646055437100273 -119.6449893390191903 -144.0991471215351680
553.8982857142857483 417.7942857142857065 289.9611428571428746 69.2091428571428509 -239.5794285714285650 -646.5085714285713721 -1289.0891428571428605 -1906.8548571428570995 -2261.0365714285712784 -1996.2582857142856483 -1218.8845714285714621 -898.5725714285714503 -680.1839999999999691 -288.0571428571428783 -215.8959999999999866 -164.6217142857142903 -97.2308571428571469 -107.9074285714285679 -87.8239999999999981 -80.9611428571428604 -86.8068571428571403 -79.3919999999999959 -60.1874285714285691 -49.5497142857142876
55.3580846634281727 75.5648854961832086 90.6523247744621727 116.9888965995836259 153.2761970853573814 149.5905621096460720 148.6821651630811800 177.9070090215128346 174.5808466342817553 166.5662734212352518 152.0638445523941584 99.8473282442748058 108.9368494101318561 -64.4961832061068634 -10.5766828591256079 -387.6648160999305901 -1729.5232477446218127 -1060.0048577376821868 454.5239417071477988 66.6786953504510791 -157.1096460791117408 34.3143650242886906 -41.0798056904927122 25.4698126301179748
1274.7699784017279399 1630.2921166306696250 514.1490280777537691 -129.8903887688984753 56.9584233261339108 35.8623110151187916 17.3439524838012957 17.3363930885529172 -11.0728941684665223 -2.7840172786177106 -14.1209503239740819 -6.8995680345572357 2.8234341252699786 -2.7008639308855291 -9.6009719222462202 -12.4794816414686824 -12.8115550755939527 -17.2278617710583148 -28.9967602591792648 -39.2213822894168445 -44.1101511879049681 -62.4465442764578853 -84.6927645788336889 -123.7456803455723531
-104.4125255275697697 -124.2879509870660257 -84.0490129339686831 1251.8713410483321695 1135.8890401633764213 -516.6453369639210678 -267.5187202178352663 140.2511912865895169 -87.8556841388699752 25.3151803948264131 -15.8053097345132745 -16.6609938733832550 -0.4336283185840708 -29.3478556841388709 -10.6609938733832532 -17.0258679373723609 -12.2083049693669157 -9.5793056501021105 -13.7828454731109602 -15.6160653505786247 -25.9332879509870651 -32.6153846153846132 -39.1238938053097343 -45.6923076923076934
129.3061224489795791 85.3313896987366434 86.9727891156462647 84.5743440233236186 79.9135082604470313 90.9834791059280832 57.0796890184645278 6.9912536443148685 -78.5413022351797849 -199.4344023323615147 -290.3994169096209816 -535.8095238095238528 -738.1379980563654044 -1439.3138969873664337 -2554.8483965014575006 -1824.5918367346939704 -430.7356656948493878 -387.4344023323615147 -415.8736637512147922 -291.0310981535471342 -221.3576287657920432 -38.3760932944606381 160.6103012633624871 606.3236151603498456
-715.8083769633508382 -1184.5664921465968291 -2469.4910994764400129 -995.6387434554974334 882.8712041884816699 -127.8680628272251312 -377.8376963350785331 23.8732984293193731 -105.9549738219895261 3.9298429319371726 -25.5958115183246058 -25.7874345549738209 13.6450261780104718 -11.6251308900523558 -2.0429319371727748 2.8502617801047121 3.4209424083769635 9.9130890052356015 32.9130890052356051 65.5539267015706741 82.6219895287958082 101.4115183246073286 159.3539267015706855 230.2743455497382286
594.7834928229665366 568.7631578947368780 531.4641148325358699 483.4748803827750976 427.2332535885167317 352.4007177033493008 242.6136363636363740 36.7799043062200965 -91.5155502392344431 -413.7894736842105203 -765.2811004784689430 -1275.9090909090909918 -2500.2930622009571380 -1344.5837320574162277 895.7380382775119187 144.1997607655502520 -480.9210526315789593 -35.5059808612440193 -92.9712918660287073 -14.7440191387559807 -8.8552631578947363 -20.3612440191387556 27.1710526315789487 6.6889952153110048
1277.6650124069478807 1948.6799007444169547 2817.3697270471466254 627.6612903225806122 -1031.7034739454095416 536.6091811414391941 559.6749379652605967 -1.0421836228287842 173.9516129032257936 -5.3846153846153850 36.4925558312655056 28.0272952853598021 -7.9317617866004966 35.8796526054590572 20.6861042183622814 20.7605459057071968 12.9019851116625315 -16.0818858560794062 -48.5173697270471465 -80.1923076923076934 -130.3411910669975100 -217.3895781637717164 -349.2357320099255844 -511.9826302729528607
-109.8469326980345500 -178.5479452054794649 -270.4800476474091511 -363.8010720667063538 -468.3091125670041492 -580.1322215604526491 -665.2048838594400877 -709.8636092912447566 -679.6968433591423491 -565.1631923764144858 -428.3132817153067435 -276.2924359737939426 -99.4854079809410337 97.5562835020845682 330.4669446098868093 601.2173913043478706 868.8802858844550201 1031.0184633710541675 1089.7373436569387195 957.2072662298987780 547.7748659916617271 192.0047647409172100 65.9243597379392554 37.5378201310303723
-2930.8908045977009351 -1178.5183908045976295 530.4068965517241168 -464.0390804597701049 -339.6977011494253134 -5.1862068965517238 -129.5701149425287326 10.0747126436781613 -47.6379310344827616 -23.2287356321839091 -6.6666666666666670 -32.4655172413793096 -5.8724137931034486 -10.7471264367816097 -13.4436781609195410 1.2931034482758621 31.3597701149425276 78.4287356321839013 110.6701149425287412 156.3321839080459768 236.9505747126436859 328.9873563218390586 415.9264367816091976 503.4839080459769889
-247.2113312478275873 -291.9217935349322488 -326.5696906499826468 -343.0069516857838039 -345.4237052485227650 -359.7636426833507244 -353.1751824817518468 -318.0660410149461086 -325.0274591588459998 -329.4101494612443730 -285.6489398679179885 -253.7271463329857397 -232.2088981578032758 -209.3733055265902010 -195.0132082029892331 -174.5964546402502720 -157.6180048661800583 -149.7167188043100339 -138.2280152937087223 -128.9794925269377757 -124.1616266944734122 -118.8355926312130748 -115.3701772679874864 -104.8484532499131063
1056.3039455782313780 253.5866666666666731 -231.5695238095238153 4.8220408163265303 -0.2674829931972789 3.6111564625850341 8.8078911564625848 -6.8473469387755106 8.0832653061224491 -4.4927891156462589 -0.2887074829931973 1.6870748299319729 -5.6922448979591840 -1.2087074829931972 2.3921088435374149 -0.3980952380952381 -2.4987755102040818 -7.7352380952380955 -12.6552380952380954 -12.5322448979591829 -12.1047619047619044 -15.1009523809523802 -23.9401360544217674 -30.1216326530612228
-810.6156812339331736 -1068.6786632390744671 -1039.3059125964009581 -748.4100257069409281 -576.4884318766066826 -441.6491002570693922 -334.4948586118251797 -198.6336760925449880 87.8688946015424222 288.8611825192801916 897.9858611825193293 1348.7223650385603833 1982.6838046272494012 2633.9383033419021558 266.4922879177377695 -1057.7956298200513174 574.3457583547557306 455.0437017994858593 -6.0282776349614400 151.7146529562982096 -22.6606683804627238 36.7030848329048851 17.0514138817480720 -8.6683804627249366
6.3585260892953199 6.8973910704679939 8.7997579343733197 11.1746906939214625 12.0020172135556749 15.4281871974179658 20.4825174825174834 28.2685583647122094 35.4228079612694984 40.8682087143625594 43.8696880043033914 47.0749058633674053 55.8351264120494903 66.2810650887574013 78.0178859601936523 75.0451855836471253 49.3064819795589031 -17.0636094674556205 -158.9365250134480902 -310.5424959655728685 -451.4291285637439728 -508.8438676707907575 -297.8309575040344157 -59.0664335664335667
-0.5156591405680990 4.1828113619810630 4.1092498179169699 13.0218499635833940 -0.7203204661325564 -23.7028404952658427 -33.3328477785870376 -50.6795338674435527 -64.4479242534595755 -87.9490167516387515 -105.6387472687545568 -100.1449380917698448 -147.2498179169701302 -166.9016751638747280 -188.3153678077203210 -227.5549890750181987 -178.5265841223597931 -220.3153678077203210 -51.4217042971595077 -59.1915513474144177 365.3816460305899341 1764.2418062636561444 937.3918426802622434 -664.2964311726146889
45.2367849384503984 26.7791455467052870 99.1165821868211481 43.5734974656046319 43.7110789283128156 73.6017378711078862 103.6010137581462658 146.1057204923968129 149.7313540912382450 141.4902244750180955 119.1998551774076702 92.0506879073135451 86.8616944243301958 112.8906589427950706 113.7921795800144764 75.4257784214337477 36.5220854453294734 -67.0419985517740713 -148.0782041998551790 -311.1781317885590283 -472.4554670528602287 -779.4351918899347993 -1933.4163649529325539 -2181.2961622013035594
-281.6745635910224337 -571.6122194513715158 -424.1496259351620779 -846.2369077306733516 -460.9039900249376842 1844.3902743142143663 988.6633416458853389 -723.9289276807979832 43.7007481296758087 60.4725685785536129 -86.6546134663341689 53.9251870324189539 -58.0336658354114689 6.2543640897755610 -22.8192019950124703 -24.3877805486284274 -5.6558603491271819 -21.1059850374064837 -10.4937655860349128 -2.7057356608478802 3.0710723192019951 2.4077306733167081 -7.6645885286783040 3.3952618453865338
-13.1139622641509437 14.1637735849056607 100.5683018867924545 54.5615094339622644 84.5584905660377331 100.7147169811320708 129.2988679245283095 143.8920754716981207 125.8105660377358532 131.6203773584905719 127.5237735849056548 141.4701886792452967 162.9516981132075557 137.8988679245283038 101.0045283018867934 33.0898113207547198 -65.1969811320754786 -146.4543396226414984 -341.7328301886792588 -504.0324528301886744 -1281.3879245283019372 -2382.2105660377360437 -1532.5222641509433288 -156.1283018867924568
-620.8321033210331734 -945.0922509225092654 -1529.2878228782287806 -1634.4649446494465792 -1125.7933579335792729 -730.0977859778597576 -492.6365313653136582 -391.3302583025830472 -316.0738007380073782 -16.0535055350553506 173.8911439114391158 864.5424354243542666 1662.8653136531365817 2312.9446494464946227 2726.5442804428043928 211.7047970479704873 -855.0184501845018303 1235.3911439114390305 766.8597785977859758 18.7915129151291502 266.3247232472324981 -10.4483394833948342 69.4317343173431709 57.5848708487084906
616.0395927601809944 497.0723981900452486 416.6244343891402764 349.9027149321266847 232.8427601809954695 46.8970588235294130 -85.6153846153846132 -433.5248868778280666 -741.2624434389140333 -1410.2952488687783443 -2607.3755656108596668 -1212.3902714932125946 810.3846153846153584 11.9242081447963795 -440.5622171945701098 -38.9762443438914019 -87.1889140271493233 -13.4479638009049776 -20.5203619909502279 -22.4264705882352935 14.5033936651583719 -4.0599547511312215 10.5328054298642542 16.2477375565610842
14.9096858638743459 1.8298429319371727 -24.2382198952879584 -81.6845549738219887 -179.6557591623036672 -258.9685863874345273 -402.9947643979057830 -591.8272251308900422 -859.9319371727748376 -1322.6034031413612411 -1419.4620418848166992 -998.6374345549737654 -668.9803664921465725 -491.1282722513088856 -383.8861256544502680 -276.3062827225131173 -5.2892670157068062 212.6217277486910859 815.6086387434554581 1507.3743455497381092 2144.6348167539267706 2536.4188481675391813 391.7853403141361355 -982.0366492146596329
-408.1105263157894569 -565.0842105263158146 -799.1473684210526471 -1207.7456140350877831 -1233.8105263157895024 -849.2491228070175566 -633.6192982456140044 -495.7666666666666515 -382.6210526315789480 -276.9929824561403393 -14.3719298245614038 170.8929824561403450 795.4456140350877149 1476.2561403508771036 2259.8736842105263349 2627.5824561403510415 -40.1842105263157876 -1223.6105263157894569 713.7210526315789139 565.8122807017543892 9.5157894736842099 187.2017543859649038 -15.8087719298245606 45.2543859649122808
825.9061624649859823 1237.6862745098039795 1897.4033613445378705 2789.7436974789916349 347.6176470588235361 -1232.6764705882353610 635.1582633053221798 579.8571428571428896 1.1218487394957983 193.8501400560224113 -17.1008403361344534 42.9131652661064393 23.5070028011204499 -5.3557422969187671 34.7156862745098067 10.6274509803921564 16.5616246498599438 7.9565826330532214 -19.0350140056022425 -50.4859943977591001 -78.9607843137254832 -120.9201680672268964 -206.7394957983193251 -338.2044817927171039
-106.5767366720516947 -136.5872374798061344 -204.4935379644587954 -186.8166397415185713 -281.3651050080775349 -214.6518578352180953 -250.5121163166397480 -240.9054927302100282 1299.3610662358642003 1384.3877221324717084 -432.0355411954765827 -280.8392568659127733 154.1591276252019327 -98.6227786752827171 27.6332794830371569 -14.2665589660743137 -20.3610662358642962 0.4305331179321486 -33.4434571890145378 -11.5379644588045238 -14.6873990306946691 -17.6147011308562185 -13.6696284329563813 -18.7116316639741527
977.8523206751054886 1476.7398030942333662 1748.0450070323488490 1345.6469760900140500 804.1631504922644353 599.4964838255976929 510.3755274261603176 388.7313642756680565 130.9887482419127878 -144.8748241912798846 -600.9859353023909989 -1467.1617440225036262 -2222.4824191279885781 -2555.6132208157523564 -1693.6174402250351250 -452.2559774964838084 -586.8734177215189902 -582.0928270042194299 -83.2180028129395168 -90.0421940928270033 -38.5991561181434619 17.9085794655414894 19.8087201125175802 67.5021097046413558
-61.0821355236139638 -36.3203285420944582 -41.6683778234086262 -32.7207392197125273 -18.3295687885010281 -15.7874743326488698 -20.9753593429158123 -4.9609856262833674 31.3501026694045173 76.0287474332648827 160.4804928131416943 246.0954825462012252 410.6694045174538132 653.1776180698151393 1074.9691991786446579 1979.8644763860370404 2236.4825462012322532 1213.4455852156056608 466.0626283367556653 414.7669404517453700 396.8747433264887263 302.4373716632443347 132.0492813141683826 -76.1498973305954792
2104.5683333333331575 3344.2333333333331211 877.1266666666666652 -826.4299999999999500 833.8966666666666470 654.2033333333333758 52.0216666666666683 216.8916666666666799 4.2166666666666668 66.0133333333333354 29.3983333333333334 5.7016666666666671 70.2416666666666600 32.5866666666666660 43.2383333333333368 36.6116666666666646 -7.8516666666666666 -40.4900000000000020 -89.4983333333333348 -165.3233333333333235 -262.4733333333333576 -408.4033333333333076 -653.8616666666666788 -867.6250000000000000
-292.5788982259570616 -263.4248366013071632 -266.2530345471521969 -232.2212885154061723 -227.2268907563025095 -191.8655462184873954 -103.7815126050420105 -77.2549019607843093 191.2978524743230651 192.2128851540616381 1037.5901027077497929 2226.5098039215686185 303.8450046685341022 -1053.1568627450981239 143.0196078431372655 170.7973856209150370 -65.4771241830065378 85.8823529411764639 -28.6573295985060703 10.9495798319327733 1.2969187675070029 -17.6386554621848752 -15.2222222222222214 -37.6022408963585448
-253.9217877094972096 -484.7858472998137813 -783.8007448789571754 -1442.3296089385473806 -2116.1061452513968106 -1879.7504655493482915 -1045.6592178770949886 -513.6331471135940774 -410.6741154562383826 -394.7094972067039294 -210.4227188081936788 41.1936685288640589 468.5530726256983485 1260.1601489757913441 2168.6443202979517082 2541.7560521415271069 1861.9199255121043279 1554.0037243947858769 1901.3556797020485192 1160.7839851024209565 336.1527001862197608 234.7076350093109909 48.3054003724394789 -59.5772811918063283
-920.7758816837315408 1566.5369738339022661 1530.8998862343571545 -508.9726962457338004 -27.5836177474402717 108.3128555176336789 -88.0625711035267358 85.9863481228669002 -30.2468714448236646 18.4527872582480086 7.7838452787258250 -13.0625711035267358 0.6370875995449374 -8.4288964732650733 -5.4573378839590445 -6.6916951080773606 -11.8555176336746300 -29.5699658703071684 -54.3265073947667787 -89.1444823663253629 -112.6370875995449410 -126.2855517633674651 -144.5585893060295746 -151.5858930602958026
-2.6948271967472328 1.3625480009035464 -2.3182742263383780 -0.3677433928168060 -3.1359837361644454 -4.7553648068669530 -3.6552970408854755 -4.9891574429636325 -5.8362322114298619 -0.5559069347187712 6.1655748814095324 17.5816580076801436 43.0298170318500084 79.7095098260673183 128.1689631804833880 191.0126496498757547 273.5660718319403486 386.4840749943528522 543.7368421052631220 706.3397334538061614 779.3076575559069852 723.0530833521572731 578.8357804382200129 409.6415179579851156
1122.8210262828536088 -1490.9186483103878800 -1204.4455569461827054 619.9236545682102815 -38.9649561952440564 -81.5281602002503121 67.5143929912390490 -88.4418022528160179 32.5256570713391753 -35.8748435544430535 -17.3929912390488113 -6.1426783479349183 -20.5331664580725892 -8.3917396745932411 -11.5281602002503121 -15.2941176470588243 -37.4868585732165229 -50.8861076345431798 -57.4593241551939897 -81.7183979974968651 -106.7784730913642051 -124.0337922403003716 -128.8660826032540569 -130.6908635794743532
205.4222737819025610 52.1067285382830647 -26.1241299303944317 -365.5498839907192519 -545.8352668213457264 -1231.1357308584686052 -2630.7935034802785594 -1011.1995359628770075 919.7412993039442881 -211.4303944315545323 -423.4118329466357409 44.5568445475638057 -106.0162412993039425 13.4466357308584694 -14.4443155452436187 -15.2575406032482590 26.9187935034802770 -0.6194895591647331 10.5603248259860791 11.9965197215777266 11.3132250580046403 13.6206496519721583 30.9698375870069604 64.4930394431554532
-176.3959537572254419 -86.3265895953757223 -91.5761078998073259 -64.2225433526011500 -65.9190751445086676 -70.2302504816955633 -55.7427745664739902 -57.3766859344894016 -39.2138728323699439 -34.1165703275529850 -42.6136801541425854 -27.9855491329479769 1.2177263969171483 55.5375722543352595 140.9633911368015333 237.3988439306358487 370.3709055876685738 602.1647398843930432 937.4913294797687513 1641.6551059730250017 2228.1213872832367997 1636.8487475915221694 676.3429672447012990 388.8506743737957549
-234.5872453498671462 -208.2462356067316307 -309.7697077059344792 -165.7661647475642042 -262.6315323294951440 5.0956598759964571 1678.9893711248892032 1065.1160318866252510 -721.4224977856509895 -127.0797165633303791 173.1895482728077980 -91.4384410983170994 38.7785651018600532 -36.8122232063773254 -14.5509300265721873 -7.8972542072630647 -28.2161204605845874 -10.3401240035429591 -21.4889282550930041 -13.1957484499557136 -13.0673162090345443 -18.4827280779450831 -19.6412754650132868 -37.2453498671390619
18.6887169911976514 9.1395038676980533 18.7722059215790864 9.2171245665510799 11.1813817017871440 12.0877567351293678 11.6020272072552686 10.4105094691917852 7.9277140570818885 1.6879167778074153 -8.8965057348626306 -28.6700453454254465 -63.5358762336623073 -112.5246732461989865 -174.2635369431848460 -250.3560949586556319 -345.2139237129901517 -470.7239263803680842 -637.9762603360895810 -796.1309682582021878 -843.7076553747666594 -770.1568418244864915 -657.9965324086423379 -491.4275806881835251
-14.4839449541284395 -6.2192278287461775 -9.7866972477064227 -6.2270642201834860 -5.7593654434250761 -7.3961200305810397 -9.3401185015290515 -13.2336582568807337 -16.8467125382262992 -21.0765481651376163 -24.9236429663608554 -26.3989870030581031 -23.4712347094801217 -22.5361238532110093 -21.4162844036697244 -18.6634174311926593 -15.0968081039755351 -2.4758218654434252 21.4777331804281353 86.9915902140672728 203.1612194189602576 364.8476681957186543 518.7793386850153183 497.8534977064219902
504.9964953271028207 510.1185747663551524 485.8241822429906733 400.9684579439252161 254.2850467289719631 82.8387850467289724 -126.7161214953271013 -363.2984813084112261 -646.9135514018691993 -974.1261682242990219 -1140.5537383177570518 -1218.5566588785047770 -1023.8247663551402411 -464.5414719626168107 -250.0029205607476683 -259.5367990654205528 -116.6144859813084054 -64.9678738317757052 -55.0467289719626152 -42.6080607476635507 -49.9485981308411198 -25.6717289719626152 -24.2114485981308398 -29.0000000000000000
-4.9989550679205852 -94.5757575757575779 -409.9696969696969973 -493.3019853709508880 -1131.2518286311390057 -2485.9059561128528912 -968.4367816091953500 875.9874608150470294 -96.8840125391849512 -348.3291536050156765 21.9393939393939377 -88.7972831765935240 10.1337513061650988 -18.8296760710553812 -13.8599791013584124 20.7993730407523501 1.0731452455590387 9.0940438871473361 10.7617554858934170 16.8275862068965516 11.1274817136886099 30.4587251828631125 72.8714733542319806 69.7868338557993724
-26.1382422802850343 -20.8921615201900224 -18.7817102137767229 -19.2422802850356298 -18.9220902612826620 -15.5180522565320658 -4.8410926365795728 12.2672209026128272 38.9318289786223275 79.8289786223277957 137.4845605700712667 213.7688836104512973 310.7826603325415817 447.2337292161520281 600.9964370546318833 704.6653206650831862 721.7453681710213687 626.3572446555818942 463.2080760095012124 324.2266033254156810 211.2579572446555858 92.4152019002375340 -32.9384798099762506 -185.2508313539192386
-151.9336870026525332 -187.0683023872678916 -139.1054376657824889 -197.2234748010610019 -76.7751989389920482 -81.8932360742705612 21.0928381962864719 1374.4091511936339884 1079.7380636604775646 -592.9681697612732023 -230.2128647214854027 145.9409814323607293 -92.3501326259946893 37.1684350132626022 -19.6870026525198938 -17.2407161803713542 -3.8567639257294428 -33.2287798408488086 -10.9887267904509276 -17.9608753315649885 -14.2387267904509276 -13.4900530503978775 -18.8507957559681714 -21.6909814323607435
-74.3476394849785436 -83.7807857378672765 -92.2476064707824435 -116.1802575107296178 -114.5249257180587676 -119.3037306041597958 -90.9303400462198681 10.8606800924397486 137.6761307362165780 688.3776824034334822 1035.5193133047209813 385.3763618355893072 -103.8544073951799334 -31.2093100033014181 -27.6332122812809509 -22.1105975569494895 -6.5397821063057116 -16.4536150544734241 -5.4347969626939587 -11.4925718058765263 -16.0155166721690314 -16.4519643446682089 -22.3202377022119514 -36.8342687355562859
-982.7024291497975810 -1668.3704453441296209 -2148.4554655870447277 -1718.6376518218623914 -880.1781376518218849 -460.0303643724696485 -418.1680161943319831 -344.6153846153846416 -131.1133603238866385 130.9433198380566807 672.0283400809717023 1529.6356275303644452 2399.3684210526316747 2461.5769230769228670 1716.1639676113359201 1831.8886639676113646 1892.8299595141700138 810.8279352226720675 269.9514170040486079 196.4493927125506048 -31.7793522267206470 -113.6356275303643741 -145.2206477732793530 -86.3279352226720675
128.7837837837837753 127.7593722755013061 150.4176111595466523 111.6268526591107246 129.3164777680906639 89.2859633827375774 49.3931996512641689 79.5963382737576239 -136.2240627724498552 106.5553618134263303 -676.8796861377506957 -2116.5632083696600603 -513.1665213600697371 731.7942458587619967 -164.2545771578029701 -96.8639930252833494 33.5928509154315620 -66.0278988666085382 34.0557977332170907 -23.8282476024411523 6.9799476896251091 14.5196163905841331 10.1421098517872714 29.1124673060156915
284.4856965174129186 315.7095771144278729 327.1735074626865867 347.4838308457711378 355.8675373134328197 320.1492537313432649 271.4054726368159436 187.3582089552238870 49.3843283582089541 -57.7518656716417880 -291.4166666666666856 -477.7319651741293569 -856.5080845771144595 -1832.8327114427861488 -1320.2481343283582191 274.3837064676616819 193.5379353233830955 -265.4116915422885654 -87.1486318407960141 -53.5982587064676608 -30.5914179104477597 -14.9160447761194028 -18.5690298507462686 12.4894278606965177
56.1389610389610425 91.7383116883116827 129.9019480519480396 163.8688311688311785 202.2714285714285722 237.2571428571428669 269.7980519480519206 280.6870129870129631 280.7935064935064702 296.1331168831168839 293.0116883116883173 246.5863636363636431 201.7798701298701189 97.4974025974025977 15.7201298701298704 -137.5785714285714221 -299.2597402597402834 -468.5441558441558527 -1515.6298701298701417 -1622.4525974025973483 87.2883116883116941 420.1525974025973937 -195.3512987012987026 -74.2025974025974051
-976.7771952817823831 -1553.1782437745739571 -2230.9606815203146652 -2739.8007863695938795 -1365.8964613368282244 -112.9488859764089170 -639.8191349934469372 -502.1245085190039390 -103.4180865006553063 -156.0812581913499457 -49.6972477064220186 -68.5517693315858452 -63.2123197903014429 -32.8099606815203160 -53.7536041939711637 -42.4718217562254239 -32.3276539973787678 -31.3591087811271301 -12.7142857142857135 41.4980340760157276 98.4534731323722099 146.5530799475753554 217.8899082568807444 331.4901703800786095
-33.3776070252469808 -15.6410537870472002 -1.2151481888035127 10.6399560922063667 35.5740944017563123 75.5686059275521416 155.2777167947310772 278.7683863885839628 440.6421514818880496 666.3819978046103643 1024.3710208562019943 1513.0065861690450220 1696.0559824368824593 1258.6004390779362438 732.2601536772776853 550.3896816684961095 498.0790340285400930 362.2338090010977112 131.0779363336992276 -168.3490669593852829 -673.5773874862787807 -1457.5422612513721106 -2315.7541163556529682 -2343.8079034028542083
-251.6558441558441643 -169.1281385281385212 -63.2056277056277054 83.8367965367965411 259.7493506493506743 481.5181818181818016 760.7701298701298356 964.2307359307359320 1062.8259740259741193 942.8264069264068894 484.9991341991341756 113.2259740259740255 43.8272727272727280 24.6225108225108222 9.1116883116883116 10.7393939393939402 -1.7095238095238094 -4.1116883116883116 -3.2445887445887447 -1.0562770562770563 5.7316017316017316 -2.5991341991341992 -16.0909090909090899 -22.5965367965367960
165.8173598553345300 110.4972875226039832 20.9927667269439411 -76.1609403254972932 -241.1356238698010941 -451.5316455696202524 -753.8571428571428896 -1376.1301989150090321 -2033.2531645569620196 -1955.0723327305606745 -1165.6112115732369148 -536.9927667269439553 -427.0198915009041798 -423.8915009041591588 -216.8716094032549790 4.0542495479204339 389.0054249547920335 1129.2368896925859190 2021.9312839059673479 2585.0415913200722571 1782.1826401446653563 1353.3200723327306605 2072.7414104882459469 1342.6455696202531271
90.8114531138153183 106.6902648532569771 123.2667859699355830 140.9325697924123233 160.3725841088045740 171.8663564781674893 166.5157480314960594 156.0271295633500301 140.5845382963493080 114.0985683607730863 89.1341445955619207 81.0444523979956983 76.7234788833214054 65.1032211882605623 61.7680744452397974 62.0754473872584143 55.0314960629921259 49.3150322118826026 44.7099498926270584 41.1547602004294930 40.9259842519685009 38.5254115962777348 34.5874015748031525 29.7297780959198299
-10.5121951219512191 -20.5663414634146342 -44.1468292682926844 -62.3429268292682934 -63.7375609756097532 -76.8770731707317054 -109.5214634146341410 -129.7199999999999989 -169.5956097560975593 -181.7141463414634188 -187.5185365853658652 -184.3224390243902349 -87.1873170731707319 -45.9151219512195112 692.3004878048780029 1450.0278048780487552 430.4921951219512266 -418.6678048780487984 -48.3678048780487799 6.8297560975609759 -31.0717073170731695 33.2175609756097572 -6.3873170731707321 3.4424390243902439
-163.8677824267782341 -25.4610878661087874 10.8133891213389113 140.9924686192468641 1608.8083682008368669 1287.8016736401673370 -648.0209205020920535 -281.9991631799163088 180.3489539748954087 -105.2309623430962375 37.1656903765690387 -21.2887029288702934 -23.1422594142259399 -1.0493723849372385 -38.9338912133891242 -13.3715481171548110 -18.6267782426778226 -19.9548117154811706 -16.3891213389121333 -19.9598326359832647 -29.6259414225941420 -49.0995815899581558 -58.2384937238493734 -63.6711297071129678
-211.9499999999999886 -160.7520833333333314 -141.3229166666666572 -70.2236111111111114 -40.6111111111111143 -27.2034722222222207 -25.0763888888888893 -40.4388888888888900 -43.4722222222222214 -34.8909722222222243 -25.0124999999999993 -24.4847222222222207 -35.6604166666666700 -51.5652777777777800 -36.2111111111111086 -11.7604166666666661 33.3763888888888900 120.6972222222222229 202.9131944444444571 408.3444444444444343 640.0270833333332803 1229.7340277777777828 2089.6229166666666970 1685.2326388888889142
-1100.0403984504703203 -1726.5622578859988607 -464.1438848920863052 336.3065855008301241 -125.2739346983951236 -106.3597122302158340 -14.4560044272274482 -42.9773104593248476 2.2219147758716105 -23.1366906474820127 -6.0337576092971776 -0.4477033757609297 -11.2296624239070280 -6.0016602102933039 -10.1167681239623679 -13.0713890426120649 -14.8245711123408963 -7.8090758162700613 3.7692307692307692 -2.6773657996679581 1.8583287216380742 15.6917542888765915 27.3486441615938034 74.3093525179856158
170.6486486486486456 734.3468468468468018 1426.2507507507507398 2367.1396396396394266 2949.9474474474473027 402.7747747747747553 -807.1141141141141588 929.7177177177177327 608.9054054054054177 41.1306306306306340 215.7312312312312201 -1.3498498498498499 61.5795795795795797 28.9549549549549532 2.8843843843843846 52.0615615615615610 26.7117117117117111 21.6861861861861875 16.9624624624624616 -8.9369369369369362 -34.6966966966966979 -58.1411411411411407 -101.4744744744744764 -183.0015015015015081
27.7055016181229767 30.8001618122977341 30.7540453074433664 28.6771844660194191 14.4215210355987047 -16.7734627831715208 -76.0922330097087354 -152.7944983818770197 -262.3754045307443334 -434.2152103559870397 -646.5736245954692549 -1089.2912621359223522 -1686.5299352750810158 -1684.8923948220065085 -1058.9223300970872970 -624.5946601941747076 -528.9789644012945473 -442.2855987055016271 -256.0614886731391380 -40.6035598705501641 320.8325242718446475 980.8333333333333712 1979.4490291262136452 2601.8956310679609487
-1856.2940275650842068 -1365.1516079632465335 -774.5298621745788523 -485.9877488514547963 -445.6401225114854583 -368.6830015313935860 -85.0122511485451753 174.6355283307809998 848.3277182235834744 1783.9479326186828985 2554.5038284839201879 2616.7044410413477635 942.3078101071974970 676.0107197549770035 1790.5329249617152527 811.1546707503828202 92.0321592649310816 234.7932618683001635 31.6738131699846868 75.1699846860643248 62.0336906584992320 46.9096477794793287 77.1883614088820877 53.6998468606431842
39.3487903225806477 673.1834677419354875 -669.6229838709676869 -2073.6552419354839003 -264.4344758064515872 404.4989919354838435 -216.9324596774193594 45.7217741935483843 -19.2520161290322598 -29.5443548387096762 27.2963709677419359 -28.5423387096774199 14.3911290322580641 -1.2953629032258065 -1.7641129032258065 3.6663306451612905 -5.7116935483870970 -5.7570564516129030 -16.5383064516129039 -17.0917338709677402 -3.7520161290322580 -13.5977822580645160 -15.8437500000000000 -8.5544354838709680
108.9573193560464262 32.3665293897416717 -19.7326843878697105 -434.8157993260950889 -1046.2897791089478687 -647.8135529764133480 45.9359790340696392 53.6211156870086114 19.2575814301759642 40.2500935979034082 14.3156121302882813 35.7865967802321236 26.0921003369524520 28.6903781355297625 29.0546611755896684 17.9970048670909755 22.1579932609509562 16.8161737177087218 10.0625233994758521 12.3148633470610260 9.1362785473605399 8.6735305129165106 10.7806065144140764 13.3773867465368781
87.9771033013844459 75.3477103301384403 60.6533546325878561 52.2076677316293924 54.3157614483493063 52.2348242811501606 56.1932907348242807 48.2566560170394041 12.9302449414270502 -44.9142705005324814 -132.7428115015974299 -229.2811501597444135 -386.3083067092651959 -591.9589989350372434 -941.7247071352502417 -1648.6458998935038380 -1876.1682641107561267 -1136.7135250266239836 -548.0276890308839484 -465.9936102236421789 -409.2076677316293853 -290.2289669861555126 -131.8280085197017968 91.7641107561235287
-97.9974640743871532 -107.5528317836010075 -113.1318681318681314 -152.7869822485207010 -176.0625528317835915 -220.3626373626373720 -244.8469991546914741 -219.5173288250211385 -252.0371935756551238 -85.4556213017751531 -129.5257819103972849 619.3305156382079986 1969.0608622147083224 627.8951817413355911 -755.9019442096365538 37.1530008453085401 117.5401521555367736 -59.4699915469146205 68.7295012679628030 -14.2206255283178358 12.2789518174133558 -2.1149619611158075 -17.4006762468300913 -20.2307692307692299
4.7944199706314246 -16.7900146842878115 -85.6035242290748926 -177.0117474302496419 -248.2290748898678316 -413.8942731277533085 -606.4038179148311656 -908.3406754772393015 -1363.8414096916299059 -1389.0396475770924098 -988.6064610866372959 -689.7224669603524490 -493.1439060205580063 -398.5844346549192210 -275.1585903083700373 -8.0969162995594708 218.7077826725403895 915.1688693098384419 1622.0983847283407613 2367.0513950073423075 2483.6387665198240029 -72.2804698972099828 -860.6226138032305926 918.2452276064610714
347.6881067961165286 227.5084951456310591 10.8033980582524265 -193.1832524271844704 -598.4842233009708252 -1214.7402912621359974 -1865.1626213592232943 -2647.2257281553397661 -1443.0327669902912930 487.5266990291262346 -159.3252427184465887 -629.3252427184465887 -96.4733009708737796 -125.7087378640776762 -53.6650485436893234 -27.3665048543689338 -56.3980582524271838 -1.4563106796116505 -25.7584951456310662 -26.6929611650485441 -13.9514563106796121 -17.3276699029126213 -7.7572815533980579 29.7378640776699044
43.9013625592417043 53.3267180094786752 73.5598341232227426 90.2283767772511851 96.7775473933649266 115.2834715639810383 130.0414691943127821 137.8489336492891084 145.8080568720379233 114.0118483412322234 80.3421208530805728 -0.3427132701421801 -127.3779620853080559 -338.5909360189573363 -885.5296208530805870 -971.1783175355450339 -266.4973341232227426 31.9099526066350698 -53.7813981042654063 -13.6572867298578196 -21.6664691943127963 -13.8767772511848335 6.0672393364928912 13.3059834123222753
-434.1651495448634819 -350.4551365409623145 -272.7360208062418678 2.3342002600780236 185.0078023407021988 742.3862158647593787 1398.3237971391417886 2107.7737321196359517 2804.5734720416126038 589.4629388816645132 -1038.5942782834849822 549.2379713914174317 576.1001300390116739 4.4525357607282183 194.2691807542262552 4.7672301690507153 40.0273081924577383 37.5604681404421328 1.6814044213263979 41.7113133940182053 21.9596879063719115 17.3771131339401812 9.3719115734720422 -13.2470741222366701
120.5883977900552537 126.5349070818684112 133.6727774987443524 135.4510296333500889 121.0549974886991436 74.7815168257157268 -28.1988950276243102 -202.9954796584630969 -475.7923154193872506 -750.8822199899548195 -640.8686589653440251 -187.4912104470115537 34.5725765946760433 16.7262682069311914 23.8119035660472136 23.0401808136614754 21.8525866398794584 26.3583626318432955 16.6597187343043700 17.5557508789552976 19.3101456554495243 18.2559015570065277 16.4266700150678062 13.7717227523857364
2.0560689115113546 -2.9639780736100234 2.8181675802662491 2.5622552858261551 3.8335160532498040 4.2873923257635083 5.5251370399373529 8.2938136256851998 11.2352388410336719 18.0198903680501168 23.9722787783868441 25.5870007830853581 28.1708692247454984 35.9700861393891955 46.3605324980422893 53.4805011746280314 58.8577916992952197 53.0225528582615482 39.9823022709475353 -9.6026624902114328 -110.8139389193422062 -267.9099451840250481 -620.7959279561472385 -802.7522317932654232
-1572.0568181818182438 -1639.9791666666667425 -1075.5738636363637397 -696.5056818181818699 -492.8125000000000000 -400.5037878787878753 -307.6893939393939377 -0.0227272727272727 207.3560606060605949 930.3428030303030027 1727.0075757575757507 2495.1609848484849863 2819.6704545454545041 107.9545454545454533 -893.1723484848484986 1141.8712121212120110 692.1875000000000000 21.9469696969696955 215.0814393939394051 -25.2386363636363633 71.1193181818181870 57.5814393939393909 38.6022727272727266 62.8219696969696955
-473.3534883720930111 -396.1751937984496408 -216.0279069767441911 21.4170542635658911 398.4062015503876069 1073.6434108527132594 1827.0589147286821117 2335.6372093023255729 1984.6294573643410786 1598.6682170542635504 1990.1255813953489451 1474.2930232558139778 474.7193798449612245 315.1767441860465055 215.5426356589147190 109.2046511627906966 112.7395348837209355 67.3116279069767387 75.0170542635658961 74.8961240310077585 69.7379844961240281 69.6573643410852696 58.9782945736434101 38.8821705426356559
2426.8567335243551497 1223.8409742120343253 455.6633237822349543 677.4255014326647597 244.2048710601719108 110.7607449856733552 97.2492836676217820 14.5200573065902585 54.7335243553008581 27.2077363896848148 35.1876790830945581 41.5315186246418335 26.4684813753581665 18.3796561604584525 -14.4312320916905446 -63.2249283667621782 -129.3338108882521453 -248.6346704871060069 -417.4111747851002860 -694.0802292263609843 -1103.0630372492837523 -1493.0014326647565213 -1632.3553008595988558 -1312.7965616045844399
-116.4993630573248424 -479.2407643312101868 -848.8662420382165692 -1701.9541401273884276 -2868.0369426751590254 -1224.8318471337579467 681.6114649681528590 -243.4649681528662484 -490.3757961783439328 -13.0382165605095537 -104.1133757961783459 -13.0076433121019104 -25.4178343949044603 -32.1261146496815257 13.0216560509554142 -10.9248407643312095 -2.2114649681528662 3.1885350318471337 -2.2038216560509554 3.4777070063694269 32.6993630573248382 69.1363057324840753 79.8700636942675146 117.1019108280254812
303.2034395973154233 539.3915687919462698 659.2860738255033084 391.9526006711409423 44.7808305369127524 -61.5654362416107404 -70.5736157718120865 -57.3957634228187885 -46.1054949664429543 -38.4945469798657740 -12.9970637583892614 -20.6335989932885902 -25.0721476510067127 -18.4437919463087248 -23.3110318791946298 -14.6654781879194633 -8.7514681208053684 -8.3330536912751683 -5.3833892617449663 -8.3374580536912752 -10.3800335570469802 -11.3374580536912752 -12.5044043624161070 -17.7279781879194616
-10.9979267449896341 -5.5894955079474773 -12.5404284727021427 -37.1333794056668935 -55.5908776779543885 -56.4913614374568098 -53.6399447131997249 -91.5224602626122987 -112.4671734623358645 -148.0497581202487822 -193.9398756046993810 -167.7083621285418076 -242.6378714581893519 -123.1893572909467878 -228.8203178991015818 158.3026952315134679 1641.6157567380787441 969.0234968901174852 -524.3448514167242820 -85.7042156185210757 74.8417415342087082 -57.0228058051140323 62.2294402211472004 -19.5984796129923993
24.4647798742138356 17.5490566037735860 17.0201257861635220 18.1377358490566039 30.1163522012578611 38.1786163522012600 31.4553459119496850 27.7119496855345915 32.6251572327044030 23.5861635220125798 4.9144654088050315 1.4069182389937107 14.3377358490566031 -4.2427672955974840 -46.8698113207547138 -67.9874213836477992 -140.3698113207547067 -161.8603773584905525 -233.5861635220125834 -260.0515723270440276 -213.4283018867924397 -400.6666666666666856 633.2081761006289753 1740.3955974842767773
-67.9813200498132062 -45.3063511830635122 -0.8281444582814446 74.4109589041095916 179.1257783312577772 290.4109589041095774 440.8941469489414544 693.4520547945205635 1058.5479452054794365 1542.9962640099627151 1761.6936488169365020 1354.2029887920298279 822.7247820672478156 590.5031133250311086 493.9202988792030169 381.5716064757160666 137.9950186799501921 -167.0983810709838053 -660.3026151930260994 -1476.2665006226650348 -2189.5890410958904795 -2506.5691158156910205 -1763.2054794520547603 -567.3922789539227551
-7.6086427267194159 -6.3889227023737067 -6.8813146682897139 -18.4570906877662821 -30.5684723067559325 -32.8429701765063911 -44.6232501521606792 -79.7194157029823458 -103.5429093122337179 -95.6183810103469227 -96.6877662811929355 -131.1138161898965393 -145.7108947048082825 -181.9080949482653580 -196.6871576384662319 -166.9829580036518450 -184.4668289713937952 -65.7048082775410904 -65.1838101034692698 584.8441874619597911 1589.1095556908094295 489.4211807668898473 -611.2124163116250202 -16.3043213633597084
493.2953367875647928 750.1502590673575241 1153.5474956822106378 1746.0259067357512777 1860.2107081174438008 1217.3834196891191368 717.4162348877374598 595.1122625215889457 514.5958549222798410 336.2780656303972364 58.3575129533678734 -265.2279792746114140 -939.7944732297063410 -1769.1658031088081771 -2574.1398963730571268 -2315.8497409326423622 -842.6683937823834185 -803.3920552677029718 -1106.0466321243522998 -262.9153713298791217 -50.6148531951640734 -90.7081174438687441 27.9602763385146815 8.6528497409326430
-210.2500000000000000 83.0640394088669893 291.1613300492610961 899.7500000000000000 1489.2463054187192029 2242.3349753694583342 2815.3965517241381349 468.0738916256157722 -752.2832512315270606 833.4926108374384057 577.7536945812807971 48.4593596059113310 197.0849753694581352 -1.6096059113300492 53.6748768472906406 21.1884236453201957 2.5886699507389164 50.8263546798029537 20.4605911330049253 20.8854679802955658 23.1243842364532028 -1.7820197044334976 -32.4852216748768470 -63.4729064039408897
-734.9429874572406334 -552.9988597491447990 -445.5940706955530004 -381.6134549600912464 -295.3945267958951035 -80.6944127708095778 79.4686431014823285 596.2953249714937556 1152.5484606613454162 1981.7126567844925376 2584.6784492588367357 267.7822120866590581 -1106.5222348916761348 422.9019384264537962 431.0057012542759480 -1.6202964652223488 151.2075256556442469 -10.9965792474344362 30.5644241733181303 20.7423033067274787 -5.7673888255416195 12.4868871151653362 -3.6442417331812997 -6.2200684150513110
8.8787029623698963 7.0460368294635707 3.7838270616493195 3.6621297037630103 -0.6861489191353083 -17.3350680544435534 -47.2413931144915935 -99.3442754203362739 -162.1072858286629241 -232.3310648518815071 -334.9511609287429792 -450.6036829463570825 -593.8666933546837754 -745.0028022417934608 -780.6269015212169506 -707.0672538030424903 -596.8546837469975799 -455.0752602081665259 -303.8134507606084753 -132.2137710168134390 90.2193755004003179 358.5560448358687040 735.7093674939951597 1083.6020816653322072
62.5525114155251174 173.0563165905631706 270.9619482496194678 436.2024353120243632 663.1461187214612210 962.3150684931506476 1416.0045662100455957 1712.5677321156772450 1411.7534246575341967 870.7168949771689768 603.1796042617960438 499.3165905631659029 376.3607305936072862 131.9436834094368294 -133.9269406392694179 -616.2130898021308667 -1406.0624048706240501 -2129.4337899543379535 -2690.2602739726025902 -1644.8234398782344670 -139.2922374429223851 -675.6088280060882880 -801.1780821917808453 -95.9375951293759499
119.3668384879725153 154.4080756013745770 164.4768041237113323 273.4957044673539599 156.0085910652921086 378.5231958762886393 -96.6726804123711361 -1714.3745704467353335 -901.1254295532645529 520.2414089347079198 -1.2474226804123711 -79.3685567010309256 52.4991408934707877 -47.6941580756013721 32.6340206185567041 -5.6546391752577323 5.0558419243986252 13.5532646048109964 -0.1331615120274914 8.2268041237113394 2.4312714776632300 -6.6477663230240553 -13.8092783505154646 -12.0541237113402069
214.1962323390894767 333.8116169544741183 523.0879120879120592 813.7095761381475540 1236.0863422291993174 1704.3328100470957907 1642.3092621664050057 1032.0989010989010239 657.9403453689168373 555.9874411302982935 457.3045525902668942 260.0722135007849261 -25.1412872841444255 -386.6954474097331058 -1096.0172684458398180 -1901.8069073783358363 -2649.5949764521192265 -2107.7425431711144483 -494.3485086342229238 -686.1475667189953356 -1047.8728414442700796 -218.8021978021978100 -74.9733124018838311 -96.9795918367346985
521.2047413793103487 407.8653017241379075 322.8922413793103487 229.1540948275862206 51.8609913793103416 -80.3814655172413808 -396.5409482758620925 -672.5657327586206975 -1253.2165948275862775 -2498.0581896551725549 -1243.0064655172413950 843.5010775862068613 -21.4062500000000000 -528.4881465517241850 -5.2769396551724137 -73.1045258620689680 -13.0818965517241388 -6.2758620689655169 -25.9364224137931032 17.7564655172413808 -3.9148706896551726 1.2176724137931034 3.6594827586206895 10.0193965517241388
-29.2196078431372541 81.6219607843137283 251.8717647058823559 483.8701960784313769 767.9160784313725117 1056.7760784313725253 959.4741176470588471 461.5015686274509790 103.6117647058823508 -38.9858823529411751 -76.0196078431372513 -32.3874509803921597 -26.1458823529411752 -31.6262745098039204 -28.9729411764705880 -33.9027450980392189 -24.7082352941176460 -18.0913725490196065 -18.8031372549019622 -20.8415686274509788 -20.4890196078431366 -15.2317647058823535 -20.4301960784313721 -33.2992156862745077
-3.7731906218144751 -16.0208970438328251 -36.2155963302752326 -73.1294597349643283 -128.8944954128440372 -210.3491335372069386 -310.4153924566768410 -409.7140672782874731 -529.1095820591233405 -656.7395514780836265 -729.1207951070335866 -720.6671763506625439 -631.9424057084607966 -496.7191641182466810 -359.3792048929663565 -206.3700305810397424 -35.4317023445463803 160.8445463812436174 391.3267074413863611 666.2023445463812550 916.1055045871560196 1055.5015290519877453 1101.9016309887870193 834.3460754332313627
125.8272613065326624 85.2355527638191006 75.8153266331658244 74.4805276381909493 60.3706030150753747 55.1752512562814061 52.3743718592964811 47.5238693467336688 55.3461055276381941 43.7424623115577873 7.5552763819095476 -53.8498743718592934 -144.5458542713567738 -225.1777638190954747 -390.9830402010050534 -576.7493718592965024 -1065.5866834170853963 -2009.9522613065325913 -1963.9723618090451964 -912.2192211055275948 -443.1928391959799001 -404.5238693467336475 -326.5935929648240972 -227.7594221105527765
286.1243432574430585 223.7346760070052483 154.9229422066549944 -0.7924693520140105 -74.6549912434325762 -362.2819614711033296 -507.7259194395796840 -892.4702276707530473 -2179.2600700525395041 -1085.2749562171629805 916.4255691768826182 94.4667250437828301 -400.7915936952714446 18.8056042031523631 -64.9395796847635722 5.1453590192644487 -2.4588441330998250 -17.4063047285464094 17.0945709281961484 -5.0402802101576185 5.1830122591943955 7.7784588441331000 5.3739054290718036 0.4868651488616462
-1210.7196716327150625 -178.2572210398297443 215.2617816965642987 -109.5235633931286117 12.5585284280936449 -1.0076010945576164 -14.4536333231985399 10.3922164791730012 -14.4229249011857714 3.9787169352386744 0.5269078747339617 -4.1316509577379144 -0.4609303739738522 -3.5542718151413806 -5.5497111584068106 -7.1128002432350259 -6.0602006688963215 -3.4211006384919429 -0.8868957129826696 0.9008817269686835 -2.5156582547886894 -3.8491942839768929 6.8844633627242322 24.1231377318333848
-2002.5594713656387285 -2997.0469897209986812 -1881.9471365638767111 -66.0748898678414065 -503.6402349486049843 -721.0660792951541680 -119.8839941262848754 -123.6446402349486107 -63.3773861967694572 -33.0381791483113076 -61.5873715124816457 -19.4258443465491908 -45.5403817914831137 -30.4537444933920689 -20.4831130690161523 -20.7488986784140970 5.9985315712187957 49.8311306901615296 111.8179148311306932 149.6167400881057290 206.7180616740088226 319.3773861967694643 432.8135095447870526 563.2672540381792032
-447.1302270011947257 -574.6439665471923490 -670.3769414575866676 -706.2867383512544848 -674.2467144563918282 -571.6995221027478919 -448.6439665471923490 -311.0615292712066662 -144.6135005973715693 50.7013142174432474 282.4396654719235471 568.8237753882915513 868.3130227001195180 1071.5250896057348200 1169.4880525686976398 1023.9223416965352271 616.4199522102748006 266.1033452807646427 82.8733572281959425 35.4946236559139763 44.7084826762246124 30.1708482676224605 32.2108721624850673 30.4301075268817200
438.8507596067917689 556.3512064343163956 646.6604110813226498 708.6470062555853247 716.8534405719392453 677.1912421805183158 588.9285075960679023 499.4521894548703926 361.3145665773011501 202.8230563002680924 -10.5612153708668455 -219.9651474530831194 -528.5093833780160821 -908.1474530831098946 -1205.4781054512957326 -1986.3485254691688624 -1427.2368185880250167 483.9687220732797073 285.6050044682752400 -452.6827524575513735 -81.3360142984807908 -31.7810545129579971 -35.0911528150134018 15.5853440571939235
-227.0326797385620807 -369.6519607843137010 -566.0588235294117112 -831.5555555555555429 -1291.1029411764704946 -1440.5212418300652644 -1067.7222222222221717 -720.3349673202613985 -520.9330065359476976 -412.2320261437908471 -328.5669934640523024 -48.8300653594771248 141.7761437908496873 733.9820261437909039 1455.1176470588234224 2153.0457516339870381 2708.3872549019606595 298.4820261437908471 -1082.3202614379085844 884.5669934640523024 712.0735294117647527 -24.0196078431372548 213.3202614379084991 -8.8447712418300650
-29.6683673469387763 20.9574829931972779 124.1428571428571388 227.4353741496598502 352.4659863945578309 563.4047619047619264 839.8554421768707243 1255.2023809523809632 1648.7738095238096321 1521.4421768707481988 1024.4200680272108457 686.6411564625850588 543.1054421768707243 467.9336734693877702 272.1666666666666856 -26.0884353741496611 -345.0306122448979522 -1076.8741496598638605 -1808.1037414965985590 -2531.6156462585036024 -2399.9557823129252938 -293.3673469387754835 280.5782312925169890 -744.4251700680272279
26.4750430292598971 29.6826787670161174 32.4579877953371962 39.1411359724612709 44.0754185573462678 52.0895008605851970 56.7444844312314203 57.5775309028321089 56.7222656861211050 46.8474417149115965 28.3451728993897660 3.4475043029259895 -40.2927554373337529 -99.6883116883116855 -187.3775621968393068 -298.9879518072289102 -451.3057424503207358 -620.1746205601626798 -564.6509153497105444 -324.5271475512439565 -174.7997183539352193 -71.8547958066030361 16.8878109841965269 70.0685338757627960
-32.4978005865102659 -50.9391495601173006 -60.9134897360703818 -66.9684750733137832 -109.6158357771260938 -155.1407624633431226 -179.2478005865102659 -239.2206744868035173 -222.2595307917888476 -262.2888563049853587 -181.3306451612903345 -109.8196480938416357 -22.2265395894428153 1367.1165689149559057 1596.0747800586509584 -223.5975073313782957 -377.2001466275659709 137.5315249266862168 -47.3423753665689162 32.7932551319648127 22.9266862170087968 -2.6678885630498534 16.2837243401759544 -16.4508797653958929
-1.0207667731629393 -5.1765175718849843 -31.7052715654952060 -41.1365814696485614 -52.1533546325878561 -79.5567092651757122 -108.8178913738019133 -130.1541533546325979 -134.3458466453674021 -157.7324281150159777 -194.1038338658146927 -195.8706070287539944 -239.1086261980830727 -218.4001597444089384 -200.7803514376996930 -173.7452076677316199 14.1932907348242807 7.8186900958466454 1075.2603833865814522 1939.7667731629392165 158.4976038338658100 -675.6653354632587707 117.3626198083067038 32.2468051118210894
6.6723460026212322 205.6290956749672318 827.0733944954127992 1591.8820445609435410 2393.5806028833553682 2900.8414154652687102 812.8951507208388421 -240.5910878112713078 1213.8741808650065650 768.5622542595019695 114.9803407601572758 250.7850589777195296 35.9292267365661857 83.1022280471821801 52.7129750982961980 20.6592398427260804 68.1533420707732631 56.7981651376146814 55.2319790301441671 40.9266055045871582 17.7680209698558329 -11.1585845347313235 -44.1271297509829594 -93.5753604193971142
224.0285961871750544 176.5979202772963674 151.3136915077989499 124.0632582322356967 119.8110918544194163 103.0034662045060685 88.1065857885615316 88.6464471403812837 71.5840554592720935 66.6854419410745294 71.2980935875216630 42.7305025996533772 -2.0164644714038129 -79.4168110918544130 -189.7564991334488695 -304.3934142114384827 -502.8925476603119478 -758.5710571923743828 -1436.1455805892546778 -2358.0095320623918269 -1969.9766031195840696 -795.5831889081455301 -445.4341421143847697 -440.8197573656845520
-84.8549980244962399 -87.8619122876333449 -81.7519261161596233 -88.7234294745159957 -92.7850651916238576 -95.4616752271829370 -98.4611813512445622 -89.1519656262346842 -77.7837811141841229 -67.9039905175819882 -63.1469280916633764 -60.2862504938759400 -55.5433129197945448 -59.7445673646779909 -60.1361122086131985 -54.6224812327143425 -53.1230738838403767 -48.2880284472540495 -43.0376827340971957 -41.5846997234294733 -37.0385717107862504 -31.8274891347293547 -32.9263137099960517 -31.6369517977084165
-7.6405912040374906 -3.6423936553713050 6.6290555155010811 23.2862292718096597 49.1553713049747643 93.4661139149242928 144.7170151405912009 211.9271809661139230 303.3493150684931265 398.1856524873828675 493.8774333093006703 565.5814708002883435 601.4754866618601454 606.0428983417447171 569.9675558759913656 495.9589041095890138 372.0666906993511134 205.5252343186733981 20.4967555875991359 -194.8666186012977732 -434.3597692862292661 -685.9124008651766644 -982.1261715933669620 -1088.5133381398702568
-297.5932792584009121 -147.0730011587485535 172.4600231749710417 456.2120509849362406 1055.4681344148320932 1526.8667439165701580 2173.9385863267671084 2738.8018539976824286 631.6234067207416274 -753.7091541135573607 462.5214368482039617 442.5017381228273621 71.3684820393974491 167.4623406720741627 7.1877172653534185 46.1274623406720750 27.0602549246813453 7.7300115874855155 38.2584009269988385 24.4020857473928174 23.1170336037079949 15.2224797219003474 -11.5295480880648906 -50.4901506373117002
-56.7681607418856231 -35.6584234930448218 -27.4644513137557951 -18.7357032457496153 -19.0069551777434320 -10.5765069551777433 -0.0965996908809892 5.1221020092735703 9.2326120556414217 20.3763523956723347 43.7550231839258146 86.9397217928902677 165.3261205564142244 261.9428129829984755 391.1437403400308881 599.3948995363215317 990.5146831530139480 1701.8825347758886437 2000.9752704791344513 1281.2565687789799540 559.5911901081916540 411.9930448222565929 367.4358578052550115 252.6344667697063358
