-1080.0661881977671328 -1096.0641945773525094 -1043.7204944178629376 -926.4234449760765528 -803.0514354066986016 -718.2707336523126287 -684.0291068580542060 -696.9469696969697452 -735.4094896331738482 -780.4605263157894797 -854.3058213716108185 -983.1678628389154255 -1122.0279106858054092 -1146.9988038277510896 -1310.3361244019138212 -1271.0909090909090082 -1066.6251993620414851 -1065.1363636363637397 -1104.9704944178629376 -1067.3588516746410733 -962.6578947368420813 -839.4904306220096259 -745.9066985645932846 -703.4350079744816640
-916.1078348778432883 -864.2788542544228676 -853.4431339511372698 -861.7902274641954818 -866.3584667228307126 -865.0160067396798240 -858.5926705981465830 -852.8879528222408908 -854.0117944397641168 -856.8656276326873922 -859.0939342881213179 -861.9608256107834450 -864.4966301600674115 -872.9924178601515905 -891.3218197135636274 -917.5008424599831187 -951.5391743892165550 -1014.2379949452400751 -1140.8664700926706246 -1211.5370682392585877 -1126.6352148272956128 -975.8605728727885662 -883.4646166807076497 -862.4443976411120047
-959.6403138201569618 -951.5591430295714872 -955.4058539529270320 -954.1825588412793877 -945.0259505129752142 -935.2142426071212640 -926.6059143029571032 -922.4677127338563878 -921.8714544357271734 -919.9450814725407781 -915.8696439348219656 -910.7130356065177921 -908.6415208207604337 -918.2661436330718061 -937.9969824984912066 -971.5841882920941543 -1054.9547374773687807 -1216.2785153892577910 -1217.9088714544357117 -1064.5467712733857297 -908.1318648159324312 -868.2764031382015446 -909.0796620398309642 -924.9891369945685256
-852.4895444361463888 -901.8035847647497576 -985.8155339805824724 -1065.4353995519043110 -1131.3267363704255786 -1271.3607169529500425 -1231.7763256161315439 -1040.7475728155338857 -983.3330843913367971 -1012.5866318147872107 -1005.2427184466019980 -955.6374159820761633 -883.1086631814787324 -816.2793129200896374 -778.8106796116504711 -773.1949215832711388 -786.3200149365197831 -804.7453323375654008 -827.9805825242718811 -880.0769230769230944 -970.1112770724421352 -1065.3263629574310016 -1113.4951456310679987 -1243.9395070948469311
-1532.6241134751774098 -1583.9574468085106673 -1435.6595744680851112 -1089.8368794326240732 -720.5248226950354820 -410.9574468085106105 -207.8085106382978609 -149.5460992907801483 -545.2553191489362234 -1115.0638297872339990 -1620.3971631205674839 -1605.2553191489362234 -1447.7943262411347405 -1096.3262411347518537 -732.9219858156028522 -410.7943262411347405 -187.6099290780141757 -119.9148936170212778 -546.3829787234042215 -1091.9716312056737024 -1562.6312056737588136 -1589.4397163120568166 -1449.8226950354610381 -1107.1773049645389619
-1263.8692270296548941 -1125.8361691784152754 -934.8731161886241807 -870.6645600388916364 -954.7972775887213857 -986.3043266893533882 -976.5858045697617627 -955.3364122508507990 -930.4812834224599101 -917.4312105007292075 -915.3923189110355452 -920.5828877005347977 -932.0899368011668003 -940.0043753038405612 -947.8561011181332105 -957.4944093339814799 -964.8424890617403662 -970.6037919299951682 -976.0554205153135854 -979.7374817695673528 -981.2396694214876334 -981.4589207583859434 -975.6587263004374790 -969.0821584832279996
-710.2935855263158373 -712.4761513157894797 -718.6422697368420813 -726.9732730263158373 -735.8106496710526017 -744.6414473684210407 -753.1106085526315610 -762.0699013157894797 -771.5078125000000000 -780.9683388157894797 -789.8791118421053170 -798.0902549342105203 -805.7541118421053170 -813.6794819078946830 -820.7884457236841627 -826.9866365131579187 -832.8096217105263577 -838.4617598684210407 -843.5390625000000000 -847.4159128289473983 -850.9288651315789593 -853.9216694078946830 -856.7526726973684390 -859.9072779605263577
-253.4463087248322211 -276.4077181208053844 -306.8557046979865959 -344.1098993288590577 -386.8976510067113850 -435.8800335570469997 -492.1048657718120580 -550.4865771812080766 -610.2424496644295004 -668.6199664429530003 -720.0687919463086928 -766.2785234899329225 -804.3850671140939994 -834.9303691275167694 -860.3573825503356147 -880.3196308724832306 -898.1107382550335387 -913.0604026845637691 -926.2902684563758839 -937.3640939597315764 -944.4572147651006162 -947.2751677852348848 -947.0033557046980377 -945.7810402684564224
-783.4223777941538174 -779.1804225006140996 -776.0307049864898090 -773.3009088676001284 -771.0684107098992399 -769.4936133628101516 -767.7903463522476386 -766.2259887005649261 -764.6170474084991611 -763.0782363055760698 -761.5942028985507477 -760.6250307049864432 -759.5932203389830875 -758.6245394252026699 -757.9062883812331393 -757.7107590272660218 -757.8139277818718256 -757.8803733726357450 -757.7736428395971870 -757.3739867354457829 -756.9632768361582293 -756.9700319331859646 -757.4802259887005675 -759.0362318840579974
-878.2358124779697164 -771.9139936552696781 -707.4222770532252298 -690.3401480437081545 -711.9231582657737363 -750.6422277053225116 -799.3013746915755746 -885.1364117025026417 -1023.7754670426506891 -1124.6436376454000765 -1177.0190341910467851 -1317.2382798731052844 -1208.7462107860415017 -1034.3584772647161572 -1069.1857596052168446 -1098.5844201621430329 -1048.3574198096580403 -931.2692985548113711 -810.8343320408882846 -724.8903771589707503 -690.8304547056750380 -701.0197391610856812 -735.2971448713429936 -781.8533662319351834
-965.7186681631126248 -966.7343808454919554 -969.7579498690610080 -972.3221099887766741 -974.8030303030302548 -975.4710063598952274 -975.8191170968948427 -976.7891881780770973 -978.3840254395810234 -981.2732884399550812 -985.1754582865694374 -990.6429105873550043 -994.2471006359895682 -997.0750093527871059 -1002.6990273101383764 -1007.8958099513655498 -1007.0289936401047726 -992.4167601945380284 -964.2240927796483447 -927.8458660680882986 -889.8439955106621255 -860.2777777777778283 -840.8915076692854882 -838.1739618406285217
-991.0359192635106638 -991.2735449327838069 -991.2286314086514949 -991.6087207734678941 -992.6361657871422040 -993.5707407264743551 -993.7845807172296873 -993.5463194792188233 -993.1238588652208819 -993.2240090905588659 -993.4131967181541540 -993.5007703863487905 -993.8187473517969011 -993.7798621008436157 -993.8209236932322028 -993.9415661954469670 -993.9399098647971869 -994.3915873810716448 -994.2227764724009376 -994.0141943684758417 -993.9747313277608782 -993.7434228265475440 -993.2357767420361370 -991.8056315242093888
-355.4943123061013353 -324.6028955532574969 -288.4426059979317643 -248.4601861427094036 -207.3133402275077515 -164.7207859358841802 -124.7673216132368168 -88.4198552223371195 -55.2905894519131351 -26.3805584281282322 -0.0827300930713547 22.9162357807652519 42.2264736297828307 57.9100310237849030 70.3391933815925512 79.7042399172699021 86.1716649431230621 90.5067218200620545 92.2699069286452982 92.7983453981385793 92.5460186142709347 90.7238883143743493 88.4498448810754923 84.5915201654601816
-874.9555694618272810 -868.0381727158949161 -864.4881101376720380 -864.3504380475594644 -869.1564455569462098 -875.5725907384230595 -882.4098873591990468 -889.1132665832290058 -896.3153942428034497 -905.4092615769711756 -917.4249061326657966 -933.1063829787234454 -948.6063829787234454 -951.2471839799749205 -930.4624530663329551 -887.7496871088860644 -828.2202753441802088 -758.4705882352941444 -686.4943679599499546 -616.7196495619524512 -557.4011264080099863 -509.5212765957446663 -475.8529411764706083 -456.6132665832290627
-904.0370000000000346 -906.8110000000000355 -895.6490000000000009 -866.4310000000000400 -820.5779999999999745 -759.3609999999999900 -687.8410000000000082 -614.5080000000000382 -548.3519999999999754 -489.6279999999999859 -441.6340000000000146 -404.5289999999999964 -379.0249999999999773 -365.2980000000000018 -359.8260000000000218 -361.4289999999999736 -367.1709999999999923 -371.8539999999999850 -376.2679999999999723 -379.3530000000000086 -381.8870000000000005 -383.8879999999999768 -389.0199999999999818 -396.1490000000000009
-1032.0768459739392711 -1040.9568994320079582 -1026.1186100902104954 -964.1149348479785886 -880.6144336785833957 -811.1794186435015490 -771.9057801536919214 -766.7283661877714849 -782.7968593384564429 -803.9064483795523302 -828.4954894754426959 -886.2612763113932033 -985.1847644503842503 -1079.0364183093886368 -1115.3722018042099080 -1293.5877046441696621 -1259.2315402606081989 -1060.4179752756431299 -1029.0564650851988517 -1058.4904777814901990 -1035.0427664550618374 -965.2338790511192883 -881.5108586702305047 -808.9408620113598545
-90.7984759380435662 -89.8147933405118835 -89.0797647643502017 -88.3903752174273194 -87.8587757806675995 -87.4820674231756783 -87.2537894475275380 -87.0809243767083530 -87.0105193406775470 -86.9247908556282596 -86.8380684171291364 -86.8541373312349805 -86.9488113973328893 -86.9967696512879911 -87.0178083326430851 -87.0376045721858702 -87.0522653855711042 -87.1181976310776065 -87.1753499544438029 -87.3285844446285040 -87.6657003230348693 -88.1338523979127046 -88.7140727242607454 -89.4955686242027610
-667.5655210952779726 -682.2905839620005963 -710.0153674210673671 -744.9547359597653440 -782.6666666666666288 -817.4006705783738198 -848.5403744062587066 -875.6630343671416767 -899.2103939647946618 -919.0013970382788102 -933.2643196423581458 -943.0667784297289700 -948.5725062866722510 -952.0257055043308583 -954.7870913663034571 -958.2771723945236317 -961.1162335848001703 -963.0363229952500888 -964.6526962838781856 -964.8435317127689359 -964.4403464654931213 -963.2503492595697026 -961.8122380553227231 -959.6172115115954284
-1089.9046141915471253 -1023.7475765800697900 -900.5649476541294689 -784.4835207444746175 -709.8856145792942698 -686.7188832880962082 -706.1485071733229688 -745.2392400155098358 -791.9383481969755394 -873.6072120977122495 -1011.3109732454439609 -1131.6343544009305333 -1163.3989918573090563 -1317.2485459480419649 -1231.3904614191546898 -1042.0069794493990685 -1067.8243505234586337 -1097.4730515703761284 -1049.8189220628150906 -938.4928266770066330 -819.8511050794882067 -734.0911205893756915 -699.9592865451725174 -709.7603722373012261
-797.8098336948662563 -796.6558206796818240 -798.6718727404194169 -802.1934924078091171 -806.0918293564714077 -810.5927693420101150 -816.2031814895156003 -823.0001446131598186 -830.5101952277657347 -838.4183658712943270 -847.1020968908170516 -855.8548083875632528 -864.7835140997831331 -873.1259580621837131 -880.9748373101951984 -889.3476500361532544 -896.8218365871293827 -903.2182212581344629 -908.8219812002892013 -913.7881417208966468 -917.8228488792479993 -921.6419378163412830 -924.1366594360086992 -925.5409978308025529
-912.0577938316198470 -909.5632120033342289 -921.3834398444012095 -943.8555154209502689 -981.3212003334259634 -1084.5459849958322138 -1179.4642956376771963 -1130.8407891080855734 -1017.8224506807446232 -924.6832453459294356 -914.5465407057515677 -945.0086135037510076 -958.3770491803278446 -963.4909697138093634 -960.1758821894970879 -954.3753820505695558 -950.6665740483467744 -948.8341205890525316 -949.9705473742706090 -950.7985551542094527 -952.9669352597943544 -956.7688246735203847 -961.6687968880244171 -969.8460683523201169
-874.1560632688928081 -865.6509666080843317 -863.9543057996485231 -865.6383128295254892 -867.5434094903339428 -870.7247803163444360 -879.9880492091388078 -902.1029876977153208 -941.8776801405975903 -1003.7346221441124499 -1124.0629173989455012 -1253.8298769771529351 -1174.1841827768014355 -974.8411247803163633 -848.6274165202108861 -850.8710017574692301 -872.2411247803163405 -876.7212653778558433 -858.8920913884006723 -830.4636203866432425 -813.8987697715290324 -813.8186291739895069 -822.1121265377855707 -835.8868189806678402
-1198.0812870448771719 -1168.3776460626588687 -1175.7756138865368030 -1136.0431837425910544 -1000.3700254022015770 -827.1574936494496342 -695.7265029635901783 -618.9974597798475315 -607.6452159187130064 -647.5656223539373286 -704.5664690939881893 -779.1761219305673194 -922.8027095681625269 -1119.8839966130396988 -1232.6240474174428527 -1414.3861134631667937 -1316.9678238780693391 -1150.2277730736664125 -1167.1727349703639902 -1167.6198137171888902 -1074.1591871295511282 -926.2040643522439041 -776.1989839119390808 -674.7027942421676698
-885.9315532154945458 -917.4264761188417197 -963.2252726588943688 -1044.3264385107183898 -1237.7720947724708367 -1265.3354644603234647 -1105.3584054155696776 -972.3926288078224616 -937.1865362918390474 -955.4764949229033846 -949.3388491914253109 -934.3629183903723288 -910.0718315156074141 -889.4223392252727081 -885.7687100413689905 -893.1466716810831485 -905.0500188040616649 -914.3042497179391148 -919.6167732230161391 -926.5475742760436333 -937.0801053027454373 -954.1045505829258673 -970.5257615644978841 -993.1508085746521601
-702.0820341499628512 -697.7048997772828898 -695.4669636228655918 -695.5141054194506296 -697.0456570155902227 -700.5645879732738877 -706.5386043058648511 -715.9420935412026665 -729.3886414253897783 -746.8058648849295196 -767.2327394209354452 -790.2041573867854822 -815.8478099480327046 -841.0538233110615920 -866.3541202672605550 -891.1607275426874821 -914.7598366740905931 -935.2379361544171843 -951.4476614699332231 -964.3136599851521851 -972.9253897550111105 -976.0712694877505555 -973.0415738678544813 -964.9914625092799270
-1012.5173501577287425 -1183.2728706624604911 -1394.4731861198738443 -1477.5962145110408983 -1340.7381703470032335 -1225.4889589905362755 -1195.1498422712934371 -1140.8785488958990300 -981.4463722397476886 -793.2302839116719042 -647.0315457413249760 -563.3864353312302455 -546.9779179810725509 -593.4984227129338024 -669.1529968454258324 -755.5520504731861138 -893.5899053627759940 -1099.7697160883280958 -1278.9779179810725509 -1404.2807570977918203 -1385.3895899053627545 -1275.0962145110408983 -1246.1656151419558682 -1208.5473186119872935
-1047.7323362558020108 -1112.3906652913872222 -1089.1325425477050430 -1006.9409489427539484 -912.7302733367715746 -889.1629706034037781 -930.2514182568334036 -958.9837545126354144 -974.7070654976791957 -983.4172253739041025 -980.3576585869004703 -974.9724084579680721 -969.9239298607529918 -967.9780814853016864 -970.1217122227952814 -973.6810211449200096 -976.7751418256833631 -979.1544610624033567 -979.1346054667354792 -978.1500773594636939 -980.2929345023208043 -983.1776689014956219 -983.8888602372356900 -983.0611139762764878
-792.2025611175786253 -802.5518044237485356 -818.0526775320139450 -839.5608265424912133 -889.5797438882420920 -977.3780558789289898 -1059.5052386495924566 -1117.9193830034923849 -1274.2785215366704961 -1249.9851571594876987 -1067.8896973224680096 -1027.3381839348078302 -1056.2686263096622952 -1034.5724679860302331 -969.9877764842840406 -888.4138533178114585 -817.4665308498254035 -780.1353317811408488 -776.5005820721769396 -792.6024447031431919 -814.1784051222351763 -840.8128637951106157 -890.0692665890570652 -967.8495343422584938
-588.6593749999999545 -578.3828125000000000 -564.7968750000000000 -547.1296875000000455 -522.3265625000000227 -489.2578125000000000 -446.1265624999999773 -395.5015624999999773 -340.5031250000000114 -282.0874999999999773 -222.6296874999999886 -164.9203124999999943 -110.1609375000000028 -62.0874999999999986 -22.2687500000000007 10.7687500000000007 36.9453125000000000 58.3359375000000000 75.4531250000000000 87.7218749999999972 95.6406250000000000 101.1937499999999943 101.6890625000000057 98.1421875000000057
-654.1399866041526820 -632.7052913596785402 -659.8486269256530932 -710.3362357669122957 -776.7863362357669530 -894.4929671801741051 -1067.7381111855324889 -1183.5137307434695231 -1334.5304755525787641 -1365.1480241125250359 -1187.1741460147354701 -1126.0033489618217573 -1168.2726054922973162 -1127.3281982585399419 -991.7227059611520872 -825.1955793703951940 -699.3958472873408709 -628.8245144005358043 -625.0924313462826376 -668.8834561286001872 -730.7032819825853949 -815.7200267916945222 -947.8265237776289496 -1112.8050904219692256
-914.4129643117261139 -891.2534595775673552 -850.4107793153677903 -795.5673707210487464 -740.2024763292060925 -689.8048069919883574 -648.3561544064093596 -615.4799708667152345 -588.3699927166787802 -567.9227967953386269 -553.7880553532411341 -545.6438455935906404 -542.4122359796067485 -545.0101966496722525 -551.8616168973052254 -560.9978150036416764 -572.6576839038601747 -586.1077931536781307 -599.9075018208302481 -615.0276766205389549 -629.8965768390386302 -645.3008011653313361 -658.7348871085214341 -670.9861616897304657
-1215.0544425087107356 -1317.2722125435539056 -1225.3236062717769528 -1072.7713414634147284 -1090.8009581881533450 -1112.9394599303136602 -1060.8501742160278809 -934.9904181184668914 -807.2112369337978635 -718.4973867595819002 -681.7530487804878021 -693.2926829268292295 -731.8096689895470490 -773.8885017421603152 -847.8227351916376620 -982.9085365853658232 -1128.9843205574914009 -1135.7656794425085991 -1331.4407665505225395 -1278.2225609756096674 -1075.3532229965155693 -1085.7678571428571104 -1116.5518292682927495 -1066.6707317073171453
-867.5124910778015419 -871.7662384011420045 -879.7680228408279390 -899.8957887223411944 -935.3504639543183430 -981.9428979300499805 -1078.2787294789436601 -1228.1887937187723310 -1218.0860099928622731 -1029.2469664525337976 -866.7801570306924077 -850.7862241256245852 -878.7798001427552208 -890.3907922912205777 -877.8065667380442392 -847.1031406138472448 -823.6038543897216186 -819.7309064953605002 -824.7369735902926777 -833.5624553890078232 -844.0014275517487476 -854.9254104211278218 -875.3394004282655487 -910.0642398286937578
-976.6132497761861941 -965.9686660698298510 -964.5637123246791589 -969.0134288272157619 -972.8534765741569572 -970.9931363772008126 -962.1790510295434160 -949.1259325574455943 -939.6860638615338530 -935.6487615637123554 -933.9528498955535269 -933.7063563115488023 -932.0769919427036712 -927.6803939122650036 -921.7168009549387762 -918.8988361683079802 -925.2390331244404251 -941.3205013428827215 -971.3792897642495063 -1051.5869889585198962 -1195.5085049239032742 -1206.8582512682780816 -1072.5962399283796458 -935.3700387943897567
-480.6244769874476788 -480.0251046025104529 -478.3127615062761606 -477.5407949790795215 -477.1621338912133865 -478.3253138075313586 -478.3420502092050128 -476.2876569037657077 -472.7332635983263458 -464.8242677824267730 -453.7761506276150385 -439.2698744769874679 -419.0062761506276274 -392.7855648535564796 -359.0930962343095985 -320.4142259414226146 -278.3294979079498148 -236.1443514644351467 -198.1485355648535460 -163.9560669456066933 -135.3472803347280262 -114.3974895397489604 -99.6579497907949730 -89.5052301255230134
-1002.7196087564043410 -1141.7163483931067276 -1282.7983232417327599 -1197.7787610619468524 -1049.1765253842570473 -955.4354913833255978 -931.1937587331159421 -918.5384257102933816 -901.3362831858406707 -884.3977643223101950 -868.2412668840241849 -864.3605030274801493 -874.4145319049837326 -889.5305076851420836 -902.4592454587797192 -914.1490451793199554 -923.8518863530507588 -932.8057755006987009 -942.2431299487657270 -950.9147647880763543 -953.0768514205868769 -947.0470423847228858 -947.2794597112249448 -961.7899394503958774
-1398.3399999999999181 -1486.8824999999999363 -1400.1475000000000364 -1269.9874999999999545 -1173.4449999999999363 -1072.9275000000000091 -902.9149999999999636 -730.4600000000000364 -610.0249999999999773 -546.1325000000000500 -546.9225000000000136 -599.9099999999999682 -675.5674999999999955 -762.4500000000000455 -921.5125000000000455 -1158.9649999999999181 -1432.6275000000000546 -1512.9649999999999181 -1395.0425000000000182 -1324.4175000000000182 -1267.6524999999999181 -1134.0599999999999454 -953.1725000000000136 -777.2949999999999591
167.9404332129963962 170.6678700361010783 171.5631768953068672 171.0126353790613791 166.5234657039711124 156.2436823104693246 141.0342960288808740 122.5938628158844779 99.4981949458483825 70.8212996389891742 36.1660649819494608 -6.4638989169675094 -57.4765342960288805 -114.7202166064981981 -177.1064981949458570 -242.9927797833935017 -307.6552346570397276 -369.6425992779783201 -428.1462093862816118 -481.9584837545126561 -530.8646209386281498 -575.0631768953068104 -612.8628158844765039 -645.1696750902526674
-1242.4132231404958020 -851.6280991735536645 -510.2892561983471182 -273.1074380165289313 -140.6611570247933969 -301.6280991735537214 -919.5371900826446563 -1501.5950413223140458 -1642.1818181818182438 -1540.2148760330578625 -1239.6198347107438167 -841.1900826446280917 -490.8512396694214885 -234.6859504132231393 -90.3223140495867796 -294.3884297520660880 -922.5950413223140458 -1554.1074380165289313 -1657.0743801652893126 -1531.2727272727272521 -1211.7851239669421375 -853.0495867768595417 -506.4297520661157250 -252.2314049586776719
-699.8455252918288352 -729.0669260700389032 -769.2416342412451513 -835.8007782101167322 -958.1350194552529729 -1102.1167315175098338 -1160.5194552529183056 -1289.4373540856031468 -1287.9677042801556581 -1106.5299610894942361 -1062.2322957198443873 -1105.4307392996108774 -1084.8042801556421182 -981.4953307392995612 -847.9575875486381165 -742.0073929961089334 -684.6906614785991678 -681.4015564202334190 -712.9186770428015052 -755.9992217898832223 -818.8159533073929879 -934.0723735408560060 -1084.5754863813228894 -1151.7980544747081240
-919.5644948064211803 -919.8886685552407698 -920.3875354107648263 -920.4343090966320915 -920.2374881964117321 -919.7333018570978993 -919.2306578533207357 -918.6907774630154790 -918.2410450110166948 -917.6273528485993438 -917.2732137236386052 -916.9465533522190981 -916.7190431224425993 -916.5756373937676926 -916.4749449165880151 -916.4881019830028208 -916.4050991501416092 -916.3697513377400128 -916.1820585457978723 -916.0641485678312392 -916.0000000000000000 -915.6808309726156949 -915.4561536040289411 -915.8290525653131908
-930.1498427223334602 -859.5587646554189405 -806.1770088647411967 -781.0997998284243522 -782.4229339433800305 -797.7023162710895576 -815.4363740348870806 -841.8581641406919971 -904.5910780669145197 -1002.6765799256505716 -1077.4675436088075458 -1148.0391764369460361 -1304.2976837289104424 -1210.3477266228196640 -1037.2093222762366622 -1029.8084072061767529 -1049.5581927366313266 -1016.2010294538175685 -946.9110666285387197 -866.1215327423506096 -801.3748927652272869 -772.5621961681441690 -773.3168430082928353 -790.3766085215899011
-991.5825388861013607 -1008.6357250376316870 -1005.4902157551430264 -973.9989964877070179 -929.4771700953336904 -880.3432012042147790 -832.7797290516808744 -789.9819367787255260 -753.3798294029102181 -724.9804315102860528 -705.4917210235824996 -694.0436527847466550 -689.9177119919719416 -693.8805820371300115 -703.7190165579528411 -718.2353236327145396 -736.0000000000000000 -754.2022077270446516 -770.8941294530858386 -786.4465629703963714 -799.8228800802810383 -811.8871048670346227 -822.2779729051680988 -828.5785248369292049
-831.2524394082468007 -847.1706011960969818 -882.7947749449166395 -953.3497009757633123 -1033.7236386528170442 -1093.2225369845766636 -1243.1274787535410269 -1283.0768020144789716 -1106.1809883537928272 -1015.6858671702864285 -1038.4334277620396279 -1031.2650299024237484 -983.1136292099464526 -913.4375196726471131 -845.4227258419892905 -803.7598363235756551 -795.0084985835693487 -807.3799181617878276 -826.9203651243311697 -844.5265974189486542 -873.8910922253697890 -930.2212779351589234 -1006.2810827824991975 -1052.4841045011016831
-1167.0068894247331173 -1060.9962108163967969 -1076.7292456079917429 -1085.9483293145021889 -1025.9348949362727126 -913.4684808818464035 -806.0199793317258354 -734.9607302790217318 -710.9862211505338792 -726.2028935583879274 -759.8108852910781934 -795.8246641405443143 -861.5642438856355056 -981.3844299001033278 -1111.4316224595245330 -1126.5187736823975229 -1305.2921116086806705 -1271.3596279710643557 -1068.6841198759902909 -1054.8963141577678471 -1087.5129176713744528 -1053.3114019979332170 -963.0172235618325658 -858.9007922838443392
-972.8817100996757290 -978.1079620511588928 -980.3528281493935310 -981.6170289419959545 -982.4448180617268918 -983.3578719827069108 -983.6821184099916309 -983.1599615707938256 -980.2155638285096302 -974.4618710219766626 -966.0697730275009008 -956.5665906088627253 -944.9574876906449390 -932.3147592170049620 -918.6256755133902061 -906.1670469556863736 -897.3284496217124797 -891.9646931668067964 -890.3115167527321319 -890.0049237420439567 -889.9505223970217003 -889.7345982947040284 -891.2358592530323449 -897.2555542212081718
-938.0345263157894351 -968.4345263157895261 -1036.7250526315790466 -1163.4644210526316783 -1178.1056842105263058 -1062.9322105263158846 -919.3094736842105021 -843.4829473684210370 -838.9431578947368280 -848.0867368421052106 -850.1680000000000064 -839.8147368421052761 -827.1848421052631011 -826.7637894736842554 -834.2576842105263495 -842.7962105263158037 -852.4244210526316010 -859.4863157894736787 -866.2606315789473683 -875.7865263157895015 -891.8395789473684090 -909.9587368421052815 -922.8863157894736560 -950.4168421052631857
-760.9614446071253724 -755.7662274280136216 -750.7540263543191941 -744.2376769155686134 -737.0180575890678938 -728.7154709614445665 -720.2601268911664647 -712.2601268911664647 -703.1703269887750594 -693.0385553928746276 -682.5793069790141772 -670.5661298194240771 -653.8687164470472908 -633.2074182528062920 -611.2298682284041433 -586.3943387018057365 -560.6129819424108973 -535.3801854563201914 -509.8135675939482780 -484.3206442166910506 -460.7813567593948392 -440.3850658857979283 -424.3782332845290171 -413.2542703757930553
-726.7179487179487296 -771.7900088417329698 -850.4553492484526487 -990.4389920424403044 -1123.7922192749779242 -1197.2807250221044342 -1320.0251989389919345 -1263.3275862068965125 -1094.5817860300619486 -1096.6326259946949904 -1129.1834659593280321 -1077.4120247568523610 -944.4071618037135067 -805.2475685234305729 -705.6366047745358401 -662.0017683465958953 -671.9774535809018516 -712.6728558797524329 -763.4562334217506532 -847.8019451812555189 -990.0698496905393995 -1136.4977895667550456 -1180.3594164456233102 -1294.3222811671087129
-886.7144145855094166 -885.7035419238438863 -885.9157724812458810 -886.5590637166460510 -887.2096666983192108 -887.6874940651409815 -888.0118697179755145 -888.6373563764125265 -889.0816161807995286 -889.5868388567087095 -890.0440603931250507 -890.4895071693096043 -891.0154306333681689 -891.6214509543252689 -892.3262273288386268 -892.9680941980818716 -893.7219637261418939 -894.4265501851675708 -894.9117367771341378 -895.0894027157914934 -895.0926787579527399 -894.9858987750451433 -895.2298452188775855 -895.7429019086506514
-389.7697841726618435 -223.3381294964028712 -230.1510791366906403 -655.0791366906474877 -1234.0719424460430673 -1619.4964028776978466 -1583.4748201438849264 -1390.2158273381294293 -1026.2374100719423495 -665.3093525179856442 -367.3309352517985644 -176.2014388489208727 -150.9136690647482055 -619.7122302158273897 -1196.1726618705035889 -1630.0000000000000000 -1612.1223021582734418 -1408.3669064748200981 -1048.3093525179856442 -705.1079136690647147 -402.7338129496403099 -199.5611510791366925 -200.0791366906474877 -637.2877697841726103
-545.5783486238532305 -544.3200000000000500 -545.7104587155963600 -549.5541284403669806 -554.9449541284403722 -561.5739449541284785 -569.4352293577982209 -578.3864220183486395 -588.5251376146788971 -598.7060550458716079 -610.0866055045871690 -621.5313761467889435 -633.4260550458715215 -646.1805504587156292 -658.4550458715596051 -671.4605504587156020 -684.2579816513760989 -698.0605504587156247 -712.5328440366972700 -727.6917431192661070 -743.3856880733944763 -758.3530275229358040 -772.2165137614679224 -782.5889908256880290
-945.8934665002080919 -955.9284228048272780 -963.9017894298792726 -972.0736579275904887 -980.5959217644610817 -987.1647940074906273 -989.8705784436122030 -987.1606325426549802 -977.2883895131086547 -952.7615480649188839 -915.4269662921348072 -872.2055763628796967 -827.7540574282147645 -784.4028297960882128 -745.9625468164794029 -713.7861007074490090 -690.4049105285059795 -674.7136912193092257 -665.3566375364127907 -660.7182688306284035 -660.0482729920931888 -662.1252600915522635 -664.1152725759467330 -668.8264669163545477
-963.9489933894230944 -963.7522723858172640 -963.4623460036057168 -963.3474121093750000 -963.4275465745192832 -963.5430626502403584 -963.3159179687500000 -962.9969388521634528 -962.6406250000000000 -962.6101825420672640 -962.4752854567307168 -962.4309082031250000 -962.3264347956730944 -962.3484262319711888 -962.3485201322115472 -962.5437575120192832 -962.6585411658653584 -962.7672776442307168 -962.5859562800480944 -962.3029785156250000 -962.1328125000000000 -962.1909930889422640 -962.2359900841346416 -962.7078575721153584
-965.4945697577276178 -962.5307713728766430 -958.3870788081314913 -952.8320802005013093 -948.7872458925090768 -945.4828738512949258 -942.8006126427178515 -938.7994987468671297 -934.2890559732664997 -933.4230019493177224 -936.5722639933165965 -948.0139236981342492 -992.2742968532442092 -1094.3402951824004958 -1174.3659147869673234 -1120.6418824839877288 -996.8089668615984920 -895.7123363965469025 -900.6329713171818412 -950.3143971038707605 -968.9905318852687515 -969.9540517961570458 -955.9816207184628638 -937.7997772208298102
-871.1708099438652653 -853.0445068163592168 -862.3572574178027708 -862.0400962309543047 -850.4194065757818635 -835.8556535685645486 -826.6026463512430382 -824.4550922213311424 -825.7991178829189494 -831.2838813151563500 -838.7514033680834018 -850.8728949478748973 -878.7417802726544096 -923.0372894947875011 -977.6527666399358623 -1051.7129109863672056 -1190.8275862068965125 -1218.6347233360063456 -1077.7060946271051307 -936.0942261427426274 -882.9242181234964164 -873.1419406575781750 -860.3331996792301197 -845.2690457097032777
-485.3642424242424340 -459.1745454545454663 -430.2109090909090696 -401.0557575757575819 -371.5248484848484622 -342.4084848484848749 -313.9939393939393995 -287.2024242424242289 -261.4866666666666788 -239.5090909090909008 -219.1484848484848555 -201.5539393939394017 -186.6187878787878844 -174.4975757575757598 -164.7684848484848601 -157.0490909090909213 -150.7193939393939388 -145.9103030303030266 -142.4284848484848567 -141.0230303030303105 -141.0012121212121201 -141.5151515151515014 -142.6254545454545450 -144.4006060606060657
100.9075630252100808 90.6033613445378165 77.3277310924369772 60.4840336134453764 38.4621848739495817 11.0521008403361343 -23.4705882352941160 -66.0100840336134524 -116.7915966386554629 -174.8218487394958061 -237.9596638655462186 -302.1630252100840153 -364.6201680672268708 -426.2941176470588402 -485.3378151260504296 -539.4067226890756501 -588.8739495798319012 -633.3680672268907301 -672.2789915966386616 -706.7159663865546690 -737.2285714285713993 -761.5495798319327605 -782.0890756302520685 -800.2420168067227451
-434.9696969696969973 -1191.9848484848484986 -1105.0252525252524265 -975.4040404040404155 -956.1565656565657036 -969.9848484848484986 -985.3535353535353352 -971.3333333333333712 -962.8434343434342964 -961.8737373737374128 -964.0252525252525402 -976.5606060606060055 -979.7929292929293297 -982.4696969696969973 -990.1212121212121247 -984.7525252525252881 -988.2171717171717091 -988.6919191919191690 -989.1161616161616621 -988.4545454545454959 -981.1111111111110858 -983.0303030303030027 -986.2828282828282909 -987.8585858585859114
-1141.4368334700575360 -1149.8937653814602982 -1055.5205086136177215 -932.1004922067268126 -844.4413453650532801 -813.9684167350287680 -812.5726004922066750 -820.7013945857260069 -825.9347826086956275 -830.5693191140278486 -838.7850697292863060 -850.4511894995898729 -862.7223133716161101 -874.4216570959803221 -884.0028712059064446 -888.8088597210828539 -891.5648072190319908 -898.5935192780967782 -907.2124692370795174 -913.4175553732567323 -923.7768662838392402 -932.5992616899097811 -942.6706316652994246 -952.1156685808039128
-141.1181581233709892 -140.9539530842745307 -143.5021720243266827 -146.3058210251954847 -150.3987836663770565 -156.2806255430060958 -162.2363162467419500 -169.3640312771503034 -179.1954821894005079 -191.3735881841876676 -207.9965247610773247 -229.5699391833188656 -255.5673327541268520 -286.3475238922675885 -320.5951346655082261 -356.7958297132927896 -395.3058210251954847 -435.3049522154648230 -476.2927888792354452 -517.3179843614248057 -558.0920938314509385 -596.5812337098175249 -631.2319721980886698 -660.1911381407471708
-66.4256490952006260 -59.9449252557041703 -54.6546026750590102 -52.0708103855232096 -51.3910306845003930 -52.3571990558615283 -55.4649881982690829 -60.1809598741148690 -65.9858379228953567 -73.8292682926829258 -84.0236034618410770 -95.0472069236821397 -107.9228953579858370 -123.2077104642014120 -140.7159716758457932 -160.8701809598741193 -184.3099921321793886 -210.6026750590086465 -238.8552321007080934 -268.2659323367427078 -297.9921321793863171 -328.5318646734854724 -359.2383949645948178 -388.9236821400472195
-961.0585991678224218 -1028.2978502080443377 -1106.7714979195561682 -1232.9694868238557319 -1247.7569348127601643 -1078.1088765603328739 -961.5714285714285552 -970.3290568654646222 -979.0492371705963706 -957.3231622746185394 -912.5950069348127727 -858.5884188626906734 -822.7153259361997470 -813.6015950069347582 -821.0575589459084540 -834.0384882108182865 -843.8394590846047549 -860.2395977808598673 -902.9982662968100158 -971.7975034674063863 -1033.2565880721219855 -1105.0492371705963706 -1231.5908460471566741 -1215.2586685159501485
-867.7424499491007737 -868.6070580251102911 -870.6640651510010684 -873.8829317950458062 -883.0495419070240359 -906.8937902952154673 -946.1011197828299828 -1001.8540889039701369 -1114.7475398710553236 -1252.6430268069223075 -1185.7071598235493184 -985.9501187648455698 -857.7560230743129068 -858.4553783508653169 -882.6864608076009517 -886.6318289786223659 -866.5717678995588358 -834.1218187987784631 -813.9165252799457448 -811.7655242619613318 -817.5357991177468193 -827.9487614523244474 -840.3712249745503868 -859.7801153715643068
-1090.3227554179566141 -943.4396284829721253 -781.3792569659442506 -665.6741486068111726 -608.3297213622290656 -614.8653250773993477 -662.7739938080495676 -724.1168730650155112 -813.8212074303405643 -978.7407120743033602 -1147.7546439628483768 -1272.0270897832817809 -1416.8072755417956614 -1287.3839009287926274 -1143.8839009287926274 -1183.0092879256965261 -1166.3243034055726639 -1061.3924148606811286 -895.2554179566564017 -742.6462848297213668 -642.5417956656347087 -609.8273993808049909 -639.4249226006191975 -702.6339009287925137
-475.9635373700709238 -474.1625144365616507 -472.4956277841940278 -471.3684210526315610 -470.4680745751526274 -469.9173403728757421 -469.7713248638838195 -469.2928559643623316 -468.9135456195347160 -469.0712753671011228 -469.0712753671011228 -469.3821151625144239 -469.4264972776769582 -469.4992575482593793 -469.5225210361326731 -469.2887312324698996 -469.0565913215640990 -469.0531265467744788 -469.2299950503217474 -469.1590496617719737 -468.8011879227850045 -468.2402243854149333 -468.8307210031347836 -469.2958257713248713
-931.4611374956562031 -932.9629329317734800 -933.1414340322020280 -931.9616587513031618 -929.7611490791150572 -927.1984246496003834 -923.3312869222750123 -918.9836673230627184 -914.0749449785705565 -907.6720722807830271 -900.7617282520560593 -892.9606162400092444 -884.3185451175720573 -875.5995598285647930 -867.4291671493107287 -859.7261670334761448 -852.3563071933278934 -846.1647167844317892 -841.2229815823004628 -837.1628634310204689 -833.2524035677053007 -830.3187767867485718 -827.8716552762655283 -828.3914050735550063
112.6529636711281057 124.4402485659655895 135.5191204588910239 145.7495219885277322 155.0506692160611806 163.1864244741873904 170.9149139579349992 178.3446462715105270 185.0325047801147207 190.8919694072657762 196.0086042065009622 200.5219885277246590 204.2342256214149074 207.2041108986615541 209.4598470363288811 210.7442638623327014 211.0975143403441621 210.1787762906309638 207.8073613766730432 203.7141491395793480 197.5305927342256211 189.2624282982791613 178.7294455066921728 165.7868068833651876
-941.4024063823704864 -941.4356435643563827 -941.4462721862737453 -941.2560224526389447 -940.8791351576102215 -940.4383461968244546 -939.9056417452768528 -939.6703048257581941 -939.5424235336919310 -939.6004781580520557 -939.7749538733401096 -940.0751799589407938 -940.4438034354616320 -940.7547880772328881 -941.0313921155894832 -941.4901639770275779 -942.2193030326654934 -942.7901301941217298 -943.2005925001949436 -943.5632649879161136 -943.8354512616615466 -944.0810529871885137 -944.2555027156258802 -944.6603778488084799
-178.0981772243277419 -174.8897310954701254 -172.1940083017505856 -169.7493232268543579 -167.5637971485291473 -165.6358058112254241 -164.3389279913373002 -163.2557300126331086 -162.2288395596462749 -161.1615231907597945 -160.2154845695722827 -159.2324490164230326 -158.1454611081032340 -157.0119112073632834 -155.9805089334055310 -154.7966071106298500 -153.7702580761595357 -152.8906334596643148 -152.2208987547374193 -151.8902725139866448 -151.8285508031041218 -152.2800938458761948 -153.3484930517957139 -155.1952716116224451
-1202.3246904024767900 -1236.6145510835913228 -1098.4926470588234224 -965.4427244582043386 -949.1687306501547710 -962.8780959752322133 -949.5344427244582448 -912.5584365325076988 -863.8711300309597618 -827.7631578947368780 -816.6443498452011909 -821.7964396284829718 -834.0340557275542324 -843.7616099071207145 -854.2298761609906705 -887.0375386996904581 -948.6578947368420813 -1015.2747678018575925 -1068.5340557275542324 -1215.0812693498451154 -1261.0096749226006523 -1115.5181888544891535 -988.4376934984520631 -964.7937306501547710
-838.7724654377880142 -832.9354838709676869 -825.7194700460829608 -818.1676267281105766 -809.6036866359446549 -801.5659562211981211 -793.4490207373271460 -784.1203917050690961 -774.0057603686635730 -763.2335829493088113 -751.9262672811059929 -739.4084101382488825 -725.9182027649769680 -713.2906105990783772 -701.1440092165898932 -689.8346774193548754 -678.7206221198156300 -667.8703917050690961 -657.3603110599078718 -647.5155529953916584 -638.5397465437788469 -630.0564516129031745 -622.7531682027649822 -617.5285138248848398
-1111.9244532803181755 -1208.0576540755466795 -1301.6063618290259001 -1198.4405566600398743 -1056.6147117296222859 -1076.1451292246520097 -1092.3252485089462880 -1036.3932405566599755 -922.8206759443339706 -810.7172962226640038 -733.7642147117296645 -705.7499005964215257 -718.4469184890656379 -751.9471172962227001 -789.1646123260437662 -860.4155069582504893 -989.5487077534791069 -1128.7833001988071828 -1128.5447316103379762 -1309.0779324055665711 -1265.7916500994035687 -1056.7125248508946243 -1054.1892644135189130 -1083.7896620278329465
-1079.9593023255813478 -1189.1461794019933222 -1233.5901162790696617 -1112.1407807308969495 -957.7985880398671270 -917.3401162790697754 -938.4534883720930338 -939.2998338870431780 -919.5328073089700638 -882.7267441860465169 -849.5245016611295341 -839.7956810631229700 -843.5128737541527926 -852.0149501661129534 -860.8218438538206101 -864.6083887043189407 -875.4161129568105935 -910.5182724252491653 -963.7250830564784110 -1006.5473421926910760 -1083.5739202657807709 -1225.3658637873754742 -1223.2093023255813478 -1092.6374584717607377
-235.7870182555780900 -227.8235294117646959 -222.8899594320486699 -221.4655172413793025 -221.9158215010141930 -224.8133874239350973 -229.6597363083164396 -235.3646044624746310 -241.5927991886409814 -248.4690669371196634 -255.9979716024340632 -264.0973630831642822 -272.6668356997971614 -281.7641987829614436 -292.5791075050710219 -304.7738336713995864 -318.0562880324543471 -332.7996957403651095 -348.6242393509127737 -364.8889452332657015 -380.9518255578093431 -396.8007099391480779 -412.1526369168357178 -426.5689655172413950
-651.7708333333333712 -719.1759259259259807 -848.4004629629629335 -1088.6134259259258670 -1371.5694444444443434 -1541.9699074074073906 -1440.7615740740741330 -1292.5277777777778283 -1232.8356481481480387 -1148.3981481481480387 -973.8842592592592382 -784.2337962962963047 -637.8055555555555429 -554.4467592592592382 -539.9953703703703241 -587.8796296296296759 -675.4490740740740193 -798.2824074074073906 -971.0648148148147811 -1171.4629629629630472 -1314.8865740740741330 -1389.9120370370369528 -1343.4236111111110858 -1230.2592592592593519
-937.4272176888655395 -932.1292445380363461 -928.1884706501710980 -925.5577783627270492 -922.9739405106606682 -919.6754409055014321 -917.0484337983680234 -921.1079231376678536 -933.2713872071598189 -953.6685969992103082 -1003.2405896288496479 -1125.1366148986576263 -1208.5783100816004207 -1132.4622269018161660 -1000.5509344564359253 -908.8204790734404241 -915.7812582258488874 -940.1524085285601586 -951.6683337720452300 -950.2013687812582248 -937.3069228744406018 -925.0279020794946518 -920.1092392734930172 -920.5893656225322275
-241.9729292929292797 -238.3733333333333348 -235.6165656565656548 -233.4361616161616269 -231.8901010101010058 -230.8509090909090844 -230.1884848484848476 -230.0248484848484907 -230.0896969696969734 -230.3272727272727138 -230.5882828282828143 -230.8563636363636249 -230.9624242424242482 -230.9719191919191985 -230.5123232323232401 -229.9533333333333474 -229.4375757575757575 -228.9921212121212193 -228.9169696969696872 -228.8002020202020219 -229.1187878787878844 -230.4216161616161571 -232.5676767676767724 -235.5872727272727332
-320.1056829511465480 -316.9506480558325165 -316.6969092721834613 -318.9820538384845463 -323.5324027916251453 -330.3933200398803365 -338.8280159521435735 -348.7901296111664919 -359.8594217347956032 -370.9007976071784469 -381.6475573280159779 -391.2991026919242472 -400.7951146560318989 -411.9925224327018896 -424.8599202392821326 -437.9601196410767443 -451.6520438683947987 -466.8155533399800561 -483.2472582253240034 -500.5857427716849202 -517.9636091724825064 -534.9252243270188956 -551.2781655034895039 -564.8065802592223008
-881.0343543046357127 -897.5513245033112071 -925.0169701986754944 -965.5707781456953853 -1034.7851821192052739 -1173.6059602649006592 -1222.8551324503312117 -1089.3861754966887929 -909.5173841059602182 -834.5720198675496704 -846.1999172185430780 -858.0016556291391225 -856.7338576158940668 -837.8911423841059332 -816.3493377483443965 -811.6672185430463742 -818.6527317880794499 -827.5951986754967038 -836.4524006622516481 -844.9354304635761537 -856.0844370860927484 -875.3236754966887929 -904.2760761589404410 -930.8886589403973630
-838.9415442325727099 -822.6264457643013657 -823.5351672397624725 -831.6573929352922505 -839.7458580806502368 -856.3422944670209063 -903.2494529540481381 -981.3941856830259667 -1049.6767739918725511 -1124.9268521412941482 -1292.5892466395748670 -1227.3410440762738745 -1060.3082213191621577 -1029.2047514848391074 -1043.6145670522037108 -1012.8902782119412223 -955.4876523913723076 -889.9043451078462112 -834.6273835573616680 -808.2238199437324511 -808.5395436073772544 -823.3604251328540613 -840.6567677399186778 -861.7552360112534870
-893.3774373259052481 -896.6678272980501561 -899.7235376044568511 -902.6908077994429505 -905.5584958217269786 -910.0515320334261560 -914.3495821727019575 -921.4073816155988652 -927.4456824512534467 -927.1949860724233758 -915.8488857938718866 -886.4018105849581843 -839.8830083565459290 -778.9679665738161702 -711.8084958217269786 -641.6796657381615887 -575.7054317548746667 -515.8892757660166808 -463.5494428969359433 -421.0564066852367660 -388.4101671309192056 -364.2047353760445958 -349.2813370473537589 -341.2388579387186383
-971.3004903105299945 -972.3518561755778364 -972.8564090590707565 -975.1104366098528544 -977.8024749007704486 -979.7434041559654361 -978.1454587905673179 -973.3350455288349394 -965.5356058837263618 -955.8286247957039450 -948.5839364931123328 -943.0459957973382643 -940.6483773056269229 -940.0803175344384499 -938.8692505253327454 -933.9304226009805916 -927.2449217837963715 -923.3441512958206658 -923.6649544711650606 -931.2976885360728829 -955.6976418398319311 -1038.9850572028951774 -1158.7279943964510949 -1186.0315199626429603
-900.7143348229632238 -891.2877277414919490 -878.6655207975248913 -868.8765898934341294 -863.9343416981780592 -863.2540391887246187 -864.3234788587143385 -865.3289790305947236 -866.0701271914747394 -869.5190787212100076 -882.3176349260913867 -911.2189755929872490 -953.5702990718459660 -1018.1526297696802885 -1154.0725335166723653 -1248.8851839119972738 -1137.0673771055346606 -949.2389137160536166 -847.6710209694052764 -846.2908215881745946 -857.6098315572361344 -861.0350635957373697 -852.0910965967686934 -836.6610519078720927
-893.1409246575342422 -890.3491438356164736 -887.5830479452055215 -884.8962328767123608 -881.1926369863014088 -875.3455479452054533 -868.6770547945205863 -861.5621575342465803 -853.4583904109589412 -844.8813356164383777 -835.6390410958904340 -825.7157534246575779 -815.7443493150684617 -805.8154109589040672 -795.9465753424657350 -786.9765410958904113 -778.8845890410958646 -771.6809931506849125 -764.4570205479451488 -758.4830479452054988 -753.0645547945205180 -748.8261986301370143 -746.3792808219178596 -745.8440068493150648
-738.5417558886509823 -696.4439685938615412 -699.3351177730193058 -730.5849393290507123 -771.3115631691648559 -833.5157030692362241 -943.5735189150606175 -1084.3326195574588837 -1137.7102069950035457 -1262.0613847251963762 -1289.4314775160598856 -1112.1084939329050485 -1034.1545324768023875 -1086.5738758029979181 -1082.1466809421840480 -1001.1705924339756848 -876.2544610992148364 -768.7087794432547980 -704.3572448251248943 -691.6399000713776104 -713.7630264097073223 -750.1663097787294419 -801.8486795146324084 -895.2837259100642768
-1035.0044874007594444 -1114.8740075940627321 -1213.6910597169485300 -1292.4594408008283608 -1168.7987573351742867 -1033.7290300310667135 -1057.5146703486366278 -1068.2181567138418359 -1015.4867103900586471 -913.9934414911978138 -815.0711080428028481 -747.6258198136002875 -724.3748705557472931 -736.4349326889886242 -765.2309285467724749 -797.3652053848809373 -861.5643769416637952 -976.6841560234726103 -1107.1304798066964850 -1120.2626855367620919 -1291.5726613738349897 -1272.4276838108387437 -1066.0062133241283391 -1030.3493268898860151
-402.1971917913901962 -399.6082394692177218 -397.7597592964048658 -396.0145039345779878 -395.2592192562876221 -395.0311680296250643 -394.9401326955716627 -395.0864064187625218 -395.1215861749730038 -395.0567813609010841 -394.8844314149051229 -394.7204135164326431 -394.5367998765622701 -394.0882579848788509 -393.4721493596667301 -392.9492362289769858 -392.3897546674895693 -391.6232062953247919 -391.0831661780589457 -390.6923314303348320 -390.4516278352106156 -390.3730905724425497 -390.4270945841690832 -391.4361981175744631
-861.2286566759340758 -860.1921068691937080 -859.7373703126060036 -859.1332474401573336 -858.5429578897402507 -857.8607174340544361 -857.2412694107275684 -856.5669627720892549 -855.9512443208788000 -855.5913745168509195 -855.3157930426527855 -855.1573879433104821 -855.1840374313419488 -855.4528378653285472 -855.9167966366040901 -856.3252186885467836 -856.5015257340476182 -856.6436563368820316 -857.0718790262426410 -857.1615243778395552 -857.3204719603987769 -857.2934156099545362 -857.5104767071268270 -858.6728826201939455
-977.8274059358616341 -977.9873336420259875 -978.3205873127305949 -978.3875188576379287 -978.8635080434360134 -979.2900416735126328 -979.3895801281572631 -979.5215761251101867 -979.4894023809167720 -979.5076252072473153 -979.4613661145050401 -979.2394210518453974 -979.0471104870871386 -978.7874949588492655 -978.4067275089994382 -978.2656200988811861 -978.0620322932381896 -978.1176268502890707 -977.9099911873216797 -977.6253118045078736 -977.5959312312356815 -977.5308966526758923 -977.2623489521874944 -977.1962090546535364
-885.7855115129849537 -878.6442014509515275 -890.9360740195562585 -910.1735884765008677 -928.5736515613500615 -942.1217537588055393 -950.7939228262011966 -956.9498475449479429 -962.2927136999263666 -967.1636000420566006 -972.2867206392597836 -976.9725580906318783 -981.0354326569236036 -983.5953106928819807 -984.8730943118493997 -985.5742824098412029 -985.8093786142361523 -985.6095047839344261 -985.0917884554726243 -985.4455893176321979 -985.7687940279676013 -985.4565240248133478 -983.1291136578698797 -979.1481442540216449
2.4939323521817713 8.5293054479731474 13.3320423444358376 17.0524141492383166 20.0108443067389636 22.2997676219984520 24.0926930028401749 25.3710302091402014 26.4115672605215579 27.1799638523108698 27.4823134521043109 27.5626129615285294 27.8011877097856974 28.0193648334624328 28.0472501936483347 28.0387296669248656 27.9798605731990691 27.6214820552543259 26.8654789568809704 25.6651174799896715 23.9651432997676217 21.4830880454428090 17.9419054996127016 13.6710560289181515
207.4003378378378386 219.0168918918919019 227.3462837837837753 231.6722972972972912 234.4104729729729684 236.1114864864864842 234.9831081081080981 230.8040540540540633 224.4831081081080981 215.5692567567567437 202.9324324324324209 186.9577702702702595 167.1064189189189051 142.9628378378378386 113.8479729729729684 79.3006756756756772 39.1722972972972983 -6.4645270270270272 -57.0000000000000000 -111.2837837837837895 -166.9594594594594525 -221.4273648648648702 -272.7550675675675507 -318.8226351351351582
-819.0181058495821844 -681.5961002785514893 -595.5793871866295603 -574.8036211699164824 -610.1462395543175035 -666.1991643454039149 -740.4972144846797164 -875.0306406685236880 -1091.5919220055709502 -1288.6685236768801133 -1499.4289693593314041 -1400.9749303621169929 -1244.2827298050140143 -1242.8189415041783832 -1207.6643454038996879 -1068.9442896935934186 -888.3272980501392340 -719.5640668523676595 -609.1420612813370781 -566.0779944289693049 -592.7493036211699291 -661.5947075208913475 -750.0069637883008227 -864.8816155988857872
-566.2829349638687972 -563.4754493236983990 -560.8754863813229576 -558.8265703168426626 -557.3248100796738527 -555.8406522141930282 -554.1174726700018027 -552.7357791365573121 -551.8916064480266641 -551.0661478599221255 -550.2516212710764876 -549.7554196775986384 -549.5525291828794252 -549.3136927922920449 -549.3161015378914271 -549.1521215490087116 -548.5225125069482601 -548.1413748378729451 -547.5818047063182803 -546.9483046136742814 -546.4836020011117625 -546.2868260144524584 -546.2295719844357791 -546.3496386881600984
-890.4333612740989565 -893.3160100586756016 -894.6940486169321503 -895.4140821458507844 -893.3679798826487968 -887.0536462699077447 -874.4819782062028253 -852.0888516345347625 -818.7024308466052389 -770.1642917015926741 -711.3210393964794775 -643.5523889354568610 -576.1550712489522539 -511.2841575859178533 -450.7535624476110456 -396.7300922045263860 -350.0972338642078512 -312.1341156747694754 -283.3394803017602612 -263.1424979044425640 -249.0645431684828282 -240.3034367141659686 -233.0368818105615958 -227.3595976529756797
-953.1130867709814538 -953.9822190611664610 -954.2830725462304144 -952.8933143669985384 -951.8012091038407334 -952.1635846372688547 -953.8453058321479148 -955.0184921763868715 -956.3694879089615597 -959.1703413940256269 -963.7620910384068793 -964.0849928876244803 -962.8929587482218722 -957.1347795163584351 -947.1706970128022931 -929.6934566145092731 -901.7645803698435429 -865.9569701280227036 -823.4374110953058334 -778.4836415362731259 -736.8712660028450046 -699.9256756756756204 -673.7375533428164545 -657.6169985775248961
-926.8953711311969528 -925.4124897288413649 -923.7589701451656765 -921.1207888249795133 -919.2552725280745562 -922.5888797589701653 -931.6348945494385134 -948.2659545330046740 -997.0443714050944664 -1114.5472473294987594 -1191.4675431388661764 -1126.4111202410299484 -1005.6296904957546303 -909.4053683922213622 -900.1654341276362175 -927.2506162695151488 -943.7356888523692078 -951.9947959463161169 -948.5291700903861738 -941.6674883593535696 -938.0104081073678799 -937.8096411941933184 -939.6009312517118133 -943.6981648863325063
-324.4717215661901832 -334.9067743940335617 -348.0118085767557545 -363.7265382224984478 -380.6824114356743394 -399.1081417029210456 -420.1230577998757099 -443.7576134244872605 -470.5114978247358408 -500.0615288999378549 -532.1758856432567200 -567.1068986948415613 -605.9664387818520481 -644.3604723430702279 -679.6581727781230029 -713.1249223119950784 -742.4232442510876808 -769.3238036047234800 -793.5369794903666616 -814.2423865755127963 -832.0198881292728856 -846.0584213797390021 -854.6780609073958885 -861.4903666873834709
-976.7364315892102695 -933.6889827754306452 -886.6038349041274387 -851.8410789730256738 -835.9931751706207024 -836.2378940526486986 -844.8199545011374312 -852.5898602534936117 -859.5440363990900323 -883.7299317517062036 -940.5677608059799013 -1010.7767305817354782 -1065.3165420864477255 -1203.3051673708157523 -1290.4520636984075281 -1144.0191745206370797 -1022.8852778680533220 -1018.7754306142346650 -1023.2668183295417066 -988.2694182645433330 -933.1010724731881965 -872.0396490087747452 -826.7517062073447960 -810.2102697432563900
-984.7105340808498113 -980.6414871643552260 -981.7784007081735353 -982.3331366184714852 -976.6706993213337000 -966.8090882266154722 -956.4092652699911241 -949.5848332841545698 -947.5364414281499421 -946.4166420773088930 -946.0165240483918296 -943.6125700796694673 -937.1628799055769150 -933.0737680731779164 -933.4116258483328465 -944.8993803481853320 -961.2729418707583591 -1009.6361758630864642 -1125.6164060194748799 -1199.7488934789023460 -1120.3647093537915680 -983.9339038064325678 -888.5444083800531416 -907.0244910002950292
-511.3358585858586025 -520.2432659932660499 -532.8194444444444571 -547.0547138047138560 -563.3636363636363740 -581.0576599326599307 -601.0993265993265595 -622.3076599326599307 -644.0004208754209003 -666.0467171717172050 -688.9381313131312936 -712.6380471380471135 -736.5959595959595845 -760.3055555555555429 -784.6948653198653574 -807.7373737373737868 -829.1464646464646648 -846.3493265993265595 -860.0660774410774820 -870.4255050505050804 -877.7584175084175513 -883.4015151515151274 -887.8674242424242493 -890.3648989898989612
-633.7240645504522263 -630.5213690370633230 -627.9349175385706303 -625.6873559141691885 -623.7215818407519237 -622.0517822308920586 -620.8652243305550655 -619.6041851392091075 -618.6146479872318196 -618.1384997339954452 -617.3170774960099152 -616.7118283383579183 -616.5912395814860929 -616.5093101613761064 -616.3844653307323824 -616.7332860436247302 -617.2014541585386951 -617.4710054974286777 -617.5309452030502371 -617.6075545309452082 -617.7967724773895952 -618.0739492817875771 -618.7650292605071627 -619.6263521901046261
-823.8166102625079930 -820.7040153663220963 -818.2360742705570829 -816.3810482026891577 -815.1922619592061210 -814.4350132625994547 -813.8387450836916059 -813.6770328363669478 -813.7655721211012860 -813.9858227384980864 -814.1195463276319515 -814.6945028811853717 -815.5452300375011419 -816.3881825665416727 -817.2449464922710831 -818.0277142595811029 -818.7742614104088261 -819.7013628464281965 -820.8989298454221171 -822.1618951797311183 -823.2517149913106778 -824.1094850452757328 -825.3196743803164281 -826.9001189060642218
-334.0849269997943907 -329.3207896360271434 -326.1519638083487393 -324.0178901912399851 -322.4850915073000124 -321.1949413942011233 -319.9578449516758951 -318.9590787579683138 -318.2405922270203860 -317.6080608677771124 -316.6535060662142769 -315.4059222702035754 -314.0655973678798887 -312.4088011515525523 -310.3758996504215588 -308.3777503598601584 -306.5155253958461685 -304.4305983960518347 -302.3374460209747099 -300.8546164918774366 -300.1778737404894173 -299.8842278428953136 -300.5860579888957318 -302.4857084104462501
-930.0118782479584070 -938.0965107646621846 -947.7268002969561849 -958.2405345211581107 -960.7965850037119253 -949.8485523385301121 -922.0831477357089625 -875.3259094283592958 -816.6726057906458891 -755.1536748329621105 -695.9064587973274456 -646.9294729027468520 -608.3897550111358896 -579.4083147735708508 -558.8210838901262605 -545.3986636971046664 -537.5330363771344082 -534.4031180400891117 -535.9844097995545553 -541.6555308092056293 -547.3526354862657399 -553.8893838158871858 -560.5048255382331490 -567.5003711952487038
-712.4362017804154448 -704.1706231454005547 -696.4774480712165996 -690.5166172106825115 -686.5465875370920230 -683.5056379821958217 -682.5706231454006456 -683.7103857566766010 -685.9676557863501785 -689.2762611275963991 -693.6258160237388211 -700.2925816023738435 -708.0928783382789788 -717.0246290801186433 -727.4103857566765328 -739.8065281899109777 -754.0192878338278888 -769.8581602373886881 -788.1172106824925550 -806.6287833827892655 -824.2267062314540453 -839.1471810089020664 -851.9397626112759099 -859.3462908011869104
-221.9029126213592349 -791.0970873786408220 -1419.1650485436894087 -1653.1165048543689409 -1590.3009708737863548 -1302.7475728155338857 -887.1067961165048246 -518.2621359223301170 -268.7766990291262346 -107.1067961165048530 -178.6019417475728233 -881.5339805825242365 -1535.2233009708738791 -1671.3689320388350552 -1578.2524271844661143 -1258.6893203883494152 -877.3495145631068226 -507.4757281553398229 -242.0970873786407651 -83.0000000000000000 -222.1553398058252355 -863.6796116504854126 -1483.1165048543689409 -1664.2233009708738791
-929.1900464861909086 -941.0617992890347523 -1037.9382007109652477 -1144.2307902652446501 -1117.7571780147661684 -1022.2605961170357887 -931.6253759912497117 -916.9362865736942467 -947.2824719715613355 -965.6281104730653624 -974.5843587640142687 -976.2127426852611052 -970.6784249384741088 -966.7260049220673181 -963.7815149029258919 -963.8414000546896432 -966.6893628657369391 -970.2827454197429233 -972.0615258408531645 -972.7738583538420016 -974.2234071643423476 -977.6319387476073643 -981.1766475252939017 -987.6286573694285380
-913.1843137254901421 -911.6033613445378023 -909.8859943977590774 -913.1722689075630797 -926.2848739495798327 -949.1123249299720328 -992.4117647058823195 -1106.7857142857142208 -1200.6731092436975814 -1143.8627450980391131 -1023.6823529411764184 -928.2859943977590547 -914.5507002801120962 -937.1372549019607732 -949.0112044817926744 -955.0759103641456704 -950.0733893557422789 -942.9187675070028263 -939.4767507002801494 -939.3672268907563421 -940.4845938375350443 -943.1551820728291204 -948.1056022408963599 -956.5184873949580151
-693.6544094733561678 -691.9490495481458083 -691.0021813649111664 -690.6347771891555567 -690.8987223434091902 -691.6324400124649401 -692.2901215331878575 -692.7648800249298802 -693.1355562480523531 -693.3747273293861326 -693.9850420691803947 -694.4478030539108886 -694.8370208787783895 -694.8426301028357557 -694.6904019943907542 -694.3806481770021719 -693.9683702087877464 -693.4094733561856856 -692.5462760984730721 -691.5010906824555832 -690.4582424431287109 -690.0405110626363694 -690.1561234029292109 -691.5492365222810349
-621.1162790697674154 -612.3074935400517234 -637.4470284237726219 -682.7829457364341579 -773.2558139534884276 -989.7390180878552428 -1282.9121447028423972 -1521.6589147286822481 -1471.5788113695091397 -1340.5167958656331848 -1258.4651162790696617 -1157.0645994832041197 -972.1059431524547563 -781.1989664082686886 -639.3255813953488769 -558.7157622739017597 -539.8010335917313114 -584.4677002583979402 -684.2583979328165924 -834.4780361757105993 -1017.0878552971576028 -1202.5193798449613496 -1342.3074935400516097 -1377.7209302325582030
-686.7418960244648360 -653.3602446483180302 -610.5155963302752298 -564.2948012232416204 -516.4403669724770225 -468.9394495412843753 -425.5480122324158856 -388.9590214067278566 -359.4746177370030864 -336.5211009174311698 -319.9162079510703620 -309.6972477064219902 -303.5761467889907976 -300.3125382262996936 -299.5137614678899354 -300.6128440366972541 -302.6996941896024396 -306.6678899082568819 -311.9944954128440600 -317.7425076452599342 -323.2042813455657324 -328.3767584097859071 -333.6874617737003064 -338.4672782874617951
-1307.7847866419294860 -1215.4063079777365601 -1079.1697588126160099 -1098.0296846011131038 -1119.3107606679034234 -1061.8395176252320198 -931.4480519480518979 -801.7365491651205502 -712.1034322820037232 -676.3112244897959044 -689.3121521335807529 -729.0551948051947875 -773.4387755102040956 -852.3098330241186886 -994.2945269016697694 -1135.7639146567717034 -1149.9958256029683525 -1339.2439703153988830 -1260.4299628942485469 -1060.7291280148422175 -1086.0269016697588995 -1117.6178107606679077 -1066.5269016697588995 -957.1646567717996277
-439.2497661365762269 -435.8049579045837163 -435.4083255378859008 -437.1725912067352624 -441.3161833489242554 -446.8914873713750922 -454.3348924228250780 -463.8423760523854185 -473.7184284377923404 -484.6796071094480567 -496.5168381665107518 -508.6880261927034894 -521.3063610851262411 -533.4415341440599150 -546.4695977549110921 -560.2834424695977305 -575.6852198316183831 -591.6973807296539007 -607.4742750233863262 -622.6220767072029503 -636.8437792329280001 -650.7362020579981845 -662.8582787652011348 -674.2287184284377872
-817.4488434163700958 -906.6370106761565921 -1042.7224199288257296 -1129.5315836298932481 -1225.2922597864769614 -1312.3434163701067519 -1190.2388790035586226 -1059.4666370106760951 -1100.2090747330960312 -1108.7459964412812496 -1040.6316725978647355 -912.2019572953736315 -792.9684163701067519 -714.6610320284697764 -688.9386120996441605 -705.2566725978647355 -742.7682384341636634 -784.9048042704625914 -863.0373665480426553 -999.4750889679714874 -1136.0000000000000000 -1144.3367437722420163 -1324.7001779359429747 -1267.4653024911031025
-464.2051416579223542 -488.3189926547743767 -520.0262329485834698 -560.1962224554040404 -606.4847848898216398 -656.7408184679958367 -706.5944386149003549 -754.0430220356768132 -797.2549842602307990 -834.3646379853095141 -864.6185729275970289 -889.5729275970619483 -908.8840503672612385 -922.2696747114375739 -931.5388247639034489 -936.9386149003147466 -938.2119622245539858 -938.0729275970619483 -938.0739769150052325 -936.0419727177335290 -935.1232948583420921 -935.9559286463799026 -936.9889821615950041 -938.1448058761804987
-984.7596774193548299 -977.9537634408602571 -967.5427419354838321 -952.7688172043010582 -938.3465053763441119 -927.6198924731182842 -922.7881720430107180 -921.9026881720429856 -921.2567204301075208 -917.7139784946236887 -913.2322580645161452 -915.5951612903226078 -930.8889784946236432 -959.1051075268817385 -1009.2198924731183070 -1131.2975806451613607 -1232.8741935483869838 -1152.9413978494624189 -998.8768817204301058 -909.1483870967741723 -942.5747311827957446 -967.7123655913978837 -965.9553763440860621 -943.8723118279569917
-1220.4091710758377758 -1204.9065255731923116 -1110.4708994708994396 -930.2539682539683099 -756.3633156966490105 -628.8218694885362083 -564.3333333333333712 -569.2768959435626357 -616.0493827160494220 -679.7954144620811121 -783.6490299823633450 -993.3209876543210157 -1230.8377425044091069 -1478.3791887125221365 -1461.5097001763667777 -1278.5414462081128022 -1236.0511463844798072 -1215.8641975308642031 -1090.2328042328042557 -915.3827160493826796 -742.8430335097001489 -621.1375661375661821 -564.9559082892416200 -591.5820105820105255
-912.6267898383372312 -881.3644341801385735 -859.9381062355657832 -854.4438799076212945 -858.5533487297921056 -862.2286374133949494 -861.8355658198614719 -859.9884526558890911 -860.7187066974595382 -863.3214780600461609 -866.0027713625865999 -866.2595842956120578 -866.2960739030023660 -866.5621247113164145 -866.7598152424942555 -869.3418013856812649 -875.3533487297921738 -889.0073903002308953 -911.2780600461893528 -955.8374133949191673 -1035.5561200923787055 -1130.7926096997689456 -1145.8314087759815720 -1071.7916859122401547
-1219.7582037996546660 -1103.5436960276338141 -1002.7644214162348817 -994.0670120898099640 -991.4642487046631913 -954.9968911917098922 -898.1595854922279614 -842.5468048359240356 -807.1191709844559909 -798.7709844559585690 -808.2044905008635851 -821.7084628670121447 -834.2829015544041340 -861.7412780656303539 -924.2815198618307022 -1011.8725388601036457 -1073.4145077720206700 -1174.6604490500862994 -1282.5709844559585235 -1170.1233160621761726 -1014.9153713298791217 -991.1271157167529964 -1006.5747841105354610 -980.0207253886010221
-62.1567635903919111 -75.6877370417193447 -94.6106194690265454 -121.4121365360303457 -158.4841972187105057 -203.9734513274336223 -254.8609355246523478 -311.6915297092288029 -371.6384323640961043 -431.8912768647281837 -493.8343868520859701 -553.2768647281922085 -608.4879898862200207 -661.5777496839443756 -709.2427307206068008 -750.8268015170669969 -784.9494310998735500 -812.2541087231352321 -834.0543615676358513 -852.8305941845765119 -869.3893805309734262 -883.7319848293299174 -896.7117572692793601 -904.4917825537294220
-242.9773210489015014 -244.1537916371367771 -247.1318214032600906 -252.7753366406803650 -259.1899362154500182 -267.1920623671155113 -278.0637845499645664 -291.8157335223245923 -308.5598866052445146 -329.1438695960312089 -353.5216158752657520 -381.2381289865343774 -413.6073706591070049 -450.0446491849751851 -490.5513819985825421 -534.3175053153792078 -580.0021261516654931 -625.4294826364280198 -667.9390503189227957 -707.2076541459957753 -741.6201275690999637 -769.4677533664067823 -790.6399716513111571 -807.4309000708717576
-887.6428323498785176 -872.0857341200971860 -864.1718153418951260 -862.8847622353349607 -864.7986810135370206 -867.1312044429017760 -867.9146129816035682 -869.6945505032974779 -879.6414439430752736 -904.3977785491149461 -945.5546685178757116 -1007.3859770912877138 -1134.4515793127386587 -1251.1929885456438569 -1157.3491843110032278 -968.4307532106906820 -848.8993405067684535 -843.1929885456438569 -859.6671294689343767 -865.5907670947588031 -856.3193335647345066 -838.3627212773342308 -828.0031239153071283 -830.6657410621312465
-811.2533849129594046 -799.0193423597678475 -782.7823984526112326 -757.8684719535783643 -724.0000000000000000 -684.8800773694390500 -641.5560928433268373 -593.2940038684719184 -539.5425531914893327 -484.9477756286266867 -430.3626692456479645 -376.5880077369438936 -328.1934235976789296 -283.6547388781431209 -243.9245647969052300 -211.0638297872340559 -185.0880077369438936 -165.4139264990328684 -150.3549323017408028 -139.3800773694390784 -131.5125725338491236 -127.7475822050290191 -126.9003868471953638 -128.5493230174081134
-854.5966978757676316 -851.5977046209604850 -854.2200744991442889 -859.8136514648142565 -865.7855632739353950 -872.6927413671600107 -881.1259438236182859 -889.6195509916440187 -898.7776099869123527 -908.1488976140138902 -917.3487365347830291 -926.4214235377025943 -934.0970502365851189 -940.6777408637873350 -946.7527433806503723 -950.8580489278164123 -953.7421725561260928 -954.9266082754454601 -954.6797543541729283 -953.0484244437732286 -951.8921775898520536 -951.1771871539312997 -950.1721534279673733 -948.8033826638477422
-893.5916769674495299 -1027.4112072517511933 -1124.4664194478780246 -1216.3671199011125736 -1314.1623403378657713 -1206.3110836423568344 -1063.9752781211373076 -1091.5904408735063953 -1107.7507210548001240 -1043.0506798516687468 -913.9402554594149706 -792.9810465595385267 -711.4511742892459552 -682.7091058920477735 -698.3147919241862382 -736.9447878038730551 -781.7886279357230706 -866.2904820766377725 -1010.9110012360939663 -1143.8009888751544167 -1162.7490729295425353 -1326.3667078697981196 -1246.0729295426451699 -1062.1190770498558322
-656.6341463414634063 -646.7210365853658232 -637.5655487804878021 -629.5264227642276182 -621.5762195121951663 -611.9207317073170316 -600.9883130081300351 -588.7616869918699649 -575.2057926829268126 -559.2012195121951663 -540.8643292682926358 -521.2205284552845796 -500.3226626016260070 -478.5655487804878021 -457.0879065040650175 -436.2886178861788835 -416.4629065040650175 -396.9247967479674912 -378.2398373983739930 -361.9827235772357881 -349.0503048780487916 -338.4730691056910814 -328.1397357723577102 -322.6483739837398161
