164.3863854266538738 352.7651006711409423 706.8619367209971642 1178.8820709491849357 1436.3518696069031648 943.0230105465004726 -315.7555129434323931 -1709.4256951102588573 -2595.6423777564718876 -2645.9338446788110559 -1972.9424736337487047 -1019.9002876318312474 -209.8542665388303021 289.8465963566634969 519.8696069031639126 559.6174496644295004 462.6299137104506372 246.2253116011505369 -22.3231064237775634 -231.9597315436241729 -262.7555129434323931 -81.7344199424736360 174.4554170661553201 355.8082454458293569
470.2629355129182045 497.8977626930802671 457.1401953314400544 370.7579829604488282 258.6732008034910564 147.5405555170741820 52.6221514164992712 -23.2524070097665714 -81.4825102168040445 -126.7807023619865561 -158.5093856064279407 -183.5075846782572455 -201.6913486181339579 -212.1622913347648307 -214.3386437625545398 -213.5297499480501529 -210.6946041421347786 -204.0842972916811107 -196.7614462838539851 -190.7124748909053267 -186.9634965713098325 -184.2887719055205480 -180.8545404169841504 -177.0321396411997057
-183.0922284644194633 -168.0993445692883768 -136.3346441947565495 -95.2682584269662982 -45.3485955056179790 9.9146067415730332 67.5161048689138568 128.4817415730337018 192.3530898876404365 256.8714419475655291 323.5241573033707709 385.5162921348314740 437.0262172284644180 474.2908239700374793 498.6128277153558201 508.3524344569288473 508.7521535580524414 500.4223782771535411 487.1781835205992479 465.8215355805243689 434.2330524344569085 398.9817415730337302 360.2868913857677740 320.4224719101123355
524.3335151349876924 607.3515134987728743 706.5426779383692519 818.9541859830924295 945.5920370875375056 1077.3163348786474671 1197.1401690755385516 1300.7856558494681849 1383.0261794382329299 1455.7512953367875070 1516.9585492227979557 1554.0575402236161153 1559.0529042814289369 1513.1139896373056217 1415.5394055085901073 1283.9100081810745451 1137.7499318243797006 983.0981728933733166 822.3215162257976090 668.6959367330242685 531.2765203163348815 414.2702481592582444 336.6697572947913955 288.7049359149168026
2125.9854545454545587 3192.4472727272727752 4010.6981818181816379 4918.1381818181816925 5750.5454545454549589 6173.2799999999997453 5865.1272727272726115 4832.3490909090905916 3428.8581818181819472 2034.2254545454545678 1009.2763636363636124 368.4545454545454390 23.2763636363636373 -163.3309090909091026 -296.5090909090909008 -388.6181818181818244 -396.1054545454545632 -354.5381818181818403 -329.4218181818181961 -361.8145454545454527 -436.4472727272727184 -559.1200000000000045 -726.1745454545454095 -919.6618181818181483
-3623.6279069767442707 -4503.0180878552973809 -5518.3074935400518370 -6387.1576227390178246 -5979.0620155038759549 -3734.9328165374677155 -401.8578811369508799 555.2428940568474900 146.0671834625323129 256.9043927648579029 223.1731266149870692 149.1963824289405807 104.4806201550387641 159.3617571059431555 246.3126614987080245 316.2506459948320412 415.7286821705426405 532.7700258397933339 643.7467700258397372 772.2532299741602628 883.4496124031007867 995.3488372093023600 1148.7441860465116861 1264.0981912144702619
-541.2516658124038713 -679.6330087134803080 -953.5771399282418770 -1277.7180932854946604 -1504.5397232188620364 -1558.0092260379292384 -1452.2116863147105050 -1264.7134802665300413 -1047.4551512045104573 -846.8523833931317313 -649.0763710917477738 -446.6058431573551957 -217.2168118913377839 76.6535110199897503 468.3321373654536046 987.6652998462327560 1548.2921578677601246 1892.1112250128139749 1846.8026652998462396 1432.9964120963609275 869.1430035879036495 422.4131214761660544 225.4049205535622775 217.7893388006150701
-6019.0502645502647283 -6359.1349206349204906 -4953.2513227513227321 -1652.8624338624338179 426.5476190476190368 411.3333333333333144 317.5820105820105823 350.0211640211639974 251.5105820105819987 144.1455026455026314 103.5687830687830626 149.8439153439153415 214.6825396825396695 331.2169312169312434 508.6587301587301795 694.9285714285714448 877.0211640211640542 1037.8862433862434500 1197.9391534391534151 1382.4920634920633802 1550.4259259259258670 1648.9735449735449038 1687.6402116402116462 1679.5238095238096321
296.7485673352435356 185.1590257879656178 20.2156160458452732 -93.8796561604584525 -143.1017191977077232 -141.2700573065902461 -104.9025787965615990 -70.1984240687679062 -57.6167621776504291 -63.4448424068767878 -80.1425501432664760 -50.2700573065902603 53.4820916905444150 279.3710601719197939 684.0386819484240277 1081.4527220630372994 1015.1353868194842107 130.2098853868194794 -1248.4348137535816932 -2404.0909742120343253 -2855.6611747851002292 -2476.6382521489972532 -1570.0902578796560647 -744.5651862464183068
249.0061099796334076 309.7097759674134636 394.8248472505091513 530.5224032586557996 730.1771894093686797 1008.7372708757637838 1355.7902240325865932 1762.7372708757636701 2202.2851323828922432 2626.8920570264767775 3011.0234215885948288 3309.5824847250510174 3481.0040733197556619 3508.3828920570263108 3388.0254582484726598 3153.4582484725051472 2843.0539714867618386 2502.3879837067211156 2161.0794297352340436 1816.0305498981670098 1478.8869653767819727 1181.3940936863543811 936.3329938900203615 732.1150712830957445
-339.2172760996290322 -388.1038685744567829 -415.2501324854266045 -446.9936406995230413 -492.0381558028616951 -560.1091679915209625 -646.4689984101748905 -726.2851086380497918 -790.2999470058293809 -807.3169051404345282 -703.5246422893482077 -491.2919978802331684 -380.0328563857975723 -694.3963963963964261 -1459.4610492845786212 -2285.8129305776365072 -2789.0821409644941014 -2739.0227874933757448 -2179.6656067832536792 -1451.9973502914679102 -823.4583995760466451 -411.1510333863275264 -211.1213566507684050 -158.2957074721780657
158.1053398058252526 78.2878640776699086 7.7592233009708735 -41.0101941747572809 -67.3868932038834885 -78.7242718446601941 -102.5470873786407822 -145.9514563106796174 -184.3475728155339937 -194.5548543689320411 -153.2262135922330231 -16.2718446601941764 271.1291262135922580 632.4199029126214100 715.4742718446601657 166.3189320388349586 -837.6796116504854126 -1722.1655339805824951 -2079.9199029126211826 -1797.0708737864076738 -1060.4033980582523782 -250.7548543689320297 274.5737864077669883 430.4169902912621524
-1381.5390357070809841 -1510.8331652208996729 -1496.8008876336493813 -1346.4409925358079363 -1107.8059310066571470 -850.5007060722210781 -602.6887230179544304 -379.7655840225943393 -194.8823885414565211 -49.5081702642727421 39.3211619931410112 46.1353641315311691 -14.4996973976195278 -116.8097639701432371 -230.0831147871696487 -315.5664716562437206 -353.9170869477506471 -349.4968731087351443 -316.5245107928182620 -277.9852733508170104 -240.8523300383296259 -206.9765987492434931 -182.5192656848900583 -168.3550534597538899
-278.2315068493150534 -355.9630136986301636 -387.8534246575342195 -375.9794520547945353 -340.6054794520547944 -301.8136986301369689 -267.4123287671233129 -251.0246575342465860 -237.2684931506849182 -220.6575342465753522 -175.2301369863013747 -38.9821917808219212 176.9041095890410986 349.9849315068493070 201.2890410958904113 -555.5534246575342650 -1848.4068493150684844 -3210.7794520547945467 -4161.0287671232872526 -4145.8232876712327197 -3161.2027397260271755 -1741.5999999999999091 -635.3999999999999773 -1.4808219178082191
-1216.8146890636169246 -1279.7919942816297407 -1298.6170478913509214 -1275.5432451751250937 -1229.8028949249464858 -1188.3137955682630036 -1172.1224088634739928 -1178.3322015725518668 -1190.6036454610436977 -1187.5829163688349581 -1154.0897069335239848 -1092.1111508220158157 -1010.4780200142959075 -922.3904574696211967 -834.9667619728377304 -752.5655825589707320 -675.0961401000714659 -593.8956397426733247 -504.8847390993566933 -414.6095425303788602 -331.0891708363116663 -260.9849892780557639 -209.4928520371693992 -177.6495711222301566
312.7090643274854074 332.9004020467836540 210.1032529239766120 -75.7139985380116940 -457.6008771929824661 -809.2205774853800904 -1020.7741228070175339 -1044.2019371345029413 -904.0133406432748870 -667.6792763157894797 -421.9239766081871608 -228.6891447368421098 -102.1178728070175481 -30.4417032163742682 1.1335891812865497 5.8428362573099415 6.9024122807017543 18.4850146198830423 37.4661915204678380 53.2437865497076004 54.4406067251461963 37.9682017543859658 12.7951388888888893 -5.9541301169590639
-38.3759132976132520 -37.9648075986361420 -46.4585971748660498 -61.4891622016561143 -78.1245737944471443 -97.9762542620555337 -129.6590355577204150 -187.7116415002435588 -295.3398684851437110 -457.1792498782269831 -643.7717973697028810 -792.6207988309790835 -847.2979785679493716 -784.0549196298100014 -617.2959084266926766 -404.3700681928884819 -206.1917924987822630 -54.4564052605942521 40.8580126643935699 83.5791524598149067 84.6416220165611293 62.2962737457379419 42.0898684851436897 39.3078421821724291
-115.1080246913580254 -204.4320987654321016 -332.2993827160493652 -535.2746913580247110 -845.5092592592592382 -1238.3672839506173204 -1711.7839506172840629 -2248.9969135802471101 -2843.2098765432097025 -3428.4444444444443434 -3972.4783950617284063 -4516.9228395061727497 -5029.5370370370374076 -5516.9074074074078453 -5896.9290123456794390 -6154.2098765432101573 -4638.2839506172840629 -1198.0154320987653591 905.3734567901234414 1299.1666666666667425 1188.8487654320988440 1303.0709876543210157 1551.7932098765431874 1921.3580246913579685
-649.9376181474480063 -698.9613106490232894 -733.8950220541903491 -761.0306238185255552 -778.6490233144297690 -781.4909892879646804 -772.0596093257719303 -756.2221802142406659 -740.6728418399495695 -729.9648393194706841 -727.2317580340264840 -734.2597353497164931 -751.7735349716446080 -774.3931947069943362 -797.1170762444864977 -814.4587271581600589 -822.5660995589162212 -821.4260869565217718 -819.7886578449905528 -821.8768746061751926 -821.7976055450535569 -813.6870825456836656 -794.1213610586011100 -758.0592312539382647
-28.1404712198031604 -38.5335520429466172 -106.1025946913212010 -243.7467939158962054 -387.6626901282433550 -424.2552937667760489 -240.0539815090963316 183.0691917685654744 741.5815687444079458 1211.1732776617955096 1306.4625708320907052 933.4742022069788163 271.9597375484640338 -286.4184312555919973 -549.0140172979421322 -513.9919475096928636 -312.4944825529376544 -90.2809424396063207 49.3134506412168179 92.4676409185803720 56.6931106471816264 -7.9460184909036684 -69.3754846406203427 -98.6957948106173575
-641.8701095461658497 -746.8695878977569009 -866.6280646844027160 -979.0432968179446789 -1051.0271257172664718 -1094.8701095461658497 -1219.8930620761607315 -1551.6510172143975979 -2020.9530516431925662 -2435.8628064684403398 -2638.5706833594158525 -2581.9942618675013364 -2329.1841418883673214 -1975.3192488262911866 -1614.3395931142410973 -1294.7485654668753341 -1017.9551382368283612 -799.7829942618675432 -603.8388106416275605 -402.1434533124673862 -246.6025039123630620 -128.1481481481481524 -52.6233698487219641 -15.4627021387584769
-206.8446241995281412 -241.9605662285136418 -281.4792719919110482 -324.6877317155375522 -375.1272328951803274 -438.7730030333670470 -519.0630266262218129 -610.9307381193124229 -707.5313447927198922 -809.7704752275025157 -912.3918099089989937 -1000.2583417593529020 -1066.1754297269969811 -1110.1826761038084896 -1146.0920121334681880 -1193.3695652173912549 -1257.6393663633300548 -1327.1600943714188361 -1379.7072800808898592 -1402.7285136501516263 -1398.0876306033030687 -1370.7622177283451492 -1318.2652510953826095 -1241.5160094371419746
1324.3307692307691923 1835.3410256410256807 2203.8044871794872961 2240.6967948717947365 1852.0108974358975047 1180.2608974358975047 477.9743589743589496 -77.3826923076923094 -423.2282051282051043 -605.3442307692307622 -701.7352564102563974 -764.6826923076922640 -833.3692307692307395 -900.2391025641026090 -930.9993589743589837 -893.7314102564102996 -757.3987179487179446 -539.5185897435897004 -353.7134615384615586 -373.6698717948717672 -674.7820512820512704 -1111.8371794871795828 -1394.8814102564101631 -1383.5224358974357983
-693.2377576473677436 -766.0792963108835920 -813.5725351188132208 -813.9331757909938005 -761.3058947092031303 -672.2061178941841035 -563.4019955363004328 -438.5738479716423512 -310.7701194696074367 -191.7067086779572094 -86.2569252986740196 9.8189575948536163 102.7674937639490622 192.1104109229355288 272.5867139293685000 337.5817250886175884 379.4965209400026538 396.3192858080608971 390.1113299199159883 375.5268478403571066 364.3374031771038517 356.2862019167651511 351.0450308520414637 344.0210056452671665
534.9139150943395862 928.1945754716981583 1014.3525943396226694 350.3254716981132333 -981.5530660377359027 -2382.5943396226416553 -3271.0035377358490223 -3253.3443396226416553 -2338.5719339622642110 -1041.6615566037735334 123.1450471698113205 736.5412735849056389 1035.7558962264151887 1103.9021226415093224 947.1969339622640973 607.3254716981132333 195.0141509433962312 -84.4716981132075517 -121.1132075471698073 99.9669811320754746 419.1615566037735903 621.6875000000000000 637.8844339622640973 461.4917452830188722
511.5154061624650126 324.6386554621848859 153.0224089635854341 30.7366946778711494 -56.4369747899159648 -140.3305322128851458 -243.3977591036414481 -410.5238095238095184 -660.9131652661064891 -980.3641456582632827 -1365.1624649859943474 -1839.5630252100841062 -2421.7591036414564769 -3035.1428571428573377 -3632.0812324929970600 -4194.7927170868351823 -4723.2941176470585560 -5249.0616246498602777 -5745.2577030812326484 -6241.7030812324928775 -5682.6806722689079834 -2931.4677871148460326 -79.8879551820728295 1116.9019607843138147
168.5894308943089470 201.0001401738155380 239.4137931034482847 287.3465096719932603 342.1152228763667154 400.6449397252593485 463.1997476871320600 537.7636669470142579 617.8268853378189078 695.1042893187552636 764.7748808522568424 824.7290440145781076 870.3612279226240389 901.5040650406504028 915.8707597420801676 912.4150546677880129 894.9093075413512679 866.0493411830669856 822.9859826184468830 772.6063919259881914 713.9122511914774805 650.7562377347911706 585.4920100925147608 521.7471264367816275
1663.9929511278196514 1568.2058270676691336 1167.7453007518797676 617.3515037593984971 97.9957706766917340 -294.7702067669172834 -550.0676691729323693 -717.4558270676691336 -829.1865601503759535 -912.6141917293233519 -963.8270676691729477 -969.8110902255639303 -916.3327067669173402 -783.8181390977443925 -606.8679511278195378 -474.7692669172932369 -520.0545112781954913 -796.2424812030075145 -1152.0413533834587270 -1360.0089285714286689 -1320.3402255639098257 -1107.5277255639098257 -863.4417293233083228 -661.7034774436090174
0.9043624161073825 13.1392617449664435 -24.0917225950782985 -81.9110738255033510 -143.2069351230425127 -189.9323266219239486 -220.6974272930648908 -232.0106263982102917 -247.1907158836689007 -263.5397091722595064 -302.5631991051454293 -382.6297539149888394 -482.8736017897091983 -539.1689038031320251 -464.8445190156599551 -196.9670022371364553 306.4261744966443075 1044.8389261744966916 1853.6129753914988214 2320.6571588366891774 2084.1191275167784625 1240.9155480984341011 345.1107382550335387 -176.9418344519015704
1240.3829724985371286 1357.2884727911059599 1442.3499122293740129 1508.9019894675247997 1564.6427735517845576 1601.8730251609129027 1612.0544177881802170 1593.7603861907548435 1543.6635459332942446 1450.4297834991223226 1316.4488004681099937 1144.4253949678175104 950.1781743709772172 760.6603276770041475 602.0204798127559798 480.1966062024575876 392.8598595669982387 318.3279695728496108 254.2337624341720357 196.7205968402574570 149.9098888238736151 119.5178466939730839 100.4780573434757116 87.3110005851375064
-2.6702127659574466 59.7945990180032751 105.7045826513911635 160.1391162029459849 259.5310965630114310 431.5867430441898591 714.2945990180032823 1083.8674304418984775 1327.5286415711948393 1010.3772504091652991 -13.7774140752864156 -1305.7209492635024617 -2244.1358428805237963 -2453.4770867430443104 -1977.1710310965629560 -1099.0752864157118438 -265.6914893617021107 257.7995090016366362 489.6432078559737988 533.8846153846153584 499.6292962356791918 403.8551554828150643 225.2373158756137457 37.2577741407528649
-133.5119047619047592 30.6259920634920633 55.9712301587301582 64.2986111111111143 83.4255952380952408 124.1388888888888857 195.1726190476190368 279.8859126984127101 408.8779761904762040 612.7936507936508406 896.6557539682539755 1261.3521825396826443 1682.1220238095238528 2143.1507936507937302 2618.5515873015874604 3072.3710317460318038 3427.8759920634920491 3628.3978174603175830 3653.4682539682539755 3480.2926587301585641 3147.3670634920636076 2739.0079365079363924 2314.4156746031744660 1907.7371031746031349
698.9317394317394019 764.0932085932086011 851.2425502425502373 955.2144837144836629 1056.7893277893278992 1138.9851004851004745 1173.6292446292445675 1142.4504504504504894 1054.5356895356894711 933.3357588357588384 799.2713097713098023 670.5083160083160010 578.8208593208593129 530.6237006237006426 531.7401247401247701 589.8679833679833564 701.5488565488565200 855.4542619542619377 1047.7990297990297677 1247.9535689535689471 1418.1541926541926841 1507.9036729036729412 1477.7598752598753435 1328.1545391545391794
2332.0265273311897545 2665.1631832797429524 2950.0900321543408609 3120.4035369774919673 3127.6824758842444680 2972.1061093247590179 2705.8094855305466808 2384.4598070739548348 2045.4638263665594877 1690.8520900321543650 1347.4180064308682176 1041.1784565916398151 763.4421221864952258 537.2138263665594877 355.8689710610932480 208.3898713826366418 79.7323151125401921 -40.5024115755627037 -161.0578778135048310 -260.8697749196141444 -348.3946945337620491 -416.7540192926044824 -495.1221864951768339 -582.1607717041800925
-1148.6755852842809418 -1068.3984710941233516 -921.3373148590540040 -764.1533683707597220 -621.8991877687529950 -470.7257525083612109 -285.8413760152890859 -37.1992355470616332 338.8647873865265296 890.1810797897754810 1524.4328714763496464 1968.8690874343049018 1942.6268514094601869 1452.1366459627329277 819.6636407071189296 359.5484949832775783 183.6459627329192585 226.7419971333014814 330.2580028666985186 400.7028189202102340 417.5351170568561656 376.7816531294791957 282.6559961777352896 152.7749641662685178
-416.4290088021431302 -290.2047455032529797 -156.6659012629161793 -46.0375047837734428 31.0493685419058565 83.8694986605434423 114.5970149253731307 107.8465365480290785 73.7034060466896221 75.8243398392652068 178.3065442020665898 417.2954458476846753 819.3069269039418714 1302.8939915805588043 1723.8216609261385202 1896.4990432453118956 1655.6019900497512936 1075.5380788365862372 421.7217757367010904 -76.5311902028319935 -362.0765403750478413 -469.5185610409491233 -467.8262533486413872 -417.6192116341370024
611.0714786264891245 793.6468114926418593 1008.5939032936229296 1193.3181499649615489 1277.9421864050455042 1223.6331464611071169 1073.6023125437982344 914.9162578836720741 811.0311843027329815 770.3798177995795413 758.4250175192712504 732.8223545900490308 666.3065872459706043 550.6706377014716054 389.1166783461807768 194.2785564120532626 -26.4386825508058863 -272.4025928521373316 -519.9880868955851838 -750.1860546601261603 -926.4008409250175191 -1045.1776454099508555 -1099.7000700770847743 -1083.9737210932025846
-509.2303290414878347 -548.5915593705293531 -505.1083690987124442 -349.1587982832618309 -119.0157367668097237 -8.8944921316165946 -264.3741058655221536 -833.6033619456366068 -1399.1584406294707605 -1661.7088698140200904 -1508.6595135908439715 -1054.6455650929899548 -521.8830472103004467 -118.0214592274678154 93.3487124463519251 168.6376967095851285 180.7242489270386159 161.5679542203147321 135.3211731044349051 155.1387696709585100 271.0611587982832589 471.3226037195994422 688.8408440629470988 810.3415593705293531
-71.4727697300720308 -67.7249663579514021 -70.1513100609514737 -72.6799651705849783 -72.5453969761735209 -69.1703475025726249 -63.4740362542547274 -56.0036016781445412 -47.7889654080582602 -38.0273490065700912 -25.0222829098393085 -8.4316868518958277 11.6736721285522052 33.0546980131401895 55.6408216575635208 79.3518166706245580 104.7343465526794972 133.0995408849837816 163.8396263753660946 191.8832027230269830 210.8649172801393092 218.2777250059368441 215.2302303490857298 196.6877226312039966
88.7094453376205792 108.0917604501607769 125.8197749196141473 141.4794212218649534 155.2983922829581900 167.3963826366559431 177.1649919614147848 182.8776125401929278 182.8386655948553141 176.8776125401929278 165.3810691318327883 150.6637057877813390 131.8243167202572295 108.2960610932475873 81.5456591639871391 51.8952974276527357 22.0366157556270110 -6.7727893890675244 -33.8649919614147876 -57.0043006430868147 -74.0762459807073981 -85.9496382636655909 -92.7706993569131839 -95.8932073954983935
-186.3800675675675791 -232.3429054054054177 -668.7657657657657637 -1438.4425675675674938 -2209.1829954954955610 -2671.1154279279280672 -2627.4459459459458230 -2140.5844594594595947 -1475.3254504504504894 -902.5180180180179832 -545.4566441441440929 -397.4014639639639768 -355.6604729729729684 -362.2240990990990781 -358.1052927927927954 -356.4132882882882996 -376.9814189189189051 -388.0777027027027088 -370.3203828828828819 -326.2618243243243228 -267.0478603603603460 -233.1858108108108070 -221.1323198198198270 -221.4329954954955042
-583.6011597938144178 -532.8460051546392151 -418.7300257731958482 -360.5592783505154557 -635.7229381443298735 -1332.3015463917524812 -2183.1288659793813167 -2814.3679123711340253 -2960.6262886597937722 -2585.6855670103091143 -1918.0715206185566331 -1240.4826030927833926 -741.3814432989690886 -444.9967783505154557 -313.3414948453608417 -252.3653350515463956 -220.3105670103092848 -202.7293814432989620 -233.8067010309278260 -281.8125000000000000 -308.2835051546391583 -270.2680412371133798 -190.8189432989690602 -128.5341494845360728
-173.9805890227576981 -166.9062918340026727 -130.6572958500669301 -29.8172690763052195 191.2911646586345285 540.0950468540829661 804.6465863453814791 538.8647925033467345 -438.8406961178045549 -1720.5461847389558443 -2675.7918340026772057 -2912.6378848728245430 -2350.6265060240962157 -1343.8239625167336726 -396.9370816599732166 146.3654618473895539 387.9156626506024281 417.4531459170013363 326.8012048192771317 173.9156626506023997 -22.7998661311914326 -212.0589022757697535 -292.8326639892904950 -204.3647925033467061
1023.1793680297397486 1373.7323420074349087 1720.3671003717472558 2135.6672862453533526 2561.8708178438660070 2983.6496282527882613 3316.9172862453533526 3510.5715613382899392 3522.6747211895908549 3373.6849442379179891 3077.9591078066914633 2714.1068773234201217 2344.9544609665426833 1997.1895910780669965 1667.1775092936802594 1358.6840148698884150 1086.5195167286244669 848.1105947955389865 646.5947955390334982 484.0455390334572598 335.5464684014870045 211.2704460966542683 121.3197026022304783 41.8029739776951672
400.6559921937372337 425.5547769005588634 425.6818947928679222 406.5542446553712352 379.5481238357136249 355.1350128625920206 337.8080369023330150 317.8136254768029971 292.5534462875897930 268.5711877938437055 246.2772997427481698 231.7627960613856146 227.5280759336467611 235.1948904461988832 249.6004612791626016 266.2230994411425513 284.7177326355007381 300.6162512197285537 316.3584671338596763 332.0694579969839424 346.5047458529228948 354.8651645524705032 348.0505632928235400 316.8047547236760124
-1814.6507419471588491 -2107.0028954035469724 -2244.0604415490411156 -2212.4451682953313139 -2045.7926167209554933 -1804.9124140427072689 -1553.7010495837857889 -1316.9496923633730603 -1091.4940282301845400 -871.3854505971769413 -642.5103148751356912 -433.5226203402099259 -241.3423814694172904 -86.3275425262395970 20.3315237061165384 79.7252985884907730 107.1125588128845436 118.0427072023163220 116.1230546507419490 106.1310170104958388 78.7915309446254071 42.5048859934853454 -1.3221136445892145 -38.8921462178791160
-116.9271575613618381 -109.4034611469290752 -109.3470195679221746 -97.5905440561022459 -86.8338423255287921 -80.7065942766655411 -80.3922633186291193 -82.7753647777400801 -84.7318176676846520 -88.3414772084605744 -89.3292613957697057 -91.0070127813595775 -86.8618934509670879 -76.9109829204841020 -51.8405157787580606 -8.1660445650944471 61.7469743241714752 169.7060287297817069 320.7647324963239726 508.5612487275195122 709.3462278022848295 883.1006673453229041 978.9152810768013069 955.9786223277909585
-38.8754602209060351 -45.9975988474467741 -63.2468384824715883 -92.2770129662237935 -127.9133984312470034 -170.5797983031855267 -224.1856090923643308 -283.9532575636305296 -343.6470305746758527 -400.4137185849207867 -451.4517368336801724 -496.9949575796382533 -536.0237714102769360 -569.2133023851448570 -599.7235473027052421 -631.1862493997118690 -659.0497838962702417 -678.3901072514806856 -693.3400832399552201 -700.2694093164718652 -700.6817672482791295 -692.9460541059709158 -676.6848887465984035 -646.9422122618857429
-3135.2744974874372019 -2638.2543969849248242 -1361.7123115577890076 -327.7707286432161027 369.2154522613065524 672.6859296482411992 626.2996231155779014 406.0100502512563025 157.2468592964823983 -44.1991206030150749 -141.7066582914572734 -127.3398241206030121 -14.5244974874371859 122.5332914572864382 182.1105527638191006 142.0188442211055246 29.9560301507537687 -112.9949748743718629 -215.6570351758794004 -240.6557788944723484 -222.0452261306532762 -178.7437185929648251 -133.5816582914572734 -102.4478643216080371
993.5771812080537302 693.6795302013422315 454.8255033557047113 272.5234899328859228 126.9630872483221538 8.9748322147651010 -59.3003355704697981 -105.7130872483221538 -163.6761744966443075 -253.4244966442952887 -391.4546979865771732 -606.0318791946308465 -903.9848993288591146 -1308.8389261744966916 -1832.7416107382550763 -2405.4748322147652289 -3008.1644295302012324 -3627.9144295302012324 -4230.5939597315436913 -4754.1275167785233862 -5227.2281879194633802 -5652.7885906040264672 -5502.2869127516778462 -4246.4261744966443075
-4474.3475935828873844 -3734.3903743315509018 -1706.5026737967914414 367.6203208556149775 2354.8342245989306321 3450.7647058823531552 4203.4652406417108068 5138.2566844919783762 5872.4759358288765725 6085.8770053475936948 5527.2352941176468448 4422.8716577540108119 3072.8877005347594604 1798.8235294117646390 809.3529411764706083 177.9465240641711148 -142.9037433155080237 -402.6844919786096284 -618.4919786096256757 -719.7486631016042793 -695.9144385026737609 -551.5989304812834462 -425.3048128342246059 -354.8556149732620497
2113.3350253807107038 2158.1528482797516517 1699.5363790186124788 977.3778905809363096 366.4861816130851935 72.5115623237450677 67.7247602932882131 215.5837563451776759 366.9802594472645296 430.7958262831359093 383.9153976311336578 240.0000000000000000 41.0930626057529622 -176.7473209249858996 -370.7997743936830375 -515.9988719684150738 -573.2938522278624305 -540.4292160180484643 -571.2639593908629649 -842.7292724196277049 -1320.0569655950366723 -1746.3079526226733833 -1909.1331077270162950 -1785.7495769881556953
10.3522415370539793 59.8325709057639514 64.9236047575480342 71.0786825251601044 88.4716376944190301 90.9716376944190301 76.6020128087831722 51.5466605672461142 33.6267154620311075 35.5960658737419919 42.3769441903019199 61.6322049405306487 83.6125343092406155 83.5416285452881908 47.5439158279963436 -19.3229643183897544 -46.6175663311985389 25.8403476669716383 256.9496797804208654 680.8380603842634855 1306.6203110704482242 2066.3344007319306002 2663.1097895699908804 2712.9377859103383344
-1459.0000000000000000 -1953.7785388127854276 -2479.1004566210044686 -3003.7420091324202076 -3551.1552511415525260 -4190.8401826484014236 -4902.6598173515985764 -5520.1324200913240929 -6021.3561643835619179 -5077.5388127853884725 -2497.5890410958904795 -530.8333333333333712 177.8926940639269390 110.0616438356164366 131.2374429223744414 127.5456621004566244 115.9977168949771738 143.8242009132420094 215.7694063926940657 273.8036529680365447 333.5958904109589298 417.1643835616438309 506.6210045662100470 590.5410958904109293
-16.8906742281033395 -3.6272841839949592 24.1600504095778206 65.8169502205418979 135.4086326402016311 228.8928796471329576 357.1808443604284662 517.1578449905482557 709.3232514177693702 920.2290485192186225 1134.9962192816635707 1339.5680529300566377 1515.4599873976055733 1643.0967233774417764 1708.1008191556395559 1713.8758664146187130 1670.4445494643982784 1604.9804662885949256 1528.8197857592942910 1447.7511027095147256 1359.6030245746692344 1266.4297416509136838 1169.7948960302458090 1066.0872715816005893
58.1962607861936689 46.8342281879194644 23.0651965484180259 4.2668264621284759 2.3141898370086289 14.2112176414189832 34.5172579098753616 57.9505273250239696 75.4401725790987570 75.6778523489932837 59.9891658676893584 35.7911792905081469 15.2356663470757425 -0.7087248322147651 -20.3177372962607876 -49.0990412272291437 -100.7817833173537849 -194.7581975071908005 -343.4602109300095663 -528.4159156279961280 -710.7189837008628501 -855.2863854266538510 -925.8386385426654215 -892.5756471716202896
151.1932432432432449 70.8905405405405418 10.9202702702702705 -46.9229729729729712 -78.1635135135135073 -100.8351351351351326 -103.7418918918918962 -54.0472972972972983 18.1999999999999993 66.7202702702702766 76.2351351351351383 70.1486486486486456 66.6594594594594554 65.8081081081081152 47.5472972972972983 -21.1067567567567558 -160.2432432432432563 -473.4229729729729570 -1079.0837837837837014 -2012.4851351351351241 -3154.1878378378378329 -4234.1297297297296609 -4759.1810810810811745 -4375.8405405405401325
-336.9588963963963693 -272.1306306306306055 -35.5320945945945965 391.0596846846846688 1053.9262387387386752 1890.8569819819820168 2510.2511261261261097 2491.3384009009009787 1809.1576576576576372 906.7742117117117004 241.5281531531531414 -21.1520270270270281 19.9042792792792795 185.1435810810810949 333.6756756756756772 402.0855855855855907 366.5951576576576372 257.8350225225225358 105.5061936936936888 -36.1706081081081052 -153.8902027027027088 -242.2370495495495391 -279.5382882882882996 -278.4228603603603460
-1647.5230088495575274 -1803.2283185840708484 -1814.2942477876106295 -1695.4610619469026460 -1494.2221238938052466 -1275.8623893805308853 -1089.4752212389380475 -960.8641592920354242 -888.6889380530973312 -841.6597345132743158 -800.7199115044247719 -744.5933628318583715 -692.1836283185840557 -647.9500000000000455 -608.7769911504424272 -593.5752212389380702 -646.9216814159292426 -807.7128318584070712 -1054.6858407079646440 -1344.5535398230088049 -1597.9207964601769163 -1715.1384955752212136 -1664.3433628318584852 -1467.4318584070797442
1857.8952380952380281 1998.5257936507937302 2078.1174603174604272 2097.2174603174603362 2058.9031746031746479 1978.0742063492064062 1877.7722222222221262 1771.6738095238094957 1670.1587301587301226 1589.9218253968253975 1537.9091269841269423 1517.2988095238094957 1514.7789682539682872 1514.7317460317460700 1504.6952380952379826 1477.8503968253967287 1434.6619047619046796 1381.8658730158729213 1327.0746031746032259 1269.1623015873014992 1209.2984126984126760 1156.4829365079365289 1105.9230158730158564 1038.8083333333333940
35.0111022997620935 47.5043616177636778 54.6264869151467067 60.0911974623314862 80.4567803330689912 105.6851704996034869 123.0237906423473504 143.9016653449643002 118.5781126090404456 36.2664551942902449 -18.2632831086439325 48.4195083267248236 265.7549563838223889 624.7509912767644664 1161.9532117367168667 1867.0483743061063251 2608.1213322759713265 3026.2664551942903017 2774.2355273592388585 1955.4290245836637041 1026.4345757335447615 318.5693893735131041 -82.1094369547977863 -212.0436161776368067
56.5846514352665508 31.3491505565319279 -39.7006444053895748 -159.5664909197422503 -333.9320445225541789 -551.2952548330404170 -808.2987697715290096 -1075.7861745752782099 -1324.1335676625658380 -1528.3327475102519202 -1728.3872290568249355 -2001.7914469830111557 -2317.9490333919156910 -2579.4715875805504766 -2699.8014059753954825 -2629.0790861159930500 -2391.9718804920912589 -2084.5237258347979150 -1765.1400117164616859 -1482.4194493263034929 -1267.4094903339191660 -1042.4124194493263076 -876.0779144698301479 -735.2858816637375412
318.7764044943820068 254.6861423220973677 201.8037453183520711 182.6033707865168481 179.8775280898876474 169.9895131086142328 131.1812734082396901 60.2797752808988747 -51.3404494382022492 -197.7382022471909977 -373.3295880149812547 -576.4816479400749358 -791.1925093632959261 -991.0187265917603554 -1161.0734082397004840 -1310.0951310861423735 -1464.4108614232209220 -1671.2022471910113381 -1926.5726591760299016 -2164.9857677902623436 -2293.2052434456927585 -2271.4831460674158734 -2110.2041198501874533 -1869.7157303370786394
108.8960755813953512 236.5537790697674438 308.9418604651162923 294.1620639534883708 182.9462209302325562 46.6606104651162781 -61.6337209302325562 -123.1918604651162781 -130.3197674418604777 -103.6475290697674438 -54.9520348837209269 -28.6366279069767451 -25.0239825581395365 -7.7688953488372094 79.6177325581395365 280.1547965116279215 630.5704941860465169 1096.6315406976743816 1323.8539244186047199 851.0654069767441570 -351.7143895348837077 -1696.1322674418604493 -2582.2325581395348308 -2662.9084302325582030
-283.5836886993603230 -316.3784648187633479 -349.6396588486140899 -399.9904051172707682 -461.7755863539445613 -515.5986140724946836 -541.4307036247334963 -477.1343283582089612 -229.9259061833688804 187.7100213219616194 506.3699360341151419 240.7089552238805936 -688.1775053304903622 -1758.2100213219616762 -2391.4072494669508160 -2308.7889125799574686 -1647.7014925373134702 -835.4984008528784898 -236.7068230277185421 89.2601279317697163 182.3742004264392449 158.7009594882729289 116.8646055437100273 65.5106609808102291
-501.1192129629629903 -529.2759395424836839 -541.5507216775598636 -543.2635484749455372 -539.3312908496732234 -533.3218273420479818 -524.0627042483660034 -511.4794389978213758 -497.0094635076252985 -482.5770016339869244 -469.2365876906318363 -457.8116149237472996 -448.7221541394335418 -441.9332788671023877 -433.7935729847494599 -423.2741013071895395 -409.1323529411764639 -394.1591094771241615 -378.3496051198256964 -362.5816993464052302 -347.0552832244008528 -330.0880991285403070 -310.5636574074073906 -289.6179874727668562
-293.0742209631728201 -323.5548630783758313 -292.2881964117091798 -224.7495750708215212 -143.4566572237960429 -73.3429650613786634 -22.8049102927289908 5.4759206798866860 18.5529745042492920 22.8018885741265329 8.8220963172804527 -40.1448536355051928 -139.0094428706326823 -283.5195467422096272 -464.5161473087818536 -678.8868744098206207 -919.7463644948064712 -1146.3072710103872396 -1310.7414542020774206 -1371.0953729933899012 -1318.5038715769594546 -1190.1388101983002343 -1044.0904627006609644 -911.2481586402266203
476.6306818181818130 430.4659090909090651 345.1590909090909349 272.9034090909090651 165.7045454545454675 -65.3607954545454533 -465.2500000000000000 -1008.0482954545454959 -1620.1278409090909918 -2362.4744318181819835 -3414.4005681818180165 -4645.8153409090909918 -5671.8068181818180165 -6062.0312500000000000 -4560.2869318181819835 -1387.7357954545454959 518.5312500000000000 378.6250000000000000 589.1363636363636260 730.6534090909091219 685.7926136363636260 570.6988636363636260 498.1164772727272521 445.9971590909090651
-64.8277325186693787 -101.0616089613034632 -170.2910726408689754 -278.1529192124914971 -421.6541072640869174 -590.2170739986422632 -761.7695179904956149 -924.5741683638832455 -1061.7729124236252574 -1151.7201289884590096 -1186.5132382892056739 -1165.9156483367278270 -1104.4397488119484478 -1029.9930414120842670 -962.5908010862185620 -883.9896469789545108 -784.0264765784114616 -668.2287847929395639 -547.1955193482688173 -433.6632722335369863 -329.7844534962661101 -246.9451799049558645 -180.2006109979633379 -125.0583842498302829
-87.4438131313131350 -100.9952651515151558 -116.8961489898989896 -136.0344065656565533 -158.9558080808080831 -181.0905934343434467 -207.1524621212121247 -231.2989267676767611 -251.6452020202020208 -262.4753787878788103 -269.0340909090909349 -282.1401515151515014 -300.9567550505050235 -332.7686237373737299 -372.6840277777777715 -408.4842171717171482 -427.0931186868687064 -445.4147727272727479 -539.6654040404040416 -812.7279040404040416 -1276.8368055555556566 -1805.7484217171718228 -2171.7345328282826813 -2176.8633207070706703
-1425.2533969886155774 -1554.5240543518177674 -1664.4979801689312353 -1757.6382666177009924 -1838.9577671685640325 -1908.8854204921042310 -1963.7469702533969667 -1998.6114579507895996 -2013.2155710613294559 -2023.5857510099156116 -2031.2434814542784807 -2030.0396621373486141 -2020.4572163055454439 -2000.7825927286080514 -1972.5207491737055534 -1934.5049577671686620 -1888.8670583914799863 -1846.7036356959235945 -1802.2144693352920513 -1752.2890194638266621 -1684.4164524421594251 -1595.1285347043701677 -1485.3896437752478050 -1362.1138450238706810
269.7338100913786434 706.1303138657131058 1191.6154151767977964 1407.1334922526816626 1066.2661899086212998 284.4080254270957653 -459.9837107667858618 -828.1275327771155617 -757.1771950735002292 -376.2912197059991968 81.5697258641239529 397.1426301152165479 499.2793007548668811 409.3273738577671566 213.5482717520858102 22.6928883591577275 -98.1581247516885185 -154.4119984108065182 -160.6372665872069945 -126.1712355979340430 -96.7707588398887566 -113.8871672626142271 -176.7846642828764345 -244.6090584028605406
825.4472775860149341 859.5390268344282276 841.9013472887206717 791.0267230820621762 721.7690680325131325 646.8032513083176127 575.5984856920164248 510.1995323460639042 442.3141075604053185 373.2187952343837196 300.9112570983186856 228.1206992539806322 158.5696470326244309 97.5617414541810462 45.8923282485246631 1.3435029506736444 -34.4606391270459866 -61.9471105667520305 -86.8215120810600212 -112.7726311101213668 -139.1044427123928244 -164.6426901235942637 -186.5483799131499723 -200.4427123928292929
-425.9346379647749359 -382.7937377690802236 -341.2101761252446295 -450.7949119373776625 -787.7142857142856656 -1222.2998043052837147 -1513.3236790606654267 -1521.7823874755381439 -1267.6485322896282923 -901.6818003913894017 -581.6430528375733502 -349.4665362035224803 -199.2317025440313216 -100.1878669275929497 -31.4540117416829759 31.9385518590998032 129.1522504892367920 318.4700587084148538 689.8825831702544065 1193.8681017612525466 1643.4454011741684099 1817.5992172211349498 1634.0943248532289545 1239.4536203522504820
-1003.8243679908762260 -1060.1187987074699777 -1107.4356586200342463 -1148.3795856301082949 -1188.9450674776658161 -1227.3058353925109714 -1266.6202242919596301 -1304.1853259836532288 -1331.5491351454095366 -1352.3370081733510233 -1367.7319901159476103 -1384.9534309066716560 -1410.0003801558639225 -1431.1347652537540398 -1434.9251092948109090 -1415.0393461319140442 -1377.2796046379014570 -1327.8798707470061800 -1268.2594563771147023 -1205.1678388139137041 -1139.8853830070329423 -1076.1288728378635824 -1012.7051891275423259 -948.8445162516632081
754.2708224882873083 810.6002082248828629 850.3253513794898026 872.2269651223321034 879.0174388339406732 869.2459656428943617 847.0036439354503273 821.0525767829255983 792.1836283185840557 757.5109318063508681 716.6024206142634512 673.8137688703800450 626.0459396147839470 573.3033576262363340 521.8390161374284162 475.7513014055179497 433.3508589276418661 402.0464601769911610 380.6792035398229928 365.0914888079125262 349.7842269651223432 329.8017959396148058 303.7515616866215282 270.5104112441436541
131.2093023255814046 35.3081395348837219 -38.0029069767441854 -122.6453488372092977 -236.2674418604651123 -405.6715116279069662 -668.6424418604651692 -998.7616279069767415 -1404.5029069767442707 -1872.2209302325582030 -2450.1162790697676428 -3042.6598837209303383 -3566.2994186046512368 -4100.3197674418606766 -4636.6773255813950527 -5237.7529069767442707 -5839.1686046511631503 -6300.7994186046507821 -5308.5523255813950527 -2057.7936046511626955 873.6453488372093261 1061.2267441860465169 1099.9069767441860677 1174.3604651162791015
-919.8037954326149475 -956.3814731424895399 -938.8066902541009995 -900.9967835316822402 -883.7584432293341479 -878.2541009971051835 -870.2264393695721765 -847.6863943390158056 -790.7455773560629950 -692.7851399163718042 -538.0981022836924694 -305.6342875522676081 -23.9742682534577050 257.3489868124798932 458.1038919266645166 505.5249276294628658 365.3525249276294744 69.3062077838533241 -270.3062077838533241 -557.8137664844001620 -734.3978771309102740 -797.2100353811514424 -766.7851399163718042 -666.2084271469925625
-1918.4879083580822225 -2121.6096733135341310 -2255.2070428510819511 -2313.0199406024607924 -2311.5702163767500679 -2261.9092066185830845 -2175.8761137038609377 -2057.8680526092489345 -1928.0021213406873812 -1799.1005515485787782 -1677.4913025031819416 -1560.6448875689436591 -1445.4085702163768019 -1329.3495969452694681 -1238.5167585914298343 -1144.2817140432753149 -1046.7310140008485178 -925.2129826050063457 -789.9563003818412881 -657.3945693678405178 -548.0156979210861437 -479.4730589732711223 -446.1298260500636275 -431.7229529062367419
-841.0108397991784841 -823.6564354176175584 -666.5850068461890032 -435.9484253765403992 -200.4767229575536192 -13.3158375171154724 99.0578502966681924 149.5067320858055666 162.5248744865358219 154.6851894112277535 135.4086033774532041 112.3374030123231364 93.4395253308991300 69.5301232314011912 43.1112505705157432 15.7335691465084437 -12.9048379735280694 -37.3360337745321758 -53.2776129621177574 -60.4775216795983539 -61.6899817434961193 -63.3892058420812390 -71.1264262893655825 -72.2989502510269233
64.4317096466093631 -5.8137535816618913 -122.2440305635147979 -261.8734479465138634 -395.5678127984718344 -489.0969436485195843 -568.0176695319961482 -718.8113658070677729 -976.7148997134670481 -1270.1155682903533943 -1457.1905444126075508 -1489.2072588347659803 -1397.2674307545366901 -1241.8777459407831429 -1055.8276026743076272 -876.5100286532950804 -688.6886341929322271 -440.1322827125119375 -129.2325692454632247 279.4527220630372426 784.2817574021012206 1302.4541547277935933 1678.9522445081183832 1702.4923591212989322
994.3440594059405839 1166.8242574257426440 1314.1460396039603893 1441.9752475247523762 1551.6905940594058393 1607.3168316831684024 1565.7797029702969667 1417.3168316831684024 1138.1460396039603893 734.6683168316831143 228.0841584158415856 -426.4653465346534631 -1191.8217821782177452 -1939.0297029702969667 -2657.6683168316831143 -3265.7227722772277048 -3616.0717821782177452 -3709.9851485148515167 -3530.0866336633662286 -3075.0198019801978262 -2183.2202970297030333 -1423.8712871287127655 -886.4950495049505435 -401.5470297029702920
-561.3933601609658126 -561.8138832997988175 -516.4406438631790479 -362.6036217303823150 -83.1795774647887356 315.7057344064386371 878.1408450704225288 1570.5724346076458460 2144.4527162977865373 2289.2097585513079139 1889.1343058350100819 1194.3566398390341874 608.3566398390341874 311.5020120724345816 272.1775653923540972 346.5990945674044497 424.9381287726358210 463.2852112676056322 464.6242454728370035 409.0679074446679806 295.9185110663983664 170.3757545271629681 66.3993963782696142 -24.2082494969818924
-175.5694267515923457 -62.0000000000000000 24.1006369426751590 59.1261146496815257 55.2547770700636960 87.3375796178343933 97.6369426751592329 101.9528662420382119 103.2140127388534978 122.3719745222929873 145.4280254777069956 158.2140127388535120 172.0573248407643234 210.0458598726114587 344.0547770700637216 614.6585987261146329 1010.8012738853502697 1565.0267515923567316 2301.3184713375794672 3160.1566878980893307 3940.2853503184715009 4335.5439490445860429 4151.5579617834391684 3488.5477707006371020
-508.6487804878048564 -754.8390243902439352 -1116.5658536585365255 -1642.4878048780487916 -2311.0439024390243503 -3023.6487804878047427 -3783.4731707317073415 -4468.3024390243899688 -4960.2682926829265853 -5263.3804878048777027 -5262.4195121951215697 -4931.3365853658533524 -4111.4390243902435031 -2254.5804878048779756 -306.3951219512194939 1463.8195121951218880 2996.6292682926828093 3846.7121951219510265 4445.0731707317072505 5131.2731707317070686 5691.9853658536585499 5797.6000000000003638 5223.5365853658540800 4140.8390243902440488
-1627.3514344262296163 -1854.8586065573770156 -1674.0327868852459687 -1206.1890368852459687 -680.2494877049180104 -241.7049180327868783 64.0312500000000000 248.1531762295082046 323.6511270491803316 304.2023565573770725 186.7838114754098342 48.2167008196721341 6.9267418032786887 181.5476434426229559 575.4508196721311606 1061.3365778688523733 1432.0983606557376788 1504.6209016393443108 1242.0010245901639792 771.4707991803278446 271.6875000000000000 -118.9047131147541023 -316.3954918032786736 -351.6649590163934249
847.5499466761464191 1014.8581585495911668 1071.4440099537860078 1013.9377888375399834 836.2936366868112827 582.4969783149662135 303.7689299680056934 12.0792747955918944 -262.5044436544614541 -495.9783149662282540 -674.0565232847493462 -761.0394596516174488 -742.8823320298613453 -628.1290437255598818 -453.8062566654816692 -268.8947742623533372 -101.2651972982580872 39.7632420902950585 143.4276573053679442 239.4056167792392387 335.5520796302879489 416.4507643085673863 449.1421969427657359 412.4809811589050810
2181.0720173535792128 1995.5310195227766599 1187.6963123644252391 217.9735357917570582 -461.1253796095444955 -695.5054229934924024 -589.9470715835141164 -321.9813449023861267 -65.0819956616052053 63.3514099783080269 85.4416485900216855 59.7548806941431678 3.2559652928416485 -47.2221258134490256 -67.9097613882863271 -59.7770065075921906 -59.6637744034707183 -55.3097613882863328 -46.2642082429501116 -29.5678958785249471 -4.1127982646420822 5.3960954446854661 -4.8351409978308029 -19.2563991323210395
-187.4626206445280445 -189.5036806805169363 -218.4868313430394267 -263.0516931130377998 -301.8172746605594625 -315.6008506461639058 -301.7989530508751841 -249.9892033371503430 -133.1848519548503305 64.4662195321446063 325.8923605431048713 593.7551120562735605 772.0865368885980615 770.0209389824963182 572.9108457385898419 275.9730083428758576 -2.0721413381318503 -197.5709144446261973 -277.3697039097006609 -276.7413708490103090 -239.7814493701946787 -197.2787502044822645 -165.4667102895468815 -155.9882218223458210
-63.4278819141230557 -63.5007006356491530 -63.8675832470231413 -64.2536233355672408 -64.8428883789254229 -65.5353600996459562 -65.8134887593671891 -66.0170454160828086 -66.2932109421010978 -66.4096044624059942 -66.4265754147966163 -66.5391374396674848 -66.7875686250617662 -66.6187662043148379 -66.4195555194519471 -65.8330591715575792 -65.5501174495508536 -65.7269822573329776 -66.2192346486329200 -66.8617073847674419 -67.5634938364371180 -68.2978006133100450 -68.9511179707966875 -68.9431638945864904
-638.2753246753246685 -959.9402597402597621 -1359.1246753246753087 -1849.3636363636362603 -2401.8597402597401924 -2946.0311688311689977 -3451.5064935064933707 -3886.4987012987012349 -4332.3142857142856883 -4833.1090909090908099 -5338.4987012987012349 -5726.7220779220779150 -5297.7090909090911737 -2878.5974025974023789 -800.3662337662337904 -170.8103896103896204 -2.1064935064935066 86.2519480519480481 55.4051948051948031 48.4415584415584419 71.3194805194805213 120.1714285714285779 194.2181818181818187 259.3506493506493484
4576.4493670886076870 5361.2721518987345917 5352.4324894514766129 4473.2658227848105525 3108.4831223628693806 1769.8080168776371011 786.7383966244725571 194.9388185654008510 -111.0105485232067508 -215.9599156118143526 -275.5295358649789250 -289.1371308016877606 -270.3375527426160261 -265.5970464135020848 -289.6708860759493405 -305.3502109704641612 -313.2573839662447313 -314.2489451476793079 -339.9240506329114169 -383.5527426160337541 -461.4873417721519218 -581.1983122362869381 -737.3206751054851793 -901.9029535864979152
-40.7975177304964518 -44.9326241134751783 -45.9500000000000028 -43.5906028368794338 -50.8661347517730462 -69.1294326241134769 -93.0312056737588620 -109.9255319148936110 -105.9283687943262464 -88.5007092198581518 -66.7152482269503508 -65.4278368794326184 -141.7606382978723332 -322.9597517730496179 -574.9430851063830232 -812.9820921985815403 -931.8778368794326070 -875.0269503546098804 -647.5021276595745121 -322.4117021276595665 16.6244680851063826 289.0524822695035709 438.4033687943262407 431.7377659574468112
635.4465024630542302 660.0132019704433333 685.0575369458127852 698.6872906403940533 686.1402955665024592 644.7964532019703938 563.4015763546798325 437.3436453201970266 280.1231527093596014 114.3308374384236430 -49.8279802955665048 -200.6240394088669916 -333.7266995073891849 -452.5533004926108447 -571.2291625615763451 -692.1582266009852447 -821.3940886699507473 -939.8218719211822645 -1006.3893596059112951 -1010.0126108374383875 -965.4786206896551448 -906.9588177339901449 -857.5487684729064313 -819.8713300492611324
-1222.1799013010318049 -1412.1144010767159216 -1521.4804845222072345 -1450.6289816061014335 -1206.2507851054283492 -874.2759084791385931 -556.0883804396590904 -286.8052938537460932 -84.1251682368775278 76.9107222969941660 207.6298788694481914 305.1543292956482674 356.9681471511888731 371.9555854643338080 401.8214445939883603 491.9349484073575809 653.3369223867205164 874.5563032750112598 1112.9726334679228330 1310.7263346792283301 1419.3472409152086584 1404.1507402422610085 1279.9699416778823888 1077.3481381785554731
-56.1153360681603033 -14.5710003155569581 69.9337330388135001 209.2033764594509364 398.1317450299779352 609.5104133796149881 785.1633007257810277 859.1819185863048460 786.2120542757967314 581.5799936888608954 310.4278952350899203 51.1584095929315268 -145.6849163774061253 -267.1674029662353860 -323.7305143578415709 -341.3821394761754391 -343.1006626696118929 -343.7439255285578952 -340.2832123698327678 -310.2608078258125488 -265.6473650994004174 -213.7991479962133212 -177.0041022404544151 -164.5798359103818314
1642.1263310745400759 1745.5237173281702781 1701.8809293320425695 1492.4912875121005982 1187.0043562439495872 872.0566311713455434 621.1960309777347220 468.7666989351403686 409.6979670861568366 436.5735721200387047 526.1824782187802612 662.1999031945789511 818.5459825750242544 978.6219748305904886 1131.1098741529526706 1248.9070667957405476 1301.7197483059051137 1274.1151984511132014 1162.6447241045498231 1004.4293320425944103 848.2986447241045198 713.2362052274927464 612.5179090029041618 553.2516940948693218
-623.8246383165278530 -889.8882069267865518 -1114.5729943007452221 -1110.4239368697940336 -743.4375274002630931 -70.7163524769837721 689.2639193336256085 1164.7615081104779620 1061.2845243314336585 439.9754493643138744 -255.2687417799211005 -692.9061814993424377 -791.8996054362121413 -648.3906181499341983 -411.8145550197281750 -210.3055677334502320 -86.9351161771153045 -32.1003945637878090 -13.9894782989916706 -23.2564664620780377 -31.3064445418676023 -15.9167032003507227 -1.2091188075405523 0.0898728627794827
-725.7452571143285240 -791.0096105841238341 -849.6512730903644979 -899.0270843734398341 -932.5745132301548210 -939.0732651023464541 -906.9051422865701397 -849.3251372940588908 -781.9618072890664280 -721.3549675486769956 -671.4058911632550917 -618.0991013479780349 -551.5596605092360960 -464.5305791313030568 -363.3701947079380830 -252.5577883175237162 -141.9583125312032053 -41.7964303544682991 49.8545931103344984 123.8602096854717871 170.6210683974038886 188.6190713929106266 183.2124313529705546 168.1586370444333625
225.1211111111111052 295.0088888888888619 350.4277777777778056 414.9333333333333371 556.6022222222221671 780.1255555555555929 1126.0277777777778283 1630.0344444444444889 2294.0722222222220807 3009.9011111111112768 3581.2277777777776464 3677.8677777777779738 3197.9977777777776282 2415.3255555555556384 1622.1877777777776828 1001.0533333333332848 546.1944444444444571 248.5500000000000114 68.3877777777777709 -57.1444444444444457 -159.2577777777777897 -243.3244444444444525 -289.1388888888889142 -306.9755555555555588
-319.8822809593734746 -347.6460678740414210 -367.1088268885625894 -376.6501468428781436 -375.8977810409528502 -362.8213411649534805 -342.2013786914668003 -318.2682329906999712 -289.8745309185837868 -259.7204682656224577 -228.6826970141948152 -197.9509300048947580 -169.0059145048131768 -142.0050987110458607 -117.5876978299885849 -96.9325338554413491 -79.7289117311143798 -64.2642763909283730 -51.5823543808125322 -40.1629140153369235 -29.2664382444118125 -20.2274433023331710 -12.8053516071137210 -8.7013786914667968
157.2569659442724515 204.1919504643962853 218.1640866873065079 220.4210526315789593 212.4551083591331349 183.0727554179566425 167.5588235294117680 187.1547987616098965 306.4148606811145328 571.4303405572754855 987.3684210526315610 1589.6609907120744083 2368.2337461300307950 3176.5959752321982705 3817.8111455108360133 3884.4566563467492415 3291.6346749226004249 2322.9287925696594357 1347.9380804953559618 613.5123839009287394 172.6300309597523324 -34.6083591331269318 -113.7631578947368354 -129.4767801857585141
-99.4822650902302428 36.9215930304916000 127.5513378967019236 178.6608587429993804 196.6509023024268856 161.3565650280024784 106.4872433105164902 82.0815183571873064 183.2289981331673800 487.8954573739887906 1028.0528935905413164 1719.5276913503423657 2355.7069072806471013 2602.4013690105784917 2186.0379589296826452 1311.5345364032357338 416.4816428126944743 -199.7678904791536922 -485.9962663347853322 -552.8842563783447304 -497.6372121966397231 -419.2439327940261364 -386.2240199128811469 -391.5606720597386357
-1304.1666666666667425 -1479.1188850967007511 -1488.7337883959044120 -1382.0824800910124850 -1218.5290102389078584 -1031.9772468714447768 -848.8657565415244335 -670.6786120591581266 -489.0216154721273938 -257.3469852104664142 59.6222980659840758 504.9032992036405290 1092.5352673492604936 1698.5494880546075365 2035.7150170648465064 1904.4778156996587768 1375.3532423208191631 768.7923777019340150 365.3202502844141009 239.1365187713310547 296.9852104664391277 389.1217292377701824 428.9601820250284163 405.6467576791808938
-224.1520815632965196 -202.7858963466440230 -143.7136788445199613 -79.0781648258283809 -29.7179269328802036 2.1988105352591334 28.2999150382327969 98.6015293118096849 256.6754460492778094 555.7102803738317789 1000.0637213254035487 1400.0535259133389445 1333.0824129141885805 488.8632115548003298 -858.0560747663550956 -2052.0722175021242037 -2632.2531860662702456 -2418.3882752761255688 -1591.9821580288869427 -633.6168224299065059 89.6881903143585362 438.7221750212404459 493.1673746813933690 416.5717926932880459
784.5849624060150518 840.5433583959900261 932.5012531328320620 1056.6155388471177048 1196.0045112781954231 1341.9062656641604008 1481.7513784461152682 1601.4521303258145508 1700.6310776942355005 1773.6591478696741433 1807.3533834586467037 1800.1398496240601617 1772.0175438596490949 1743.1208020050125924 1733.4691729323308209 1755.1268170426064898 1809.3182957393482866 1891.3107769423559148 1982.3894736842105431 2052.3448621553884550 2070.9744360902254812 2012.2666666666666515 1880.1077694235589206 1701.6155388471177048
-466.5898459783228986 -301.8993154592128008 115.1046776953793511 684.0396463205933060 1198.6026811180831828 1361.9107244723331860 1036.8981745579008020 406.5034227039361099 -185.7150598973188949 -502.0459212778094411 -512.7963491158014904 -324.9184255561893906 -75.3357102110667398 111.5852823730747332 189.8465487735310830 163.2070735881346195 80.2512835139760341 -7.0681688533941811 -61.0964061608670832 -71.0427837992013735 -64.3262977752424376 -63.5764403879064446 -120.9885909868796290 -233.2949229891614493
-2370.8584905660377444 -2899.4033018867926330 -3510.5306603773583447 -4229.6084905660372897 -5085.9622641509431560 -5740.1438679245284220 -6018.5424528301882674 -4372.8773584905657117 -1106.2476415094340609 340.7287735849056389 180.8632075471698215 198.6863207547169736 241.6014150943396146 196.5660377358490507 168.7028301886792576 202.6981132075471805 272.6650943396226694 315.8231132075471805 363.0023584905660528 438.3584905660377444 535.9693396226415416 663.8915094339622556 776.8797169811321055 866.6108490566037972
-527.3852080123266433 -565.0720338983051079 -612.4807395993836963 -682.7037750385208028 -773.5466101694914869 -877.5997688751925807 -979.7515408320492725 -1073.9784283513097307 -1166.7542372881355277 -1263.4094761171031678 -1353.7523112480739655 -1437.4021571648690951 -1515.5042372881355277 -1589.1976117103235993 -1666.8436055469953772 -1766.8258859784284596 -1897.7295839753467135 -2042.8312788906009700 -2179.2214946070876067 -2279.1074730354389430 -2318.6764252696457334 -2280.9818952234204517 -2164.5381355932204315 -1946.1086286594761532
-456.1182682154171175 -558.4561774023230782 -676.4825765575501464 -781.6161562829989862 -863.9413938753959883 -871.3442449841604684 -707.3162618796199013 -389.2038014783527160 -145.7338965153114998 -343.9709609292502819 -1102.9714889123547437 -2010.7861668426610322 -2575.3199577613518159 -2582.8099260823655641 -2094.5665258711719616 -1422.0728616684266399 -838.6826821541710615 -449.5881731784583053 -264.3785638859556570 -221.7043294614572346 -208.2560718057022200 -188.7085533262935542 -167.6737064413938754 -143.8812038014783639
350.7165605095541423 347.4777070063694282 247.1656050955413946 -10.3407643312101918 -320.7770700636942820 -768.8853503184712963 -1468.7452229299362898 -2644.3184713375794672 -4119.3057324840765432 -5341.4649681528662768 -5755.4522292993633528 -3940.7388535031846004 -985.3280254777070013 457.8917197452229289 619.7770700636942820 1043.4713375796177388 1149.7802547770700130 1106.4267515923565952 965.0477707006369883 755.8025477707005848 569.8726114649681449 406.1751592356687866 280.2101910828025666 271.0891719745222872
-5.5719643694327239 7.6240037505860290 -2.4678856071261133 -10.6300984528832636 17.1823722456633838 124.3553680262540979 338.5607126113455365 674.1790904828880002 1088.0276605719643612 1486.5105485232068077 1755.6333802156586898 1770.8270042194092184 1484.1012658227848533 957.8673230192217716 392.4181903422409619 -75.4472573839662459 -390.2198781059540806 -586.5925925925926094 -725.6193155180496888 -851.8434130332864243 -964.3928738865447485 -1033.5316455696201956 -1011.3037974683544462 -898.6272855133614712
-2792.5661116552400927 -3547.1714005876592637 -3718.6405484818806144 -3170.3849167482858320 -2073.6356513222331159 -811.6611165523995624 -196.7639569049950978 272.0528893241919945 512.5210577864838797 585.9187071498530486 514.2066601371204797 340.3800195886386177 133.1126346718903051 -3.7992164544564151 -21.4573947110675824 49.0156709108716910 113.1253672869735567 89.9010773751224264 -12.2399608227228214 -156.3437806072477940 -272.6111655239960783 -340.9676787463271239 -347.9314397649363286 -301.6650342801175384
-1135.7947050627033150 -1275.9549465861589397 -1393.6850905712958593 -1485.9558755225266395 -1558.4858337203902465 -1614.4347422201578865 -1666.8927078495123624 -1687.7840222944728339 -1675.3539247561541288 -1628.8132837900602681 -1538.4463539247560675 -1404.6799814212727142 -1223.1569902461681068 -980.2382721783558281 -698.0887134231305708 -390.8067812354853459 -81.0961449140733919 219.5973060845332157 479.0710636321412039 677.4105898745935974 791.5225267069205302 796.6307477937760950 703.7111007895958892 566.6665118439386788
3092.1339285714284415 3082.0111607142857792 2902.4151785714284415 2580.2008928571426623 2214.4241071428573377 1848.0044642857142208 1480.8035714285713311 1142.0558035714286689 856.5044642857143344 614.7410714285714448 397.1941964285714448 217.1116071428571388 40.8816964285714306 -192.2522321428571388 -426.1138392857142776 -733.6093750000000000 -1095.2678571428571104 -1565.0200892857142208 -2116.6383928571426623 -2739.1316964285715585 -3421.2968750000000000 -4075.4910714285715585 -4634.7633928571431170 -5217.2633928571431170
-90.0735621934908579 -99.0178332590280803 -105.8482315351463825 -109.4264006538861622 -111.8149799375835869 -116.0043468568880911 -123.0408307326497237 -133.1550378956754344 -146.0900579580918475 -160.5813642443156368 -175.6289939069698391 -191.5072076088571862 -208.0821444493981289 -225.3883563679595738 -242.5420939218308831 -259.8643929261405674 -278.5989374349829291 -297.1936766235696155 -310.8839352058255372 -317.9512557586565435 -317.0290161985436157 -309.1790384901174207 -296.5540570664288680 -279.6596819735473218
-4747.8135593220340525 -5122.1186440677965948 -5249.2033898305080584 -5027.6836158192090807 -4437.5875706214692400 -2728.3841807909602721 -542.7401129943502838 1502.3559322033897843 3114.2542372881357551 3678.4011299435028377 4343.3276836158192964 5157.0564971751409757 5864.3276836158192964 5982.2146892655364354 5360.5254237288136210 4198.7344632768363226 2796.7457627118642449 1545.9209039548022702 694.4124293785311011 174.5536723163841941 -156.0677966101694949 -440.0677966101694665 -655.3728813559322361 -719.6723163841808173
251.4277996070726999 291.2647347740668238 314.8472495088408891 315.6598722986247481 279.2013752455795839 198.0358546168958753 75.6149312377210236 -76.1949901768172850 -237.8646856581532347 -394.2438605108055185 -564.2362475442042751 -778.3266208251473017 -1042.8339882121806568 -1306.5719548133595254 -1479.8528978388997075 -1506.6080550098231470 -1385.6090373280942458 -1180.4997544204322821 -948.8619842829076561 -730.9778978388998212 -553.9329567779960826 -406.0162082514734720 -286.7593320235756664 -194.5353634577603259
75.1488429412570156 109.2240175270436850 164.8997672189511263 242.5697658496508211 337.2928933315076279 438.9585102012871403 538.7049157880322809 629.1398055593591607 705.6930028755306239 758.9446802683828537 778.9505682596193310 768.2308640284813919 724.2197726961522903 648.6553471176229095 547.0701081747226908 436.0143776530193236 323.6616458989456646 213.6658907298370593 105.7190195809941144 4.0110913323291797 -82.4745994796658977 -152.6111187183349216 -201.4043543749144192 -215.7826920443653194
348.1190998902305296 672.8249176728869543 1202.3765093304061793 1854.0384193194292948 2411.2843029637760992 2585.6399560922063756 2234.9143798024147145 1525.7003293084521829 754.5499451152579695 154.1465422612513692 -227.8133918770581658 -435.7085620197585172 -525.7519209659714079 -558.5960482985730096 -581.4983534577387445 -624.2886937431394472 -652.0768386388583622 -634.8655323819978094 -563.0071350164654405 -439.2530186608123017 -270.3644346871569724 -160.8688254665203203 -227.3046103183314983 -437.3419319429198708
1869.3795542978423327 2101.8917580473998896 2161.1156703218957773 1996.6172621153166347 1647.7039264237707812 1230.8563848602759663 857.8394057304562921 576.9338521400778745 395.9041386628935015 284.9469402193137739 238.3077467279802022 215.6505129112132977 191.0014149274849728 156.9066147859922182 107.2171913689423377 41.7584011319419872 -11.1379554297842240 -55.4407499115670319 -77.6819950477538015 -73.6865935620799490 -67.2430137955429785 -75.7325787053413535 -106.2377078174743588 -151.4039617969579012
-99.3852665973563063 -77.0016337442447707 -53.5312639239566295 -33.5317094905688435 -12.2417941482251589 5.7244913114510618 21.8373681865438876 37.7345908213277852 64.6647853854151151 102.8837071142135784 160.5817614733402650 241.7056289915342404 345.3236298826674329 468.0496064161592358 602.9588593494727320 740.0473785830981797 862.8541511956037766 966.9456408733105945 1045.5242833803654321 1097.8979652458042438 1124.4139313827417936 1130.3439774246248817 1103.9405911183721400 1031.1794148225160370
121.8630136986301409 188.7876712328767042 235.2168949771689483 223.8515981735159812 213.8310502283104881 207.5251141552511456 256.0342465753424790 315.1621004566209763 314.4748858447488828 172.6324200913242066 -187.1210045662100470 -914.4041095890411270 -1997.5205479452054078 -3284.8173515981734454 -4375.7899543378998715 -4756.7762557077621750 -3978.4589041095891844 -2001.2808219178082254 -161.3835616438356055 754.9543378995433613 1037.3995433789955314 1314.3858447488585171 1305.2602739726028176 1032.2031963470319624
-5.6352167732764746 -5.2297441364605541 -28.7702558635394468 -61.0129708599857850 -91.8773987206823080 -117.0854655294953801 -134.6252665245202422 -153.5142146410803150 -183.8763326226012680 -214.9813432835820777 -233.6798152096659464 -207.3148542999289248 -109.5762260127931711 64.5572139303482544 307.4921819474058111 572.8665600568585887 780.6744847192608177 841.7055792466239836 701.0415778251599477 400.4884506041222494 69.4381663113006340 -201.4241293532338375 -358.8914356787491329 -383.5987917555081594
602.0149642160051826 -78.9986987638256295 -1310.9069616135327578 -2408.4294079375408728 -2873.0761223162003262 -2508.0000000000000000 -1559.7306441119062583 -548.5120364346129236 147.5764476252439863 510.9180221210149853 610.4105400130123371 555.8366948601170634 406.0305790500975718 181.4729993493819222 -42.6486662329212720 -147.6389069616135430 -48.9512036434612909 219.2992843201041069 499.0435914118412484 634.6310995445672916 575.9303838646713984 379.8061158100194916 123.2459336369551011 -63.7358490566037759
-97.6312824956672500 -18.4354419410745223 12.1282495667244365 -6.3292894280762564 11.8713171577123049 22.6083188908145587 47.8509532062391685 86.0246967071057185 138.8604852686308391 205.4566724436741652 283.6122183708839088 390.9241767764298174 522.3297227036395043 701.4046793760832088 915.3461871750433829 1142.7803292894279821 1410.7829289428075299 1706.3136915077989215 1987.1806759098785733 2220.3864818024262604 2348.6096187175044179 2317.1039861351819127 2133.6252166377817048 1858.9146447140381042
-2365.5810055865922550 -3126.8659217877093397 -3869.8659217877093397 -4550.1564245810059219 -5066.0837988826815490 -5326.9217877094970390 -5283.0446927374305233 -4891.4636871508382683 -4051.4972067039107060 -2078.9720670391061503 66.7094972067039151 1917.1396648044692483 3295.9888268156423692 3877.7541899441339410 4570.7039106145248297 5367.1005586592182226 5960.7206703910615033 5961.4078212290505689 5238.4525139664801827 4008.3966480446929381 2634.5865921787708430 1449.4357541899441912 672.1284916201117312 200.3519553072625570
294.7597173144876592 297.1896348645465196 341.5341578327444267 486.3563015312132052 764.5288574793875114 1197.1507656065959964 1740.8056537102472703 2233.9522968197879891 2452.1902237926974522 2227.7974087161364878 1604.0659599528858053 830.3362779740871247 149.0041224970553628 -336.0777385159010464 -625.3692579505300273 -771.0394581861013421 -838.8415783274440400 -860.2720848056536624 -868.0276796230859873 -843.1319199057714968 -769.0023557126030482 -656.8197879858656734 -501.3922261484099181 -346.4157832744405141
