103.2165898617511459 80.5167434715821884 63.2485407066052261 76.0752688172043037 87.2402457757296474 9.7769585253456217 -259.6583717357910928 -1007.0740399385560977 -1841.9324116743471222 -1866.0878648233485819 -1204.3317972350230320 -480.7883256528417633 12.3935483870967733 174.0055299539170619 125.3717357910906287 43.7059907834101367 1.7314900153609831 3.1585253456221198 17.7238095238095248 20.3256528417818743 -10.4820276497695861 -43.4304147465437822 -19.3625192012288778 22.7987711213517663
360.1342857142857383 272.9271428571428828 149.5957142857142799 75.7650000000000006 41.3371428571428581 12.2157142857142862 7.0035714285714290 9.1121428571428567 14.2792857142857148 28.3685714285714283 46.2857142857142847 48.4992857142857119 32.7678571428571459 21.2021428571428565 58.3100000000000023 171.1264285714285620 522.7185714285714084 1267.4214285714285779 2460.5714285714284415 3994.8949999999999818 4882.5242857142857247 4905.4742857142855428 4228.4942857142859793 2383.6107142857144936
20.8010614345448701 5.5390800900611126 18.9546477967192040 20.1823737536185277 -10.4160501769057579 -35.4514313284014122 -42.2624638147314258 -27.5664200707623017 0.2619813444837568 2.9146027661627532 -4.9123512383403023 -2.5680283049211967 5.2799935670633644 15.3523641042135743 23.1761016403988407 20.6037311032486343 2.3185911868768092 -46.7376970086844636 -159.4676744934062356 -369.9565776777099018 -760.2479897073013717 -1282.6309102605339376 -1657.8977163074944201 -1641.9404953361208754
1373.6220379146918731 2238.4573459715638819 1678.6783175355449202 1166.3447867298577876 797.3690758293838599 443.2328199052132618 246.7648104265402935 127.1208530805687218 87.6646919431279628 63.1244075829383888 50.8021327014218045 63.6581753554502399 85.8957345971563910 111.1635071090047404 124.5456161137440745 125.1723933649289080 141.5124407582938488 224.2186018957345937 405.7529620853080701 752.8554502369668171 1392.6072274881516933 2338.4354265402844248 3281.1937203791467255 3455.1255924170613980
-44.8815489749430512 -50.6492027334851969 -50.7642369020501150 -47.4635535307517102 -44.0341685649202716 -40.2482915717539882 -37.2790432801822291 -47.1093394077448764 -57.5000000000000000 -57.5968109339407732 -33.0945330296127551 152.3371298405467087 667.9088838268792188 1666.4692482915718301 3022.4430523917994833 4140.5876993166284592 4578.1890660592252971 4374.5022779043283663 3794.8132118451026145 3174.1890660592252971 2723.4624145785878682 2486.5945330296126485 2353.9487471526194895 2177.3656036446468534
171.7036577805331774 192.1394916305021638 250.6769993800371878 462.9727216367018059 987.3403595784252502 1859.6881587104774098 2634.4451332920025379 2848.2870427774332711 2253.0223186608805008 848.0737755734655821 -726.4004959702417636 -1866.5164290142590744 -2502.4984500929945170 -2774.8102913825168798 -2841.1128332300063448 -2712.8896466212027008 -2319.4860508369497438 -1499.8536887786733587 -372.1537507749534939 288.9938003719776702 320.8939863608183600 309.4054556726596275 322.8797272163670300 279.0111593304401936
-712.5297085201793834 -942.2785874439462077 -1213.5980941704035558 -1552.4394618834080575 -1817.5044843049327028 -1749.1670403587443161 -1142.9063901345291470 85.7354260089686164 1380.0442825112106675 1829.8542600896860222 1536.3172645739909967 1166.2741031390135049 872.2382286995515415 628.0184977578475127 437.4730941704036127 249.2258968609865519 108.3604260089686164 129.5168161434977492 219.0773542600896917 190.7068385650224229 -37.6093049327354265 -248.1547085201793834 -146.8738789237668243 16.0039237668161434
2782.1660899653979868 3391.5346020761244290 3174.7344290657438250 1734.1842560553632211 -287.4991349480968665 -1565.9731833910034311 -2194.2491349480969802 -2648.6245674740484901 -2871.0475778546710899 -2982.0787197231834398 -3068.1461937716262582 -3221.3140138408302846 -3449.8166089965397987 -3595.3088235294117112 -3379.5640138408302846 -2495.3494809688581881 -1199.6669550173010066 -105.0190311418685098 465.8131487889273217 599.4160899653978731 549.4247404844290941 429.8538062283736849 311.4653979238754573 219.0233564013840919
1310.6206810215323912 991.9206309464195783 519.3478968452678828 185.4695793690535766 -0.6235603405107661 -1.5364296444667001 16.1969203805708553 16.0654732098147228 12.0855032548823242 -9.9325237856785176 -24.6439659489233840 -26.5767401101652467 -19.8844516775162745 -13.6459689534301454 -10.0714822233350016 -6.4836004006009009 -2.6672508763144718 2.4738357536304458 5.6233099649474214 5.2212068102153228 4.0520781171757640 9.8724336504757133 20.0466950425638473 44.7060590886329479
147.8384991843393266 192.3572593800978723 290.0146818923328169 542.7112561174551502 982.7977161500815555 1774.1941272430669869 2825.6867862969006637 3511.4159869494292252 3422.1663947797715082 2042.4526916802610685 -60.6329526916802592 -1368.5628058727568259 -2066.3866231647634777 -2628.4143556280587291 -2880.7300163132135822 -3003.2699836867864178 -3084.2300163132135822 -3220.9388254486134429 -3436.0815660685157127 -3543.1011419249593928 -3287.3939641109300283 -2366.1892332789561806 -1079.5016313213702688 -113.9755301794453572
1876.6513944223106591 2097.0135458167328579 2113.2486055776894318 2043.1828685258963105 1953.8071713147410264 1870.5956175298804283 1761.5541832669323412 1541.9135458167331763 1189.1613545816733222 754.0601593625498253 344.8764940239043995 66.6956175298804794 -78.6254980079681332 -131.4151394422310659 -125.4474103585657332 -97.7717131474103525 -76.3239043824701184 -61.9462151394422307 -49.2501992031872504 -46.7633466135458136 -42.0175298804780866 -35.3227091633466159 -29.5250996015936238 -17.7175298804780894
3709.7711069418387524 3699.9099437148215657 2228.5265791119450114 326.5722326454034032 -814.1413383364603078 -1806.6110068792995662 -2673.5966228893057632 -3115.8767979987492254 -3327.7448405253285273 -3606.0737961225768231 -3882.7129455909944227 -4070.3858661663539351 -3495.8486554096311920 -572.6966854283926978 1848.8248905565978930 1434.7054409005629623 1002.1113195747342388 963.7692307692307168 607.7667292057535633 408.8136335209505887 249.4071294559099385 161.5159474671669670 117.4771732332707899 79.4727954971857429
19.5762155059132716 100.5065703022338965 135.7568988173455864 149.6130091984231285 197.4270696452036873 216.4954007884362568 249.3837056504599161 467.7812089356110619 1052.6399474375821228 1991.1077529566359772 2779.9126149802891632 2935.7963206307490509 2244.6517739816031280 853.3107752956635750 -630.5735873850196640 -1809.7293035479631271 -2562.3850197109068176 -2949.1990801576871490 -3127.1005256241787720 -3043.2726675427070404 -2520.3561103810775421 -1482.5065703022339676 -195.9513797634691059 622.9638633377135193
90.8990000000000009 98.2780000000000058 102.8670000000000044 114.0109999999999957 117.7600000000000051 108.5919999999999987 85.9000000000000057 77.2540000000000049 111.6539999999999964 145.3280000000000030 165.2239999999999895 206.4010000000000105 160.4629999999999939 -165.8679999999999950 -1007.2709999999999582 -2577.2310000000002219 -4248.7790000000004511 -5168.9669999999996435 -5304.6739999999999782 -4616.3450000000002547 -3210.9239999999999782 -1786.6920000000000073 -950.9980000000000473 -765.3170000000000073
54.7574015521701654 34.9649324518539828 28.9951135383730971 21.1480310434032752 -0.6754814601897097 -26.8841621155504455 -47.2305260132221889 -65.8582926128197812 -142.5705662546708936 -336.7505030181086454 -751.3549870652486788 -1475.0094854843346184 -2033.6309284277090228 -1875.1750503018108702 -1139.6933026731819609 -241.2788157516527860 371.7763725208393453 511.0695602184536028 414.2549583213566962 295.0615119287151629 236.6481747628628796 227.2923253808565676 196.2607070997412961 112.3141707387180190
-2083.2213550904575641 -2369.5540971975879074 -2436.5274920184460825 -2441.6810925860236239 -2433.4462575381339775 -2440.9741042923023997 -2331.0709471443774419 -1906.3224547711954528 -1180.5466477474280964 -394.5026605179141370 148.0287335934728503 388.8517204682511306 453.7598439162823638 410.4820858460446971 324.0028378857750795 237.6097907059240981 158.4466122738559761 101.8446257538134034 63.0936502305782199 43.1979425328130517 42.3316778999645251 41.3231642426392369 43.8793898545583545 52.8644909542390948
2783.1828817733990036 2922.5104679802957435 2175.8793103448274451 501.0825123152709466 -1212.3263546798029893 -2202.1311576354678436 -2595.0677339901476444 -2676.5794334975371385 -2596.2887931034483699 -2356.1194581280788043 -1857.9193349753695657 -1151.0818965517241850 -502.1274630541872170 -106.9353448275862064 125.9322660098522135 264.2906403940886548 292.5868226600985054 273.6736453201970676 226.0320197044335089 149.7241379310344769 93.0400246305418790 64.3719211822660071 46.3226600985221708 37.2592364532019715
255.7601476014760067 484.1949569495694732 1033.1771217712177986 1884.7736777367774721 2588.6334563345635615 2771.2263222632227553 2241.9421894218939997 936.1162361623615880 -617.7699876998769923 -1808.1445264452645461 -2500.9206642066419590 -2823.4514145141451991 -2920.0375153751538164 -2766.1537515375152907 -2282.0854858548586890 -1366.4397293972940588 -271.5123001230012392 280.6543665436654464 304.6137761377613629 311.5922509225092085 308.1014760147601237 263.7847478474784566 226.4643296432964235 179.4526445264452548
-2445.2976764576937967 -3003.0578693555457903 -3351.1635247698377498 -3726.3941253836037504 -4036.5234546251645043 -4213.7277509864097738 -3652.1591407277510370 -883.8658483121438394 1529.5076720736519746 1308.3511617711531017 884.3393248575185908 820.4980271810609338 514.4103463393248603 330.8588338448049058 198.2529592284085993 149.6001753616834833 119.6663743971942182 72.8426128890837390 69.5751863217886921 70.6843489697501042 55.9241560718982882 43.0767207365190714 39.7803594914511152 52.9053046909250355
1.4794238683127572 -0.0936213991769547 26.9958847736625529 40.4259259259259238 34.7170781893004090 30.2757201646090550 4.0545267489711936 -41.9074074074074048 -76.3384773662551481 -12.2695473251028808 275.7500000000000000 1003.6903292181069673 2346.3137860082306361 3782.6080246913579685 4572.3240740740739056 4433.2006172839510327 3350.5596707818931463 1963.8302469135801402 945.1831275720164740 372.7664609053497884 193.9331275720164740 192.9310699588477291 232.7901234567901270 259.6676954732510012
2500.6837481698389638 3526.0409956076136950 4310.0819912152273901 4378.8726207906292984 3462.2035139092240570 1754.6134699853587335 297.5431918008785033 -288.0153733528550788 -356.7562225475841728 -270.3323572474377556 -153.2576866764275394 -71.8462664714494821 -56.1742313323572446 -83.9926793557833093 -98.5834553440702734 -86.5592972181551943 -59.1090775988286978 -37.9890190336749640 -30.6412884333821367 -39.4677891654465611 -44.5944363103953165 -18.1896046852122986 6.9385065885797950 18.6207906295754029
44.1328839672604687 50.2084737602311009 75.3413577274915696 104.3856523832450591 108.2344727973038090 130.5739046701974075 162.2296581608088673 281.6673086181993426 590.1627347135291757 1135.6624939817043014 2251.6201251805487118 3457.1675493500242737 4069.5883485796821333 3505.7924891670677425 1325.7688974482425692 -504.3803562831006388 -1268.6605681271064441 -2222.6311988444872441 -2942.8025999037072324 -3242.9768897448243479 -3496.3899855560903234 -3680.0409244102070261 -3908.6846413095809112 -3899.4776119402986296
120.1014285714285705 127.5161904761904736 139.1957142857142742 145.4033333333333360 124.3042857142857116 121.8833333333333400 201.1633333333333269 534.6571428571428442 1314.5595238095238528 2209.0447619047617991 2493.5004761904760926 1541.4595238095237164 -140.0880952380952351 -975.0871428571429078 -759.1966666666667152 -419.3557142857142708 -219.6828571428571308 -118.0671428571428550 -91.7747619047619025 -96.5499999999999972 -100.9523809523809490 -95.1485714285714295 -79.5395238095238142 -35.1371428571428552
345.9891891891891760 407.2500000000000000 262.8675675675675620 -422.6445945945945937 -1860.8405405405405872 -3605.0040540540539951 -4707.9216216216218527 -4777.4864864864866831 -4095.7675675675677667 -3135.1756756756758477 -2373.9554054054055996 -2039.7459459459460049 -2130.4351351351351695 -2488.1337837837836560 -2908.4162162162160712 -3271.6945945945944914 -3404.2162162162162531 -3148.9351351351351695 -2485.6135135135136807 -1524.5783783783783747 -561.2689189189188710 142.2121621621621728 496.7040540540540405 522.0148648648648759
593.9671794871794646 286.5497435897435707 219.7948717948717956 -83.0779487179487148 -733.0953846153846598 -1697.3169230769231035 -2882.2646153846153538 -4007.8543589743590019 -4784.3282051282048997 -5018.1323076923081317 -4462.1969230769227579 -2835.2912820512819962 -893.9087179487179355 47.1876923076923092 141.8492307692307577 169.9528205128205229 214.8092307692307656 206.8615384615384585 187.4912820512820417 187.0728205128204991 155.1661538461538328 102.9374358974359041 85.9384615384615387 81.2153846153846217
58.8058583106267037 23.7561307901907348 8.2138964577656672 8.3767029972752045 38.8896457765667591 82.7343324250681178 85.7888283378746621 75.6900544959128041 107.1948228882833831 145.1955040871934557 273.2520435967302319 629.6123978201634372 1350.6764305177111964 2830.1873297002725849 4275.6852861035422393 4827.0326975476837106 4244.5095367847407033 1801.3603542234332053 -670.1600817438692275 -1736.7970027247956750 -2649.8324250681198464 -3292.9686648501360651 -3377.3167574931881063 -3263.6416893732971403
580.3110859728507194 767.1346153846153584 928.9705882352941444 880.8563348416289500 701.0090497737556916 394.5735294117646959 -252.0237556561085910 -1208.7160633484163554 -2329.1934389140269559 -3441.4457013574660778 -4343.9366515837100451 -4897.3359728506784450 -4837.7760180995474002 -3859.0757918552035335 -1959.1368778280543665 -249.0588235294117680 199.5169683257918507 109.5395927601809944 145.8416289592760222 158.1798642533936743 170.1233031674208007 190.4988687782805528 196.9242081447963812 149.0282805429864368
4106.4137931034483699 4681.1332288401254118 3930.9710031347963195 1905.1394984326018402 43.2327586206896584 -467.2515673981191071 -377.5235109717868340 -256.4286833855799159 -97.7021943573667642 -32.2257053291536053 -6.1904388714733543 -18.0666144200626952 -48.2084639498432637 -49.8166144200626988 -37.0548589341692818 -11.7672413793103452 -2.6857366771159876 -11.8322884012539191 -20.3573667711598745 -14.5062695924764888 13.7672413793103452 30.7562695924764888 26.2178683385579951 41.3793103448275872
-3.0833809808985202 -2.0713656650290355 -1.8840958298670294 -1.7003785610344986 -1.6219673792574567 -1.9335174200401595 -2.5105506613301394 -3.1612041330085168 -3.3181267596855530 -3.6165965276441687 -3.9890415116427165 -3.8617344436345111 -3.3991745906148298 -2.6942110240658592 -2.2627246097190192 -2.3754420384305841 -2.6157998422888173 -2.7284413962046341 -2.3937224445775263 -1.7983004045752502 -2.2592723065124964 -3.4327844153169536 -5.1702305238883666 -6.7206561001980871
140.4034991798797023 169.1673045379989162 200.4729360306178307 240.8660470202296437 293.6839803171131962 355.2104975396391637 409.2744669218151898 436.7774740295243419 422.6254784034991872 364.8474576271186720 213.3236741388737130 -82.9781301257517754 -533.9081465281574310 -1056.6735921268452785 -1455.4904319300164843 -1675.6889010388190400 -1819.3767085839256197 -1963.9825041006013180 -2111.1607435757246094 -2266.6697648988520086 -2415.3635866593767787 -2465.2897758337890082 -2323.5691634773102123 -1913.3378895571349858
-230.2161908339594163 -779.8715251690458672 -1286.2297145003756214 -1321.4357625845229904 -978.4804658151765580 -545.5257325319308848 -207.9325694966190952 -44.1758076634109713 -25.7007888805409479 -41.1827573253193080 -33.2293388429752099 -16.3074755822689710 -0.0563486100676183 4.4367017280240422 -2.5873403456048085 -9.5672426746806920 1.2791134485349362 13.1887678437265219 -2.1297896318557474 -27.2839969947407965 -45.8936889556724239 -38.6790007513148026 -6.6517655897821184 15.6664162283996991
37.2294141745186380 31.1466612044244151 23.6624334289225722 16.9578041786153229 9.3902089307660788 4.9789020893076605 7.2912740680049160 16.1233101188037686 23.9746005735354366 29.3435067595247858 36.6794346579270822 53.0272429332240876 74.7918885702580951 94.8531339614911957 119.5772224498156504 151.6820975010241739 247.8818107333060254 477.5962720196640703 858.6526013928718157 1341.5239655878738176 1659.7261368291683539 1585.2287996722654952 1097.4444899631298540 414.8197460057353396
-3824.8767967145790863 -4676.2258726899381145 -4339.9260780287477246 -3472.9219712525668911 -2582.2628336755647069 -2040.7669404517453131 -1980.4589322381930288 -2271.5359342915812704 -2739.2546201232034946 -3178.0903490759751548 -3428.9435318275154714 -3402.9661190965093738 -3021.3655030800823624 -2207.4065708418893337 -1138.5369609856263651 -251.6827515400410675 238.5667351129363567 464.0133470225872543 518.0882956878849654 468.7402464065708614 391.6745379876796846 296.4712525667351315 220.7135523613962960 160.7289527720739102
-1768.4471713810316942 -1959.2088186356072583 -1896.6010815307820394 -1315.1173044925124032 10.6476705490848591 1276.5836106489184658 1629.3011647254575109 1408.5095673876871842 1028.9504991680532839 683.7915973377703267 474.9875207986688679 320.4871048252911692 183.1301996672212908 80.8186356073211272 77.5702995008319505 148.0694675540765388 170.4213810316139757 50.7333610648918452 -103.3336106489184658 -101.8872712146422685 -5.0499168053244592 57.1339434276206291 91.5574043261231338 157.0187188019966698
416.8470428280081705 428.5438477226376790 384.0978925900747640 273.4704282800815918 127.6512576478585999 -80.2923181509177368 -378.3018354860639079 -719.1284840244730958 -1025.2202583276682617 -1280.6519374575118491 -1532.4520734194425131 -1792.0686607749830728 -2049.7586675730794923 -2291.5778382053026689 -2508.6023113528212889 -2667.9993201903466797 -2641.4038069340585935 -2276.6600951733512375 -1584.7695445275323891 -829.4248810333107258 -280.7940176750510091 21.4072059823249496 143.2277362338545288 150.3501019714479980
1324.2054890921885999 565.7163969035890432 -684.7346938775509670 -2078.1921182266009964 -3258.7825475017593817 -3972.4173117522873326 -4239.6319493314567808 -3847.1660802251935820 -2548.2744546094299949 -717.6185784658690636 416.4011259676284453 416.6812104152005531 249.3990147783251246 264.6347642505277804 228.8881069669247097 187.8416608022519370 178.6347642505278088 167.9422941590429161 120.1386347642505257 83.7206192821956421 82.4771287825474957 62.9605911330049253 30.5144264602392674 11.4292751583391983
67.2410273856097973 102.9537336281680524 75.4757611838748090 48.0355502636502791 44.3413845892158562 34.2172138118727673 10.5948290525599589 -6.4891988433407040 -6.6499404660656571 2.9508419799285592 14.4228610307875496 22.0785847933322010 35.6601462833815290 52.5135227079435296 61.9770369110392920 78.6213641775812278 87.7708794012587106 81.7441741792821972 69.8258207178091510 117.6854907297159372 369.6351420309576383 911.3369620683789663 1828.0100357203605199 2579.8020071440719221
1644.3957139297283447 2201.8564664839273064 2263.3959631198604256 1714.5639172688761391 818.1734363319212662 102.4774482930476012 -167.1794168950909523 -202.3767754796909912 -182.5033640667829502 -135.0461001744330929 -97.0403688013954593 -72.1539995016197366 -50.0326439073012708 -43.6984799401943675 -32.1427859456765503 -10.0535758783952147 -4.8021430351358090 -4.3663094941440317 0.3849987540493396 1.8283079990032394 2.2115624221280838 0.4729628706703214 6.5860951906304512 48.8519810615499637
364.0572609208973063 412.6900826446280917 346.5206611570247901 273.9386068476977698 172.7898465171192584 85.9722550177095570 41.4728453364816971 24.2650531286894910 25.4734356552538372 34.3282172373081451 43.9008264462809947 51.2792207792207790 52.8659976387249131 32.1664698937426223 -4.5023612750885480 -9.0702479338842981 -0.8577331759149941 119.6995277449822908 460.8665879574970745 1344.6044864226682876 3111.0779220779222669 4678.6889020070839251 5145.9079102715468252 4360.0377804014169669
1112.4575556893437351 1899.4105960264901114 2546.7086092715230734 2722.8681517158338465 2174.6496086694760379 828.4954846478025274 -769.8211920529801091 -1972.7621914509331873 -2611.7092113184826303 -2830.7326911499098969 -2796.8591210114386740 -2515.2185430463578086 -1893.1818181818182438 -1052.4533413606261547 -288.3624322697170328 132.5954244431065661 224.3058398555087365 260.4262492474413193 275.7639975918121422 235.6869355809753301 199.7567730282962088 141.6881396748946429 77.5881998795906043 43.9951836243226992
-15.9448574969021060 -26.9324659231722414 1.7955390334572490 68.5631970260223085 113.6474597273853817 104.5173482032218146 114.0662949194547764 152.6456009913258924 223.9318463444857628 508.6945477075588542 1057.8686493184634401 2259.8079306071872452 3777.9473358116479176 4598.5582403965299818 4459.6152416356881076 2484.7633209417595026 -176.1102850061957952 -1464.5811648079306906 -2344.9374225526639748 -3133.7019826517966976 -3363.1579925650557925 -3343.2019826517966976 -3186.0966542750929875 -3056.4436183395291664
13.5404884318766072 54.9251285347043705 145.2888817480719865 481.0992930591259551 1187.7027634961439162 1901.8891388174806707 2006.9922879177377126 1243.2644601542415330 163.5809768637532216 -340.1532776349614551 -262.7863110539845479 -143.6648457583547440 -93.0125321336760891 -67.7426092544987171 -85.9778277634961370 -87.0941516709511632 -58.5678020565552728 -38.0491645244215917 -15.4100257069408748 1.3775706940874035 -2.5774421593830334 -9.9309125964010274 -17.4694730077120823 -21.9945372750642676
-393.2593659942363047 -1560.6858789625359805 -3130.8991354466857047 -4439.0792507204614594 -4916.9236311239192219 -4510.1858789625357531 -3565.9092219020171797 -2596.6858789625362078 -2015.1440922190201945 -1928.9538904899136469 -2211.0590778097980547 -2676.1974063400575687 -3133.1757925072047328 -3402.3386167146973094 -3386.8011527377520906 -2945.1455331412103078 -2069.9711815561959156 -1061.6210374639770180 -206.6786743515850162 303.7348703170029012 467.4654178674351783 473.3126801152737926 430.3025936599423744 367.9827089337175607
3039.6592379583034926 3904.5204888569373907 4007.8224299065418563 2671.2163910855501854 482.7153127246585314 -893.6987778576564097 -1837.3148813803020403 -2720.4277498202732204 -3149.5204888569373907 -3261.7325664989216421 -3371.2789360172537272 -3590.5039539899353258 -3843.4306254493171764 -3699.5384615384614335 -1236.1272465851905054 1782.1610352264558514 1934.2760603882099986 1300.9058231488138517 1170.2063263838965668 731.8634076204169787 424.8224299065420837 251.8871315600287630 146.0194104960460209 114.2393961179007960
-16.9349804941482454 -11.6319895968790643 -3.6241872561768531 -4.3029908972691810 -14.6020806241872556 -25.7919375812743823 16.3797139141742534 311.3133940182054857 1011.4889466840052137 2033.5045513654097249 3134.2691807542264542 3906.4967490247072419 4081.4018205461638900 3752.0728218465537793 3196.0442132639791453 2704.3328998699607837 2437.7230169050717450 2449.4772431729520576 2646.4473342002602294 2899.6332899869962603 3125.7659297789336961 3214.9921976592977444 3157.9375812743824099 2866.3667100130037397
273.2679856115107668 529.6330935251799019 1022.5635491606714140 2021.0221822541966503 3209.6954436450837420 3947.1342925659473622 3682.0443645083933006 1927.4292565947241656 13.0311750599520391 -1054.3645083932854050 -2029.1079136690648284 -2829.2086330935253500 -3219.8705035971224788 -3393.4892086330933125 -3596.6252997601918651 -3779.2583932853717670 -3945.9634292565947362 -3216.4976019184650795 -317.3615107913669249 1770.0545563549160306 1422.1019184652277545 1143.2434052757794234 1013.4100719424460522 615.8141486810551442
-50.7485002307337325 -43.3313336409783076 -4.4563913244116291 47.4282418089524711 86.4056299030918353 105.3599446239040134 111.5477618827872703 117.5376095985233036 130.0009229349331008 138.0318412551915230 132.7978772496539079 165.6806645131518110 304.3133364097831191 737.0798338717120259 1628.1061375173051147 2573.1698200276882744 2725.1416705122287567 1596.9616982002769419 89.3373327180433847 -492.4056299030918353 -386.1661282879557007 -265.5906783571758183 -197.0761421319797080 -200.3391785879095437
201.3877952755905483 96.3287401574803113 52.3267716535433038 36.1975065616797878 34.6351706036745384 43.7624671916010470 65.3838582677165334 85.0000000000000000 72.3044619422572197 67.4652230971128546 106.9035433070866077 153.5544619422572055 378.7880577427821436 848.3753280839895297 1849.8215223097113267 3531.6902887139108316 4652.3359580052492674 4746.5085301837270890 3371.0892388451443367 610.5479002624672376 -1150.8510498687664949 -1991.1771653543307821 -2876.7480314960630494 -3183.5872703412073861
72.5768463073852246 85.9011976047904255 81.7105788423153712 55.5588822355289409 11.0449101796407181 -26.5838323353293404 -30.0748502994011986 62.4700598802395177 365.7504990019959905 1076.8013972055887280 2317.6736526946106096 3730.9560878243514708 4577.0379241516966431 4307.1317365269460424 2933.1387225548901370 1291.2824351297404064 254.9021956087824492 -147.4461077844311490 -183.9461077844311490 -90.4451097804391253 -17.5798403193612778 22.7455089820359291 21.5079840319361288 19.9960079840319374
582.7644845748683338 1135.3596689240030173 2203.4905944319039008 3346.6501128668173806 4019.2129420617006872 3578.6132430398797624 1648.5425131677952777 -149.8720842738901524 -1152.0925507900676621 -2158.6282919488335210 -2907.5297215951841281 -3253.6629044394280754 -3436.5944319036871093 -3705.3280662151992146 -3916.8194130925508034 -4035.9270127915724515 -2568.8728367193380109 920.3980436418360114 2230.7351392024079360 1345.7501881113619220 1135.7441685477801911 875.6425884123401602 495.0662151993980160 329.4213694507148489
-0.7877111240535818 25.6330809551543375 18.1470588235294130 8.6275480489225398 -0.3476994758299359 3.4609784507862549 0.2842166569598136 -1.0532906231799650 7.7481071636575418 20.4866045428072212 -16.8509027373325573 -143.6485148514851460 -444.7900407687827737 -1106.9298194525335930 -1802.8983692486895052 -1942.4021549213744038 -1416.5535818287710299 -480.4429237041351257 328.7853814793244283 639.3875946418171452 573.8724519510774371 411.4324403028538200 328.5701805474665207 308.4496214327315329
-5.3219407265774379 -19.1087476099426397 -26.3173996175908229 -31.4435946462715101 -23.7115200764818361 -12.9187380497131930 -2.2796367112810709 10.8668738049713198 24.8381931166347982 52.4543499043977022 96.3009082217973287 150.9964149139579490 210.6288240917781991 292.9483747609942839 438.4184990439770786 681.3616156787762748 1038.5865200764817473 1362.1077915869980188 1371.8207456978966547 959.6974187380496915 392.6730401529636652 50.5975143403441692 -56.2557361376673057 -122.5411089866156829
263.5743913435527475 440.8223624887285723 776.1307484220018296 1054.3092876465284462 914.0622182146078103 -485.7448151487826635 -2842.2100991884581163 -3753.8566275924254114 -2668.1235347159604316 -1137.9576194770063466 -89.3561767357980159 179.4490532010820516 43.5734896302975656 -113.9891794409377752 -239.9233543733092802 -263.1064021641117847 -190.7204688908927039 -74.7917042380523043 -18.1271415689810631 -34.8926961226330050 -85.2046889089269541 -103.6573489630297615 -102.6825969341749385 -126.7385031559963977
176.2061596480201047 235.2357008170961592 408.9874292897548571 750.0188560653676859 1508.5656819610308048 2691.9534883720930338 3681.9252042740413344 3968.4274041483345172 2836.8340666247640911 780.4230043997486064 -591.7649277184160610 -1572.0138277812695833 -2557.8937774984287898 -3112.7642991829038692 -3353.6555625392834372 -3567.1954745443117645 -3813.2790697674417970 -3997.8717787554996903 -3693.1948460087996864 -1287.8579509742301070 1582.0119421747328943 1752.8026398491515465 1130.6379635449402485 1065.1219358893777098
168.5446194225721683 -9.8412073490813654 -181.0931758530183799 -403.5872703412073292 -684.8707349081364555 -1037.1502624671916237 -1472.3234908136482773 -1840.3812335958004951 -1809.7782152230970496 -1139.9993438320209407 149.4632545931758614 1395.7027559055118218 1744.7349081364829999 1475.2316272965879307 1172.2913385826770991 900.0282152230971633 688.6115485564304208 491.8707349081364555 281.6423884514435940 127.3221784776902865 154.6456692913385780 292.0052493438320198 285.3943569553806014 23.9153543307086629
94.5822725129655879 77.3915605846298860 57.8870815652993898 57.9283356907119256 57.8842527109853862 44.7611975483262583 31.8903818953323892 23.3295615275813297 19.1034889203206042 30.9269212635549273 53.8465346534653477 72.0473833097595531 83.8847241867043891 91.2930221593587987 97.2336162187647375 105.0971239981140997 137.1192833569071183 282.1690240452616649 649.8012729844413116 1357.1659594530881350 2217.3130598774164355 2825.9368222536540998 2879.2923149457801628 2135.4420084865628269
-65.3296875000000057 565.4980468750000000 1165.2154296875000909 1455.2714843750000000 1296.0929687499999545 752.6376953125000000 244.1250000000000000 27.9554687500000014 19.3845703124999993 34.9054687499999972 15.1087890624999996 4.4376953124999998 1.8373046875000001 -21.2437499999999986 -40.1685546874999986 -37.4199218750000000 -22.8345703124999986 -3.9437500000000001 0.0326171875000000 -1.3355468749999999 0.8160156250000000 2.6275390624999999 10.0208984374999996 46.6134765624999972
3075.8158220024720322 3463.5648949320147949 3487.6402966625464614 3167.3708281829417501 2751.6192830655131729 2457.1644004944373592 2355.1965389369593140 2430.3597033374535386 2623.0148331273176154 2918.3572311495672693 3269.1100123609394359 3529.5154511742894101 3544.2039555006181217 3065.9023485784919103 2060.5290482076638909 995.0037082818294039 246.0494437577255837 -134.9777503090234916 -247.1149567367120028 -253.2805933250926955 -218.8936959208899964 -176.4956736711990004 -144.7997527812113674 -111.4561186650185363
273.3402298850574539 326.2816091954023250 520.0229885057470938 911.4632183908046272 1534.2632183908046954 2171.2402298850574880 2578.9379310344829719 2724.0252873563217690 2651.7126436781609300 2509.4494252873564619 2465.6735632183908820 2591.4183908045974931 2848.1816091954024159 3128.2298850574711651 3220.1091954022990649 2854.6045977011494870 1976.0459770114941875 879.9218390804597902 73.1862068965517238 -246.3390804597701162 -299.8126436781608959 -278.2528735632183725 -229.4057471264367791 -171.5241379310344882
-3095.8183421516755516 -3480.6537330981773266 -3764.3221634332744543 -4046.2857142857142208 -3058.4997060552614130 547.4362139917695913 2445.6666666666665151 1510.7195767195767075 1124.7113462669017281 907.5232216343327991 518.9858906525573730 335.9952968841857910 153.7501469723692082 111.7718988830099960 82.2216343327454382 55.5526161081716623 60.0446796002351562 60.1510875955320401 38.2445620223397995 16.1405055849500307 28.5261610817166371 72.1957671957671892 174.0293944738389200 345.4902998236331655
119.5268041237113437 78.9432989690721598 26.9546391752577321 -0.7525773195876289 30.1711340206185561 189.7804123711340196 567.8804123711340708 1336.1773195876289719 2613.8680412371131752 3964.0927835051547845 4660.6432989690720206 4282.4298969072160617 2868.0402061855670581 1222.6340206185566331 204.4690721649484431 -162.1216494845360785 -190.8463917525773184 -112.5628865979381459 -33.7268041237113394 21.2391752577319579 34.3701030927835021 8.9329896907216497 -26.7969072164948443 -18.1309278350515477
170.1289902280130377 573.7400651465798092 1558.4423452768728566 2936.4312703583063922 3815.6527687296415934 3373.0703583061890640 1671.8332247557002574 55.2456026058631906 -472.8690553745928469 -425.6807817589576644 -301.2338762214983490 -139.4697068403908702 -34.3263843648208464 8.0456026058631913 12.1824104234527688 -9.7863192182410419 -28.9153094462540707 -12.5732899022801305 11.8833876221498365 20.7127035830618880 23.5504885993485331 2.6495114006514657 1.3837133550488598 21.5635179153094469
71.9161479311607508 51.5082387403881370 46.9414134016843647 67.5891614793116133 104.7517392896374986 127.9846210179421462 134.2610765287440415 149.5653606737458858 182.9696082021237658 273.5331380446722847 494.7693152691321643 936.3130721347491772 1733.2160380812888434 2575.7462467960453978 2992.7766385939216889 2586.3716587330650327 1182.2105455876967426 -268.7971439033320848 -1255.6396924203588696 -2110.6133284511170132 -2691.9567923837421404 -3047.6093006224828059 -3309.8242402050532291 -3363.1955327718783337
-4062.0758556891764783 -4480.5494912118410866 -4480.5235892691953268 -3024.6406105457908779 58.8071230342275655 1282.5272895467160197 655.8455134135060689 580.4703977798334336 544.1299722479185448 358.0245143385753863 237.5855689176688372 130.8728029602220033 119.1910268270120241 80.4204440333025019 47.6225716928769671 44.7909343200740082 46.7576318223866778 55.8066604995374647 61.7183163737280296 61.1123959296947277 81.7428307123034159 151.0531914893616943 278.6938020351526575 513.8482886216465886
-3557.7489816700613119 -1755.8060081466394422 1307.7540733197556619 1920.3991853360489586 1167.0687372708757721 919.2932790224032260 612.6802443991853124 391.6339103869653968 247.2260692464358556 134.4893075356415579 96.5840122199592628 45.6354378818737274 32.7393075356415508 39.4791242362525452 41.2988798370672114 6.3095723014256615 -16.9236252545824861 12.5728105906313647 54.5086558044806537 89.0361507128309597 132.3080448065173016 223.7922606924643674 353.4623217922606955 604.1532586558045068
27.0236071765816810 58.0217186024551452 82.4022662889518358 89.6194523135033023 111.5779036827195512 115.0302171860245579 118.9461756373937646 147.8734655335221930 161.3191690273843335 167.4589235127478730 220.3474976392823521 301.4145420207743200 345.3389990557129181 389.1916902738432213 366.9896128423040409 20.6440037771482530 -796.2417374881964633 -2090.4277620396601378 -3627.1935788479700022 -4866.3361661945227752 -5406.9518413597734252 -5179.9065155807365954 -4212.3238904627005468 -2794.7308781869687664
192.5993998499624809 193.2325581395348877 193.1102775693923377 230.9542385596399185 337.5618904726181313 542.1627906976743816 741.9002250562640484 636.6391597899474846 -310.5956489122280573 -2197.8334583645910243 -3476.9279819954990671 -3016.9437359339835893 -1662.2190547636910196 -426.1132783195798766 118.5716429107276753 50.8837209302325562 -108.0937734433608455 -223.7831957989497482 -288.4681170292573142 -241.5551387846961688 -123.1170292573143286 -37.0187546886721677 -26.8522130532633163 -55.2933233308327061
1298.1614906832298857 2009.7826086956522431 2829.7484472049691249 3484.5450310559008358 3709.7795031055902655 3527.9114906832296583 3108.7655279503105703 2641.3571428571426623 2304.8555900621117871 2201.6195652173914823 2255.3400621118012168 2374.3012422360247911 2555.0295031055902655 2783.8245341614906465 3077.1832298136646386 3362.4021739130434980 3478.6055900621117871 3295.9177018633540683 2686.1785714285715585 1762.5714285714286689 899.8090062111800762 308.1350931677018821 -7.1677018633540373 -110.0512422360248479
808.9348534201953953 -34.8429967426710121 -1671.3250814332247955 -3244.7309446254071190 -3720.3778501628662525 -2812.8918566775246290 -1281.1381107491856710 -204.3133550488599326 73.3003257328990259 -35.7778501628664500 -133.6306188925081528 -144.8684039087947895 -125.6482084690553762 -68.6286644951140090 7.6775244299674270 29.2723127035830615 -4.4866449511400655 -40.2338762214983703 -44.6403908794788293 -40.9973941368078201 -41.5732899022801305 -32.4866449511400646 -17.4319218241042329 4.4188925081433226
-4050.2139303482586001 -3697.0218140068886896 -1786.1239954075774676 -59.9360887868350574 265.7447378492154826 117.2254114045158815 48.5380788365863012 35.1871412169919608 45.3505549177190943 23.4393417527745882 42.1932644469957907 52.1760428626100250 33.2518178339073884 24.1622655951014167 11.2981247608113282 7.3008036739380024 14.5610409491006507 16.1951779563719853 18.0283199387677016 27.5725220053578255 57.7160352085725208 106.6785304247990780 167.4190585533869182 260.1029468044393411
-2249.2551393973526501 -2587.7310616727681918 -2670.4804280484372612 -2354.6471416502395186 -1584.6710785694169772 -697.2340185863137094 -106.3787665446353117 103.1627710504083382 134.0844832441565870 150.0811039143903258 142.3297662630245100 121.3207547169811278 99.2965361869895844 66.8093494790199998 32.3432835820895548 14.6724866234863427 15.2644325542100816 16.2072655589974666 20.0174598704590245 23.5581526330611091 29.0464657842861165 47.0658969304421291 65.7304984511405195 95.5384398760912461
37.4211391018619963 29.3313253012048207 26.8072289156626518 33.3663745892661581 41.9189485213581605 46.1248630887185129 49.5213581599123742 63.8477546549835679 104.2382256297918985 219.2015334063526950 491.3630887185104257 949.4392113910186026 1513.7031763417305683 1975.5673603504928906 2156.0728368017526009 2076.2042716319824649 1887.6872946330777268 1763.0038335158817517 1769.4956188389924137 1869.5323110624315177 1981.2469879518073412 2011.3192771084336528 1903.2289156626507065 1627.5016429353779586
33.5144230769230802 35.1318681318681314 23.1950549450549453 19.9546703296703285 32.5006868131868103 43.6497252747252773 44.6675824175824161 45.1854395604395620 51.9883241758241752 63.7520604395604380 77.8750000000000000 84.6634615384615330 87.6092032967032992 97.8324175824175768 101.4965659340659272 137.6366758241758248 217.3715659340659272 214.7678571428571388 -13.5178571428571423 -827.3557692307692832 -2421.0068681318680319 -4050.0597527472527872 -4908.1620879120882819 -4701.4478021978020479
-3591.1171641791042930 -1447.2022388059701825 1168.1888059701493603 1540.8507462686566214 1140.5940298507462103 1055.7074626865671689 757.4298507462686985 447.4201492537313243 226.7380597014925456 121.3626865671641752 83.9582089552238813 51.4231343283582092 52.2805970149253696 71.2261194029850770 89.6962686567164127 91.0992537313432820 73.0761194029850714 80.5022388059701512 176.2552238805970148 411.4499999999999886 893.5880597014925115 1768.7604477611939728 3003.9679104477613691 3827.7865671641789049
84.8732840549102434 89.7560718057022200 97.1024287222808908 123.4656810982048540 189.2133051742344207 248.2608236536430866 290.6779303062302233 354.9915522703273609 368.3959873284055107 161.9292502639915483 -590.0950369588173317 -2079.5501583949312590 -3687.4097148891237339 -4573.7645195353752570 -4511.1034846884895160 -3298.0221752903908055 -1258.6715945089756588 138.0950369588173317 345.7180570221752873 177.4804646251319866 15.5459345300950371 -103.2069693769799414 -112.0665258711721179 -87.6441393875395960
324.2251720747295849 508.9818092428711793 824.3559488692231980 1197.5821042281220343 1504.5068829891838504 1690.7772861356932026 1768.9823008849557482 1785.6514257620451644 1802.5530973451327554 1833.2330383480825731 1863.6293018682399634 1800.5058997050148264 1551.3008849557522808 1112.4901671583088500 588.3107177974434308 194.2300884955752167 -15.4936086529006882 -117.7345132743362797 -154.2350049164208485 -158.4380530973451187 -141.3667649950835710 -110.3372664700098369 -83.6135693215339302 -67.5653883972468066
577.4930232558139096 527.1705426356588760 453.6267441860464942 353.7655038759689887 223.2255813953488257 131.3899224806201573 79.5112403100775254 56.5988372093023244 57.3937984496124045 72.9852713178294579 94.3658914728682134 112.6465116279069747 102.3073643410852753 80.9577519379844972 68.8732558139534916 82.2573643410852782 224.6069767441860563 578.0976744186046972 1481.8864341085270553 2742.6817829457363587 3684.7751937984494361 3633.3496124031007639 1707.6383720930232357 -366.9426356589147531
-33.4256936526035702 16.6959331052831637 57.3078677309007958 81.6795895096921356 93.9646522234891677 102.2964652223489139 123.3606993538578536 141.5898897757506631 130.7232991258076709 141.3971873812238584 264.9646522234891677 671.5077917141770740 1462.5895096921321965 2280.5043709616115848 2453.1455720258454676 1560.3983276320791447 233.7518053971873826 -413.4503990877993260 -396.2649182820220517 -292.4530596731281094 -227.0938806537438097 -175.2086659064994194 -142.0501710376282745 -127.0543519574306401
303.8921568627450824 557.5367647058823195 974.0931372549019898 1688.2704248366012507 2626.8202614379083570 3240.7810457516338829 3159.9975490196079591 1929.5857843137255259 -52.1830065359477118 -1392.2401960784313815 -2093.6846405228757249 -2599.9330065359476976 -2804.2017973856209210 -2903.7671568627451961 -2993.1037581699347356 -3149.4370915032677658 -3387.7736928104573053 -3533.8504901960782263 -3376.7197712418301307 -2580.7475490196079591 -1321.1985294117646390 -249.9436274509803866 341.9901960784313815 529.9575163398692439
-1869.4710930442638528 -1195.0800963565191068 -438.5271002710027233 -38.9110207768744374 133.9257753688648052 85.8029208069858527 25.3931044866004214 11.8212887684432406 9.8119542306534182 19.2404396266184889 15.0697079193014147 8.1909063535079802 3.9768142125865702 5.4457994579945801 11.6320385426076491 3.5606744956338452 -20.7598614875037626 -34.2392351701294757 -25.9945799457994582 -4.3843721770551038 17.4924721469436903 31.3386028304727482 38.4573923517012943 56.9105691056910601
54.2448979591836746 74.2088835534213729 101.7647058823529420 134.5078031212484859 187.4837935174069514 267.0540216086434384 357.2340936374549756 363.8919567827130663 6.3097238895558228 -1053.5690276110444756 -2736.6914765906362845 -4270.6506602641056816 -4852.3445378151263867 -4459.8403361344535369 -3579.8199279711884628 -2711.8979591836732652 -2188.1008403361342971 -2094.7142857142857792 -2362.6230492196878004 -2789.4045618247300808 -3147.1896758703483101 -3331.2725090036014990 -3227.7527010804319616 -2688.8643457382954693
95.4959289415247952 113.7934863064396751 139.6225018504811146 184.9822353811991036 296.8423390081421189 559.1421169504070576 1009.0977054034049161 1869.4796447076239474 2966.1991117690599822 3622.6720947446337959 3543.7364914877866795 2080.1295336787566157 -140.9400444115470066 -1405.3952627683197534 -2120.9422649888970227 -2717.8415988156921230 -2921.6528497409326519 -3000.6787564766841570 -3009.6469282013322299 -3170.1184307920057108 -3416.9348630643967226 -3588.2294596595115763 -3326.6661732050333740 -1927.1117690599555772
272.1723490772599234 251.5905536440412789 192.7022208320300365 118.1304347826087024 71.9377541445104782 55.6975289333750396 59.0816390365968118 73.0885204879574530 94.6809508914607392 115.3462621207381886 129.9483891147951340 133.2915233030966533 135.3497028464185234 144.5389427588364128 204.0738192055051741 398.9637159837347440 880.3737879261807393 1758.4745073506412609 2699.8245229903031941 3184.6649984360337839 2506.1767281826714679 769.5824210197059756 -559.7116046293400586 -1172.9052236471691231
77.3143939393939377 83.1073232323232389 91.2727272727272663 95.0530303030302974 91.3863636363636402 98.3737373737373701 146.0227272727272805 198.4002525252525118 250.3712121212121247 308.3320707070707272 193.6250000000000000 -319.2840909090909349 -1631.3750000000000000 -3603.8800505050503489 -5092.8661616161616621 -5545.1035353535353352 -5143.2159090909090082 -4038.9772727272725206 -2755.0164141414143160 -1896.9002525252524265 -1612.9823232323233242 -1696.0454545454545041 -1914.0934343434344100 -2110.6477272727274794
2116.3540252182347103 2233.6003879728418724 2371.6469447138701980 2547.3559650824440723 2760.4820562560621511 2977.0446168768185089 3252.2201745877787289 3579.1610087293888682 3808.0164888457807137 3709.5615906886519042 2986.3191076624634661 1712.4733268671193400 472.1716779825412118 -236.0611057225994216 -391.1813773035887607 -327.9156159068865009 -275.4927255092143810 -221.7662463627546003 -168.8244422890397800 -136.6789524733268593 -113.9039767216294905 -91.2774005819592560 -67.1357904946653719 -62.7449078564500482
145.1924360400444982 97.0812013348164697 66.0489432703003274 52.5365220615498671 54.8168335187245077 74.2955135335558055 104.3807934742306287 122.7174638487207972 139.4497589914720095 163.5253985910270558 210.7033741193919241 346.7645532072673404 633.3173896922506856 1211.8743047830923842 2047.8283277715979693 2745.5294771968856367 2922.7330367074528112 2102.3307378568779313 602.1027067111605220 -607.4390063032999478 -1556.7237671486836916 -2334.6236559139783822 -2752.5928809788651961 -2952.0259547645532621
3553.3821104699090938 2575.9047815333883591 435.9542456718878611 -592.8635614179719369 -557.2139323990106732 -352.5626545754328163 -175.4253915910964565 -90.0886232481450975 -48.1133553173948911 -33.1665292662819482 -42.3066776586974456 -37.9084913437757649 -21.9225061830173118 1.3858202802967847 12.2592745259686726 13.6162407254740305 11.4245671887881279 -7.6335531739488873 -4.1644682605111294 2.1413849958779885 -17.3961253091508645 -15.8705688375927458 12.7568013190436940 71.9460016488046108
9.6362267937782242 -3.1786251881585548 -9.9312594079277474 -12.7767185148018072 -13.6733567486201704 -20.9292523833416944 -20.3577521324636237 -11.0316106372303064 -7.1038635223281483 -10.5403913697942802 -33.0456598093326619 -81.9417962870045216 -136.0883090817862637 -109.0496738585047609 182.6914199698946391 899.5107877571500694 1917.4736578023080256 2739.4224786753638909 2999.3151028600100290 2775.5353738083290409 2328.6372303060711602 1968.1610637230305656 1800.1570496738584097 1558.8389362769694344
3591.0039761431412444 1843.0656063618289409 -169.3836978131212732 -1226.0178926441351450 -2117.8462557985421881 -2807.7309476474488292 -3091.6951623591780844 -3183.0536779324056624 -3352.2127236580518002 -3553.2339297548046488 -3785.2379058979454385 -3052.8508946322067459 84.6918489065606366 2174.8290258449305838 1530.4367130550033380 1150.6732935719019224 1005.2213386348574886 589.4102054340622772 369.9045725646123515 196.5858184227965637 132.5652750165672558 92.2491716368455883 58.6500994035785297 53.2703777335984086
-3526.6539900249376842 -3870.7125935162093811 -2929.5667082294262400 653.5000000000000000 2626.8497506234411958 1793.0935162094763200 1324.1290523690772716 970.4214463840398821 525.1920199501246316 306.2892768079800589 111.5991271820448816 67.9233167082294216 42.5473815461346661 25.7886533665835422 38.0399002493765579 50.8366583541147108 36.1302992518703263 27.7899002493765579 51.4532418952618471 96.2861596009975074 208.1209476309227000 392.9663341645885453 726.4077306733166779 1271.7992518703242695
1405.1690235690234658 2607.9286195286194925 3684.8787878787879890 4124.0329966329964009 3205.8006734006735314 1020.9919191919192372 -534.3326599326599080 -1451.5084175084175513 -2445.9865319865320998 -3039.2915824915826306 -3260.6552188552186635 -3396.5461279461278536 -3619.0498316498315035 -3819.5205387205387524 -3825.4269360269358913 -2001.0457912457911789 1115.3986531986531645 1843.8047138047138560 1217.3670033670034627 1160.3750841750841118 825.4491582491582449 482.3178451178451382 300.0996632996632911 156.6188552188552308
12.1971259509721044 37.7746407438715153 62.0970414201183445 95.8633981403212232 149.9643279797126070 241.7190194420963678 370.7836010143702197 506.5560439560439363 613.2884192730346058 660.3824175824175882 641.3284868977176529 571.4309382924767533 482.5952662721893489 395.7849535080304122 303.0978867286559648 209.5930684699915503 136.8786136939983180 85.7976331360946745 45.5783601014370277 20.2469991546914621 9.5709213863060025 1.2246830092983940 -4.6013524936601859 -4.2977176669484365
212.0439804531319510 130.4033762772101284 75.2256774766770349 43.2136828076410495 46.3367392270102201 59.9102621057307871 77.9373611728120892 88.8103065304309212 92.9493558418480745 93.3438471790315418 85.7863171923589505 95.2185695246557060 160.3540648600621807 336.7960906263882634 780.3136383829408942 1692.2456685917370578 2840.0368725011107927 3542.5615282096846386 2967.4753442914261541 1249.3536206130609116 18.1785872945357632 -337.4415815193247568 -749.0417592181253212 -1196.0932918702799270
2293.7140454163163668 1037.6072329688813625 -817.4205214465937388 -2054.1900756938603081 -2669.5744322960472346 -2880.8292682926830821 -2891.5517241379311599 -2939.6484440706476562 -3030.6030277544155069 -3217.1833473507149392 -3443.3296888141294403 -3557.2867956265768044 -3321.8486122792260176 -2506.0874684608916141 -1320.3380992430613787 -304.1783010933557421 262.6164844407064720 476.7737594617325385 496.5567703952901866 430.6560134566863098 348.8275862068965694 251.5929352396972263 157.5079899074852676 94.3936080740117802
43.1997447351627315 28.4971282705807276 26.5749840459476694 37.6196553924696886 69.3407785577536657 193.0516911295468958 467.5839183152520491 910.0810465858328371 1482.2450542437779859 2001.3548181238033976 2265.0082961072112084 2241.3184428844924696 2083.1359285258454292 1960.0044671346522591 1960.7836630504148161 2076.1161455009573729 2187.3701340140396496 2155.9514996809189142 1844.7670708359923992 1269.5641352903637653 651.4664964901085114 191.1314613911933691 -53.7913209955328639 -132.8168474792597351
-78.9170442662948801 -83.1899616591146724 -48.9163471592889536 7.4287208086441270 12.2596723597072153 7.1551063088184037 10.1097943534332515 13.6929243638898566 14.0582084349947714 2.5029627047751828 -2.3694667131404672 -2.9268037643778322 -18.5688393168351347 -117.2872080864412681 -336.7472987103520268 -807.8863715580341704 -1637.6991983269431330 -2235.7476472638550149 -1988.9954688044615523 -1043.3785291042174777 80.6985012199372562 728.7953990937609206 727.6096200766817219 522.9219240153363444
113.9596678529062928 125.8113879003558679 170.0960854092526802 201.1631079478054573 254.5053380782918282 450.4483985765124316 951.4460260972716696 1755.8202846975088960 2449.6969157769867707 2651.0005931198102189 2164.1287069988138683 900.3398576512455520 -687.3950177935943202 -1931.0468564650059307 -2604.2538552787664230 -2880.5913404507709856 -2929.7443653618029202 -2714.0765124555159673 -2177.0225385527878643 -1270.1992882562276463 -257.5302491103203124 233.3493475682087706 264.5634638196916057 304.3125741399762774
393.9555137844611750 251.9567669172932369 139.7468671679197882 81.9373433583959923 53.9511278195488728 46.8220551378446146 54.2994987468671653 76.1340852130325771 99.4141604010025048 98.5031328320801975 77.6503759398496243 85.4918546365914835 114.8038847117794461 243.2919799498746727 600.4348370927318683 1288.3515037593983834 2743.5664160401001936 4291.0858395989971541 4920.0895989974933400 4352.2813283208024586 1983.3771929824561084 -455.6215538847117728 -1413.7362155388470910 -2096.6334586466164183
-3335.6680988184748458 -4119.5359828141781691 -4584.7663802363049399 -4625.5800214822775160 -4049.8367346938775881 -2396.9661654135338722 -563.7706766917293635 24.8007518796992485 19.7497314715359842 173.4044038668098722 264.4538131041890665 256.1493018259935752 210.5236305048335055 181.9355531686358631 152.9414607948442608 107.9221267454350226 77.2851772287862531 69.4554242749731401 67.5725026852846469 63.9667024704618683 63.8893662728249225 55.9822771213748638 61.0048335123523060 98.8286788399570355
66.7908496732026151 95.9934640522875782 182.8130718954248266 481.4196078431372712 1088.9830065359476521 1944.5228758169935190 2898.0431372549019216 3609.5098039215686185 3785.0379084967321432 3476.3725490196079591 2957.1673202614379079 2479.0339869281046958 2195.1764705882351336 2159.4875816993462649 2283.6784313725488573 2453.7803921568629448 2643.8405228758169869 2849.1477124183006708 3043.0928104575164070 3143.2954248366013417 3043.4261437908498920 2706.6169934640524843 2150.7986928104573963 1506.7699346405229335
-1830.2673872180450871 -2603.1198308270677444 -3129.8952067669174539 -3412.5451127819546855 -3704.2988721804513261 -3995.4802631578945693 -4146.7984022556393029 -3932.0765977443606971 -1539.9276315789472847 1336.0465225563909826 1484.6837406015038141 953.6043233082706365 901.2203947368420813 584.5709586466165320 371.5751879699247979 218.8369360902255778 129.3425751879699135 102.6264097744360839 63.5831766917293209 52.1809210526315823 49.0032894736842124 48.0122180451127818 48.6644736842105274 47.2687969924811995
-940.5565988523735541 -1803.3129890453833468 -2536.2305685967658064 -3026.2451747522168262 -3240.2639540949398906 -3396.2305685967658064 -3674.7177882107457663 -3881.2488262910796948 -4021.5988523735004492 -2331.5550339071464805 918.4600938967136017 1841.2065727699530271 1207.7955138236827679 1035.2931664058423848 707.2441314553990424 423.8664580073030947 254.4600938967136017 130.1997913406364091 103.4647887323943678 65.2879499217527410 53.2070944183620256 52.8090766823161175 50.6447574334898292 50.8080333854981774
-2939.6511897852583388 -3079.3755078351709926 -3265.5368543238537313 -3454.2547881601858535 -3669.8728961114334197 -3236.9152640742890981 -218.2710388856645523 2393.5681950087059704 1925.0586186883342634 1283.9750435287289747 1036.2652350551363725 580.7411491584446139 358.7928032501450843 181.0917005223447518 106.6337782936738279 82.7968659315148017 53.6947185142193817 59.1979106210098678 59.2530470110272773 38.3267556587347684 23.8711549622751029 34.0928612884503792 67.4683691236215850 145.0052234474753448
5.1985951468710088 3.7432950191570882 0.2567049808429119 -5.6034482758620694 -27.0759897828863352 -92.5389527458493006 -228.4323116219667895 -456.9450830140485209 -810.3959131545339005 -1275.1660280970625081 -1702.9259259259258670 -1742.6615581098340044 -1079.2005108556832056 198.8710089399744447 1384.6385696040867970 1724.3939974457216522 1431.3135376756065398 1105.1117496807150928 892.3754789272030621 743.0031928480204897 571.4910600255427653 347.4246487867177393 158.1289910600255553 177.5913154533844249
123.0786908077994468 145.3057103064066951 197.2444289693593191 348.2889972144846524 636.2764623955431489 1250.3105849582173050 2337.2367688022281982 3434.0870473537602265 4008.9018105849581843 3362.5849582172700138 1368.7792479108634325 -310.2576601671308936 -1286.2096100278552058 -2282.9268802228411914 -2969.7708913649025817 -3260.3544568245124537 -3422.4825905292477728 -3689.8091922005569359 -3911.7855153203340706 -3942.1344011142059571 -2208.3920612813371918 1174.0111420612813617 2152.5264623955431489 1272.0724233983287377
80.0861372812920536 108.2987886944818285 133.8028263795424095 159.1527590847913984 260.3257065948856166 524.6473755047106806 1024.6917900403768726 2001.2550471063257191 3179.9179004037687264 3946.2483176312248361 3662.7348586810230699 1890.8310901749664481 -7.3135935397039029 -1077.3176312247644546 -2029.1258411843875820 -2820.4717362045762457 -3229.0423956931358589 -3420.4569313593538027 -3691.0746971736202795 -3890.6258411843878093 -4045.6399730820994591 -3083.1298788694480209 193.3216689098250356 2024.5794078061910568
59.5953488372093005 32.0167441860465090 -10.3172093023255815 20.8134883720930226 47.6079069767441894 27.0130232558139518 3.5902325581395349 -10.3223255813953489 -7.6465116279069765 0.3604651162790697 6.9837209302325585 32.1590697674418635 58.1739534883720921 54.3125581395348860 40.6372093023255800 17.3162790697674431 -24.4967441860465129 -85.1581395348837162 -140.7302325581395337 -44.6595348837209301 541.5893023255813432 2011.9646511627906875 3839.8297674418604402 4445.9679069767444162
158.6502036659877888 135.8004073319755491 97.3686354378818777 75.4954175152749514 66.9394093686354381 74.1848268839103895 86.4434826883910432 102.4526476578411405 114.5056008146639499 119.1262729124236301 129.6547861507128232 166.2418533604887898 210.7520366598778025 282.4867617107942692 529.7357433808554106 983.3121181262729351 1590.4047861507128800 2187.5814663951118746 2570.0753564154788364 2061.3635437881875987 -6.9485743380855398 -2124.7988798370670338 -2875.1247454175154417 -2896.6059063136458462
1002.0785773366418425 1768.2365591397849585 2774.7427626137305197 3467.7841191066995634 3356.7402812241521133 1941.3010752688171578 -151.9611248966087658 -1471.2911497105044418 -2145.4846980976012674 -2658.2043010752686314 -2889.2646815550042447 -2995.3482216708021042 -3089.5641025641025408 -3248.6633581472292462 -3452.7717121588088958 -3551.5525227460711903 -3299.8469809760131284 -2369.1513647642677824 -1080.6377171215881390 -84.6650124069478949 452.0190239867659443 616.5062034739454475 551.3821339950371794 427.4433416046319394
-9.3228395061728389 20.1944444444444429 11.0666666666666664 -29.4907407407407405 -77.3716049382716022 -101.9049382716049337 -77.5604938271604993 -21.0111111111111128 34.9672839506172863 83.3111111111111171 105.0438271604938336 96.8012345679012327 97.3574074074074076 123.5302469135802426 120.2956790123456727 133.0117283950617377 172.1055555555555543 229.5611111111111029 578.2827160493827705 971.9907407407407618 1402.5740740740741330 743.9135802469136252 -2148.3074074074074815 -3866.6580246913581504
527.7313961729270204 371.0666194188518716 224.4904323175053094 118.3635719347980171 60.1587526576895826 37.9666902905740642 37.7087172218284934 49.2756909992912853 72.2260807937632876 97.5492558469170774 97.8554216867469933 65.0184266477675408 44.7632884479092823 69.3862508858965299 134.2069454287739063 423.1445783132530210 997.9333805811480715 2287.3734939759037843 4145.6768249468459544 5104.5223245924871662 4897.7880935506736932 3082.5520907158042974 336.8610914245215895 -922.6328844790928088
84.3746006389776397 10.7910010649627264 -80.0503194888178911 -78.7635782747603770 -33.8631522896698627 -3.8775292864749735 7.0830670926517572 -1.4699148029818956 -7.7023429179978704 -5.6703940362087328 -13.3091054313099040 -29.4906815761448335 -36.6991480298189572 -40.4318423855165037 -64.9547390841320578 -167.1592119275825326 -365.1940894568689941 -704.2489350372736681 -1263.0205005324812646 -1717.1506922257719907 -1668.4574014909478592 -1078.0553780617678967 -163.9291799787007449 486.9283812566559959
-2.9576086956521741 33.2576086956521735 57.2413043478260875 59.9239130434782581 75.4902173913043413 104.1902173913043441 140.1663043478260988 162.4152173913043384 188.9804347826086826 296.8021739130434753 605.5217391304347530 1014.7076086956521976 1353.4347826086957411 1077.0206521739130494 -1024.7423913043478478 -3647.9836956521739921 -4088.3521739130433161 -2820.6326086956523795 -1297.2249999999999091 -204.6086956521739069 27.2826086956521756 -190.2967391304347871 -461.8347826086956616 -651.8782608695652243
65.3053864168618219 72.9953161592505921 83.3292740046838389 100.7297423887587797 124.2533957845433292 160.6618266978922804 229.3812646370023458 329.7114754098360550 501.8852459016393368 817.5166276346603809 1330.0918032786885306 1940.0327868852459687 2274.5971896955502416 2103.3302107728336523 1291.7213114754099479 -71.3311475409836078 -1264.3559718969554524 -1912.4332552693208527 -2203.8473067915692809 -2301.1208430913347911 -2346.0566744730681421 -2337.7339578454334514 -2203.8505854800937414 -1845.2173302107728432
19.3956043956043942 25.4865134865134877 45.3586413586413570 51.5074925074925076 47.3036963036963058 43.3686313686313696 41.7232767232767259 71.0509490509490576 113.2057942057942057 122.9070929070929026 172.3576423576423622 276.1588411588411418 512.5274725274725824 960.5794205794205709 1437.3446553446553935 1770.5264735264736373 600.6533466533466026 -2358.2607392607392285 -4095.8431568431569758 -3615.8101898101899678 -2445.5344655344656530 -1229.0219780219779295 -462.4805194805194901 -359.0129870129870255
38.7448024948024923 62.7983367983367984 97.4916839916839848 122.6725571725571768 138.6969854469854511 191.4573804573804523 379.5488565488565769 730.2863825363825754 1439.1756756756756204 2697.6637214137213050 3754.5114345114343450 4088.3170478170477509 3090.8362785862786950 769.9147609147609046 -847.3440748440748393 -1682.8118503118503213 -2600.1070686070684133 -3109.6372141372139595 -3291.9875259875261690 -3414.3908523908526149 -3555.8477130977130400 -3778.3970893970895304 -3755.0665280665280079 -2362.0810810810812654
20.1118210862619797 -1.9065495207667731 -15.3546325878594256 -7.5119808306709261 1.4624600638977636 8.1749201277955272 27.9680511182108624 49.0471246006389805 64.6948881789137431 94.0790734824281145 129.9033546325878490 131.6477635782747484 148.8123003194888270 198.2020766773162848 370.9432907348243020 720.5407348242811167 1094.9400958466453631 1334.7252396166134076 127.9560702875399301 -2526.8634185303512822 -3822.9161341853036902 -3137.2523961661340763 -1840.4185303514377665 -792.0111821086261443
2282.7258426966291154 2802.8573033707866671 3334.5966292134830837 3844.6011235955056691 4227.3269662921347845 4352.2887640449434912 4067.8191011235953738 3020.5573033707864852 1480.0314606741574153 291.5382022471910091 -246.5157303370786508 -328.7134831460674036 -276.3528089887640249 -245.0146067415730329 -198.6202247191011168 -161.6606741573033617 -141.8561797752809071 -125.0033707865168537 -99.4269662921348356 -78.1550561797752863 -82.1640449438202296 -87.8696629213483078 -77.5146067415730329 -49.6089887640449447
8.1564625850340136 43.7976190476190510 319.9846938775510239 991.3027210884354190 2214.7431972789113388 3612.4778911564626469 4347.6785714285715585 3896.9829931972790291 2381.2448979591836178 780.8835034013605991 -14.7959183673469390 -173.2448979591836746 -130.5391156462584945 -37.6768707482993221 32.5773809523809490 50.5340136054421762 45.2448979591836746 23.1938775510204067 -1.2210884353741496 12.9676870748299322 35.1088435374149626 35.8979591836734713 29.7857142857142847 22.0408163265306136
-2494.0874794969927279 -2753.2230727173318883 -2778.0557681793329721 -2854.2837616183705904 -2977.4062329141606824 -3165.8069983597592909 -3349.5811919081465931 -3486.4155276107162535 -3506.9261891744122295 -3241.4034991798798728 -2559.0623291416072789 -1430.4876981957354474 -246.3018042646254742 455.1410606889010637 672.8747949699288711 659.5861126298523232 555.6500820120284061 420.8616730453799732 286.1509021323127513 186.1591033351558337 120.4034991798797165 85.4461454346637481 69.7151448879168925 61.5910333515582309
121.6851081530782039 131.3760399334442468 115.1069051580698783 99.9920965058236249 166.0935940099833488 478.6580698835274461 1229.1522462562395503 2075.5990016638934321 2308.7970049916807511 1492.1385191347753789 35.0653078202995019 -743.4334442595674091 -585.1135607321131147 -331.1980033277870348 -181.1135607321131431 -96.0361896838602291 -86.7450083194675585 -76.8198835274542375 -68.2866056572379421 -64.0985856905158045 -48.8793677204658934 -13.1114808652246264 7.0457570715474214 -0.0257903494176373
1305.1436198611852433 -67.1243993593165982 -1103.7885744794448328 -2089.9204484783767839 -2835.3721302722906330 -3227.2760277629472512 -3453.2471970101441912 -3744.3160704751735466 -3926.3502402562735369 -4023.3187399893217844 -2688.4634276561664592 489.5867592098238106 1732.5707421249333038 1032.5082754938600829 922.8526428190069737 751.6636412172985047 454.1078483715963898 301.2402562733582272 152.7794981313400910 113.8772023491724497 76.1099839829151108 51.3101975440469857 47.8515750133475706 47.0880939668980218
-319.8170506912442193 -782.8364055299539359 -1123.0857142857141753 -1346.9004608294931131 -1510.0341013824884158 -1634.4359447004608228 -1754.0603686635945451 -1866.0940092165899387 -1968.5119815668201682 -2001.8110599078340783 -1855.4940092165898022 -1526.1640552995390863 -1059.5811059907834988 -587.7202764976958633 -260.4820276497695772 -67.2562211981566804 37.9281105990783445 84.5741935483871003 98.0013824884792655 92.9046082949308811 83.0156682027649708 68.7465437788018363 58.3986175115207402 58.6870967741935488
188.0093867334167612 155.9017521902378007 42.2681476846057578 -322.1555068836045166 -1184.5735294117646390 -2017.3485607008760780 -1972.1892991239049024 -1234.7653316645807990 -458.4217772215268951 37.3335419274092644 181.4001877346683216 114.8682728410513079 28.8676470588235290 -10.6861702127659566 -8.7240300375469335 6.2462453066332912 3.0550688360450562 -14.8710888610763448 -31.2600125156445543 -12.6955569461827285 4.4189612015018778 -30.0863579474342941 -68.1695869837296584 -85.6608260325406690
-15.3068627450980390 -82.4323529411764753 -129.8401960784313758 -100.0735294117647101 170.3372549019607902 896.4186274509803525 2275.1500000000000909 3778.9274509803922228 4512.1725490196076862 4010.3166666666666060 2415.0676470588236953 865.3147058823529960 129.8225490196078340 -71.3803921568627402 -37.2882352941176478 22.7588235294117638 69.4784313725490250 100.7009803921568647 61.8843137254901947 14.5372549019607842 -7.1882352941176473 -0.3950980392156863 20.7578431372549019 34.3323529411764738
3.9123445556566576 10.5865938732180762 4.8493580022242444 3.1918916186432109 5.2940046506925489 1.6786978060863411 -1.9899909008189263 -5.2928925285613184 -6.2693357597816197 -3.9719947426953794 -1.8543120008088161 0.7937518956627236 10.0050551005965023 22.9022343544636549 36.8825194621372958 55.6692953189768502 70.2450712769184094 79.5786068142756022 103.3392983520372042 155.9145687999191239 269.0805783035082186 439.7540188049742369 671.3898493580022659 941.8417753513294883
53.0969026548672574 50.3827433628318602 44.7420353982300867 50.9836283185840742 50.3911504424778727 35.5827433628318559 9.5676991150442472 23.5110619469026538 205.2057522123893705 716.8659292035398494 1582.9084070796459400 2365.5115044247786500 2391.1946902654867699 1390.2831858407080290 102.7637168141592952 -443.0292035398230155 -366.2703539823008896 -228.7451327433628308 -134.2362831858407048 -73.0154867256637203 -40.9026548672566364 -24.9022123893805301 -11.3340707964601766 -5.9022123893805309
120.1487383798140769 158.7994687915006580 214.2403718459495394 298.4727755644090053 301.6932270916334460 26.4555112881806096 -875.3094289508632073 -2514.0332005312084220 -4126.8233731739710493 -4867.1274900398402679 -4635.6905710491364516 -3774.6002656042496710 -2799.4209827357235554 -2159.2669322709161861 -1981.7304116865868764 -2176.2430278884462496 -2578.6122177954848667 -3006.4648074369188180 -3288.7131474103584878 -3305.4780876494023687 -2987.7569721115537504 -2286.1341301460824980 -1334.0318725099600670 -455.7662682602921791
