514.6780538302277819 501.8478260869565020 486.8271221532091317 469.4254658385092966 449.5993788819876045 427.2826086956521863 402.3426501035196452 374.9834368530020470 345.4937888198757605 314.1863354037267300 281.4265010351966794 247.4875776397515494 212.7039337474120089 177.6035196687370501 142.5952380952381020 108.2070393374741144 74.6501035196687326 42.5082815734989623 12.2412008281573499 -15.8581780538302279 -41.6853002070393401 -65.1925465838509268 -86.3229813664596293 -105.2049689440993774
453.6105188343994428 469.1257995735607551 485.0796019900497527 501.3333333333333144 517.8017057569296639 534.3589196872778757 550.6538734896944334 566.5316275764037073 581.9317697228144652 596.7228144989338716 610.9253731343283107 624.5728500355365895 637.4328358208955478 649.4925373134328765 660.7576403695807130 671.1265103056148291 680.4484719260838119 688.7562189054726787 696.0675195451315176 702.3830845771144595 707.6680881307746631 711.8919687277896173 715.1457000710731791 717.4882729211087735
398.4388457269700439 395.8086570477247506 392.5622641509434061 388.7296337402885911 384.3849056603773420 379.5325194228634587 374.1538290788013228 368.2483906770255544 361.8819089900110839 355.0372918978912367 347.7698113207547408 340.0965593784683847 331.9278579356270598 323.4293007769145447 314.6805771365149553 305.7236403995560750 296.6947835738068875 287.7005549389567136 278.8641509433962256 270.2523862375138606 261.9647058823529164 254.0310765815760305 246.5291897891231940 239.4432852386237585
-218.1883963494132956 -239.0241199478487601 -260.9934810951760369 -283.9341590612776827 -307.5286831812255741 -331.6610169491525539 -356.2692307692307736 -381.1447196870925609 -406.1558018252933380 -431.0632333767927094 -455.5130378096479831 -479.1779661016948921 -501.7379400260755915 -522.8520208604954860 -542.3500651890482231 -560.0123859191655811 -575.8598435462841962 -589.8846153846153584 -602.1799217731421550 -612.7933507170795338 -621.8037809647979657 -629.2177314211212433 -635.0501955671446694 -639.6629726205997031
-934.8693733451015078 -938.1310679611650585 -940.9973521624007162 -943.4368932038835283 -945.4082082965578593 -946.9223300970874106 -948.0538393645189217 -948.8230361871138712 -949.2621359223301170 -949.3958517210944592 -949.2343336275374668 -948.8384819064431213 -948.0957634598411232 -947.0357458075905015 -945.7546337157987182 -944.2480141218005656 -942.5485436893203541 -940.6610767872904262 -938.5498676081200529 -936.1465136804943086 -933.4073256840247268 -930.3186231244483224 -926.8212709620476062 -922.8879082082966079
112.5715382646531850 119.6462759150243187 126.9897619657025842 134.5415920143332471 142.1707192219093940 149.8907089838751006 157.7481443562836034 165.8190427437932044 174.0168927565907211 182.3414384438187881 190.7678525723061114 199.2794983363194206 207.7870488866137748 216.2523675454312695 224.6664960327616996 232.9759406194010865 241.1405170207320054 249.0900947018172644 256.8725364729971830 264.3701049398515579 271.5351932428973782 278.1960583567955041 284.3378551318147061 289.8686972101356787
-666.4957107843137010 -663.8412990196078454 -660.0447303921569073 -655.0618872549019898 -648.7769607843137010 -641.3290441176470722 -632.6403186274509380 -622.5220588235293917 -610.7818627450980102 -597.4019607843137010 -582.4350490196078454 -565.9534313725490620 -548.1268382352941444 -529.1819852941176805 -509.3431372549019329 -488.7181372549019329 -467.2824754901960773 -445.3946078431372371 -423.5312500000000000 -401.8811274509803866 -380.7340686274509949 -360.3192401960784537 -340.8578431372549176 -322.6348039215686185
704.5013839462237684 704.9644128113878878 705.3607486490049041 705.6915776986951414 705.9496507183339418 706.1503888229866561 706.2961644918940465 706.3902728351126825 706.4348227230789234 706.4340318966653740 706.4162383023592611 706.3747199156451870 706.3061816264663548 706.2103598260181343 706.0798734677738366 705.9037827863451184 705.6897324370634124 705.4518254909713733 705.1698958745222399 704.8330038223276688 704.4249373929088733 703.9559773296427920 703.4188743904046532 702.8228548833531022
778.6152716593245486 779.4747220474092728 780.2951541850220565 781.0551709670652372 781.7535137402978762 782.3811621564925645 782.9477658904971804 783.4608768617579244 783.9280469897209969 784.3503251520872936 784.7193203272498749 785.0474092720788803 785.3182294944409705 785.5328298720369276 785.6779945458359862 785.7648416194671199 785.7652611705475465 785.6924690581078039 785.5739458779106599 785.4147262429200964 785.2154394797566965 784.9781833438221383 784.7205789804909273 784.4239563666876620
-76.7633513663476208 -76.2433069773893806 -75.6386461367734739 -74.9619919545013147 -74.1654875849632447 -73.2509363295880149 -72.2437231238729396 -71.1818560133166898 -70.0937716742960220 -68.9389651824108682 -67.7727840199750347 -66.5948120405049195 -65.3806353169648986 -64.1424608128727982 -62.9019281453738373 -61.6862255513940880 -60.5508392287418502 -59.4882785407129973 -58.5093632958801493 -57.6292134831460672 -56.8393674573449843 -56.0966846996809565 -55.4175336385074218 -54.8120405049243971
-211.8402366863905399 -217.8186390532544294 -223.9656804733727711 -230.3091715976331386 -236.7550295857988090 -243.2698224852071007 -249.7775147928994102 -256.3331360946745576 -262.8881656804733780 -269.4843195266272460 -276.0778106508875567 -282.6813609467455422 -289.2275147928993988 -295.6298816568047414 -301.8671597633136230 -307.8920118343195327 -313.6127218934911411 -318.9248520710059438 -323.7662721893491380 -328.1304733727810685 -331.8881656804733780 -335.0600591715976293 -337.7671597633136003 -340.0618343195266107
342.0538218000904749 332.6083220262324858 321.9118046132971358 309.8041610131162429 296.3663500678426317 281.6042514699230992 265.7028493894165422 248.7783808231569367 230.9312528267752214 212.3948439620081388 193.3057440072365409 173.8629579375848095 154.0524649479873460 134.1533242876526515 114.2700135685210370 94.3459972862957983 74.5251017639077276 54.9244685662596126 35.7114427860696537 17.0782451379466309 -0.6879240162822252 -17.3175033921302592 -32.8091361374943489 -47.0452284034373562
-6.9926752703174051 4.6787582839204740 16.9773282176491094 29.8932682246250430 43.4663411231252184 57.5803976281827730 72.1733519358214153 87.0449947680502305 102.1042901988140983 117.3365887687478164 132.5312173003139264 147.6934077432856611 162.7760725497035139 177.6609696546913142 192.2818276944541367 206.6798046738751395 220.6170212765957501 234.0756888733868095 246.8395535402860048 258.7059644227415447 269.5615626089989405 279.3498430415068015 288.1363794907568945 296.0931287059644319
-892.9464285714285552 -889.9948979591836178 -886.0688775510203641 -880.7882653061224119 -873.6887755102040956 -864.3188775510203641 -851.9030612244897611 -835.9132653061224119 -815.7040816326530148 -791.0051020408163822 -761.6658163265306030 -727.8316326530612059 -689.8724489795918089 -648.2755102040816837 -603.6301020408163822 -556.5000000000000000 -507.5816326530612059 -457.6913265306122298 -407.3698979591836746 -357.2270408163265074 -307.9617346938775313 -260.3137755102040956 -214.8520408163265358 -171.9311224489795791
-173.5739619377162626 -159.1397058823529278 -143.8408304498269956 -127.7880622837370197 -110.9342560553633206 -93.2093425605536368 -74.5579584775086488 -55.1803633217993053 -35.1353806228373671 -14.6051038062283745 6.1669550173010377 27.1085640138408301 48.0869377162629732 68.9697231833909967 89.6734429065743939 109.7871972318339147 129.1319204152249256 147.5095155709342691 164.9303633217993195 181.3538062283737133 196.8174740484429037 211.3174740484429037 224.7210207612456827 237.1180795847750744
-621.0000000000000000 -618.6803115015974299 -615.6006389776357537 -611.7691693290735202 -607.1825079872204469 -601.8781948881788821 -595.9253194888178768 -589.4376996805111730 -582.4640575079872633 -575.1106230031948598 -567.4478833865814522 -559.5497204472843578 -551.5305511182108376 -543.4295127795527378 -535.3152955271565361 -527.2897364217252516 -519.3941693290735202 -511.6261980830670950 -504.0539137380191619 -496.7402156549520669 -489.7246405750798885 -483.0710862619808381 -476.8722044728434639 -471.0628993610223461
68.3342203943389421 67.8571428571428612 67.4084915930809245 66.9722995040522591 66.5078021047538357 66.0532236603362719 65.6199346800532197 65.2124107898874996 64.8481916051772060 64.5363493407523947 64.2812386597314571 64.0834643764364387 63.9760493528486762 63.8976654167170679 63.8347647272287375 63.7895246159429021 63.7381153985726385 63.6932381758800048 63.6675940486270733 63.6741260433047032 63.7061812023708711 63.7842022499092778 63.8591992258376706 63.9416958993588977
586.7418032786885078 587.4887922382067700 588.1496319839411626 588.7148711943793842 589.1990632318501184 589.6154232184677539 589.9629474740715978 590.2496654399465115 590.4981599197055857 590.6968049514888435 590.8554700568752196 590.9862830378052649 591.0705085312813480 591.0979424556708182 591.0588825694212574 590.9535797925727820 590.7816995650719036 590.5347942455671273 590.2009033121445327 589.7732519237202951 589.2411341585814171 588.5999498159919767 587.8560555369689382 587.0045165607226636
-274.1603288797533651 -278.9822713257964892 -284.2016957862281856 -289.8204008221993604 -295.8178314491264018 -302.1945015416238220 -308.9439876670092531 -316.0071942446043067 -323.3859198355601166 -331.0503597122302040 -339.0501027749228911 -347.3180883864337147 -355.7494861253854310 -364.2009249743062469 -372.5914696813977116 -380.8938848920863052 -389.0534429599177884 -397.0554984583761780 -404.8049845837615521 -412.1963001027748987 -419.0536998972251013 -425.3083247687564494 -431.0007708119218819 -436.1287255909558098
135.8360160965794705 147.3345070422535343 159.1775653923541256 171.2764084507042242 183.5367203219315968 195.9280684104627710 208.4187625754527176 220.9813883299798931 233.5208752515090680 245.7932595573440722 257.7183098591549424 269.1856136820925371 280.1272635814889327 290.5208752515090396 300.3005533199195156 309.5165995975855253 318.1096579476861166 326.1229879275654184 333.5422535211267814 340.3465794768611659 346.5593561368209521 352.1725352112675864 357.1415995975855253 361.4992454728370035
-644.5901613413476525 -643.8372350521987073 -642.5746599177475673 -640.8669724770642233 -638.7206580196140067 -636.0397026257513744 -632.7858272698513247 -628.9957291996204276 -624.7127491300221891 -619.9936728883265005 -614.9080987029420839 -609.5719708952863130 -604.0246757355267846 -598.3098702942106684 -592.5256248022777754 -586.7462828218917821 -581.0075925340082676 -575.3559000316355423 -569.8603290098070602 -564.5651692502373180 -559.5398608035432062 -554.8199936728883586 -550.3696614995254777 -546.2095855741854393
-721.0127931769723091 -720.3784648187632911 -718.7750533049040769 -716.0282515991470973 -711.9946695095949281 -706.6050106609808381 -699.8949893390191619 -691.6828358208955478 -682.0586353944562461 -671.1753731343283107 -659.0820895522388128 -645.7766524520255871 -631.4946695095949281 -616.1748400852878831 -599.9488272921108774 -583.1023454157782453 -565.8640724946694718 -548.5719616204690965 -531.4418976545841815 -514.6588486140724399 -498.4333688699360323 -482.8134328358208904 -467.9301705756929550 -453.7750533049040769
126.8642857142857139 127.8778846153846160 128.9785714285714278 130.2249999999999943 131.6118131868131798 133.0931318681318771 134.6634615384615472 136.3271978021978157 138.0410714285714278 139.7497252747252787 141.4749999999999943 143.2074175824175768 144.8906593406593402 146.5067307692307566 148.1013736263736291 149.6214285714285666 151.0480769230769340 152.3910714285714221 153.6506868131868089 154.8318681318681342 155.8989010989010922 156.8502747252747156 157.6413461538461434 158.2890109890109898
-26.8099250936329589 -7.1034644194756558 13.7851123595505616 35.7181647940074924 58.5271535580524329 82.1142322097378212 106.2153558052434477 130.7195692883895219 155.4625468164794029 180.2668539325842687 204.7654494382022392 228.8567415730337018 252.2574906367041194 274.7411048689138511 296.0800561797752835 315.7944756554306878 333.8314606741573130 350.1015917602996410 364.5692883895131331 377.4822097378277022 389.0126404494382086 399.2593632958801777 408.2411048689138511 415.9798689138576719
-100.5144300144300189 -100.9297739297739298 -101.3481240981241029 -101.8075998075998143 -102.3468013468013424 -102.9451659451659395 -103.5854978354978329 -104.2574555074555036 -104.9274891774891785 -105.6024531024530972 -106.2640692640692635 -106.8968253968253919 -107.4880952380952408 -108.0482202982203006 -108.5663780663780642 -109.0331890331890321 -109.4758297258297262 -109.9302549302549323 -110.3861231361231319 -110.8314093314093327 -111.2645502645502660 -111.6777296777296726 -112.0430495430495483 -112.3036315536315470
466.8289754535752536 464.4477054429028726 461.3890074706509949 457.6971718249733385 453.3721985058697896 448.4834578441835902 442.9671824973319190 436.8228388473852988 429.9991995731056704 422.6256670224119603 414.7275880469583740 406.3508537886872887 397.6088580576307550 388.4882604055496245 379.0197438633937850 369.2123799359658278 359.0971184631803794 348.6704909284952123 337.9741195304162034 327.1840981856990425 316.4381003201707472 305.8908751334045064 295.6232657417289147 285.6483457844183818
-386.3109697053534433 -386.0990455111357278 -385.8326186194494198 -385.5139023378060870 -385.1312768017706389 -384.7245815465486203 -384.2924332549453652 -383.8402268640199395 -383.3516392308756622 -382.7799142343339440 -382.1928344169318166 -381.5883248028773096 -380.9658320652925454 -380.3427860008300172 -379.7339881034721429 -379.1462166274726542 -378.6009129893484442 -378.1170286346659282 -377.6998201687646883 -377.4144418315119651 -377.2441554848526835 -377.1796929035828043 -377.2473371144003522 -377.4303499792502521
-595.3638526912180851 -596.0909915014163971 -596.7560339943343024 -597.3646458923512910 -597.9417563739376646 -598.5311048158640688 -599.1263456090651971 -599.7814164305948452 -600.4966572237959781 -601.2789801699716463 -602.1239660056656930 -603.0094050991501717 -603.9332577903683159 -604.8809065155807048 -605.8509915014163880 -606.8244759206799017 -607.7848158640226757 -608.7108215297450897 -609.5723512747874793 -610.3529745042493460 -611.0288951841359903 -611.5711048158640324 -611.9626062322946609 -612.1771104815863964
-288.3806591814559965 -296.8956899674030865 -305.9286490402027994 -315.4697573342991745 -325.5664614270191919 -336.1800072437522431 -347.1948569358928012 -358.5632017385005383 -370.2828685258963901 -382.2788844621513817 -394.4914885910901603 -406.9003984063745065 -419.4150670047084191 -432.0220934444042200 -444.5563201738500538 -456.8877218399130697 -468.7888446215139311 -480.0865628395508793 -490.7069902209344718 -500.4599782687432139 -509.3889894965591907 -517.6037667511770906 -524.9851503078594988 -531.5490764215863919
-397.9542936288088413 -398.8771929824561653 -399.9533702677746874 -401.1560480147737735 -402.4872268390274144 -403.9749153585718773 -405.5906432748537895 -407.3160972606955852 -409.1448137888581300 -411.1148045552477583 -413.1585103108648696 -415.3022468451831060 -417.5221606648199213 -419.8193290243151523 -422.1640504770698499 -424.5501692828562454 -426.9746075715604547 -429.4330563250230739 -431.8893505694059627 -434.3216374269005655 -436.7369959987688617 -439.0738688827331657 -441.3396429670667658 -443.5187750076946713
-546.2716325263811541 -545.4131595282433409 -544.3379267535692634 -543.0450651769087926 -541.5819987585350646 -540.0074487895716402 -538.3345747982619969 -536.6022346368714580 -534.8607076350093621 -533.1139664804469476 -531.4058348851644951 -529.7409062693978967 -528.1400372439478588 -526.6218497827436522 -525.1546865301055504 -523.7329608938547381 -522.3729360645561428 -521.0855369335815794 -519.8427063935444039 -518.6639354438236751 -517.5476101800123843 -516.4659217877094761 -515.4418373680942977 -514.4929857231533106
202.0206669798027121 188.7679661813057805 174.5720995772663287 159.4941286989196669 143.4119304837952029 126.2973226867073748 108.0986378581493597 88.9713480507280394 69.0075152653828070 48.4391733208078890 27.5260685767966180 6.4781587599812118 -14.4537341474870829 -35.0798496946923422 -55.2860497886331643 -74.9375293565054079 -93.7651479567872173 -111.6444340065758638 -128.5509628933771751 -144.4744011272898092 -159.4044152184123959 -173.2987317989666565 -186.1676843588539327 -198.0286519492719606
1048.6961191961192981 1050.4632709632710430 1052.1292446292445675 1053.6808731808732773 1055.1015246015244884 1056.3672903672904795 1057.4677754677754820 1058.3801108801108057 1059.1011781011779931 1059.6171171171170045 1059.9123354123353238 1060.0027720027719624 1059.9060984060984083 1059.6191961191962037 1059.1510741510742264 1058.5128205128205536 1057.7224532224531686 1056.7983367983367771 1055.7338877338877410 1054.5363825363824617 1053.2051282051281760 1051.7470547470547899 1050.1725571725571626 1048.4993069993070094
740.0370370370370665 740.1287113559841373 740.2205387205386842 740.3322620140802428 740.4637281910008824 740.5979491888582515 740.7280379553106968 740.8622589531680660 740.9978573614937432 741.1284052647689577 741.2517600244873393 741.3581267217631421 741.4461279461279446 741.5166819712273991 741.5618304254668374 741.5974900520354822 741.6221303948576633 741.6388123660850624 741.6409550045913193 741.6458524640343057 741.6478420569329728 741.6524334251606660 741.6516681971227172 741.6461585552494853
-283.7904182272159801 -283.3873283395755038 -282.9316479400749245 -282.4527153558052532 -281.9399188514357206 -281.3831148564294722 -280.8013420724095113 -280.1992821473158415 -279.6095505617977324 -278.9759675405742883 -278.3150749063670446 -277.5802122347066074 -276.7387640449438209 -275.7854244694132149 -274.7568664169787667 -273.6807116104868669 -272.6051810237203767 -271.5460362047440981 -270.4725343320848765 -269.4052746566791257 -268.4316479400749245 -267.5486891385767763 -266.8161672908863693 -266.2208177278401990
-633.3702775636082833 -634.1476484194294017 -634.7289899768696841 -635.1138203546646537 -635.3119699306090524 -635.3696029298380381 -635.2882613723978693 -635.0967617579028683 -634.8049344641480047 -634.3991904394756602 -633.8923477255203807 -633.3167887432537100 -632.6648033924441279 -631.9840979182729370 -631.2869121048573788 -630.5569583654587404 -629.8129336931380067 -629.0344063222821660 -628.2019082498072748 -627.3158249807247557 -626.3750963762529409 -625.3478218966846498 -624.2484579799537414 -623.0878951426368531
-184.4052260896192763 -184.9107890170460280 -185.3035623149943945 -185.5692558946616373 -185.7403286720424660 -185.8277023578646663 -185.8812901908747506 -185.9143615392466984 -185.9882617127692015 -186.1202408900684020 -186.2691640298050402 -186.4546289680514519 -186.6992957027661646 -187.0074512605899884 -187.3480657344084932 -187.6749004797386817 -188.0377666632642786 -188.3829743799122127 -188.6823517403286701 -188.9208941512708009 -189.0465448606716450 -189.0873736858222003 -189.0056139634581882 -188.7794222721241226
-325.4196911196910946 -325.3770913770914035 -325.3220077220076973 -325.2314028314028178 -325.1154440154440408 -324.9812097812097704 -324.8880308880308689 -324.7966537966537999 -324.6954954954954928 -324.6218790218790105 -324.5498069498069640 -324.4907335907336119 -324.4824967824968098 -324.5610038610038828 -324.7455598455598533 -325.0220077220077428 -325.3759330759330624 -325.8074646074646239 -326.3169884169884085 -326.8993564993564860 -327.5961389961390182 -328.3597168597168547 -329.0752895752895597 -329.7323037323037056
522.3206036559444101 522.7530820461952317 523.1098200368428479 523.4060507297718914 523.6610457701573296 523.8755845260025126 524.0529261725945389 524.1971092532237435 524.3121014595436691 524.4196542440130315 524.5095649709508052 524.5894856171177025 524.6538189032166883 524.6933541164801227 524.6985971375938789 524.6689103018279638 524.6109536630295906 524.5135326626044616 524.3750885645458766 524.1803174153322971 523.9265977044069587 523.6127958055831186 523.2252373529828446 522.7627178687827154
-425.8433323855558683 -420.8581177139607803 -415.2064259311913474 -408.9075916974694564 -401.9769690076769848 -394.4509525163491617 -386.4452658515780286 -378.1046346317884286 -369.4444128518624098 -360.6548194483935390 -351.7600227466591036 -342.7853284048905493 -333.8245663918111745 -324.9792436735854153 -316.3744668751776885 -308.1430196189934350 -300.4080181973272943 -293.1498436167187833 -286.4108615297128040 -280.2379869206710055 -274.6497014500995419 -269.5916974694341661 -265.0744953085015823 -261.0946829684390309
-114.0118851105975608 -120.1304060746120825 -126.8481346979201021 -134.0851766259491455 -141.9230769230769340 -150.2558600198085230 -158.9834929019478409 -168.1670518322878820 -177.6474083856058144 -187.5467150874876268 -197.7877187190491952 -208.2142621327170673 -218.8530868273357441 -229.4991746450973835 -240.0003301419610295 -250.1482337405084309 -259.8616705183228532 -269.1251238032353967 -277.8091779465170248 -285.8580389567513862 -293.3034004621987378 -300.1670518322878820 -306.3053813139650288 -311.7992736876856839
-765.9340475393371435 -766.0445262805490074 -765.4512889186474922 -764.1044526280549007 -762.0036826247070394 -759.1627050552393712 -755.6129896216940551 -751.3314362236357056 -746.2802142618011203 -740.5808503515232815 -734.2551054569802318 -727.3545363240709776 -719.8808168731168280 -711.8821560093739436 -703.5008369601606546 -694.8647472380314412 -686.0401740877134671 -677.2366923334449211 -668.5965852025443610 -660.1232005356545187 -651.8610646133244018 -643.9310344827586050 -636.3920321392702135 -629.2815533980582359
906.5956580732699877 902.8018995929443236 897.9416553595658570 891.9362279511533416 884.6716417910447490 876.1587516960651101 866.2822252374490972 855.1356852103120900 842.7123473541383873 829.2890094979646847 815.0244233378562058 800.0773405698778333 784.7394843962008508 769.3093622795115607 753.9986431478969280 739.0203527815467623 724.5617367706920504 710.6892808683853673 697.5156037991858966 685.1099050203528122 673.5780189959294830 662.8493894165535494 652.9402985074626713 643.8181818181818699
260.6446309496436129 261.2973097263738964 261.9512531616463775 262.6022074040009215 263.2770751896987917 263.9652793745688655 264.6723384686134750 265.4212462635088627 266.2184410209243310 267.0812830535755324 268.0058634168774461 269.0018395033341108 270.0589790756495745 271.1854449298689360 272.3604276845251775 273.5355254081397902 274.6771671648654660 275.7592550011497110 276.7562658082317739 277.6301448608875830 278.3451368130604919 278.8843412278685037 279.2391354334329776 279.4079098643366024
453.3992062776224543 453.9318120321096899 454.3766573464417888 454.7327500676468048 455.0062235050058348 455.2056462523676146 455.3238026517543062 455.3871200505096226 455.4174258140164397 455.4318571299720588 455.4457472715793074 455.4605393704338212 455.4913863082890089 455.5347704518806040 455.5940290430233404 455.6585189862000789 455.7230991251014984 455.7672950302155641 455.7802832145756042 455.7432127717146386 455.6421935600252482 455.4759628393613866 455.2388382790655896 454.9176513033282276
-561.2256981265464901 -566.7354188759278486 -572.6710851891127732 -579.0196182396606446 -585.7288794627077095 -592.7195121951219789 -599.9468009897490219 -607.2905620360551211 -614.6288441145280785 -621.9133969600565024 -629.0090137857899890 -635.8587840226227854 -642.4165782962177218 -648.5742311770943616 -654.2582184517497126 -659.4446800989749136 -664.0645104277130031 -668.0759985860728420 -671.4945210321668583 -674.2622834924001154 -676.3833510074231299 -677.8923647932131189 -678.8048780487804379 -679.1661364439731869
-698.8547717842324118 -698.4364390795925601 -697.5281026027913640 -696.0797812146360002 -694.0852508487363366 -691.5611090154658314 -688.5441342889475891 -684.9809505846850470 -680.9451150509241870 -676.4728404375707669 -671.6109015465862058 -666.3772161448509905 -660.8195020746887849 -654.9949075820445614 -648.9345529988682983 -642.7031308940022427 -636.3355337608450100 -629.9241795548849723 -623.5252734817049713 -617.2199170124481498 -611.0731799321010840 -605.1427763108260933 -599.4092795171633270 -593.9443606186345050
346.1293196279980293 347.3625061184532683 348.4099853157121629 349.2757709251101232 349.9624082232011801 350.4914341654429677 350.8983847283406590 351.1775819872736406 351.3571218795888171 351.4849730788056945 351.5603524229074992 351.6000978952520768 351.6262359275575022 351.6238864415075795 351.5519334312285764 351.4279980420949414 351.2339696524718420 350.9186490455213061 350.4889867841409909 349.9430249632893037 349.2512971120900716 348.4230053842388770 347.4619676945667948 346.3821830641213637
-609.5955882352941444 -615.7813725490195793 -622.4838235294117794 -629.6546568627451279 -637.2301470588234906 -645.1563725490195793 -653.2541666666667197 -661.3867647058823422 -669.5115196078431836 -677.4901960784313815 -685.2531862745098579 -692.6909313725490165 -699.7477941176470040 -706.3384803921568391 -712.3681372549019670 -717.7311274509803525 -722.3769607843137237 -726.2737745098039568 -729.3544117647059011 -731.6860294117647072 -733.3303921568627857 -734.3647058823529505 -734.7759803921568391 -734.6629901960784537
25.0312372118401321 24.1604146773973554 23.3361069431182635 22.5748192606738520 21.9133815304869728 21.3065066157413732 20.7959350702496266 20.3749829491201737 20.0256445232574016 19.7906151957440990 19.6653935343063715 19.6258354931114454 19.6561178556813516 19.7636066021006691 19.8967398717773847 20.0632928659118797 20.2805892784067652 20.4916109671259044 20.6608921020324665 20.7535124812440337 20.7367344154958388 20.6297912972309376 20.4798799618060308 20.2482608102578077
-554.4002965159377254 -551.0902520385470780 -547.2816901408450576 -542.9818383988139203 -538.1840252038547305 -532.9217939214232729 -527.2251667902149848 -521.1217568569310288 -514.6497405485545187 -507.8713862120088720 -500.7946627131208288 -493.4738695329874076 -485.9751667902149848 -478.4078947368420813 -470.9247590808005839 -463.5578206078576500 -456.4034469977761432 -449.5448480355819356 -443.0700518902891076 -437.0500370644922441 -431.4520014825797034 -426.3141215715344856 -421.5737583395107322 -417.2527798369162610
-571.5860368859943037 -571.9193499300017720 -572.1746302270375963 -572.3547994400146308 -572.4667965183516571 -572.5163430519203303 -572.5312557063729173 -572.5111692738449847 -572.4638139874612079 -572.3869986000365770 -572.2785927323634496 -572.1356747215289715 -571.9679225759327892 -571.7858664556576969 -571.5993061050580764 -571.4179804005112828 -571.2447501369529164 -571.0808326739302174 -570.9096110536246442 -570.7164769614705619 -570.4919958609775676 -570.2455414206585829 -569.9645139692007660 -569.6203055572462972
-231.3073857267405629 -231.2892016440403609 -231.2534562211981495 -231.1914310623988058 -231.1289077095528626 -231.1274131274131207 -231.1450990160667516 -231.1570556731847148 -231.1744924648150459 -231.1782289201644005 -231.1837090546767968 -231.1738697222568248 -231.1368788142981714 -231.1180719890397199 -231.1201893137377112 -231.1125918545273521 -231.0978951301532049 -231.0721135882426154 -231.0454602067505334 -231.0103375264665715 -230.9663719018557799 -230.8901482127288602 -230.7778054552248079 -230.6116577406899921
331.9563031709203642 329.0672853828306188 325.7113302397524990 321.8567285382830505 317.5222351121423117 312.7459396751739860 307.5939675174013814 302.0848801237432326 296.2353054911059758 290.1059551430781198 283.6662799690641918 276.9895591647331798 270.1540989945862066 263.1589327146171513 256.0574245939675393 248.9367749419953668 241.8565351894818320 234.8766434648105133 228.0574245939675109 221.4526295436968155 215.0500773395204988 208.8476411446249017 202.8810904872389926 197.1800077339520385
-635.0404721753794774 -608.7453625632377907 -579.1821247892073643 -546.5143338954468391 -510.7369308600337376 -472.2748735244519480 -431.5008431703204224 -388.6998313659358928 -344.3102866779089481 -299.0489038785834737 -253.2596964586846582 -207.5480607082630797 -162.6458684654300271 -119.0876897133220922 -77.2006745362563294 -37.4215851602023619 0.2242833052276560 35.6424957841483945 68.6172006745362495 99.0843170320404738 127.0590219224283288 152.4553119730185529 175.4704890387858427 196.0607082630691309
106.9810650887573900 81.9928994082840177 54.8142011834319547 25.6153846153846168 -5.4982248520710062 -38.1704142011834335 -72.1893491124260294 -107.2568047337278045 -143.1502958579881692 -179.3041420118343297 -215.3147928994082747 -251.0508875739645021 -286.0142011834319646 -319.8721893491124320 -352.3869822485207237 -383.1928994082840063 -412.1810650887574070 -439.1337278106508961 -463.9573964497041629 -486.6106508875739678 -507.0615384615384755 -525.0414201183432397 -540.6000000000000227 -553.9278106508875226
-435.1311989956057573 -422.1261770244821037 -407.5963590709353639 -391.4306340238543385 -373.6993094789705196 -354.5624607658505738 -334.2347771500313911 -312.9409918392969416 -290.9384808537350864 -268.3157564344004982 -245.4243565599497856 -222.4657878217200278 -199.6591337099811767 -176.9026993094789759 -154.3427495291902005 -131.9265536723163734 -109.9629629629629619 -88.3534212178280001 -67.3408662900188375 -46.9918392969240415 -27.2768361581920900 -8.2084118016321401 10.0031387319522906 27.2931575643440034
-1062.9053672316383654 -1069.9618644067795685 -1076.3163841807909193 -1081.9223163841807036 -1086.8827683615818387 -1091.1341807909604995 -1094.6977401129943246 -1097.5833333333332575 -1099.7725988700565267 -1101.2146892655366628 -1102.0225988700565267 -1102.1949152542372303 -1101.8559322033897843 -1101.0070621468926220 -1099.6214689265536890 -1097.8121468926553916 -1095.4562146892656074 -1092.5183615819209990 -1088.9915254237287172 -1084.9816384180790010 -1080.4731638418079456 -1075.4929378531073780 -1070.1186440677965948 -1064.3587570621468785
-493.8256942876495827 -489.3109053962519965 -484.2018514337322017 -478.5448182433958095 -472.3951230526078007 -465.7658613682546616 -458.7638293068412736 -451.4703093249040649 -444.0372544592459008 -436.5732671031835821 -429.1230526078121557 -421.8487243170015972 -414.8394671483404750 -408.1156017159629528 -401.6662903589975144 -395.4522465567848144 -389.4687288326936141 -383.7649582298487303 -378.3208399187175246 -373.0923459020094697 -368.1481146985775581 -363.4601490178370113 -359.0729284262813508 -355.0178369835177250
489.0309056061332171 489.5070276313687714 489.9094393866794235 490.2327104296438165 490.4824309215780431 490.6826385561411712 490.8469094393867067 490.9824309215780431 491.0934355534259907 491.1835170100623031 491.2505190864079054 491.3059415428845114 491.3481871905446496 491.3826066123622240 491.4064047276792735 491.4214981632326840 491.4026513336527842 491.3436352020444247 491.2273598466698559 491.0449608688707599 490.7871745727519510 490.4353138476281515 489.9976840760261894 489.4667784698929722
99.5143012803050908 93.6603105420866200 87.5044946880958889 81.0558430945246471 74.2969218196676593 67.2002179242713140 59.7932443475892157 52.1005175701443761 44.1944974121492749 36.0923454099700365 27.8441841460092618 19.5047670934350315 11.2157450286025604 3.0700081721601742 -4.8294742576954510 -12.4557341323889954 -19.7409425224734392 -26.5328248433669316 -32.8147643693816420 -38.5548896758376429 -43.7540179787523869 -48.4203214383001921 -52.6464178697902483 -56.4502860256061041
109.2248875562218871 126.7476261869065439 145.1099450274862477 164.3833083458270892 184.5182408795602100 205.3753123438280852 226.8360819590204756 248.6066966516741559 270.4647676161919208 292.2458770614692867 313.9135432283858336 335.0989505247376314 355.6211894052973435 375.3263368315842285 394.0264867566216935 411.6106946526736579 427.8500749625187609 442.7331334332833421 456.2603698150924743 468.3298350824587715 478.8270864567716103 487.8240879560219696 495.3353323338330938 501.4477761119440515
258.0254777070063597 240.8927813163481915 221.2876857749469082 198.9692144373672988 173.9702760084925615 146.4511677282378059 116.7388535031847141 84.9575371549893816 51.5785562632696397 17.0127388535031834 -18.3566878980891737 -54.1963906581740957 -90.2823779193205951 -126.2600849256900233 -161.7696390658174153 -196.4830148619957413 -230.3036093418259043 -262.9246284501061837 -293.8800424628449832 -322.9554140127388564 -349.9278131634819715 -374.6560509554140026 -397.0392781316348305 -417.1592356687897905
-360.2826457551994395 -355.9601091033072180 -350.9594272076372476 -345.2069553358336407 -338.7269007841800317 -331.3719740879645315 -323.0889873849300784 -313.9359018070235265 -304.1193317422434461 -293.6512103648141760 -282.6515513126491896 -271.3845891578588407 -260.0225025571087372 -248.6280259120354685 -237.2270712580975101 -226.0334128878281490 -215.1772928741902433 -204.7589498806682684 -194.8302079781793452 -185.4711899079440798 -176.5468803273099354 -168.1510398908966977 -160.3440163654960884 -153.1016024548244161
-918.6060606060606233 -916.3478260869565020 -913.5810276679842445 -910.3333333333333712 -906.4993412384716294 -901.9828722002635004 -896.6837944664031284 -890.5691699604742553 -883.5032938076416258 -875.1317523056653727 -865.2463768115942457 -853.7602108036891195 -840.4729907773386230 -825.1778656126482474 -807.5612648221343761 -787.3807641633728736 -764.8313570487483730 -739.8445322793148762 -712.8247694334651214 -684.1673254281949994 -654.3702239789196256 -623.7417654808958787 -592.6258234519103780 -561.3254281949933784
-460.0101768839350598 -459.2519990307729358 -458.4499636539859466 -457.6221226072207173 -456.7683547370971837 -455.9304579597770726 -455.1591955415556185 -454.4514174945480818 -453.8211776108553295 -453.2960988611582138 -452.8624909134964582 -452.5201114611097637 -452.2666585897746359 -452.0955900169614665 -452.0146595590017000 -452.0484613520717403 -452.1791858492852043 -452.4350617882238907 -452.8137872546644189 -453.2832566028592396 -453.8401986915434918 -454.4573540101768572 -455.1366610128422394 -455.8590986188514762
523.2174154187465547 521.3998890737659622 518.9697726012201429 515.8810316139766883 512.1552967276760455 507.7762063227953604 502.7579034941763894 497.1891292290627007 491.0881863560732086 484.4902939545202685 477.4808652246256315 470.1602884082085438 462.5590682196339571 454.6794231835829123 446.5646145313366446 438.2312811980033302 429.7199112590127470 421.0551858014420645 412.2970049916805237 403.4611758180809602 394.5568496949528594 385.6536328341653075 376.7750970604548115 367.9908485856905145
-735.3680336487907425 -747.2145110410094730 -759.4479495268138862 -772.0546792849631856 -784.9810725552050599 -798.1850683491062455 -811.5257623554153952 -824.8443743427970958 -838.0241850683490838 -851.0494216614090419 -863.6866456361724431 -875.8159831756046287 -887.2765509989484372 -897.9978969505783652 -907.8822292323869760 -916.7613038906414431 -924.4826498422712575 -931.1072555205047365 -936.7465825446897725 -941.3701366982123773 -945.0725552050473652 -948.0273396424815928 -950.2355415352260479 -951.8349106203995689
-20.3270283131096825 -20.8156078991196765 -21.2715917201998579 -21.6884368308351192 -22.0831548893647387 -22.4255293837734939 -22.7097311444206511 -22.9237449440875558 -23.0858910302165121 -23.1992624315964804 -23.2620747085415189 -23.2624315964787058 -23.2243635498453500 -23.1310968355936240 -22.9613371401379958 -22.7374494408755652 -22.4798953128717578 -22.1757078277420874 -21.8166785629312407 -21.4150606709493232 -21.0078515346181298 -20.6124197002141329 -20.2372115155841072 -19.8901974779919115
-148.9913207152567054 -149.2731360451741125 -149.4775698002718798 -149.6009620412004608 -149.6427899194813449 -149.6343197741294659 -149.5748196172749260 -149.4903273031475521 -149.3567918017358522 -149.1379274286311727 -148.8451322806650694 -148.5142737634633363 -148.1700303252117408 -147.8346753110948555 -147.5264038481647901 -147.2189689428003874 -146.8565303774965969 -146.4358464916867035 -145.9671651155495056 -145.4313499947715229 -144.8911429467740390 -144.3307539475060253 -143.7932657115967743 -143.2599602635156373
236.3913129710432486 244.2370091233637481 252.2633875446251466 260.4998016660055669 268.8748512495041609 277.3270527568425337 285.7318524395081454 293.9970249900832755 302.0261800872669369 309.7943276477588483 317.2766759222530482 324.4504165013883608 331.3589845299484296 337.9712415708052617 344.3236810789369429 350.3433161443871313 356.0226100753669130 361.3488694962316572 366.2445458151527191 370.6408171360571373 374.4970249900832755 377.7725109083696680 380.4892899642998714 382.5608885362951241
-799.2178242469504994 -801.7448344535723663 -804.0515309932785613 -806.1443863579786466 -808.0112023898432199 -809.5994523276076507 -810.9479711227284042 -812.0592481951705395 -812.9564351506098774 -813.6532237988548104 -814.1799850634802169 -814.5327358725417071 -814.7413492656211247 -814.8339556883246360 -814.8073188946975733 -814.6567089868060521 -814.3888473985560950 -813.9858103061986867 -813.4451082897684273 -812.7433408015932628 -811.8757779437390809 -810.8187702265372536 -809.5538959422455036 -808.1062982325117900
112.0023900573613815 111.3450047801147207 110.6539196940726555 109.9502868068833692 109.2782026768642396 108.6847514340344105 108.1463910133843171 107.6517686424474221 107.1726816443594714 106.7149856596558379 106.2552581261950309 105.8267208413001867 105.4366634799235243 105.0972753346080282 104.7613527724665374 104.4122848948374696 104.0775573613766767 103.7480879541109005 103.4132409177820335 103.0764818355640529 102.7477294455066925 102.4082217973231366 102.0677581261950309 101.6996892925430274
232.3515684774292254 232.1080719204284719 231.8427697016067270 231.5536534047436987 231.2678844682478996 231.0327084927314445 230.8504208110175853 230.7189173680183671 230.6474751338944031 230.6126625860749755 230.6152448355011586 230.6346595256312071 230.6884085692425401 230.7619548584544873 230.8508990053557852 230.9451989288446896 231.0167368018362595 231.0581484315225680 231.0398814078041312 230.9716908951797905 230.8658186687069644 230.7315416985462946 230.5605394032134541 230.3626625860749755
-481.8387518379349785 -485.3487992158143811 -489.0733540271197626 -493.0493383434079533 -497.2359091651690619 -501.6152589446168690 -506.1736644339160307 -510.8730599575232532 -515.6639438000327118 -520.5575886293089525 -525.5526874693676973 -530.6575722921090801 -535.8031367423623124 -540.9748407123018978 -546.1233458585198832 -551.2166312694004091 -556.2283940532593078 -561.1280836464629829 -565.7987256984152964 -570.1998039536023271 -574.2940695964712177 -578.0302238196372855 -581.3393236399281250 -584.2331318412024075
-495.2107367218732179 -502.0439748715019732 -509.2533790215115346 -516.8189605939463718 -524.7026461069864354 -532.8553207690843010 -541.2170188463735485 -549.7353893013515744 -558.3700742432895368 -567.0750047591852763 -575.7928802588996859 -584.4041500095183892 -592.7926898914905678 -600.8817818389492231 -608.5261755187511881 -615.6470588235293917 -622.1614315629163912 -627.9920045688178334 -633.1418237197791541 -637.5764325147534919 -641.2577574719208542 -644.1852274890538865 -646.4475537787931216 -648.0593946316390657
193.7104350146784100 185.8820389645049431 177.5164131305043895 168.6495863357352505 159.2941019482252329 149.5497731518548221 139.4248732319188662 129.0272217774219428 118.4558313317320568 107.6696023485455100 96.7339204697091049 85.7219108620229520 74.6893514811849428 63.6642647451294366 52.8697624766479848 42.3827061649319461 32.3199893247931698 22.7045636509207363 13.5785962103015745 5.0269548972511346 -2.8948492127034959 -10.1361088871096872 -16.5916733386709367 -22.2538030424339475
-2.1719676549865228 3.4053908355795146 9.5773584905660378 16.3714285714285701 23.7363881401617256 31.5517520215633418 39.7560646900269532 48.2962264150943383 57.1420485175202160 66.2894878706199506 75.7506738544474416 85.4463611859838323 95.2247978436657689 105.1150943396226438 114.9911051212937991 124.8884097035040384 134.8272237196765388 144.6687331536388115 154.1999999999999886 163.3035040431266793 171.9380053908355706 179.9706199460916309 187.3897574123989216 194.1474393530997418
189.6490561822852783 189.2936445884061243 188.8933318440746234 188.4570535016195549 187.9829107561711226 187.4697866636881542 186.9327599687255770 186.3732826985367979 185.8059868200603262 185.2552217133921602 184.7457835362448293 184.2988942253992946 183.9299676086228033 183.6323020216687212 183.3757399754272228 183.1654194124874380 182.9768792583491575 182.7874455489779848 182.6169998883055996 182.4408578130235696 182.2021668714397435 181.9113146431363930 181.5614877694627580 181.1433039204735849
649.6155279040309551 649.9333134639744003 650.2139929960509335 650.4540645257432061 650.6573280679532445 650.8263169659488767 650.9604351389613157 651.0581178749720266 651.1183220326354331 651.1675732061694362 651.1916399672155649 651.1920125176961847 651.1838909172192871 651.1601967066537782 651.1165337903286172 651.0467178302659477 650.9634900529022161 650.8585798375679587 650.7249832352283647 650.5609865136725602 650.3606288652111971 650.1201102749422489 649.8403248640190668 649.5166530064823291
-421.7799467613132265 -436.1543921916592694 -452.2981366459627566 -470.1774622892635307 -489.6326530612245165 -510.3149955634427783 -532.0461401952085225 -554.5607808340727161 -577.5199645075421131 -600.4702750665483109 -623.1233362910381857 -644.9946761313220804 -665.7772848269743236 -685.2440106477373547 -703.0860692102928624 -719.2369121561667953 -733.6894409937888213 -746.4330079858029876 -757.4170363797693426 -766.7089618456078597 -774.3389529724933027 -780.1268855368234654 -784.3158828748890983 -786.9875776397515210
-93.3234501347708942 -115.1125336927223657 -138.1179245283018986 -162.3355795148247864 -187.6185983827493260 -213.5929919137466300 -239.9912398921833017 -266.6684636118598632 -293.3133423180593127 -319.7520215633423390 -345.8456873315363964 -371.2836927223719954 -395.8497304582210177 -419.4770889487870704 -441.9285714285714448 -463.1334231805930131 -482.8146900269541675 -500.8483827493261629 -517.2149595687332067 -531.8685983827493828 -544.7291105121294095 -555.9009433962264666 -565.5181940700808809 -573.5330188679245111
-179.2630608481868535 -157.0079901659495931 -133.3491087891825373 -108.3558696988322083 -82.2735095267363192 -55.1739397664413005 -27.2999385371850032 1.1763982790411800 29.9711124769514434 58.9090350338045496 87.8020897357098988 116.2200368776889974 143.9477566072526145 170.7756607252612184 196.3859864781807119 220.6133988936693413 243.4738783036262930 264.8899815611554800 284.6834665027658389 302.7498463429624849 319.1094038106945163 333.7793484941610132 346.8758451137061911 358.3718500307314230
-653.9274038461538794 -662.9399038461538112 -672.5028846153845734 -682.4644230769230262 -692.7187500000000000 -703.1879807692307622 -713.7711538461538794 -724.3413461538461888 -734.7442307692307395 -744.8028846153846416 -754.4567307692307168 -763.6245192307692378 -772.1278846153845734 -779.9562499999999545 -787.1052884615384073 -793.5677884615384983 -799.3817307692307850 -804.5187499999999545 -809.0086538461538339 -812.9105769230769738 -816.2250000000000227 -818.8971153846154039 -820.9754807692307850 -822.4903846153846416
-49.9223980523432758 -55.9744370054777818 -62.5279975654290965 -69.5383444917833202 -76.8694461351186789 -84.5462568472306799 -92.5139987827145518 -100.7151552038953071 -109.1962872793670130 -117.8292757151552053 -126.6795496043822311 -135.6442483262325140 -144.6305538648813069 -153.5782105903834349 -162.3703590992087697 -170.9966524650030522 -179.3137553256238448 -187.2897139379184352 -194.7903225806451530 -201.7102860620815648 -207.9695678636640253 -213.5812538040170523 -218.5146074254412554 -222.8426658551430251
-373.5242369838420018 -386.0175942549371371 -399.2793536804308587 -413.2657091561939069 -427.9274685816876058 -443.1630161579892047 -458.8646319569120351 -474.9016157989228191 -491.0915619389587050 -507.1964093357270826 -523.0262118491921228 -538.4308797127469006 -553.2671454219030238 -567.3403949730700333 -580.6599640933573028 -593.0000000000000000 -604.2323159784559721 -614.2276481149012852 -622.9479353680430904 -630.3913824057450483 -636.5856373429083988 -641.6082585278276156 -645.4725314183124283 -648.2362657091562141
595.9769392033542772 608.8805031446540852 622.7337526205450331 637.4025157232704260 652.8867924528301501 669.4507337526205220 686.9077568134172225 704.9392033542976606 723.4612159329140013 742.3270440251571927 761.0859538784067126 779.4821802935010737 797.5157232704402759 815.1111111111110858 832.1299790356393942 848.3081761006288843 863.5576519916143070 877.3878406708595321 889.4088050314464908 899.5660377358490223 907.6519916142557349 913.7002096436058309 917.6268343815513617 919.6142557651991183
-386.5371828521434736 -359.5371828521434736 -330.5083114610673647 -299.7077865266841741 -267.3350831146106543 -233.6710411198600070 -199.1802274715660417 -164.0971128608923948 -128.9028871391076052 -93.9973753280839901 -59.6736657917760311 -26.1959755030621189 6.2397200349956252 37.5223097112860913 67.3333333333333286 95.6754155730533711 122.2572178477690272 147.1776027996500318 170.3263342082239831 191.6885389326334348 211.3849518810148709 229.5844269466316803 246.2948381452318358 261.7786526684164414
-541.8093952483801559 -535.1106911447084258 -527.1857451403888035 -518.0448164146868066 -507.8131749460043238 -496.4632829373650225 -484.0313174946004438 -470.4784017278617512 -455.8326133909287137 -440.0599352051835922 -423.2213822894168516 -405.4130669546436252 -386.7062634989200660 -367.2251619870410195 -347.0377969762419070 -326.3709503239740570 -305.2278617710583148 -284.0556155507559311 -263.1700863930885248 -242.7996760259179325 -223.2564794816414633 -204.9384449244060420 -187.9362850971922114 -172.0307775377969790
553.8244117437975547 554.7852420558754147 555.6638942205161129 556.4538281083387119 557.1401151631478115 557.7171394042794645 558.1955640861591519 558.5778062131229262 558.8792919599061406 559.1197128030141812 559.2979313286415390 559.4138053600626108 559.4706049619677515 559.4723821710385891 559.4102509419208218 559.2772446150564747 559.0583635458875733 558.7512618184402982 558.3631904457240580 557.8738181559679106 557.2827895073576201 556.5959337456458798 555.8086301272481933 554.9313286415014090
20.8565726450239488 15.5226184140500258 9.8012240553485892 3.6809473124002130 -2.8922299095263440 -9.8972857903139975 -17.2075572112825981 -24.7461415646620537 -32.3821181479510400 -40.0952634379989377 -47.8203831825439067 -55.5106439595529508 -63.1556679084619503 -70.7304417243214516 -78.1229377328366184 -85.2637040979244318 -92.1224055348589701 -98.6146886641830775 -104.7179350718467248 -110.4183076104310857 -115.6809473124002068 -120.4579563597658307 -124.7815327301756270 -128.7200638637573036
536.0845679012345499 530.6925925925926322 524.0487654320987758 515.9901234567901156 506.4018518518518590 495.0487654320987758 481.9185185185185105 466.9635802469135797 450.2438271604938222 431.6574074074073906 411.2345679012345840 389.0611111111111313 365.2882716049382452 340.1308641975308547 313.8530864197530832 286.7685185185185333 259.2561728395061778 231.8061728395061607 204.7376543209876445 178.3580246913580254 153.0827160493827250 129.1413580246913568 106.8216049382716051 86.2882716049382736
277.5970687169630082 287.8815473330129748 298.3964440172993591 309.0449303219605781 319.7133589620374892 330.3450264296011483 340.8051417587698211 351.0872176838058749 361.1922152811148408 371.0533397405093865 380.6191734742911876 389.8714560307544730 398.7578087457952734 407.2424315233060952 415.2693416626621570 422.7229697260931971 429.5468524747717538 435.7119173474291074 441.1439211917347620 445.8904372897645203 449.9529072561268777 453.3318116290245143 456.0201826045170606 458.0655934646804326
-397.5501146072098209 -401.9095644926026125 -406.6859762450510516 -411.9320691810793846 -417.6745155240674876 -423.8951864971868986 -430.5624088351739829 -437.6384663471556564 -445.0625130235465576 -452.7772452594290371 -460.7380704313398496 -468.8545530318816645 -477.1081475307355504 -485.4332152531777638 -493.7491143988331146 -501.9685351114815717 -510.0395915815794865 -517.8410085434466055 -525.2635965826214033 -532.2950614711397748 -538.8068347572410630 -544.7324442592206424 -550.0914773911231350 -554.8589289435299179
-600.7342365815528638 -596.0724335591453382 -590.5054715997915764 -583.7535174570089112 -575.7081813444502814 -566.2501302761854731 -555.3381969775924745 -543.1136008337675776 -529.6941115164147504 -515.0005211047420062 -499.1511203751954326 -482.2136529442418009 -464.3199583116206099 -445.5539343408025275 -426.1839499739447774 -406.4252214695153498 -386.5148514851485402 -366.6159458051068327 -346.8629494528400414 -327.3944762897342571 -308.4215737363210224 -290.1323606044815051 -272.5596664929651070 -255.9161021365294459
368.6999460334592413 375.7763086886130850 382.9441446303292196 390.1759309228278312 397.5442525634106801 405.0348084187803579 412.7663248785752899 420.7539125742039801 428.9473826227738869 437.2614678899082605 445.7034538586076451 454.1543443065299357 462.5080949811116966 470.6618996222342162 478.5631408526713244 486.1667566109012455 493.3308148947652398 500.0091743119265857 506.1011872638964064 511.5080949811116966 516.2215326497571368 520.2579600647597999 523.5685375067457699 526.1983270372369361
-766.0716595744680717 -767.4274042553191748 -768.4869787234042633 -769.2462978723403921 -769.7210212765957067 -769.9405957446808770 -769.9239148936170523 -769.7084255319149406 -769.3022978723404321 -768.7400851063829350 -768.0333617021276496 -767.2095319148936596 -766.2857872340425729 -765.2609361702127444 -764.1087659574468489 -762.8330212765957867 -761.4108936170213155 -759.8348936170212937 -758.0733617021276132 -756.1411063829787054 -754.0074893617021417 -751.6822127659575017 -749.1967659574468144 -746.5668085106383387
831.3176985616009915 832.8664790494058252 834.3242651657285478 835.6944965603502169 836.9881175734834642 838.1585365853658232 839.2376485303315121 840.2057535959975212 841.0403377110694692 841.7320200125078600 842.2851782363977691 842.6963727329581388 842.9612257661037802 843.0537836147592543 842.9868667917448875 842.7492182614133753 842.3402126328956001 841.7636022514071783 841.0375234521576431 840.1682301438398781 839.1597873671043999 838.0481550969356022 836.8283302063789506 835.5103189493432865
-189.2594578492701771 -185.4605302353291734 -181.3729520405123594 -176.9291033661006907 -172.1546023235031271 -166.8832290735776098 -161.0720881739648576 -154.6586237712243133 -147.6955615132558819 -140.1751563896335995 -132.2225201072386085 -123.8856121537086636 -115.2135835567470963 -106.2368185880250167 -97.0682156687518614 -87.8814417634793017 -78.7628835269585892 -69.8108430145963723 -60.9812332439678286 -52.5099791480488562 -44.3324396782841816 -36.5287459040810276 -29.2421805183199268 -22.4843610366398572
-282.1394039735099568 -276.1394039735099568 -269.4066225165562969 -262.1082781456953512 -254.1609271523178677 -245.6592715231788020 -236.9066225165562969 -228.0029801324503183 -218.9427152317880712 -209.8629139072847636 -200.7688741721854342 -191.6649006622516538 -182.4692052980132360 -173.2228476821192089 -164.0529801324503296 -155.0986754966887418 -146.2784768211920436 -137.7778145695364174 -129.9109271523178677 -122.6701986754966924 -116.1284768211920522 -110.3546357615894067 -105.2433774834437088 -100.8543046357615935
-50.5997751545812235 -48.0311973018549736 -44.7577290612703749 -40.8007307476110199 -36.1014614952220327 -30.6832490163012928 -24.6008993816750987 -17.8839235525576150 -10.5536818437324342 -2.7782462057335580 5.4409780775716694 13.9384485666104556 22.6722878021360330 31.5424395727937039 40.4013490725126445 49.1450252951096118 57.6374367622259669 65.7838673412029209 73.5463743676222634 80.9440697020798154 87.9629005059021978 94.5272625070264212 100.6590781337830265 106.3448566610455259
-170.5097332372025960 -164.2754145638067769 -157.3547224224946035 -149.6467195385724551 -141.0234318673395819 -131.6438356164383663 -121.4657534246575352 -110.4102379235760623 -98.5875991348233640 -86.0515501081470831 -72.8370583994232135 -59.0742609949531357 -44.9480894015861594 -30.5310021629416006 -15.9235760634462871 -1.1341023792357607 13.8114635904830578 28.7530641672674854 43.5266762797404496 58.0158615717375596 71.9430425378514826 85.0739005046863781 97.4315068493150704 108.8348954578226397
220.7174747959673482 215.6769083053288512 210.1464234277484309 204.1634661545847393 197.7693230916946732 190.9906385021603512 183.8864618338934349 176.5122419587133891 169.0117618819010943 161.5307249159865535 154.0940950552088395 146.6730676908305213 139.3372539606336886 132.1195391262602072 125.0590494479116614 118.1651464234277427 111.4481517042726892 104.9243879020643249 98.5525684109457529 92.3470955352856464 86.3667786845895336 80.7157945271243449 75.4644743158905413 70.5909745559289519
-691.5848802157702266 -692.4605743296842775 -693.1615897191813929 -693.6925273679200927 -694.0699666825321401 -694.3085038870378867 -694.4159130572743379 -694.4251943518959251 -694.3429319371728070 -694.1767412343328942 -693.9436776138346659 -693.6544502617800845 -693.3035855941615182 -692.8924321751546813 -692.4136918927495117 -691.8790258607012902 -691.2881167697921683 -690.6198635570362967 -689.8699032206885704 -689.0422021259718122 -688.1133587180707991 -687.0970172933523372 -686.0003966365222823 -684.8112010153895426
413.5354595879556427 414.5992472266244135 415.5408082408874861 416.3747028526149165 417.1019215530903352 417.7154318541996645 418.2311806656101680 418.6470879556259774 418.9776148969888823 419.2298930269413404 419.4165015847860332 419.5432844690966476 419.6080625990491058 419.6101426307448605 419.5805269413629048 419.5163431061806705 419.4072900158478774 419.2746632329635759 419.1102416798732406 418.9057052297939663 418.6476822503962012 418.3059627575277091 417.8644017432646365 417.3201267828843015
906.5831334932054233 908.4524380495603282 910.1290967226218527 911.6270983213429417 912.9296562749800614 914.0563549160671073 915.0275779376498804 915.8641087130296228 916.5751398880895522 917.1434852118305798 917.5943245403676656 917.9040767386090920 918.0611510791367209 918.0431654676259541 917.8313349320543466 917.4156674660272301 916.8133493205435798 916.0091926458833314 915.0155875299760737 913.8349320543565000 912.4896083133493221 910.9652278177458129 909.2877697841726103 907.4752198241407086
345.0273889227023574 331.1509433962264097 315.3323189287888226 297.6810712111990256 278.2635423006694850 257.1326841144248192 234.4583079732197177 210.2927571515520526 184.6944613511868454 157.6762020693852833 129.3152769324406677 99.8411442483262306 69.6567255021302429 39.1345100426049939 8.7121119902617163 -21.1339013998782725 -50.0986001217285448 -77.9586122945830766 -104.3694461351186789 -129.0493000608642831 -151.7571515520389482 -172.5569080949482554 -191.2872793670115641 -207.9829580036518450
-491.0691224268688870 -491.1355362946912351 -491.2394366197183331 -491.3765980498374688 -491.5609967497291564 -491.7745395449620673 -492.0177681473456346 -492.3061755146262044 -492.6420368364030082 -493.0104008667389053 -493.4248104008667610 -493.8925243770314069 -494.4287107258938363 -495.0236186348862475 -495.6638136511376160 -496.3240520043336801 -497.0135427952329223 -497.6884073672806039 -498.3466955579631872 -498.9552546045503618 -499.4977248104008822 -499.9707475622968786 -500.3279523293607554 -500.5553629469122257
103.8974895397489604 91.2076359832636001 77.3043933054393335 62.2615062761506266 46.2222803347280333 29.2724895397489533 11.5366108786610884 -6.8629707112970708 -25.6888075313807533 -44.8692468619246867 -64.1417364016736400 -83.2667364016736400 -102.1270920502091997 -120.6542887029288664 -138.8127615062761606 -156.4382845188284534 -173.4508368200836799 -189.7677824267782398 -205.3634937238493592 -220.2018828451882939 -234.2761506276150669 -247.4408995815899459 -259.6108786610878383 -270.6773012552301338
314.0377413692217488 314.3126584747415677 314.4303686366296233 314.4014043300175558 314.2315194070606594 313.9376828554710528 313.5588063194850861 313.1355568558611253 312.6899746440413423 312.2399063779988069 311.8018334308562771 311.3873610298419976 311.0048761458942863 310.6200507119173153 310.2146479422664243 309.7858396723229930 309.3301150770431036 308.8453286522332633 308.3138287497561691 307.7234250048761623 307.0585137507314357 306.2919836161498210 305.3986736883167623 304.4150575385215802
584.2083958020989485 583.9091454272863757 583.0632683658170663 581.6575712143927603 579.6407796101949543 576.9841079460269384 573.6308845577211741 569.5541229385307815 564.6683658170913986 558.9610194902548983 552.4614692653673274 545.1175412293853242 537.0521739130434753 528.4047976011994479 519.2617691154422346 509.7706146926536803 500.0509745127436076 490.2566716641679250 480.4320839580209963 470.7208395802098835 461.1988005997001778 451.9586206896551630 443.0254872563718322 434.3667166416791474
635.2946058091285977 631.7211618257260852 626.8962655601659435 620.7327800829875741 612.9767634854771359 603.5759336099584971 592.4655601659751483 579.5941908713692783 564.9136929460580632 548.5435684647302423 530.4921161825726585 510.7012448132779809 489.1419087136929420 465.9759336099585312 441.4066390041493833 415.5211618257261534 388.6257261410788146 361.1510373443983326 333.5900414937759138 306.1443983402489835 279.1236514522821608 252.8456431535269644 227.4846473029045626 203.2240663900414859
215.3761782347900464 232.9562982005141407 251.9297343616109686 272.2870608397600449 294.2493573264781617 317.5209940017138024 341.7077977720651347 366.4635818337617934 391.4438731790916677 416.3993144815767096 440.7660668380462994 464.1028277634961228 486.2407883461867755 507.0239931448157904 526.1028277634961796 543.3341902313624132 558.7360754070265330 572.2544987146529820 584.0325621251071198 594.3410454155955449 603.2056555269922455 610.6452442159383054 616.7986289631534191 621.8303341902313832
55.3578708946772338 38.9830124575311459 21.3822197055492644 2.6896942242355606 -16.9348810872027187 -37.3199320498301219 -58.4280860702151728 -80.0622876557191461 -102.1896942242355664 -124.6336353340883392 -147.3510758776896807 -170.1851642129105358 -192.9518686296715657 -215.4422423556058845 -237.4275198187995386 -258.7570781426953772 -279.2174405436013558 -298.7180067950170042 -317.0577576443940870 -334.2378255945639580 -350.0951302378255718 -364.6953567383918653 -378.0821064552661142 -390.1149490373725826
673.7469175267148103 674.2548177915791712 674.7370536122019757 675.1827564161110331 675.5932048588912266 675.9691296008768404 676.3045940268517597 676.6013334551100797 676.8641885103662617 677.0727920358023084 677.2265047036258920 677.3313544615946284 677.3774773951959105 677.3613115353000467 677.2872408439127412 677.1549913234085807 676.9567997077358541 676.6918440040186624 676.3673394830577763 675.9731482327152889 675.5310073979359231 675.0273084299935817 674.4679879441044932 673.8454653393004037
-352.7029026750142293 -336.9146272054638871 -319.8952760387023204 -301.7683551508252435 -282.5680136596471357 -262.4194649971542503 -241.4251565167899969 -219.8195788275469624 -197.6044393853158851 -174.9903244166192451 -152.0335799658508904 -128.8372225384177625 -105.5628912919749638 -82.4792259533295322 -59.6033010813887287 -37.1343198634035261 -15.2498577120091063 5.9345475241889583 26.2760387023335227 45.7894137734775200 64.3682413204325599 82.0842344906089920 98.8799089356858332 114.6124075128059161
712.3709912536443198 710.3899416909621323 707.4591836734693970 703.6086005830903787 698.8432944606413457 693.1370262390670405 686.5532069970845441 679.0918367346938567 670.7033527696793271 661.3870262390670405 651.1654518950437023 639.9759475218659190 627.8134110787171949 614.7915451895044043 600.9453352769679668 586.3906705539358200 571.1042274052477978 555.0473760932944742 538.2762390670553714 520.9657434402332683 503.1916909620991305 485.0488338192419633 466.6523323615160166 448.1771137026238989
421.6786786786786934 415.7777777777777715 408.7857857857857766 400.6276276276276462 391.1666666666666856 380.3463463463463654 368.0815815815815881 354.2767767767767850 338.9309309309309128 322.0650650650650846 303.8368368368368237 284.6051051051051104 264.5820820820820813 243.9539539539539419 223.0395395395395326 202.2092092092092059 181.7337337337337431 161.6296296296296191 142.0155155155155171 123.0280280280280323 104.7297297297297263 87.1156156156156101 70.2352352352352369 54.3033033033033021
380.7718832891246734 381.7579575596816994 382.5999431602879781 383.2949033724895571 383.8744789693065513 384.3455854490337060 384.7176960970064670 385.0111784766957044 385.2386320575975560 385.3718264494126515 385.4360553239863521 385.4480863963622710 385.3841417203486230 385.2486737400530501 385.0451875710496665 384.7913982569154996 384.5162940507768212 384.2172224327396748 383.8902046229632674 383.5129784009094465 383.0856384994315817 382.6178476695718018 382.0982379689276058 381.5161993179234514
420.6134678137051424 429.6585582913082249 439.3432215959655878 449.6063482646098919 460.1726490655591988 470.9121922278255852 481.8033224562444161 492.6659744882824157 503.3571640462770915 513.7395431622663864 523.6170275882527676 532.8952832987243937 541.5710471670128072 549.5852862652031945 556.9492732126965393 563.6466923761495309 569.6873331355681103 575.0376742806289485 579.6932660931474857 583.6363097003855955 586.8896469890240724 589.4185701572233711 591.2545238801542382 592.3728863838623511
-96.0277255639097689 -109.7570488721804480 -124.1217105263157947 -139.2354323308270807 -155.2025375939849710 -171.9816729323308380 -189.4685150375939884 -207.5281954887217921 -225.8764097744360981 -244.3359962406015029 -262.6433270676691905 -280.6602443609022544 -298.3016917293232950 -315.4577067669172834 -331.9985902255639303 -347.9013157894736992 -363.0897556390977456 -377.3928571428571672 -390.8026315789473415 -403.1921992481202892 -414.5281954887217921 -424.8336466165413299 -434.1386278195488444 -442.4774436090225436
-536.3209876543210157 -525.2910981156595653 -512.6900584795321265 -498.4346978557504713 -482.5113710201429740 -464.9642625081221468 -445.7426900584795249 -424.8589993502274069 -402.4171539961013764 -378.6302794022092257 -353.6738141650422449 -327.8525016244314543 -301.1832358674463990 -274.1137102014295124 -247.1767381416504179 -220.6458739441195576 -194.7894736842105203 -169.6718648473034534 -145.2897985705003236 -121.5445094217024007 -98.7355425601039656 -76.8888888888888857 -56.0662768031189103 -36.2118258609486645
294.8717821782178135 290.6366336633663536 285.7809405940594161 280.3146039603960276 274.1910891089108873 267.4512376237623812 260.1650990099009846 252.3519801980197883 244.1064356435643674 235.4853960396039554 226.5903465346534631 217.4628712871287064 208.1940594059406067 198.8044554455445621 189.3183168316831768 179.8663366336633658 170.5556930693069262 161.4106435643564339 152.5596534653465426 143.9955445544554493 135.7856435643564339 127.9747524752475272 120.5584158415841642 113.5383663366336577
-884.2484863773966026 -885.0943491422805209 -885.7477295660949039 -886.2278002018163079 -886.5408678102926388 -886.7290615539858436 -886.7699293642784824 -886.6876892028254815 -886.4770433905146092 -886.1531281533804076 -885.7114026236124573 -885.1432896064580973 -884.5378405650857303 -883.8650353178607020 -883.0978809283551527 -882.2333501513622878 -881.2452068617558325 -880.0769424823411100 -878.6740665993945640 -876.9793138244198190 -874.9434914228052094 -872.4992431886983013 -869.6531281533804076 -866.3516649848637599
619.2861604528596899 619.8372047628342898 620.2961155572907046 620.6730431387858289 620.9752098379855170 621.2047628342768348 621.3795627561975152 621.5103455006832291 621.6019910208862029 621.6436658208081099 621.6491313683388853 621.6290259613507487 621.5861799726723120 621.5151278547725724 621.4236775326957058 621.3003123170017261 621.1373218817099087 620.9270934999024121 620.6634784306070287 620.3503806363459034 619.9815537770837182 619.5496779230919628 619.0508491118484926 618.4928752683973698
-653.3203971941331929 -654.5156235765691690 -655.6239409674774379 -656.6458048647170926 -657.5848592511615607 -658.4247973034526922 -659.1800127539401046 -659.8717318028604950 -660.5056026236676416 -661.1062221007560993 -661.7035619932586314 -662.2809510795299275 -662.8435820351644452 -663.3936412498861728 -663.9182836840666369 -664.4194224287145971 -664.8861255352099988 -665.3128359296711096 -665.6851598797485394 -665.9705748382982620 -666.1334608727338491 -666.1513163888130293 -666.0134827366310901 -665.6995536120980432
-786.8161512027490971 -774.9364261168384473 -759.8058419243985782 -741.1975945017181857 -718.8883161512027300 -692.7714776632302573 -662.8281786941580549 -629.3298969072164937 -592.8333333333333712 -553.5601374570446751 -511.8487972508590929 -468.2714776632302573 -423.5618556701031139 -378.1305841924398692 -332.4879725085910422 -287.2646048109965591 -243.0395189003436371 -200.4295532646048059 -159.7731958762886677 -121.8402061855670127 -86.6666666666666714 -54.2783505154639201 -24.2731958762886606 3.1890034364261171
-713.6877500968116692 -715.5460178133471345 -717.3289015102620851 -719.0229766361171642 -720.6152058861495107 -722.0809345553117282 -723.4024783787272099 -724.5742868207047422 -725.6048793081192798 -726.4907706208855416 -727.2373822124693561 -727.8634310055505239 -728.3618174777333252 -728.7444171937523834 -729.0333032141473950 -729.2065315606040485 -729.2631986575448764 -729.2058861494772373 -729.0218148960888129 -728.6916225635729916 -728.2175035497612043 -727.5874532076933292 -726.7817219568864857 -725.7841745191686869
