-74.8042582417582480 -34.8770604395604380 9.5899725274725274 59.5137362637362628 116.9752747252747298 184.5885989010988908 259.0041208791208760 344.3866758241758248 441.7424450549450512 549.1407967032967008 659.6043956043955632 770.0013736263736064 876.6394230769230944 972.7548076923077360 1053.3502747252746303 1119.4065934065934016 1168.1723901098901024 1197.4587912087911263 1210.2554945054944255 1204.6146978021977247 1181.1057692307692832 1144.4821428571428896 1091.4162087912088737 1028.3035714285713311
375.4886884986552786 394.5462743236829510 409.1602594526182770 415.2657807308970064 414.2023414016769607 406.3724094288878064 394.2507514633760479 377.3364973896535162 357.6861256130359266 338.4155987976586175 318.4233507356431119 297.5366239519063356 278.8922638822971294 259.3447239360860408 239.6919791172282999 221.4716025945261890 203.4932763803195712 187.7098560354374399 173.6826451510836762 158.7134947002056720 142.5424774560987089 126.3505774402784425 109.1241892105679483 93.1207087486157263
-1239.2117647058823877 -1418.8176470588234679 -1594.3941176470589198 -1758.9867647058822513 -1895.6882352941177032 -2001.3691176470588289 -2054.6676470588236043 -2048.6514705882354974 -1979.6044117647059011 -1855.8294117647058101 -1708.1926470588234679 -1544.7558823529411711 -1376.9985294117645935 -1214.8926470588235134 -1061.5191176470589198 -917.2323529411764866 -780.0955882352941444 -663.1000000000000227 -562.0367647058823195 -474.2794117647058556 -395.6573529411764980 -324.8132352941176464 -259.7720588235293917 -202.1558823529411768
-181.6135975956461834 -199.7397449435464125 -208.3446511250101594 -211.0039801803265505 -208.7820648200795972 -199.0668507838518337 -181.9649906587604562 -159.8715782633417177 -133.8686540492242614 -105.4215742019332254 -77.3784420437007583 -51.4526033628462329 -28.0575095443099656 -8.2469336365851671 4.6481195678661358 12.7677686621720419 18.3187393388026969 18.9710015433352304 16.4544716107546094 12.4625944277475433 7.8013158963528548 4.2064820079603606 1.6781739907399886 -1.0293233693444888
54.9143273787823532 20.2030623405030987 -22.4454976303317544 -79.1294203426904801 -145.2172803499817633 -207.3886255924170712 -257.9533357637623112 -287.3594604447685015 -299.8636529347429587 -275.0885891359824882 -161.1757200145825664 33.5774699234414840 255.9752096244987172 398.5978855267954941 421.5639810426540066 257.7105359095880317 -11.8366751731680644 -175.1257746992344266 -212.6598614655486585 -209.7298578199052201 -219.0072912869121353 -231.1735326285089229 -225.8611009843237412 -213.2245716368938986
303.2507278020378294 213.5494905385735080 116.8671761280931634 52.2587336244541518 -11.2798398835516736 -79.5600436681222760 -151.6590247452692779 -217.7147016011644780 -264.8649927219796041 -286.9828966521106395 -292.9163027656477425 -262.6885007278020225 -156.4486899563318900 25.1295487627365368 220.0556768558952001 339.7802037845705740 359.2496360989810569 216.5826055312954850 -37.6339155749636092 -208.1892285298398804 -247.9617903930131035 -246.6939592430858852 -256.8216885007278165 -260.4417758369723401
-18.9869688385269129 -29.7952785646836631 -43.1971671388102010 -57.7435316336166196 -74.5482530689329508 -93.9463644948064172 -117.0377714825306867 -138.0105760151085974 -155.9299338999055635 -175.5235127478753441 -196.9195467422096328 -222.0929178470254897 -253.9323890462700604 -294.8872521246458973 -341.8927289896128627 -391.0632672332388893 -439.2137865911237213 -483.9214353163361579 -520.4694995278564420 -547.6126534466477551 -561.1860245514636745 -563.8307837582625552 -557.1148253068932945 -539.5042492917847312
-444.8685975609756156 -483.0490853658536707 -514.5237804878048564 -532.3743902439024396 -537.7207317073170998 -531.2896341463414274 -508.3006097560975718 -465.6670731707317259 -407.5661585365853625 -341.1963414634146261 -267.6704268292683082 -189.8463414634146318 -108.9048780487804891 -27.4786585365853675 47.3320121951219477 115.7582317073170799 178.7588414634146261 232.5341463414634120 273.8036585365853739 301.2493902439024396 313.5039634146341427 316.4875000000000114 317.6179878048780552 310.2780487804877794
42.3648208469055376 23.9372964169381106 1.2190553745928339 -19.5981270358306183 -39.3021172638436482 -50.8298045602605839 -52.6258143322475576 -41.1502442996742701 -4.2137622149837135 62.0981270358306219 158.7333061889250700 277.6144136807817517 400.9214169381107240 502.1445439739413814 575.4063517915309376 592.7072475570032566 556.2618078175895562 471.7109120521172372 358.3530130293159459 233.6710097719869736 114.6991042345276810 19.4934853420195431 -51.4161237785016283 -99.9519543973941325
-1066.9837837837837924 -1157.0693693693692694 -1224.9792792792793534 -1265.9738738738737993 -1287.0072072072071023 -1283.5081081081082175 -1256.1837837837838379 -1209.0171171171170954 -1144.9558558558558161 -1067.5468468468468473 -990.0729729729729343 -914.2792792792793080 -844.1414414414414296 -778.4729729729730252 -715.3243243243243796 -654.7135135135134760 -599.1684684684685180 -543.3477477477478033 -488.3531531531531300 -436.5153153153153198 -385.6774774774774528 -334.8468468468468586 -280.8261261261260984 -227.0045045045044958
-207.7428863868986753 -208.8868986693961176 -186.5923234390992889 -148.0051177072671464 -98.9819856704196468 -42.9140225179119739 12.8870010235414529 62.0815762538382785 94.9442169907881208 116.4702149437052157 127.9105424769703205 130.2383828045035727 117.4707267144319331 90.7696008188331689 61.7102354145342886 36.3293756397134118 18.3586489252814751 5.8136131013306036 -1.6164790174002046 -5.1092118730808593 -5.3517911975435002 -2.9437052200614127 2.1306038894575230 8.7823950870010243
1092.1617250673855324 1048.6765498652291626 987.9002695417789255 912.1078167115903170 816.2749326145552686 694.9973045822102904 549.6415094339622556 384.0808625336927093 211.7547169811320771 35.3234501347708871 -139.0269541778975793 -315.5229110512129296 -496.2318059299191191 -682.3261455525606607 -869.7385444743935068 -1061.1563342318058858 -1240.7654986522911713 -1399.7978436657681414 -1529.3099730458220620 -1604.5660377358490223 -1629.6118598382749951 -1612.5417789757411811 -1564.3450134770889690 -1490.5498652291105373
34.6416648119296653 70.9804139772980136 108.7280213665702178 148.6981971956376469 192.4133095926997612 236.2150011128422022 282.3400845760071434 329.9272201201869734 374.3583351880703276 412.7246828399732976 443.6494547073224908 466.5708880480747780 480.4164255508568999 484.8121522368128353 479.1061651457823132 464.7896728243935058 443.1395504117515998 417.5653238370799158 388.5889160916981950 357.4451368795904500 325.6581348764744916 294.1257511684843280 266.3336300912530419 237.6113955041175245
-1565.8375000000000909 -1555.8631944444443889 -1487.5833333333332575 -1384.6562500000000000 -1260.1895833333333030 -1122.3444444444444343 -977.0826388888889369 -832.0965277777777374 -697.0229166666666742 -574.5263888888888459 -465.7138888888889028 -373.0006944444444343 -296.6062499999999886 -233.8138888888888971 -186.7263888888888914 -149.0194444444444457 -118.3506944444444429 -93.1270833333333314 -70.6541666666666686 -47.6881944444444414 -22.5465277777777793 4.2152777777777777 31.5326388888888900 59.5659722222222214
-38.0137427528451823 -38.8144728365900775 -47.4663946746832721 -67.0380073008374495 -106.7914966716770522 -159.3480781619068125 -220.6952974017607971 -288.7779686493450981 -354.4127120463817846 -408.7906377496242385 -445.5217951470904154 -465.7854842173072711 -465.3882327678763318 -446.5653854412711894 -404.4902297616491182 -349.8924200128838038 -285.7644406270130730 -214.8619282800085841 -140.0173931715696938 -68.3124328967146255 -9.0987760360747263 38.9063774962422144 75.7268627872020659 96.0652780760146072
11.5535988532814589 16.5996723661308501 23.5088563530254930 26.1260366540391118 23.5870789392853482 13.4365721306440058 -6.5964984130234461 -35.3477014436367369 -69.1086311047404536 -105.9445070134125046 -143.5624040135149073 -179.7164943176000804 -213.0220129005836043 -240.7755707996314243 -256.6396027439336649 -260.2778744752739044 -251.8991501996518991 -232.0094194737380917 -204.4063683833316247 -172.9978499027336909 -140.7706562915941504 -112.9844373912153230 -88.1756936623323497 -68.5383434012491080
32.2191247002398100 106.2505995203836875 197.1181055155875299 300.2736810551558619 405.6070143884892332 483.8600119904076564 500.1010191846522730 448.2467026378897117 349.6049160671462914 233.5491606714628290 119.3273381294963968 27.5377697841726636 -54.7401079136690640 -138.0752398081534693 -210.8797961630695568 -257.6621702637889939 -274.8944844124700353 -267.2461031175059816 -244.0701438848920759 -194.5944244604316680 -117.1378896882494018 -14.3297362110311752 72.8459232613908938 109.3764988009592258
382.3451792336217636 384.7669962917181579 349.1897404202719599 283.7113720642768726 193.3312731767614423 95.6103213844252195 6.2425834363411621 -79.7685414091470903 -159.6647095179233702 -230.5945611866501963 -288.3550679851668974 -323.4928924598269191 -342.4922744128553518 -343.8856613102595929 -331.6891223733003926 -306.7907911001236130 -280.0111248454882684 -253.4193448702101250 -235.3386897404202784 -225.4508652657601999 -222.4351050679851767 -216.3161310259579864 -209.3705191594561086 -194.7357849196538950
-119.8849622948395677 -139.4156439449948266 -159.7036817980186356 -180.5296466065355503 -202.9007836758834742 -226.5099807777613421 -247.9868401596924343 -261.3776430578145664 -266.3207156587313307 -263.5914534969688248 -254.4329439597811700 -236.7261570309034369 -209.3782345113115468 -169.6538518408990228 -121.6841638326186654 -67.3264823303267832 -9.9510572231258312 44.7922519591897057 89.5311252402779871 127.3723199763418563 159.4106165902705925 178.9819606683424524 186.0760017743604919 181.9840307555818413
-74.4540908181636354 -31.2674534906981414 49.7493498699739973 142.0148029605921067 222.5687137427485425 258.2172434486897146 233.7505501100220044 157.2142428485697110 64.8947789557911534 -17.0122024404880960 -79.7635527105421147 -124.0468093618723771 -144.0008001600320142 -137.2794558911782303 -108.9415883176635305 -62.2034406881376256 -6.7837567513502703 43.0460092018403699 80.2866573314662872 110.9425885177035411 109.8817763552710574 86.0422084416883308 57.7331466293258657 47.6307261452290476
1370.6103047895501277 1348.7982583454281666 1296.8933236574746388 1214.1168359941943891 1108.4782293178518557 986.6124818577649194 854.8824383164005667 729.2634252539912723 612.5319303338171721 509.5014513788098611 417.0232220609578917 339.1298984034833097 267.0087082728592236 200.8664731494920090 141.0348330914368660 85.2191582002902805 41.9593613933236540 8.5500725689404931 -12.0972423802612479 -28.1683599419448463 -34.8323657474600878 -36.5065312046444106 -37.0544267053701049 -33.0275761973875177
392.4184486373165441 414.2951781970650131 415.1199161425576563 397.1371069182389988 363.7719077568133912 317.3362683438155045 263.8654088050314499 210.8633123689727427 159.5480083857442253 115.8922431865828031 79.5345911949685558 55.5786163522012586 45.8276729559748404 57.2352201257861637 93.7371069182389931 151.3811320754716974 230.5048218029349982 309.8134171907756809 386.0838574423480054 454.0213836477987570 505.6683438155136514 546.4020964360587413 562.4142557651991865 544.3446540880503335
-88.0257677373808747 -76.8746911401341322 -55.5342393222732085 -30.5229438757500873 -2.8462760324744090 11.6719025767737374 10.7317331450758910 2.7130250617719733 3.7033180374161665 6.1228379809389342 -10.7576773738086828 -48.3010942463819291 -98.0522414401694249 -145.4387575008824456 -182.0608895164137095 -198.9345217084362787 -202.7124955877162051 -176.2982703847511345 -116.2252029650547058 -26.3716907871514294 75.0908930462407369 175.2915637133780535 252.5591246028944568 263.6050123543946597
-148.2553626149131674 -127.8140960163432140 -109.8049029622063273 -95.0592441266598627 -80.5076608784473962 -62.1215526046986710 -38.3687436159346262 -7.9867211440245152 27.9009193054136873 76.4678243105209390 144.2676200204290069 228.7313585291113327 332.6118488253319470 455.5914198161389095 597.7027579162410120 756.6312563840654093 927.4228804902961656 1101.9223697650663780 1271.5689479060265512 1429.4780388151175430 1567.2308478038814883 1676.4851889683350237 1749.8386108273748505 1776.0377936670072359
-277.7696335078534275 -277.3372996985562509 -267.2533714104394562 -249.1824528002538557 -224.3315881326352610 -194.0145962240202948 -160.8867206092336914 -124.3668094558146890 -86.8933841028081844 -48.8948119942884318 -13.8192924004442332 20.5034110740917015 52.4838965571949885 82.9411391400920195 114.1722989052831991 142.9920672695541839 168.8713311121688037 194.4650166587339299 217.9121053466603257 236.5111851499285933 245.4845311756306501 247.1451689671584973 240.0591781691258007 225.1346977629700064
-256.2395498392282889 -208.3886655948552971 -151.6085209003215368 -92.9103697749196158 -25.4216237942122198 47.1864951768488723 123.1406752411575525 202.2544212218649591 285.0683279742765421 366.5405948553054714 443.9915594855305585 520.1008842443729918 591.7532154340835859 655.6036977491961579 707.3745980707395802 743.5864147909967414 761.6495176848874280 766.7769292604501743 754.1901125401928994 728.2162379421222340 689.4055466237941801 644.8653536977492422 590.8850482315112913 534.9919614147910352
1137.2521008403361975 1325.9978991596638025 1515.5777310924370340 1702.5525210084033461 1871.7773109243696581 2009.2037815126050191 2102.4978991596640299 2149.9810924369749046 2153.2563025210083651 2116.7836134453782506 2047.3592436974790871 1957.0189075630253228 1840.0546218487395436 1709.7878151260504183 1564.5273109243696581 1413.8718487394958174 1275.2100840336133842 1148.8760504201679851 1027.3025210084033461 909.2247899159664257 792.4558823529412166 671.2121848739495817 551.3970588235293917 448.4873949579832129
0.5175742314552513 -6.6145210366173535 -15.5014164305949009 -25.4028958136606846 -35.6797817647675970 -46.9436575385583907 -58.8636029797502900 -69.7501836113734157 -80.3552617773580948 -89.1442660791102668 -98.1429021089077764 -106.0240268597209052 -115.8724163256741093 -127.2983947119924437 -141.8178575175742253 -162.5696149407197595 -190.2390095477914258 -222.4652187598363184 -258.0179414542020595 -294.9073549470149942 -328.8962333438254291 -358.0731297870108278 -376.7988668555240679 -381.1542335536669839
203.8088223123396574 215.5741123893072881 224.7895390217661316 228.4068526028304120 225.0883886452039917 217.0122486137548492 205.4517090126624055 191.2227095919887461 176.0672018538442387 159.1456591905983657 141.6898121327485001 125.5108002979392552 109.6968468095671625 94.9353637341719718 79.7065298353058012 65.0345112968633572 52.0520566084581660 40.0715054208391948 29.2328064222461315 18.2424066870810222 8.0685260283042286 0.3589340395597120 -6.5532566415625260 -11.3704378051808330
-630.9445077917141589 -689.2481946028126458 -741.6522234891675680 -784.6233371341695602 -809.0916001520334930 -812.4116305587228908 -796.4644621816800054 -765.1824401368301096 -726.0858988977574882 -677.4477385024705427 -621.6628658304827013 -563.1284682630179077 -500.1030026605853323 -435.9407069555302314 -373.4906879513492868 -316.3257316609654026 -265.2151273280121586 -220.6685670847586493 -180.5777270999620043 -147.8415051311288551 -118.7685290763968027 -91.0349676928924367 -64.3937666286582981 -40.0790573926263747
335.0731593662628143 334.9836905871388808 319.3066169617893593 284.1234855545200162 239.5195712954333658 185.1733457595526602 129.0452003727865815 63.0712954333643978 -6.8569431500465985 -79.5251630941286152 -150.6244175209692457 -224.2506989748368937 -297.6220876048462287 -368.7385834109971938 -441.3084808946878184 -513.6901211556383942 -577.1262814538677048 -626.3280521901211841 -667.6728797763280454 -695.6738117427772750 -705.8872320596458394 -694.5158434296365613 -665.4431500465983618 -627.6085740913326845
232.2693833393436762 278.0129823296069276 228.4204832311575899 81.4944103858636879 -84.6743598990263280 -190.2077172737107844 -237.1359538406058505 -275.0375045077533400 -307.6538045438153404 -329.4990984493328483 -320.2481067435990099 -285.2578434908041913 -220.6714749368914568 -139.4763793725207393 -40.3306887847097002 79.8431301839163297 203.9992787594662786 323.4601514605120656 426.8034619545618398 476.6004327443202442 446.0324558240172905 358.4547421565092122 255.3876667868734103 166.1676884240894196
-679.6386449184441290 -747.4096612296110607 -818.9880803011292301 -880.7358845671267318 -918.6587202007527821 -928.5765370138017261 -912.3161856963613445 -868.0746549560852827 -794.6537013801756757 -699.5307402760350897 -591.7051442910916421 -472.3500627352572110 -350.1568381430363956 -234.1769134253450488 -128.8531994981179309 -31.8726474278544529 57.1141781681304863 137.4190715181932205 206.0564617314931013 264.6675031367628890 317.9604767879548035 360.6580928481806723 394.0947302383939927 417.4642409033876902
-154.2041095890411100 -122.2972602739725971 -89.6328767123287662 -52.0273972602739718 -8.0232876712328771 43.0315068493150719 111.4013698630136986 192.0315068493150648 291.6191780821918087 408.1397260273972734 543.3835616438356055 699.0013698630136787 874.2890410958904113 1063.3753424657534197 1258.4986301369863213 1449.9835616438356283 1626.0232876712327652 1780.3150684931506476 1902.4068493150684844 1982.4109589041095205 2011.5095890410959782 1992.2013698630137242 1933.7315068493151102 1841.6794520547944103
-432.1029931652133200 -442.6962055149658113 -437.6584963469243235 -418.4515672872967116 -386.8008484562809599 -343.1925524393117826 -294.2477020975724713 -244.1852462880037820 -201.8272448739099616 -172.9721894885693985 -156.5493754419043171 -153.7841150129625305 -164.9870374734857421 -187.3884044308272507 -216.1025218006127773 -246.8477492340325341 -279.3125147301437892 -312.1392882394532080 -342.8805090737685646 -368.3455102521800768 -387.0836672165920618 -396.8350223898185050 -394.2163563516380123 -378.4713646005184842
-301.3333333333333144 -242.3555555555555543 -115.8755555555555503 166.8888888888888857 434.4977777777777987 578.6711111111111450 528.7911111111111495 328.6711111111110881 -74.7777777777777715 -534.3244444444444525 -1021.2622222222222490 -1009.3955555555555748 -672.5022222222222581 -83.0222222222222257 367.3511111111110949 615.7066666666667061 672.6622222222222263 516.9155555555555566 233.4844444444444491 49.5600000000000023 -140.5733333333333235 -276.2844444444444321 -314.8844444444444548 -80.1644444444444417
596.7415185783521565 661.1992460958534821 728.4701130856219606 795.8179859989229499 855.0694668820678999 900.1357027463651548 924.5406569736134088 919.9698438341411020 886.1217016693591404 821.2902530963920071 734.6887452880990850 634.5557350565428578 530.1443187937533139 427.0651588583737066 329.9084544964997576 238.7835218093699439 153.3279483037156581 74.7808292945611157 6.7539041464728058 -49.0893914916532026 -95.6898222940226191 -129.5498115239633705 -152.0726978998384595 -166.6020463112547247
-595.1156521739130767 -579.0504347826087042 -553.9199999999999591 -525.4356521739130130 -500.1452173913043566 -467.6939130434782328 -428.8513043478261011 -384.3252173913043634 -334.3069565217391528 -280.2617391304347620 -214.2321739130434821 -136.6313043478260738 -49.7608695652173907 49.6060869565217359 157.9452173913043396 274.7965217391304122 402.5539130434782464 538.7000000000000455 678.9078260869565611 814.4643478260869642 935.8608695652173992 1033.2695652173913459 1099.3895652173912367 1136.1739130434782510
-1140.2710472279261467 -1124.2751540041067528 -1065.0116358658453919 -962.8939082819986197 -831.9363449691991264 -695.5023956194387438 -552.1444216290211671 -417.8021902806297021 -290.1108829568788678 -174.7501711156741919 -75.0732375085557777 11.1765913757700197 85.6365503080082107 147.2019164955509893 200.2936344969199070 246.4976043805612562 291.5242984257358216 329.7618069815194985 361.9383983572895431 392.5838466803559186 417.2422997946611645 435.6016427104722766 444.2320328542094217 449.1245722108145060
-801.6318082788670836 -926.7723311546841387 -1059.4346405228757249 -1187.3943355119824901 -1297.8518518518519613 -1366.7265795206972143 -1391.6023965141612280 -1368.9989106753812393 -1297.3431372549018761 -1189.4466230936818647 -1060.1274509803922683 -918.2625272331155202 -764.0838779956427516 -605.9291938997821489 -447.8169934640523024 -304.0588235294117680 -175.8387799564270040 -62.8649237472766913 39.8899782135076251 136.0206971677559977 223.4422657952069642 297.9662309368191586 357.8311546840958499 404.1023965141612280
44.2517802289863198 49.4307805082379232 53.6533789444289297 56.9364353532532803 59.7784487573303522 62.8611072326165896 66.2550963418039629 68.9953574420552940 71.0990645071209144 71.9029600670203877 71.3712999162245154 69.2905612957274570 66.1866447919575478 61.9576584752862303 56.3326933817369451 50.4802429488969580 45.2739458251884983 40.8477031555431438 35.9562971237084597 31.3002652890254112 26.8919296285953635 22.9032393186260812 18.7347807874895267 14.2413432002234011
-240.9094269870610105 -272.3634011090572926 -316.1057301293899968 -367.9001848428835615 -422.3711645101663521 -472.5386321626617132 -517.1597042513863016 -553.0121996303142851 -580.3279112754158859 -594.1323475046210660 -587.9922365988909405 -554.5534195933456658 -498.3286506469501091 -422.2510166358595143 -329.6805914972273399 -225.5005545286506390 -117.0451016635859531 -12.4277264325323475 82.8295748613678313 168.2998151571164556 236.4325323475046332 286.0983364140480489 312.2118299445471621 315.9914972273567741
740.4725913621261952 757.8214285714285552 756.4875415282391486 731.7765780730896950 693.5988372093023600 642.6428571428571104 577.5930232558139323 496.8380398671096145 403.6162790697674154 305.1627906976744384 208.5315614617940128 116.0282392026578009 24.8122923588039868 -65.0141196013289004 -150.5024916943521589 -233.4941860465116292 -311.7375415282392055 -392.1279069767442138 -466.6378737541528494 -526.8546511627906739 -576.9260797342192291 -617.5739202657807709 -644.1818936877076567 -648.3696013289036273
-21.8903760356915242 -49.8215423836838767 -88.6520076481835559 -139.2001274697259419 -208.1077119184193691 -294.0325047801147207 -400.8961121733588016 -520.1472275334607502 -650.8285532186106366 -775.2989165073295226 -877.5685149776927574 -944.5098789037604092 -966.6367112810708022 -942.1982154238368139 -876.7342256214149074 -783.7304015296367652 -672.8942001274697304 -556.9337157425111400 -438.3256851497769162 -322.2625876354366028 -216.8623326959846906 -131.6711281070745656 -68.5111536010197568 -18.7437858508604194
-479.0796460176991332 -522.8548672566371351 -563.4707964601769845 -598.5309734513274407 -625.6495575221239278 -650.7707964601769390 -675.9061946902654654 -697.2663716814158761 -717.6053097345132983 -737.3380530973450959 -758.5230088495575274 -786.5902654867256842 -820.2787610619468524 -859.4070796460176780 -898.4672566371681341 -936.0256637168141651 -968.8831858407079380 -998.3362831858406707 -1022.4097345132743158 -1032.3380530973452096 -1024.8876106194691147 -1002.8566371681415603 -958.7265486725664232 -897.8929203539822765
-292.4724784290389721 -350.0859863135971182 -383.4495685807795553 -411.1431121689973338 -423.2555786968164284 -412.2975304968759360 -371.5837548348705468 -310.6268967569175743 -227.5263314489735080 -126.1811960725974444 -9.4430229098482599 111.7274620648616548 225.3704254686105344 323.9461469800654640 378.9550728949717495 367.1749479321630361 299.8625409104433288 216.3067539422790730 129.3930377863730996 55.9851234751562004 -0.0577209163939304 -56.2636120202320740 -108.0547456114251759 -143.9309729247247844
-2.0139204949509315 -2.0148894182904282 -1.9535539041388139 -1.8633106954913952 -1.9104145925188452 -2.0675579576162706 -2.2632982506044659 -2.4804970843407768 -2.7744719812259993 -3.1470985635044801 -3.4998311051059594 -3.9823993741999715 -4.4275529796614990 -4.8988052908547859 -5.4087434219883370 -5.9144236239510741 -6.4760613710709718 -7.0536463518702890 -7.4892707296259422 -8.0869008675864027 -8.4746657658938993 -8.5290410325700474 -8.5510240364101833 -8.5768116199687103
-101.2880097218471462 -119.5992438563327056 -140.5445584661085547 -163.2288684850121570 -186.8522819335673830 -212.7279233054280212 -239.5396975425330766 -265.6105860113421500 -289.3239265460437650 -306.7032136105860332 -318.6359708344585329 -326.4012962462867904 -330.8420199837969449 -332.4644882527680352 -332.7036186875506587 -331.9156089657034840 -330.6775587361598809 -327.4924385633270276 -323.6821496084256182 -317.4181744531460936 -307.6813394544963671 -295.1296246286794371 -278.7672157709964722 -258.0290305157980129
8.5409558719864656 16.4536867333991275 22.8650782461581841 23.3729028619765984 17.2202171154659531 12.6905399689835043 8.1959678556323130 4.6881432398139014 0.8807274777950092 -7.0181869448752288 -17.2503877061892013 -22.8584519949245752 -21.7218384322571545 -11.3385027491893418 6.5601297053432965 36.7404483293387827 79.0445509657408678 130.7240941773579550 186.8536585365853568 242.9608064288735250 294.8659241505710042 338.5928380093049554 357.3679684195685695 337.5364443817848610
871.0319592403890283 877.6776285317276916 836.8666049096804045 767.9360815192218297 674.8448355720240670 560.7906438165817917 440.8443723946271575 328.6201945345067088 222.9624826308476031 132.0741083835108896 59.5771190365910144 3.7257989810097265 -42.4830940250115816 -79.7484946734599305 -106.9842519685039406 -119.2107457156090788 -119.3561834182491879 -110.9606299212598373 -93.0463177396943024 -70.7790643816581735 -57.0259379342288071 -43.5646132468735559 -37.8304770727188497 -37.2380731820287139
-272.6157024793388359 -279.4945529676934370 -264.2402329075882790 -239.0623591284748386 -207.7770473328324670 -165.4891059353869309 -113.4605559729526618 -56.6555221637866282 -6.6354244928625095 35.5670548459804650 60.1913974455296739 69.4196093163035357 66.8641998497370338 56.1395567242674716 35.3110443275732564 1.3797896318557477 -44.5663035311795639 -96.9573628850488376 -151.2062359128474895 -203.9802779864763238 -254.6551465063861883 -292.8963185574755812 -311.9654395191585081 -304.4105935386926944
-214.3606811145510846 -188.6538699690402439 -139.5547987616099022 -66.5458204334365320 32.3866873065015497 142.1486068111454983 264.7563467492259974 394.2154798761609982 484.4826625386996852 495.5637770897832866 453.4739938080495563 369.7718266253870070 258.9009287925696867 144.6934984520123919 46.3021671826625365 -43.9885448916408635 -131.1334365325077442 -208.4455108359133249 -261.3049535603715299 -288.8693498452012136 -295.3058823529411825 -281.5919504643962910 -248.4058823529411768 -183.7891640866872933
-20.2982832618025739 33.4806866952789690 103.8884120171673828 185.6931330472102957 284.5042918454935830 404.6330472103004467 543.3841201716737714 703.3476394849785720 876.7596566523604906 1068.7510729613734384 1270.4291845493562505 1480.9356223175966534 1682.6480686695279019 1860.8068669527897327 2007.2403433476395094 2112.0386266094419625 2164.8326180257508895 2167.3240343347638373 2128.6030042918455365 2054.2939914163089270 1946.5343347639484364 1817.2381974248926326 1671.4377682403433028 1514.7124463519312485
280.5881646655231521 289.1629502572898787 253.7660377358490678 196.6391080617495675 130.9933104631217873 64.4060034305317259 6.3991423670668954 -40.8308747855917673 -72.4332761578044568 -84.2185248713550578 -75.4032590051457987 -47.3295025728987966 -6.2754716981132077 45.6770154373927966 99.7250428816466581 144.9612349914236802 168.4224699828473319 178.9147512864493876 176.4385934819896988 168.2701543739279657 154.2945111492281285 128.5528301886792519 91.4174957118353291 56.0066895368782127
1674.7568807339448540 1695.8825688073393394 1686.5146788990825826 1648.3743119266055146 1578.6229357798165438 1481.4183486238532623 1366.5513761467889253 1238.3990825688074437 1105.0743119266055601 970.4642201834861908 840.6587155963302394 723.3100917431193011 617.8541284403669351 524.1366972477063655 441.6944954128440486 371.7844036697247816 309.2403669724770907 252.7541284403669692 203.8963302752293600 160.8798165137614546 126.2541284403669692 97.0642201834862419 74.5862385321100874 53.1596330275229363
456.3942133815551756 431.9868896925859190 297.7251356238697895 132.8205244122965780 30.5650994575045196 -4.0587703435804698 -34.8349909584086816 -79.2432188065099439 -143.4615732368897056 -203.3051537070524546 -249.2070524412296493 -284.5741410488245720 -309.1785714285714448 -293.2174502712477420 -167.2332730560578682 33.4059674502712483 266.4154611211573069 404.5519891500904350 450.5786618444846567 284.0547016274864518 -29.1767631103074159 -204.6035262206148388 -223.9113924050632818 -211.9195298372513605
6.4271938283510126 5.2772420443587267 -0.6470588235294118 -6.3731918997107035 -19.1436837029893923 -41.3351012536162017 -74.4836065573770441 -116.1702025072324034 -171.5771456123432870 -239.3910318225650826 -319.8206364513018229 -410.5178399228543640 -512.8312439729990047 -624.3047251687560220 -741.7974927675988965 -854.4657666345226517 -948.5896817743490601 -1014.9826422372227626 -1048.5024108003856327 -1050.7801350048216591 -1019.4344262295081762 -961.2102217936354691 -892.9850530376085089 -817.6080038572806643
318.8504599211563573 353.1206307490144809 389.6833114323258656 427.1968462549277206 455.7498028909329832 476.7781865965834527 484.5448094612352179 481.6751642575558208 460.2407358738502126 422.4026281208935529 370.8360052562417764 311.2360052562418105 246.6381077529566426 183.6023653088041954 117.6191852825229915 55.3077529566360084 -3.9747700394218133 -58.7166885676741117 -106.9642575558475670 -149.3724047306176033 -182.0283837056504694 -202.6165571616294301 -210.5140604467805474 -205.5795006570302235
0.0187783293762141 3.8081156917763868 3.5154327649471186 4.9220807252320311 7.0023742715303259 12.9222965680984245 24.6302611698683371 43.7731491474206749 66.9432333261385679 95.0379883444852140 131.5931361968486897 174.7869630908698468 223.0919490610835396 276.3464278005611732 330.2078566803367039 385.5268724368659718 433.3699546729980625 472.0088495575221259 497.4603928340168295 510.9117202676451370 507.1694366501187119 483.8014245629182142 450.1545434923375524 413.7243686596157772
-1361.5751445086705189 -1404.3988439306358487 -1418.4725433526011784 -1384.8554913294797188 -1306.5895953757226380 -1195.0736994219653297 -1067.1965317919075460 -917.6531791907514162 -752.5520231213872648 -585.0592485549133244 -418.1531791907514730 -268.0375722543352595 -127.9118497109826649 5.9841040462427744 132.1199421965317811 256.1748554913294811 379.5592485549132675 498.8424855491329595 609.5621387283237027 713.6271676300577838 804.2268786127167459 880.2037572254334918 938.1083815028902109 969.1763005780346703
32.6629370629370612 46.9265734265734267 65.4300699300699335 81.1713286713286664 91.6370629370629359 99.1825174825174827 104.9531468531468477 108.3083916083916023 100.7510489510489577 80.8573426573426559 49.0615384615384613 3.4062937062937064 -58.4930069930069934 -135.7412587412587470 -231.4832167832167897 -351.2937062937062933 -495.6545454545454277 -662.7531468531468590 -841.0951048951048961 -1023.1643356643356810 -1193.4881118881119164 -1328.1216783216782460 -1396.4496503496502555 -1400.9048951048951039
102.2819548872180491 0.1370927318295739 -105.1513784461152881 -165.5080200501253103 -205.0030075187970056 -239.6180451127819424 -271.9355889724311055 -290.0355889724310714 -287.0245614035087556 -255.3784461152882272 -194.5443609022556473 -114.4942355889724297 -16.6050125313283203 101.3471177944862092 217.0305764411027667 325.9027568922305704 407.5654135338346009 413.6864661654135489 357.1551378446115450 272.9070175438596380 184.3170426065162815 99.2829573934837128 36.1498746867167924 -12.8416040100250619
60.4752909428234133 66.6186540731995223 69.8146399055490008 71.4290774160904078 72.1232922921234660 74.6614943498060342 80.5495024456063362 91.4754596053297320 105.9971327373924765 121.6839264631472446 136.4366672288750237 143.5242030696576023 139.3649856636869515 123.4744476302917917 98.3553719008264409 62.4577500421656282 15.3379996626749868 -44.1821555068308314 -111.7846179794231745 -186.0715129026817465 -257.2585596221960031 -317.8895260583572053 -362.5861022094788382 -374.7498735031202841
5.6603660065179247 0.9473552268739033 -3.2292805214339433 -6.8488844321885187 -9.2047129606417641 -11.6313361744798200 -13.4757081975432431 -14.7062421659563807 -15.5870644271747310 -17.5251441464026065 -20.5562797693657551 -25.6730007520681873 -33.3803960892454228 -42.3845073953371738 -52.1375282025570286 -65.3827525695663070 -82.0880922536976669 -99.5435948859363293 -115.9519177738781650 -129.4645274504888448 -142.5248433191275979 -154.0269240411130625 -161.4305339684131297 -160.6516420155427340
-143.9701696770662238 -95.8344280240831949 -15.2238642583470174 87.3560481663929949 202.3500273672687513 300.7698412698412653 376.8119868637110130 417.2577996715927497 415.1302681992337398 372.6877394636015310 307.4682539682539755 236.6466885604816639 177.2192118226600996 127.4838533114395176 86.4742747673782191 55.3489326765188849 35.6724137931034448 33.1792556102900917 41.7438423645320213 61.8418171866447750 91.7695675971538094 130.5582922824302159 161.8081554460864879 165.8650793650793673
546.2566489361702224 598.1841755319148888 643.9714095744681117 683.1150265957446663 715.2985372340425556 741.4375000000000000 763.4640957446808898 783.1003989361702224 801.6382978723404449 817.9694148936169995 832.6788563829787790 848.0418882978723332 865.3025265957446663 883.3982712765957785 898.1974734042553337 908.8364361702127781 912.4082446808511122 914.5132978723404449 908.4002659574467771 888.0126329787234454 854.0385638297872219 811.6037234042553337 759.5977393617021107 700.7267287234042215
-11.5193210545323215 -63.6128566269411309 -130.9126038280967919 -198.5612134344528670 -250.8327916215240236 -283.2065727699530271 -300.3730588660166063 -270.2354640664499925 -152.9689418562657863 38.7096424702058499 242.3629469122426769 393.6034669555796199 425.5323221379559300 256.2954135066810863 -15.2282412423257494 -179.0036114120621278 -213.8150957024196543 -210.2618273745034401 -218.6547490068616924 -232.7898158179848451 -222.6717226435536361 -200.3271939328277256 -174.4275911881545653 -138.4582881906825662
230.9590818363273570 412.4126746506985910 497.7375249500997825 448.3792415169660899 308.6541916167664681 135.8013972055888132 34.1377245508982057 3.2140718562874251 -26.2080838323353298 -76.8213572854291442 -149.8502994011976170 -214.4630738522954232 -261.4061876247504870 -296.6636726546906289 -311.2839321357285485 -272.9945109780439338 -153.5823353293413049 49.9436127744510969 294.0000000000000000 411.9361277445109977 438.0863273453093711 246.0000000000000000 -56.1052894211576856 -197.1097804391217494
-12.0501773948302073 43.1621895590471354 108.8302078053725239 187.7207298530157118 278.5747592498732956 376.3385707045109143 479.4820070957932217 580.0486568677141577 676.9741510390268786 767.7506335529650414 846.8717688798783456 906.4870755195133825 941.1064368981246844 951.6517992904206267 935.2164216928534870 895.9006588950836658 836.8459199189052242 765.3487075519512928 682.7982767359351328 594.8144956918398520 515.2767359351241794 440.0613279270147018 377.0552458185504179 324.8332488596046801
579.2054054054053722 429.6702702702702936 61.6810810810810821 -479.2270270270270203 -974.6864864864865012 -1070.3027027027026179 -730.4972972972973366 -154.0756756756756829 297.0324324324324152 622.1135135135135670 715.6000000000000227 563.2918918918918507 287.3783783783783861 81.7891891891891873 -110.3135135135135130 -353.6702702702702936 -463.1891891891891646 -184.9567567567567608 110.3243243243243228 321.8108108108108354 471.9297297297297291 433.9459459459459367 234.7621621621621557 50.5783783783783818
-146.4655069497740385 -161.2947045280122893 -173.5482220516756229 -181.9141297859640076 -187.7330945680907348 -191.9924106762172755 -195.1524686620619207 -196.5012364628634884 -196.7033341860663427 -195.7415366248827411 -193.6900315511213364 -190.0166282936812365 -184.7108382365481418 -178.6803956681163186 -172.6318751598874428 -166.3699155794320745 -158.7376140530400050 -150.2520678775475460 -140.9344248315852326 -131.5466871322588815 -121.7473352093459482 -110.9221454762513872 -100.0624200562803736 -88.1779653790398186
-33.7717705735660871 -29.6348129675810483 -21.4608478802992515 -11.5232917705735662 0.4316209476309227 14.2031920199501247 29.7760598503740646 48.0053865336658347 67.5697755610972592 88.1825436408977623 110.5918204488778116 133.7140149625935237 156.5728678304239452 177.8709226932668344 196.1233915211970213 208.9776558603491310 215.9226932668329084 217.7188029925187038 213.3643890274314288 201.8204488778054895 185.1168079800498845 164.4570573566084875 142.0234413965087299 119.6956608478803048
-37.6825127334465222 -44.0899830220713085 -57.0390492359932111 -71.4736842105263150 -86.7410865874363282 -104.7181663837011882 -126.7410865874363282 -152.4151103565365020 -182.3828522920203739 -224.1850594227504132 -281.6460101867572234 -356.3302207130730039 -451.4185059422750328 -568.0568760611205334 -705.1502546689304154 -864.2954159592529777 -1035.0229202037351115 -1210.4363327674022912 -1380.0144312393888413 -1526.7894736842106340 -1639.6247877758912637 -1709.0585738539898557 -1717.7860780984719895 -1669.8242784380306603
-728.8444656488549072 -737.2070610687022736 -670.7643129770992800 -556.2838740458015536 -422.9728053435114248 -275.6645992366412088 -137.7189885496183308 -19.9370229007633597 76.9704198473282446 142.8974236641221296 185.0453244274809208 205.2137404580152804 201.7132633587786188 180.0772900763358848 149.7547709923664172 123.3597328244274820 98.8263358778625900 76.2991412213740432 59.7371183206106835 45.9208015267175540 35.3640267175572518 29.0291030534351151 26.1035305343511439 28.4007633587786259
-306.7457744049672215 -329.0213866850638169 -324.6284925836495177 -273.4001379786133157 -138.5757157640565822 77.5360469127285228 277.7840634701621525 393.5191445325974655 410.3280441531562701 264.0358744394619066 8.6685063815108663 -139.9748189030700303 -175.2186961021041611 -195.8054501552259410 -216.7147292169713637 -239.8747844084167014 -243.9337702656088425 -237.0717488789237564 -216.4191100379441082 -171.6540186271128050 -95.9665401862711320 6.1027940669196274 148.6633321835115567 278.3846153846153584
-11.5315682281059058 -1.2189409368635438 4.6461303462321792 8.8304480651731154 11.2062118126272914 15.8681262729124235 23.7072301425661927 37.3895112016293254 58.4633401221995896 86.1221995926680250 120.5962321792260639 168.7561099796334076 227.3462321792260639 298.5376782077393045 383.5188391038696523 477.4989816700610845 580.9562118126273162 687.2260692464358272 792.4495926680244793 893.8844195519347977 981.9557026476578585 1047.9022403258654776 1087.0865580448064520 1099.9760692464358272
-938.4093172119487463 -923.2752489331436436 -876.5344950213370794 -808.5128022759602118 -730.0032005689899961 -642.9299431009957289 -552.5938833570412498 -463.2446657183499497 -377.3808677098151065 -300.7215504978663034 -234.9512802275960155 -181.0088904694167979 -139.7841394025604416 -111.3349928876244661 -89.7948079658605991 -75.5803698435277340 -66.2862731152204816 -61.6169985775248961 -59.1806543385490755 -57.5725462304409703 -57.6027738264580336 -57.2791607396870575 -57.3364153627311524 -52.5618776671408270
-329.5545851528384560 -307.3682678311499217 -264.2366812227074320 -202.7554585152838342 -127.5871906841339154 -42.6521106259097493 46.2177583697234340 132.5711790393013132 213.9036390101892380 285.4459970887918416 337.7280931586608403 368.8570596797670760 380.8346433770014414 376.2506550218340635 362.5441048034934397 342.5179039301310127 316.1350800582241618 286.5283842794759721 256.0521106259097337 226.9615720524017490 203.6151382823871927 180.4032023289665290 160.1307132459971001 143.6818049490538556
-491.8307692307692491 -491.3718832891246961 -469.8007073386383468 -433.4884173297966186 -386.1195402298850468 -336.9032714412024916 -289.7200707338638495 -248.6403183023872714 -214.1368700265252016 -186.0252873563218259 -162.2878868258178500 -141.6081343943412776 -121.4809902740937275 -103.9016799292661375 -88.1407603890362452 -72.9837312113174193 -58.2903625110521659 -44.0551724137931018 -28.8514588859416463 -12.3890362511052174 5.4707338638373120 22.9687002652519894 37.8164456233421760 49.1593280282935439
-1830.3027989821882784 -1952.9223918575064545 -2020.0165394402035872 -2019.1564885496184161 -1950.6437659033078944 -1828.4007633587787041 -1668.0826972010177087 -1492.1132315521629152 -1317.6730279898217759 -1150.3409669211196160 -988.2379134860051408 -831.2417302798982064 -685.3142493638677024 -557.0712468193383984 -443.9414758269720096 -350.3409669211196160 -271.1221374045801440 -201.3944020356234148 -145.0521628498727864 -97.8549618320610648 -54.1386768447837170 -14.0229007633587788 21.9414758269720096 56.5712468193384197
3.3021424070573411 4.9892879647132959 9.9212350346565845 19.8323881537492106 28.2539382482671719 39.2410207939508524 47.4933837429111563 51.6546943919344699 53.7854442344045367 53.7287334593572794 53.5793950850661602 44.4662885948330171 27.2958412098298666 0.9439193446754883 -37.9105229993698813 -92.0856962822936396 -167.9587271581600589 -263.7281033396345151 -373.7728418399495922 -495.1055450535601494 -626.1294896030245809 -748.7167611846250566 -847.8122243226213186 -901.3103339634531039
389.1677675033025139 470.6809775429326237 560.4768824306472652 655.6426684280053223 749.8771466314399277 841.7107001321004418 924.0620871862615786 989.9907529722588606 1035.8091149273448082 1060.8322324966975430 1057.5614266842801499 1025.8553500660502777 971.6750330250990828 894.9577278731836714 808.4200792602377987 717.2021136063408449 626.2813738441215037 534.4537648612945304 446.7410832232496887 367.5766182298547164 299.0092470277410825 240.3903566710700090 189.8923381770145227 149.1776750330251105
-40.5235700081880950 -19.9681834132647076 12.7576324716341087 52.6036963387530676 95.9278278161188496 138.9151947596210164 171.1685577260498405 190.4773657737747214 195.2850625804187530 178.0225757398526127 140.8508597496783352 91.9674815767926077 40.0147385659141435 -9.1202479822201425 -52.7963504503450665 -91.7046438179904015 -121.9829219791788546 -142.6467423090419970 -151.6856942332436518 -148.1582641244590093 -132.3269388232541814 -106.7368113229617563 -78.1225874371271516 -54.9408117908527345
421.3839933073061843 461.3491355270496115 498.4729503625209190 532.7010596765197761 562.0158951477969822 587.2423312883435074 607.8471834913552811 621.8823201338539093 627.7559955382041608 624.3485778025655009 613.8851087562743487 596.7925264919130086 574.0507529280534982 543.8388176240937355 509.9562186279977709 472.8962632459565043 435.2546012269938842 397.0588399330730454 360.8112102621304871 327.1820970440602423 295.8834355828220737 265.5306748466257432 237.1489124372560013 210.3312883435582705
-412.1163043478260875 -532.3478260869565020 -678.3826086956521522 -839.9706521739130949 -1001.3163043478260761 -1160.9989130434782965 -1318.3163043478261898 -1447.1880434782608518 -1537.1793478260869961 -1577.1815217391304031 -1553.5086956521738557 -1478.0510869565216581 -1368.0239130434781600 -1232.8086956521738102 -1083.9891304347825098 -932.5499999999999545 -775.8641304347826235 -622.6826086956522204 -485.5228260869565133 -365.1467391304348098 -263.8706521739130153 -177.0423913043478308 -105.8489130434782624 -48.3695652173913047
-30.2368719304873430 64.5187004155647941 180.5020778239516517 257.7495277672837233 253.5073668303739964 140.9059312429165232 -47.6033245183226299 -176.2504722327162767 -218.2119380430676188 -251.7185493010955781 -292.2380052890064235 -328.0933131847374398 -345.4514544767661732 -338.6214582546278962 -299.0442009822440355 -225.2958065734794104 -124.5723460521344919 5.1764261428031730 145.9471099357763535 285.2349829996222184 407.9346429920664718 486.0022667170381396 465.6977710615791466 364.7612391386475110
24.9794955008113284 32.1969317008408353 44.4963858976250179 61.1749520578256352 81.7141171264198221 108.6857943649505813 144.5831243546245730 187.5548015931553323 232.1715592270246304 275.3987313763091720 305.0444018291783550 318.0427791709691974 311.3673108128042486 288.2286472931110666 249.0283227614692407 203.1081280424841395 154.7386045139401176 104.7360967694350222 56.7912671485469858 15.3423808821360090 -18.0131287800560571 -43.5313468063136142 -60.3649505826818142 -66.6672075527363859
-321.2528525787311651 -291.3756275673208620 -165.0634413509812930 65.6298493838429948 295.2756732085805425 427.4258329529894809 444.1122774988589867 283.9342765860337749 7.0721131903240533 -144.8617069831127253 -169.4842537654039347 -181.8000912825193893 -205.8466453674121510 -238.6782291191236993 -260.5832952989502473 -268.1013235965312447 -259.0228206298493774 -210.0999543587402911 -114.4847101780009098 18.5011410314924696 195.2076677316293853 368.3322683706070393 490.2072113190324103 477.5271565495207824
99.5978181818181838 90.3287272727272779 64.5403636363636366 22.5425454545454542 -39.1127272727272697 -116.4930909090909097 -209.0232727272727402 -318.0632727272727038 -438.8094545454545710 -571.5818181818182211 -708.9338181818181965 -853.3120000000000118 -984.7905454545455086 -1085.8596363636363549 -1142.1665454545454850 -1144.5163636363636215 -1102.3985454545454559 -1019.1316363636364031 -914.9847272727272411 -804.6378181818181474 -690.6305454545454268 -577.3512727272727716 -467.7359999999999900 -370.5032727272727016
-171.3364346855228746 -226.2050614067733534 -273.2597692593971033 -302.6047636769631595 -305.9914402679568184 -270.6992928917007930 -143.9132861927800491 58.5173055452177167 265.6296985485671485 401.7878675102344346 439.5470785262374420 274.1890584294752671 -7.7487904726460739 -166.0867138072199509 -203.5228879791589236 -201.0115370301451492 -211.3185708969110408 -226.7335318198734626 -225.9549683662076802 -215.7309266840342445 -195.8139188686267289 -156.3263863044287234 -93.5266096017863759 -7.6847785634536656
187.2594757805473478 190.4017088526275074 175.9355004496980541 152.1415906462803491 124.5726583579596536 96.0943723499935771 70.2111653604008694 45.7669279198252568 22.3408068868045753 2.7544648593087500 -12.7780418861621481 -25.0041757676988325 -34.3387511242451495 -42.2720030836438383 -49.9585635359116012 -55.9771296415264032 -59.2402030065527399 -59.3359244507259405 -58.0528716433251972 -56.4143003983039932 -55.6196839265064895 -57.1965180521649756 -58.5867274829757179 -57.1214827187459875
-634.6083198271204537 -663.9146407347379863 -678.0178282009724171 -674.8627768773635580 -661.1934089681253681 -636.1793625067531366 -599.6088600756347660 -560.0470016207455046 -518.5505132360885909 -479.3905996758508650 -442.8881685575364600 -415.3468395461912337 -398.4516477579686580 -387.7563479200431971 -386.6628849270664432 -397.4538087520259069 -420.5537547271745211 -450.7687736358724919 -484.8173960021609901 -516.3344138303619957 -541.7866018368449659 -557.0513236088601161 -559.1280388978930205 -542.7331172339276009
-598.7089452603471500 -720.1134846461949337 -854.9452603471295333 -1003.6034712950601033 -1162.8638184245660341 -1323.6675567423230859 -1482.3190921228303978 -1630.2189586114818667 -1755.7036048064085207 -1856.8291054739652282 -1921.4165554072096711 -1943.0053404539385156 -1912.3137516688918822 -1830.7129506008011504 -1710.1375166889185948 -1570.5420560747663785 -1428.5313751668891200 -1287.4072096128170415 -1147.5580774365821526 -1010.6555407209613122 -879.3591455273698330 -762.2496662216287859 -656.6421895861147959 -560.6875834445927467
-11.9415015015015022 -37.0826426426426394 -59.0850450450450424 -77.6196996996996944 -92.3249249249249289 -101.3984384384384327 -99.4281081081081055 -85.1445045045045106 -56.1612012012012016 -12.7484684684684684 35.9280480480480477 84.9753753753753784 130.5762162162162099 169.6927327327327362 197.6024024024023902 206.7532732732732654 190.1236036036036126 145.9417417417417369 85.3004204204204228 20.1275675675675672 -40.5587987987987972 -90.4636636636636666 -126.0681081081081061 -143.9393393393393410
236.6078838174273926 297.7349585062240749 368.1701244813277754 404.5121887966805048 375.8812240663900184 301.4356846473028781 198.8360995850622430 96.0601659751037289 15.7943464730290462 -45.3996369294605842 -97.8189834024896214 -150.9987033195020842 -197.0153008298755140 -224.7627074688796540 -235.6390041493775982 -230.9040456431535233 -207.7308091286307103 -168.1524896265560187 -102.1480809128630654 1.5682053941908713 108.3918568464730328 196.1820539419087197 259.2253630705394016 237.5928423236514391
-167.6211121583411909 -183.2997172478793573 -190.6649387370405293 -195.2393967954759546 -198.7554194156456049 -199.1083883129123535 -197.9599434495758601 -199.8463713477850945 -200.5918944392082892 -203.7012252591894423 -216.3463713477850945 -236.4439208294062098 -261.6649387370405293 -301.1310084825636295 -355.7596606974552174 -425.0895381715362760 -511.8911404335532325 -609.7304429783223441 -709.7676720075399999 -802.0447690857681664 -883.6790763430725519 -948.1597549481621172 -987.5711592836946693 -996.4976437323280152
-244.4466439839158625 -259.0216517166718404 -262.0074234457160287 -249.8165790287658581 -214.1620785648004812 -156.9536034642746642 -80.1175378905041811 19.1283637488400871 137.0160841323847762 270.2081657902876373 397.3207547169811278 474.4361274358181504 491.2155892360037228 454.7141973399319568 359.0850603154964347 246.0374265388184369 133.6545004639653484 37.3244664398391564 -51.8165790287658510 -131.9010207237859618 -205.2369316424373551 -259.0958861738323549 -283.5842870399010280 -277.6012991030003150
392.9189814814814667 520.7060185185184764 668.7615740740740193 833.3333333333333712 1011.3287037037036953 1200.2083333333332575 1398.0578703703704377 1595.1458333333332575 1780.1712962962963047 1941.5300925925926094 2069.2754629629630472 2149.3425925925926094 2180.3310185185187038 2169.1250000000000000 2120.7870370370369528 2043.6111111111110858 1939.9074074074073906 1812.5694444444443434 1672.2430555555556566 1523.7800925925926094 1378.3888888888889142 1243.6805555555556566 1116.1087962962963047 990.2824074074073906
219.0366492146596897 460.2931937172774610 589.3455497382199155 505.9005235602094217 258.2513089005235543 -234.2879581151832440 -756.6492146596858674 -1247.3926701570680962 -1118.8848167539267706 -599.8272251308900422 22.1623036649214669 380.0732984293193795 618.9319371727748376 576.6910994764398311 380.1937172774868827 181.9947643979057545 95.0680628272251340 -120.4921465968586318 -322.6753926701570663 -237.8376963350785331 10.3560209424083762 159.2670157068062906 331.5706806282722710 369.8638743455497320
136.8013565891472751 203.4108527131782864 280.6424418604651123 374.0348837209302246 483.3914728682170789 601.3488372093023600 728.6337209302325846 863.6114341085270780 998.3536821705425837 1128.7461240310076391 1251.1744186046512368 1354.4534883720930338 1437.8168604651161786 1500.4379844961240451 1536.8391472868217988 1543.4922480620155056 1522.0678294573642688 1478.6279069767442707 1414.9903100775193252 1334.8643410852712350 1243.3158914728683158 1144.8313953488373045 1040.2936046511626955 935.4312015503876410
1648.2727272727272521 1656.1054545454544495 1628.7236363636363876 1574.1672727272728025 1489.4181818181818926 1397.2472727272727298 1302.3527272727271793 1204.6290909090910191 1089.1636363636364422 955.8581818181818335 804.4327272727272202 635.6399999999999864 452.8072727272727320 266.1418181818181665 76.0981818181818142 -110.4763636363636294 -297.7127272727272498 -482.9527272727272589 -677.0072727272727207 -861.9527272727273157 -1055.8836363636364695 -1232.2436363636363694 -1411.2690909090908917 -1526.4036363636364513
-33.4032524049473167 -36.8374255611543759 -38.9532753092075126 -40.6437929454878599 -42.6868071461291834 -44.5177278973889159 -43.5032065964269350 -39.7480989464040277 -35.7898763169949632 -30.4516262024736584 -22.9984883188273024 -12.7750343563902877 0.0646816307833257 13.9229958772331646 27.6932661475034365 41.3200183234081564 55.7701328447091171 70.1139257901969728 81.9149793861658253 90.0053595968850146 93.7570316078790711 92.6552908841044456 87.3991754466330804 78.9706367384333419
-49.4026449165911430 -55.3791494646393474 -58.5309972141106982 -61.1206659282381750 -63.7807874332896958 -66.0473601181485606 -67.9484442654314762 -68.6782801329171235 -69.6546839861712499 -71.1460745812774746 -71.8550330614573909 -70.9055147182224061 -68.5292182727486363 -65.8993723357835677 -63.3471620850535331 -59.4020407478266677 -54.5577484644043906 -48.9322324035847345 -43.5019971134159036 -39.0628335515053848 -34.7234920954586670 -30.5124022421374157 -26.6280669956029925 -22.4764542006511583
1019.6015581524764002 1041.5475792988313515 1046.5659432387312791 1035.2081246521981939 1008.2209237618252473 966.4774624373956158 913.6950473010573432 852.6510851419031951 791.6249304396216075 733.4251530328325543 676.3861992209237997 623.6761268781301624 579.4579855314412953 542.5826377295492193 512.4168057874235274 487.9365609348914745 468.3427935447969048 450.2442960489705115 432.8369504730105746 417.8052309404563402 399.0172509738453073 374.1597106288258487 347.6299387868670010 321.4307178631052011
-258.6175622986946792 -297.7143583658246939 -343.0340735717918506 -388.8253941345990938 -427.6991015426343665 -454.9028648923546143 -467.7664010849296687 -464.2834378708255372 -444.5002542803865140 -411.5341583319206507 -369.7943719274453542 -323.3893880318698280 -275.7470757755551745 -229.3868452280047450 -189.0678081030683302 -153.2102051195117838 -125.3286997796236619 -104.7874215968808329 -93.4243092049499921 -90.0874724529581243 -90.9754195626377395 -95.7474148160705170 -98.7601288353958324 -97.1556195965417828
-161.2653898768809881 -227.0465116279069662 -301.9343365253077991 -391.0123119015048019 -497.6265389876880931 -622.5129958960328622 -765.9124487004104367 -925.7783857729137935 -1098.8755129958960879 -1282.4049247606019435 -1465.2134062927495961 -1637.7838577291381625 -1788.8454172366621151 -1912.1313269493844018 -1989.1409028727769055 -2011.6867305061559819 -1974.8590971272230945 -1878.9302325581395507 -1747.8755129958960879 -1594.5608755129958354 -1428.9357045143638061 -1263.6114911080710499 -1102.8837209302325846 -951.2161422708618375
-25.1830726770929161 -42.8196872125114965 -65.2631094756209791 -97.8647654093836223 -139.0432382704691747 -193.1793928242870209 -261.4075436982520841 -350.3284268629254825 -460.7598896044158323 -588.7792088316467698 -730.6264949402024058 -881.6007359705612316 -1034.5832566697331458 -1180.5970561177553009 -1316.4903403863845597 -1416.5639374425022652 -1474.5924563017479159 -1487.2557497700092881 -1449.8748850045997187 -1373.1315547378105748 -1271.0772769089237499 -1152.6623735050598043 -1031.4958601655932853 -905.9567617295308537
1070.4551607445007448 1174.8874788494076711 1271.4653130287647400 1351.3570219966159129 1416.7470389170896397 1460.9382402707276469 1478.5033840947546651 1473.4094754653131076 1443.5439932318104184 1389.5118443316412140 1315.9433164128595308 1227.6091370558376639 1130.5524534686971947 1027.4957698815567255 917.3417935702199202 805.7648054145515744 699.9991539763113906 604.1209813874788779 519.7258883248730399 444.0913705583756155 371.9060913705583857 309.1531302876480822 256.3832487309644534 209.3714043993231826
313.3254073095552599 336.7441655658300306 355.4354909731395651 369.5358872743285019 377.7613386173491676 384.0140907089387952 387.5015411712901710 392.1831792162043371 400.0973139586085381 413.6966094231615898 433.8229854689564036 457.5579040070453516 485.6437692646411506 519.3276089828269733 557.9815059445178349 594.3280493174812591 629.8357551739321707 659.3667987670629600 680.5614266842800362 689.7217084984588382 686.0810215763980295 669.8071334214002945 640.7547335975341412 599.6913254073095914
-48.8981640146878860 -41.7089351285189736 -27.7735618115055090 -2.2110159118727051 29.4225214198286409 63.1674418604651180 95.7667074663402644 117.9436964504283907 120.4261933904528803 95.8998776009791953 50.3791921664626656 -10.1865361077111380 -82.3204406364749133 -165.2607099143206995 -252.0286413708690247 -333.7253365973072050 -405.8536107711138357 -456.4232558139534603 -471.9380660954712425 -451.0624235006119989 -400.6548347613219221 -331.6509179926560478 -258.6996328029375718 -194.5449204406364743
535.6322645290581477 650.8557114228457294 775.3486973947896104 904.1813627254508674 1032.4559118236472841 1158.5320641282564793 1279.7244488977955825 1383.8196392785571334 1465.4398797595190445 1520.8597194388778462 1551.1563126252503935 1553.0731462925850792 1526.9939879759519954 1474.8937875751503270 1405.6072144288577874 1319.5450901803608303 1217.3016032064128922 1101.9288577154309223 983.8857715430862072 865.2284569138276993 755.5300601202404778 656.1492985971943881 566.1823647294588682 482.8527054108216703
155.3464142283419278 146.5930005737234580 103.1144004589787784 41.7707401032702208 -21.3934595524956954 -76.4903040734366044 -122.6499139414802073 -162.9084337349397629 -192.6627653471026917 -209.1856569133677510 -208.2989099254159555 -194.2246701090074623 -170.5301204819277245 -139.8442914515203768 -105.1157773952954670 -70.8889271371199072 -39.6263912794033288 -8.7759036144578317 14.8180149168100979 28.4906483075157766 33.6348823866896183 31.0045897877223169 23.9265633964429156 17.3312679288582920
-132.3411662315056674 -184.4717145343777247 -257.6875543951261989 -349.9590948651000986 -466.9329852045256644 -605.8764142732811706 -750.5848563968668259 -901.7624020887728875 -1054.7545691906004777 -1197.8807658833768528 -1323.7441253263707495 -1412.4369016536118124 -1454.9112271540470829 -1449.3820713664056257 -1401.8746736292428068 -1315.8006962576153001 -1199.6040034812881458 -1068.8076588337685280 -933.0348128807659123 -797.8816362053960347 -669.7441253263707495 -552.2254134029591341 -449.2645778938207286 -356.8050478677110391
-956.6168446026097172 -907.9561091340450503 -829.3606168446026459 -725.3665480427046077 -595.0154211150652372 -458.1921708185053603 -318.9679715302490877 -181.5124555160142279 -41.2431791221826813 104.5575326215895586 253.7793594306049840 397.2514827995254905 532.3546856465005703 661.0142348754447994 778.0154211150652372 878.4246737841043569 960.0213523131673128 1011.5017793594306568 1034.4151838671411952 1032.5219454329774180 1004.3001186239620210 959.0806642941873861 907.9928825622776003 855.1684460260972855
-279.0308437981934162 -306.4813835646618259 -334.2220753469927104 -363.2262612910332678 -394.7783652786957305 -429.4084600132187575 -465.1235955056179705 -497.5961665565102408 -524.5926415510024299 -541.5926415510024299 -551.4011896893589437 -550.6627010354703771 -540.8206653447896315 -524.2271425424102063 -499.3710068296981603 -466.9427186604979170 -427.8131747080854552 -384.5928618638466787 -337.1383564661819605 -287.5186164353381741 -236.4994492178894063 -188.7032385988103158 -146.7369464639788532 -114.1434236615994706
187.4188985423996598 194.2545415380196800 198.6153514755510798 200.4311050477489857 201.7630501902778803 202.6317225533136934 202.0523443670568042 200.3764629855675992 198.8899978459108127 198.2200043081783463 198.5072880017232819 199.1444675809578655 199.8515832555467853 201.5859840597400705 203.5556114023120529 205.0010770445896355 205.7606088892080152 206.2757234149493684 206.1974581747684283 204.9545487183169428 202.5287570905435359 198.5075752136138476 192.8107991670855199 184.1743376175773790
1951.6402321083171501 2073.2088974854932530 2150.4487427466151530 2175.5822050290134939 2155.9535783365572570 2097.9613152804640777 2008.1682785299806255 1890.1605415860735775 1758.1199226305609500 1611.7253384912960428 1457.8104448742747081 1301.0947775628626459 1156.3365570599612511 1021.8181818181818699 897.9613152804641913 782.4951644100580097 665.1063829787234454 551.5183752417794949 438.9477756286266867 339.8491295938104599 252.4468085106383057 173.4835589941972955 104.3926499032882020 33.8317214700193389
50.9313099041533519 -2.2220447284345046 -58.6517571884984008 -115.1869009584664525 -170.5766773162939387 -230.3146964856230170 -299.8546325878594416 -382.6373801916932962 -484.1533546325878774 -599.1789137380192187 -736.4440894568690510 -896.7955271565494968 -1076.6437699680511741 -1264.0782747603834650 -1453.0750798722044692 -1638.8658146964855860 -1808.1118210862618980 -1951.4073482428113948 -2043.2507987220446921 -2078.1389776357827941 -2046.6373801916931825 -1953.4041533546326264 -1822.6948881789137431 -1655.8610223642172059
784.3853904282116218 783.9809683739155162 766.2471312622445794 732.4181360201511097 689.3946263643996417 640.0534564791491903 582.2267002518891559 522.7153652392946697 464.8359921634481111 409.1374195354044332 359.7131262244612344 314.8874895046179745 274.5090959977609941 241.7100475790652183 215.8021270640917919 196.8558634200951474 182.6767422334172863 170.9384270920794791 161.4270920794850213 153.0554156171284603 147.0713685978169565 138.0439406661069199 127.5980968373915516 113.1099916036943682
-8.5894099848714074 -14.1546142208774590 -19.1367624810892600 -24.9494704992435707 -29.5960665658093802 -41.1128593040847221 -64.7170953101361590 -100.9113464447806336 -154.6257186081694499 -229.7745839636913843 -319.5255673222390556 -409.9827534039334296 -495.9860816944024009 -566.9800302571860584 -613.5273827534039128 -635.0886535552193664 -617.7881996974281265 -565.5243570347957984 -488.7694402420574988 -405.2904689863842691 -317.2962178517398115 -233.6659606656581047 -160.4387291981845749 -106.2677760968229990
-145.2979643765903290 -173.1379134860050897 -202.3356234096692106 -236.5572519083969496 -272.4778625954198219 -307.5455470737913402 -342.1012722646310635 -378.7946564885496059 -417.8402035623409461 -457.4860050890585512 -496.7692111959287331 -537.3798982188295668 -573.0483460559796640 -606.1452926208651206 -635.2305343511450246 -656.5173027989822003 -666.9249363867684224 -666.4160305343511936 -656.2997455470738259 -638.4501272264631098 -612.6127226463104307 -577.0463104325699533 -535.0343511450381584 -487.3277353689567235
-276.1549668874172312 -343.3211920529801091 -423.7185430463576381 -522.1655629139072516 -638.9066225165562400 -768.5423841059603092 -885.0291390728476699 -981.0192052980132758 -1043.6172185430464197 -1062.3728476821192999 -1030.8132450331124801 -964.6304635761589452 -869.4503311258278018 -756.6768211920530121 -632.3311258278146170 -499.3245033112582973 -371.2715231788079677 -252.0675496688741646 -150.2390728476821096 -65.6423841059602609 3.9582781456953642 61.1596026490066222 108.8920529801324477 145.1668874172185326
288.5852143300890589 305.0936011596604089 309.9712155725823095 302.9608614620004232 284.1145164630358408 250.8664319734934907 207.9859184096086153 164.3932491199005881 123.6521018844481290 81.2834955477324428 37.7761441292192970 -6.6808863118658106 -50.4462621660799329 -89.8092772830813857 -126.3302961275626473 -162.0176019879892237 -195.2484986539656120 -228.4158210809691525 -259.5293021329467820 -291.0167736591427001 -320.5547732449782643 -346.6533443777179286 -362.5129426382274005 -360.8997722095671747
68.4231974921630126 98.1809225257501055 141.6905508284818609 198.9780564263323015 263.9149126735333653 341.4366323331840363 428.4706672637707356 512.1804746977160221 589.6547245857590269 651.4079713390058259 686.6117330944916830 689.9346171070309310 661.3524406627855114 594.7295118674428522 505.2230183609493679 404.5150022391401876 301.5741155396327713 201.7832512315270890 113.7402597402597451 38.4621585311240466 -26.1101656963725937 -73.8392297357814584 -110.1097178683385636 -126.4402149574563339
-149.3890283255647091 -147.1391179634277648 -140.7339548225170347 -131.5493008246683360 -124.5830046611688715 -119.7683757619218312 -114.8027967013266419 -109.9383291502330593 -105.1355324489064174 -95.5751165292219440 -80.5005378271782064 -55.3944065973467161 -21.1072068841878817 17.9827895302975982 66.9781283614198628 126.3524560774471155 196.1226245966296062 274.0588024381498826 363.8899247041950389 459.3617784152025934 553.9659376120473553 648.9017569021154941 721.1713875941197784 756.6769451416278116
-401.7814833250373567 -460.4335490293678390 -518.2568442010950776 -578.1234444997511446 -637.7690393230462860 -693.6475858636136991 -744.0627177700348511 -786.7824788451965787 -824.0627177700348511 -852.2060726729715725 -871.3354902936785038 -877.7824788451965787 -871.7257341961175143 -851.3330014932802214 -822.2359382777501651 -780.4061722249875857 -731.7197610751617276 -673.6888999502240267 -606.2573419611746885 -534.6470881035340881 -464.4196117471378784 -395.6207068193131136 -333.0194126431060226 -276.9771030363364730
-596.5659177617634441 -562.3497244595167786 -504.9605765154726669 -436.9427723611700003 -363.6774056803730559 -286.2975837219160553 -205.2785078423060554 -120.7443832132259445 -38.7367528613819445 41.9508266214497638 120.4713861805850001 194.8919033488766388 265.4319626960576670 330.2310300974989445 389.3963543874523339 441.2903772785078331 482.7083509961848335 513.6405256464603326 532.7465027554047765 534.6964815599829990 525.6909707503178879 511.8401865197117218 490.3086053412462775 459.1487918609580561
537.1951618770461891 532.0562022553656334 485.7100763914150434 423.3568570389232377 360.4887231720625778 297.3361222262640808 238.6722444525281901 184.4048744998181064 138.1473263004729120 100.0567479083303084 71.0498363041105847 49.8048381229538037 32.3759548926882488 21.7735540196435053 18.8508548563113862 18.1440523826846132 17.7531829756274995 18.1242269916333214 13.3497635503819563 8.1680611131320475 1.2559112404510731 -10.8117497271735168 -22.2480902146234989 -32.2959257911968010
