-121.0199004975124382 -127.9676616915422898 -133.7860696517412862 -132.4825870646766077 -138.6965174129353215 -140.5696517412935407 -148.6815920398009894 -167.8980099502487633 -43.3333333333333357 140.0870646766169045 161.2338308457711378 128.1442786069651731 112.0398009950248763 79.9179104477611872 53.0796019900497527 30.8532338308457703 17.7462686567164170 9.0796019900497509 1.7835820895522387 -1.5721393034825870 -2.6915422885572138 -1.9776119402985075 -2.7537313432835822 -4.2661691542288560
-10.7029163259743800 -10.6293570758002485 -10.5714848126949512 -10.5118258078192657 -10.4703673419944892 -10.4236395021350052 -10.3820599012749462 -10.3408437055207294 -10.2912691923321518 -10.2539596014657342 -10.2100481511765242 -10.1632294600405810 -10.1228006420156866 -10.0636261772811242 -9.9840707428606041 -9.9044850246812626 -9.8282608037309593 -9.7430725901698914 -9.6641228309257752 -9.5934405378395571 -9.5060113261257992 -9.4352987492807614 -9.3418430695617936 -9.2046576421065378
148.0873786407767057 149.9320388349514701 173.5663430420711961 102.7637540453074365 -87.9805825242718385 -165.5210355987055095 -142.8834951456310591 -134.2750809061488724 -118.4919093851132743 -102.8090614886731373 -87.8414239482200685 -73.3948220064724950 -61.7669902912621325 -48.2783171521035612 -37.0582524271844633 -27.7540453074433664 -23.4919093851132672 -22.6504854368932023 -22.8543689320388346 -21.9061488673139166 -17.1359223300970882 -15.6860841423948223 -18.9061488673139166 -18.0194174757281544
-130.7881136950904306 -140.3540051679586611 -149.9069767441860392 -154.9534883720930338 -155.4832041343669289 -158.1705426356589044 -159.1731266149870692 -161.8475452196382491 -165.0284237726098127 -160.1033591731266199 -173.1731266149870692 -120.2739018087855243 46.1240310077519382 158.9147286821705336 168.4702842377261049 163.3488372093023315 160.3126614987080245 155.4547803617571162 153.3410852713178372 149.0103359173126591 144.8785529715762266 142.3307493540051780 135.8397932816537548 128.7105943152454870
127.1330834114339297 113.8533270852858550 78.6743205248359914 43.4615745079662616 21.9245548266166814 14.5581068416119965 11.7150890346766641 10.0613870665417053 9.5941893158388005 8.9498594189315845 8.5492033739456428 8.7642924086223051 8.9133083411433933 8.8725398313027171 9.0843486410496723 9.1654170571696341 9.2305529522024372 9.3870665417057175 9.3462980318650430 9.4175257731958766 9.5009372071227745 9.2727272727272734 9.2160262417994385 9.3003748828491091
81.9025450031036684 84.5102420856610763 84.8417132216014949 84.9553072625698320 84.9329608938547551 84.6399751707014332 84.2557417752948510 85.4090626939788962 89.4518932340161399 94.3736809435133495 99.4314090626939731 105.7597765363128559 112.3258845437616458 118.3743016759776481 124.2389819987585327 129.5617628801986427 134.3370577281191913 138.7889509621353170 142.5338299193047931 145.5847299813780182 147.6120422098075835 148.0825574177529518 146.9459962756052107 142.4115456238361332
-113.2158828064764862 -114.2393986121819580 -114.5645720894371635 -114.7898997686969977 -114.9034309946029282 -114.8269082498072464 -114.7744795682343835 -114.8024286815728630 -114.7079799537393967 -114.5873168851195061 -114.4221279876638420 -114.1809946029298430 -114.0925212027756430 -114.0079028527370895 -114.0019275250578232 -114.1108326908249779 -114.1499614494988464 -114.2546260601387758 -114.4361989205859658 -114.6260601387818099 -114.7257131842713989 -114.6570932922127923 -114.4149961449498818 -113.5940632228219016
-152.9366053169734130 -155.7096114519427488 -157.6278118609406818 -158.3026584867075712 -157.8670756646216660 -156.9447852760736168 -157.4008179959100175 -157.8732106339468260 -157.9427402862985730 -157.7811860940695396 -157.6952965235173849 -157.1738241308793533 -156.5460122699386432 -157.5132924335378277 -156.0040899795501161 -158.6564417177914095 -156.2515337423312758 -163.1983640081799649 -166.2617586912065519 -41.8507157464212654 132.1329243353783340 171.4519427402862846 149.4662576687116484 138.5276073619631916
34.2731067382230208 33.7734048896839596 33.7125819916517599 33.9654144305307071 33.5569469290399525 33.7197376267143696 34.0852713178294593 34.0268336314847915 34.1633870005963018 34.2104949314251670 33.9552772808586738 34.0292188431723304 34.5378652355396554 34.8324388789505051 35.7871198568873012 37.4066785927251075 40.1162790697674438 44.8199165175909329 52.6362552176505645 68.1067382230172882 88.3249850924269566 105.5635062611806774 117.1705426356589186 119.0846750149075746
-137.5452436194895540 -146.2726218097447770 -147.3329466357308490 -149.9211136890951366 -150.6879350348027913 -150.3410672853828203 -148.8932714617169495 -144.3109048723897843 -132.3828306264501293 -106.1310904872389784 -76.3967517401392087 -50.0185614849187914 -25.7180974477958237 -15.9965197215777266 -15.8515081206496511 -12.6461716937354982 -9.8074245939675180 -8.4071925754060324 -7.4860788863109047 -7.3143851508120648 -7.5464037122969838 -7.8526682134570764 -7.7053364269141529 -7.8132250580046403
-135.6900191938579781 -146.6314779270633437 -147.0000000000000000 -144.5057581573896357 -133.4923224568138096 -105.9923224568138238 -73.2476007677543208 -43.3157389635316719 -22.7418426103646816 -17.5796545105566224 -15.6928982725527835 -13.4779270633397310 -12.8291746641074855 -11.4203454894433776 -11.2130518234165066 -10.8387715930902111 -10.3205374280230320 -10.6065259117082533 -10.7687140115163142 -10.8550863723608444 -11.1238003838771586 -11.2437619961612292 -11.1833013435700579 -11.1861804222648757
77.1887505908303098 77.3907357806837837 76.8608791555065380 76.0132345990231642 75.3108555222939913 74.7654009768394587 74.2936820545139369 74.0056719710099316 73.7899795178824576 73.6699227981723652 73.6338427603592294 73.5905152040333945 73.6034346935560109 73.6010713723018739 73.6150937450764076 73.6289585631006815 73.6995430912242000 73.8760044115330032 74.0168583582795065 74.1592878525287489 74.3642665826374696 74.6710256814242967 74.9109815660942218 74.9922798172364935
-12.4360767793983236 -12.4766919683662518 -12.5468346381592024 -12.6085919802885194 -12.6894249493303661 -12.7538846719389571 -12.8262130906489684 -12.9007669991654410 -12.9746453125620960 -13.0408933751937361 -13.0787664427929897 -13.1048364662401138 -13.1281246274291625 -13.1385367404522508 -13.1413186027103279 -13.1704089337519381 -13.1923459047013480 -13.1747406906966571 -13.1653618407979973 -13.1618249016412996 -13.1626992012081239 -13.1845566903787308 -13.2032349083972491 -13.2147995072129714
12.3944543828264759 11.7629695885509840 8.1610017889087665 6.8059033989266551 0.9579606440071556 3.5733452593917709 30.2504472271914118 64.8640429338103814 102.8953488372092977 131.3497316636851622 140.6288014311270160 145.7665474060822817 148.7468694096601212 149.8837209302325562 151.1314847942754795 151.1305903398926773 151.5474060822897968 152.4105545617173618 152.9552772808586667 153.3783542039356007 153.6189624329159074 153.8139534883721069 153.9248658318425669 152.8622540250447344
53.0823505069315118 53.8808193668528830 55.1537347403269180 56.8119180633147138 58.3873370577281179 59.5270018621973946 60.3374715497620500 60.7272915373474049 61.0128284709290298 61.2727084626525951 61.3954065797641206 61.5716945996275626 61.8261949099937951 62.2389819987585327 62.8657148768880631 63.6182495344506549 64.3554727912269868 64.8479205462445663 64.9613076763914705 64.6797020484171270 63.9466170080695235 63.2098075729360644 62.7260500724187864 62.4891371818746109
-55.8139658848614104 -56.5069296375266532 -58.1871002132196153 -61.6316631130063968 -65.3795309168443453 -68.0970149253731307 -67.9594882729211065 -64.7068230277185563 -59.5458422174840081 -52.7126865671641767 -45.6855010660980838 -39.9482942430703645 -35.2361407249466936 -31.1236673773987214 -26.5367803837953105 -21.5746268656716431 -17.7084221748400843 -14.2180170575692966 -10.9285714285714288 -8.6657782515991464 -6.8081023454157785 -5.3352878464818767 -4.4584221748400852 -4.2158848614072495
150.9905838041431139 153.3785310734463394 156.4651600753295781 158.7514124293785187 160.4613935969868237 161.4180790960452043 162.1111111111111143 162.8606403013182558 163.4519774011299376 163.7419962335216610 164.6591337099811767 164.6986817325800416 165.7740112994350170 166.2617702448210935 165.5178907721280552 168.6177024482109346 166.7570621468926504 175.7664783427495365 160.8060263653484014 25.5668549905838027 -135.9416195856873912 -173.6723163841807889 -156.4086629001883182 -148.0527306967985055
176.6195372750642605 135.3007712082262231 -22.7866323907455026 -156.2776349614395883 -176.4498714652956437 -165.7069408740359790 -166.4113110539845763 -162.9383033419023263 -162.9125964010282814 -163.4730077120822500 -163.5861182519280135 -164.1876606683804596 -163.2159383033419147 -163.2365038560411392 -163.4730077120822500 -163.3367609254498802 -162.7352185089974341 -162.3650385604113069 -161.8508997429305794 -160.7557840616966587 -157.9460154241645284 -154.7095115681233892 -153.7789203084832934 -153.8611825192801916
-143.9647756766777889 -145.4868372265480048 -146.1496106785317011 -146.5554319614386429 -146.8843159065628470 -147.0276232851316252 -147.1112347052280427 -147.2517612161661020 -147.4454949944382633 -147.6129032258064626 -147.6979977753059075 -147.7271041898405599 -147.7882832777159763 -147.7962550982573191 -147.8235076010381874 -147.7649239896180973 -147.6952169076751886 -147.8828327771598197 -147.8626251390433879 -147.8209121245828612 -147.6392287727104247 -147.4653318502039383 -147.2187615869484603 -144.8600296625880617
-149.6450216450216431 -94.6168831168831161 89.8419913419913456 178.1515151515151558 164.5043290043290085 164.4956709956709915 160.2229437229437110 157.2554112554112464 158.3961038961039094 154.4523809523809632 154.0129870129870255 154.7748917748917847 155.9177489177489235 157.5562770562770538 158.4393939393939377 158.8290043290043343 159.0411255411255524 158.9588744588744476 158.7813852813852691 158.5779220779220680 158.1082251082250991 157.6385281385281303 157.5476190476190368 156.4502164502164590
-147.3389121338912275 -149.2269874476987468 -149.5062761506276274 -149.9069037656903731 -150.2311715481171461 -150.2562761506276274 -150.4048117154811735 -150.6098326359832527 -150.7907949790794930 -151.0847280334727998 -151.0910041841004272 -150.3023012552301338 -149.5449790794979208 -148.3211297071129593 -146.3033472803347195 -143.3504184100418399 -138.7071129707113073 -128.3441422594142125 -107.4236401673640131 -83.5397489539748932 -60.1286610878661065 -41.9665271966527200 -36.1830543933054400 -31.8901673640167367
-128.5822784810126507 -136.7151898734177280 -144.4430379746835342 -140.8164556962025245 -106.3924050632911360 -44.1075949367088640 26.4746835443037973 98.6835443037974613 156.9873417721518933 163.0696202531645440 106.5696202531645582 32.5506329113924053 -37.7215189873417742 -109.4683544303797476 -150.3037974683544178 -156.4810126582278542 -158.1708860759493689 -158.0063291139240391 -155.7151898734177280 -155.6708860759493689 -157.5379746835442916 -156.1708860759493689 -149.7341772151898738 -143.8417721518987378
143.6822878228782372 144.1701107011070064 144.3016605166051534 144.4269372693727007 144.2369003690036777 144.0998154981549817 143.6308118081180680 143.0062730627306280 142.5345018450184398 141.9734317343173302 141.3350553505535174 140.6057195571955845 139.8199261992619995 139.0518450184501944 137.9636531365313772 136.8778597785977809 136.5702952029520247 136.9507380073800675 137.1108856088560799 137.0809963099630977 137.2444649446494509 137.2392988929889270 136.6282287822878345 134.8110701107011096
90.7282626629269089 91.4491008084474544 91.5843920145190538 91.3190892591981509 91.1118627289226168 90.8932519386239903 90.9359841610295376 91.0518066325688835 91.0892591981521207 91.2126711763735329 91.2738821976571586 91.3131496452730573 91.3934994225375306 91.4436561623494413 91.5708628939118938 91.7205081669691538 91.8587691800032928 92.0716053456525287 92.3733707309024936 92.7048341857779263 92.9351592146510512 93.0640158389704624 92.9460485068470490 92.4484408513446567
36.2913333333333341 40.3879999999999981 49.3793333333333351 74.4980000000000047 102.9140000000000015 122.4833333333333343 135.1093333333333248 141.9986666666666792 146.8466666666666640 150.1539999999999964 151.9859999999999900 153.0233333333333405 153.6713333333333367 154.0873333333333335 154.2659999999999911 154.6146666666666647 154.7560000000000002 154.8246666666666727 154.9386666666666770 155.0626666666666722 155.2400000000000091 155.5846666666666636 155.6779999999999973 154.5926666666666733
7.4917414609822988 7.4487347294938919 7.4365494889055102 7.4364248317127899 7.5101595612066818 7.5703066566940915 7.6323236100723015 7.6908189977561703 7.7355709299426580 7.7757728745948640 7.8052543006731492 7.8162864622288710 7.8000186985789082 7.7624657192720017 7.7011032161555724 7.6172089254549986 7.5209735726751434 7.4084392919471451 7.2934430316629273 7.1779481426078284 7.0901271503365741 7.0334704562453254 6.9846671652954377 7.0320057342308653
54.1550397067806983 53.6337202199144798 52.9777642028100217 52.4990836896762403 52.1659132559560206 51.8671960904092870 51.5582162492364091 51.2452046426389742 50.9738546120952947 50.7980452046426407 50.7330482590103884 50.6983506414172282 50.6697617593158185 50.6343310934636506 50.5822846670739139 50.4577886377519889 50.1678680513133770 49.7398900427611466 49.2324984728161255 48.6338423946243097 48.0299328039095883 47.5418448381185073 47.1803298717165518 47.1240073304825913
144.0726902173913118 146.2180706521739069 147.3464673913043441 148.3451086956521863 149.9259510869565304 151.3546195652174049 152.6555706521739069 153.9510869565217490 154.7683423913043441 155.1501358695652186 154.6093750000000000 153.1582880434782510 150.0584239130434696 143.0862771739130324 131.6664402173913118 107.9911684782608745 74.0720108695652186 44.2418478260869534 24.2004076086956523 19.5346467391304337 26.8070652173913047 34.8315217391304373 38.3186141304347814 37.8804347826086953
33.4927987543791374 29.4674970805760985 27.1146360451537554 25.2419229272090320 22.6241728298948992 19.8857532113662892 16.9857921370182936 14.1965745426235888 11.5544959128065390 9.1387699493966519 7.0142078629817046 5.1932658622031918 3.6520046710782403 2.3154924094978591 1.1905410665628648 0.3248345659789801 -0.3888672635266641 -1.0140132347216815 -1.5118723238614247 -1.9416115219929935 -2.2643051771117166 -2.5233553912028026 -2.7275204359673024 -2.7761775009731413
-177.7214209401709297 -177.6455662393162527 -177.6690705128205252 -177.7532051282051384 -177.6933760683760681 -177.7620192307692264 -177.7367788461538396 -177.7552083333333428 -177.7609508547008659 -177.7581463675213627 -177.7649572649572747 -177.7609508547008659 -177.7602831196581121 -177.7609508547008659 -177.7502670940170901 -177.7528044871794748 -177.7371794871794748 -177.7134081196581121 -177.7286324786324769 -177.6414262820512704 -177.6991185897435912 -177.5746527777777715 -177.5729166666666572 -177.5926816239316111
150.6375838926174424 152.2953020134228268 154.6140939597315480 154.3422818791946440 157.3926174496644421 157.4731543624160963 161.8154362416107404 161.2516778523489904 80.1442953020134183 -56.4026845637583918 -143.0805369127516826 -164.1476510067114134 -159.0906040268456252 -135.4530201342281828 -79.6107382550335529 -12.9093959731543624 34.7583892617449663 59.5100671140939568 77.6543624161073893 93.0369127516778462 92.7147651006711442 79.3020134228187885 67.1845637583892596 62.3926174496644279
-135.4247572815534113 -145.6771844660194120 -154.8834951456310591 -155.8155339805825292 -163.6941747572815586 -162.0412621359223238 -75.2378640776698973 74.8349514563106766 164.6723300970873822 166.3082524271844704 159.8082524271844704 160.5800970873786468 156.4611650485436769 157.3616504854368827 155.0097087378640879 154.3276699029126178 156.3106796116504995 157.2135922330097060 157.8883495145631173 157.3762135922330003 157.2354368932038824 155.8519417475728233 152.4223300970873822 150.1140776699029118
143.6781550937658380 145.8824125696908141 139.1758743030917458 127.3507349214394253 103.3755701976685231 71.1586416624429745 44.1814495691839824 31.2093258996452114 26.7410035478966037 24.4004054738976173 23.7810440952863651 23.0785605676634553 22.2620375063355311 22.4419665484034461 22.7587430309173833 23.1550937658388243 23.7095793208312209 24.0000000000000000 24.1996958945767879 24.2513938165230627 24.2889001520527117 24.6026355803345176 24.7263051191079590 24.6173340091231623
-125.2664835164835182 -132.4807692307692264 -135.7170329670329636 -136.0769230769230660 -139.5769230769230660 -139.6840659340659272 -143.6236263736263652 -145.6263736263736348 -151.0851648351648464 -169.3571428571428612 -71.0824175824175768 112.3296703296703356 166.1538461538461604 138.3104395604395620 119.8791208791208760 81.7005494505494454 43.9725274725274744 16.2664835164835182 -3.2142857142857144 -13.0549450549450547 -22.3049450549450547 -23.7747252747252737 -19.6428571428571423 -18.6346153846153832
-17.6430594900849869 -17.6685552407932001 -19.0283286118980186 -20.9886685552407926 -22.7138810198300298 -23.1898016997167140 -21.2776203966005681 -22.0028328611898019 -26.4844192634560898 -33.3087818696883886 -38.9773371104815851 -45.3682719546742206 -56.3144475920679852 -66.8866855524079256 -85.2266288951841346 -90.1983002832861160 -122.3796033994334209 -123.1756373937677012 48.7223796033994319 172.9008498583569349 145.7932011331444642 131.1218130311614800 111.5835694050991549 87.4220963172804488
-32.4015064836003077 -32.3974065598779575 -32.4689168573607958 -32.5372807017543835 -32.6154652936689544 -32.6405415713196021 -32.6151792524790238 -32.5849542334096114 -32.5535850495804695 -32.5440503432494310 -32.5128718535469119 -32.4672959572845130 -32.4497520976353897 -32.4214340198321906 -32.3791952707856581 -32.3340961098398196 -32.2380816170861948 -32.0930587337909969 -31.9484172387490482 -31.8166475972540042 -31.6476926010678881 -31.5197368421052637 -31.4653890160183067 -31.3119755911517927
147.5937500000000000 151.2187500000000000 153.9687500000000000 153.6614583333333428 149.6354166666666572 105.6354166666666714 14.8750000000000000 -79.2291666666666714 -149.0260416666666572 -164.0572916666666572 -110.4635416666666714 -1.4010416666666667 114.7812500000000000 161.2604166666666572 148.4218750000000000 136.6927083333333428 124.5312500000000000 103.4947916666666714 82.5260416666666714 68.0833333333333286 62.6822916666666643 58.1406250000000000 56.4479166666666643 55.3906250000000000
3.2360676268002506 3.2667501565435191 3.0701314965560424 2.8096430807764556 2.5886036318096433 2.5216030056355665 2.1822166562304322 1.6361928616155290 1.0713838447088291 0.0469630557294928 -1.2742642454602380 -2.1815904821540388 -2.2667501565435191 -2.2798998121477769 -2.6130244207889795 -1.7927363807138383 -0.3537883531621791 2.3700688791484033 7.9041953663118347 16.0269254852849095 38.0726361928616157 75.1458985597996190 103.9799624295554139 110.9110832811521590
24.7835714285714275 24.5909090909090899 24.5157142857142851 24.5653246753246748 24.6554545454545462 24.7647402597402611 24.9006493506493491 25.0305844155844142 25.1583116883116880 25.2764935064935052 25.3935064935064929 25.5145454545454555 25.6324675324675333 25.7555194805194816 25.8866883116883102 25.9837012987012983 26.0146103896103895 26.0114935064935082 26.0037662337662354 26.0364935064935068 26.1188311688311678 26.1233116883116878 26.2077272727272721 26.4666883116883120
-129.7060532687651460 -130.9370460048426139 -131.3559322033898411 -131.4065375302663483 -131.2576271186440806 -131.1290556900726472 -130.9653753026634320 -130.7249394673123390 -130.5903147699757767 -130.4617433414043717 -130.3598062953995225 -130.4297820823244649 -130.4736077481840084 -130.5859564164648816 -130.8152542372881442 -131.1380145278450300 -131.6559322033898241 -132.1849878934624769 -132.5910411622276115 -132.9820823244552059 -133.2029055690072710 -133.2009685230024161 -132.9745762711864359 -131.5329297820823342
135.1608187134502828 146.0175438596491233 153.6432748538011595 154.7368421052631504 168.4502923976608315 134.4532163742690045 -17.7865497076023402 -146.8070175438596436 -156.5116959064327489 -140.1374269005847850 -132.1169590643274887 -117.8479532163742647 -106.5643274853801188 -93.9035087719298218 -80.0263157894736850 -64.4210526315789451 -39.4444444444444429 -16.0526315789473699 -4.4093567251461989 0.0935672514619883 -0.5350877192982456 -0.5964912280701754 0.8362573099415205 -0.6929824561403509
6.9697322467986034 5.6530849825378349 2.7986030267753201 1.9662398137369035 1.7089639115250290 5.6263096623981372 18.4202561117578583 46.3585564610011645 87.2211874272409773 111.4842840512223461 108.9825378346914988 92.0477299185099014 66.4575087310826547 41.0081490104772968 24.5459837019790470 18.0779976717112909 15.7473806752037255 14.9732246798603033 15.0360884749708958 13.8894062863795114 13.9650756693830029 15.0034924330616999 14.6775320139697314 14.4842840512223514
-5.4786418210840448 -5.4211603858699426 -5.3961586508432227 -5.3488965230064540 -5.2895586092025821 -5.2465993476299531 -5.1969081823860090 -5.1394961482406831 -5.0858664723436737 -5.0348913873273649 -4.9838816017766669 -4.9351100006940110 -4.8869283086959543 -4.8418523145256440 -4.8019119994447914 -4.7592650426816574 -4.7186827677146228 -4.6775626344645707 -4.6305954611701017 -4.5835241862724683 -4.5289575959469772 -4.4840898049829967 -4.4258970088139353 -4.3394579776528559
141.1850998463901590 144.8801843317972384 147.2473118279569917 149.5145929339477675 151.3056835637480901 152.4631336405529964 152.7688172043010866 151.9777265745007639 149.3364055299539075 143.8863287250383962 132.1812596006144531 109.1213517665130581 78.8425499231950795 48.9992319508448517 27.0330261136712764 19.3463901689708138 19.5253456221198149 19.1505376344086038 18.4155145929339490 17.8955453149001542 17.4208909370199692 17.7427035330261127 18.4178187403993867 18.9738863287250368
29.6020066889632112 27.6254180602006691 26.6722408026755851 30.9665551839464896 36.8327759197324411 41.8193979933110356 46.7759197324414728 50.9866220735785944 56.0802675585284263 65.0200668896321048 74.6722408026755886 84.3311036789297646 92.8628762541806054 103.6321070234113648 121.6521739130434838 134.0133779264214127 149.5919732441471695 136.6923076923076792 25.6889632107023402 -114.4481605351170543 -162.3678929765886210 -148.4749163879598655 -139.1337792642140414 -121.9698996655518357
-123.5376884422110493 -136.5854271356784011 -146.0778894472361742 -148.7638190954773734 -152.9346733668341756 -159.5402010050251249 -158.8065326633165739 -166.9020100502512491 -151.6859296482411992 -34.9497487437185939 118.6557788944723626 174.4547738693467238 163.4472361809045253 161.7939698492462242 159.1381909547738758 157.2185929648241256 157.6909547738693504 154.2638190954773734 154.2537688442210992 153.3417085427135760 151.5778894472361742 149.8115577889447252 146.7185929648241256 143.3115577889447252
140.4125874125874134 149.2993006993006873 150.6314685314685278 151.6999999999999886 150.3356643356643474 146.5776223776223901 137.7692307692307736 114.6188811188811201 80.7405594405594371 49.3055944055944053 26.5811188811188828 15.9748251748251739 14.6447552447552454 14.9594405594405586 14.7342657342657350 14.4440559440559433 14.1125874125874127 14.0314685314685317 14.2314685314685310 14.5048951048951054 14.7769230769230777 15.0706293706293710 15.3132867132867130 15.5643356643356636
51.0530973451327412 54.1460176991150419 50.8628318584070769 25.6017699115044230 -9.8761061946902657 -43.8495575221238951 -70.0575221238938042 -90.6283185840707972 -107.5530973451327412 -123.0176991150442518 -134.8141592920353844 -145.4778761061946852 -148.4778761061946852 -50.8893805309734546 108.5663716814159301 167.3982300884955805 161.5088495575221259 161.9203539823008953 155.3053097345132869 151.5000000000000000 148.6283185840707972 143.7876106194690351 139.7389380530973426 133.1902654867256501
32.0446525679758309 31.7972809667673708 31.7883987915407857 31.8508157099697868 31.9174622356495483 31.9792145015105724 32.0190332326284022 32.0630815709969781 32.1017522658610304 32.1645921450151064 32.2541389728096703 32.3396374622356504 32.4225981873111806 32.5201208459214470 32.6386706948640466 32.7224773413897267 32.7238066465256807 32.6825981873111786 32.6181873111782465 32.5547432024169154 32.5029003021148029 32.4988519637462261 32.6080362537764330 32.7938972809667675
-158.8630347799322919 -161.8214835333948827 -162.0994152046783654 -162.1803631886734252 -162.3127116035703352 -162.4053554939981439 -162.6645121575869553 -162.6341951369652179 -162.6951369652200583 -162.6814404432132903 -162.6197291474299789 -162.6371191135734193 -162.6272699292089783 -162.5937211449676738 -162.5547860880270719 -162.4944598337950197 -162.4044321329639899 -162.3316405047706894 -162.1443521083410246 -162.1835949522930207 -162.0246229609110458 -161.8922745460141641 -161.8247152970144782 -159.0021545090797304
-41.4327444867798178 -41.5269599353423402 -41.5151830042720249 -41.6038563676249851 -41.6242928068352356 -41.5570950236693193 -41.4638032559750584 -41.3481122272254922 -41.2616326059346505 -41.1983604664588370 -41.1690335988915805 -41.1684562983489215 -41.1639533541161526 -41.1592194896663202 -41.1788477081168480 -41.2012469691721535 -41.2119847592656754 -41.1833506523496098 -41.1122272254935908 -40.9993072393488021 -40.8254243158988572 -40.7043066620482605 -40.6484239695185323 -40.5900011546010830
147.1068476977567911 148.1168831168831161 148.7502951593860701 149.4043683589138141 149.9409681227863018 150.6192443919716766 151.2957497048406026 151.9917355371900953 153.0306965761511151 153.9811097992916302 154.6469893742620911 155.2851239669421375 155.4763872491145094 154.7520661157024904 153.7774498229043729 151.4645808736717925 147.3110979929161886 140.4515938606847669 127.6883116883116855 108.1646989374262091 81.0820543093270345 57.6481700118063785 48.2355371900826455 43.2579693034238488
-34.9427757638529286 -34.6040911444847197 -34.3601760745727631 -34.0748316934230999 -32.8019161056447430 -30.3619886069394092 -27.5116519937856019 -24.5580010357327794 -21.6046090108751940 -18.3886587260486785 -14.5116519937856037 -10.9171413775245991 -8.2731745209735887 -6.3855515277058519 -4.4704816157431386 -2.0611082340756086 -0.3679440704298291 0.4798032107716209 1.1043500776799586 1.4518384256861729 1.4658208182288970 1.1077162092180217 0.6418953909891248 -0.0375453133091662
12.6541062801932362 11.1903381642512070 11.3178743961352666 11.0328502415458942 9.5671497584541054 8.6966183574879228 7.8028985507246373 7.2792270531400964 6.8386473429951691 17.3999999999999986 48.7700483091787405 82.9787439613526630 102.7024154589371960 107.0879227053140141 95.5913043478260818 74.9120772946859859 53.6386473429951707 34.2734299516908223 22.1420289855072454 17.8338164251207729 15.4473429951690822 13.4628019323671495 13.4502415458937197 14.0000000000000000
-10.3021148036253773 -9.4441087613293053 -8.2598187311178251 -9.6163141993957701 -8.7371601208459211 -8.0332326283987907 -10.6072507552870086 -11.1722054380664648 -10.0966767371601200 -12.2537764350453173 -17.9033232628398800 -24.7190332326283979 -27.2296072507552864 -34.9546827794561921 -44.9154078549848919 -60.3353474320241716 -83.8308157099697837 -89.2145015105740242 -140.5075528700906204 -107.2205438066465319 97.6616314199395816 175.5438066465256668 135.6223564954682672 126.0181268882175232
162.7675553034600000 164.9208167895632471 164.9682359614293716 165.2357345433919420 165.4803176403856924 165.5166193987521410 165.7275099262620586 165.7926262053318283 165.9175269427112767 166.0009075439591584 166.0707884288145237 166.1380601247873017 166.1837776517299972 166.2215541690300711 166.2402722631877623 166.2647759500850952 166.2575155984117998 166.2619398752127040 166.2633011911514416 166.2082813386273301 166.2407260351673415 166.0769143505388570 166.0721497447532613 165.6422007941009724
-19.1094017094017090 -22.2666666666666657 -15.2170940170940163 -1.2410256410256411 9.6735042735042729 14.9794871794871796 3.4547008547008549 -26.8170940170940177 -67.7196581196581207 -106.4854700854700837 -130.0940170940170901 -144.7829059829059872 -153.1914529914529908 -156.0222222222222115 -158.0153846153846189 -158.7914529914529851 -159.1794871794871824 -159.1299145299145437 -158.9726495726495727 -159.2427350427350348 -159.5401709401709525 -159.3025641025641050 -158.7213675213675117 -158.2940170940171072
-8.9300291545189499 -10.7769679300291550 -13.4715743440233240 -16.6282798833819250 -22.3702623906705540 -30.6239067055393583 -40.1107871720116620 -49.7733236151603506 -58.7915451895043759 -66.9970845481049508 -74.0517492711370267 -79.3447521865889200 -82.8600583090378962 -85.2660349854227348 -87.1486880466472371 -89.0145772594752174 -90.7551020408163254 -92.0255102040816269 -93.3126822157434361 -94.4475218658892146 -94.3381924198250772 -94.3469387755102105 -94.9147230320699720 -94.3965014577259467
-5.0865541643984757 -5.0330248593721647 -4.9080021774632554 -4.7419706042460534 -4.5882779894755945 -4.4233351478860463 -4.0359281437125745 -3.4844855743059338 -2.6810016330974413 -1.5666848121937942 -0.2961350027218291 1.1769188894937397 2.9564507348938487 4.8136454363999270 7.2932317183814188 10.4295046271094183 13.4429323171838142 16.7238250771184909 19.9188894937397940 22.3240791144982751 23.9248775176918898 24.3607330792959544 24.2825258573761573 24.4746869896570480
17.2350597609561760 19.2310756972111569 23.3944223107569726 25.0199203187250987 28.3625498007968133 34.3984063745019952 45.6892430278884447 60.4143426294820713 73.2509960159362521 88.7729083665338692 105.6613545816733080 121.4462151394422307 137.1832669322709251 147.0358565737051890 138.6613545816732938 50.0956175298804780 -103.4262948207171320 -171.4621513944223068 -157.6414342629481951 -152.2948207171314721 -146.9163346613545684 -140.4501992031872533 -134.3067729083665256 -126.1912350597609560
133.4359550561797789 147.4516853932584297 155.7213483146067290 160.6471910112359467 163.2539325842696769 173.3168539325842801 156.4539325842696655 45.8359550561797775 -110.9303370786516894 -178.1820224719101020 -166.2202247191011111 -164.3348314606741667 -161.2719101123595635 -156.8876404494382086 -158.9348314606741610 -157.7123595505617857 -158.3033707865168651 -156.0134831460674150 -152.7752808988764173 -150.6179775280898809 -147.7730337078651814 -144.4943820224719104 -141.3977528089887699 -138.6404494382022392
-1.6025354213273677 -1.6524981357196122 -1.7337807606263982 -1.7255779269202087 -1.5630126771066368 -1.3534675615212528 -0.7874720357941835 0.1327367636092468 0.9306487695749440 1.6853094705443699 2.7449664429530203 3.7427293064876959 4.2296793437733031 4.0686055182699477 3.0201342281879193 1.3221476510067114 -1.4533929903057421 -6.4742729306487696 -11.4623415361670400 -22.8620432513049963 -47.9485458612975393 -78.3460104399701720 -110.5428784489187137 -121.5398956002982800
3.5741626794258372 3.4009569377990432 3.0746411483253588 2.8918660287081339 2.4315789473684211 1.5789473684210527 0.3808612440191387 -1.2038277511961724 -1.8526315789473684 -1.0679425837320575 -1.0124401913875598 -0.3808612440191387 0.2784688995215311 0.0679425837320574 3.2765550239234451 1.1550239234449762 9.4325358851674643 49.2421052631578959 93.7933014354067041 124.7971291866028736 138.2622009569377894 138.3770334928229602 136.8995215311004756 130.7693779904306268
-94.3462469733656235 -111.4769975786924903 -130.5835351089588414 -133.0411622276029107 -142.0992736077481879 -171.6464891041162275 -38.6537530266343836 150.5133171912833063 158.0581113801452773 122.2736077481840198 105.1016949152542423 75.7312348668280890 59.1331719128329283 42.5302663438256658 33.6537530266343836 27.4164648910411621 22.1937046004842600 19.4406779661016955 15.3486682808716708 15.5762711864406782 15.1476997578692494 12.3680387409200971 13.5932203389830502 15.5617433414043589
-5.6391460579158741 -5.7723948425280067 -5.9108433734939760 -6.0653984358486577 -6.2547452969773829 -6.4429507503699011 -6.6247727753117731 -6.8071866413020503 -6.9707884168251955 -7.1160008454872123 -7.2723737053477064 -7.4233777214119634 -7.5504967237370533 -7.6769816106531392 -7.8155569647009093 -7.9692242654829846 -8.1257662227858809 -8.2839146057915869 -8.4259564574085815 -8.5478334390192341 -8.6644683999154513 -8.7851194250686966 -8.9223419995772559 -9.0440498837455081
148.9737903225806406 151.5625000000000000 152.8931451612903345 154.5927419354838719 156.0362903225806406 158.6209677419354875 160.1814516129032313 161.9838709677419217 163.9919354838709751 163.1451612903225907 166.9354838709677438 165.6512096774193594 172.6895161290322562 169.3104838709677438 51.7358870967741922 -117.9939516129032313 -176.4455645161290249 -163.4637096774193594 -160.0000000000000000 -154.9677419354838719 -148.9274193548387188 -135.7701612903225907 -117.2318548387096797 -103.7701612903225765
-1.3631858601987721 -1.4146133303967183 -1.4435756958401014 -1.4807972909726619 -1.5266084849819674 -1.5702998100377172 -1.6039424056383007 -1.6522588993199900 -1.7197368058805715 -1.7800842441428295 -1.8391652671860805 -1.9050739201057181 -1.9755526801200340 -2.0458387247749359 -2.1179693307270875 -2.2001761969000357 -2.2866503317457259 -2.3739503895603336 -2.4644164854224595 -2.5450265671888337 -2.6092007818737439 -2.6848553258266112 -2.7246648129284474 -2.7344932962585689
145.4526717557251914 149.3145038167938878 149.3221374045801610 148.3893129770992232 144.9061068702289958 139.2320610687022793 130.8435114503816692 120.6961832061068662 109.9816793893129727 98.0152671755725180 86.5022900763358820 75.7038167938931252 67.6961832061068662 65.0435114503816862 66.0435114503816862 70.2335877862595481 73.8557251908396921 74.6793893129770936 75.3839694656488604 75.6885496183206072 75.4129770992366417 74.7198473282442706 73.5931297709923626 72.6244274809160260
37.1259555879140848 37.5529668729523110 38.5424099017109540 41.0182016745540565 45.4892610120131025 50.8933381871132156 54.9785220240262120 55.5649799781579929 52.6632690207499081 48.0076447033127067 42.9421186749180919 38.2373498361849258 33.4171823807790318 28.3003276301419717 23.2799417546414276 18.5212959592282473 14.8121587186021113 11.9220968329086272 9.3927921368765919 7.3847834000728065 5.8762286130323993 4.6243174372042226 3.6843829632326175 3.8045140152894068
171.0090400344382147 171.2013775290572539 171.2040464916056806 171.3097718467498964 171.2902281532500979 171.3360309944037851 171.3375807145932015 171.3425742574257526 171.3525613430908265 171.3537666810159408 171.3629789065863065 171.3691777873439435 171.3807145931984621 171.3887214808437420 171.3980198019802117 171.4126560482135062 171.3963839862247198 171.4278949634093863 171.3785622040464887 171.3941455015066708 171.3740852346104191 171.2404649160568226 171.4317692638828987 170.5855359448988509
141.0471559092248697 143.9619805481874550 144.8007662835248937 145.1849395814913066 145.5788387857353428 145.9132036545829578 146.4398762157382805 146.9167403477748337 147.3769525493663366 147.8075449454759678 148.2739463601532464 148.7740937223695710 149.3399646330680923 149.8460064839375150 150.2673150604184968 150.7292956086059519 151.1609195402298838 151.5819333922782164 151.8961096374889337 152.1492779251399838 152.3560271146478158 152.3206601827291422 152.3575007368110903 151.2393162393162527
49.6281565656565675 48.9829545454545467 48.5025252525252526 48.1786616161616195 48.0454545454545467 48.2361111111111143 48.4804292929292941 48.7708333333333357 49.0902777777777786 49.8655303030303045 51.7171717171717162 53.9375000000000000 57.6994949494949481 64.0726010101010104 72.5006313131313078 83.8756313131313078 97.2430555555555571 110.5435606060606091 122.2411616161616195 131.4501262626262701 137.2840909090909065 139.6079545454545325 138.6704545454545325 130.6742424242424363
146.4360655737704917 150.1573770491803259 151.5016393442622871 151.8131147540983648 152.6098360655737736 153.8852459016393368 153.7704918032787020 156.3049180327868726 155.9672131147540881 161.0000000000000000 157.6262295081967295 97.0098360655737650 3.8688524590163933 -82.6622950819672155 -145.9442622950819555 -163.3803278688524472 -140.7147540983606575 -85.4950819672131104 -15.9081967213114748 47.3704918032786892 97.1245901639344282 117.0655737704918096 108.0557377049180303 92.3049180327868868
-9.2807424593967518 -9.3921113689095126 -9.0000000000000000 -10.5823665893271457 -15.4988399071925755 -28.8793503480278417 -50.7772621809744749 -77.7703016241299281 -107.0742459396751798 -127.2830626450115972 -133.1647331786543020 -122.7030162412993093 -97.9628770301624172 -69.4709976798143884 -35.3549883990719280 -7.9164733178654290 -3.0812064965197217 -4.7819025522041763 -3.9907192575406034 -4.4245939675174011 -4.9814385150812068 -5.0510440835266825 -4.3317865429234335 -3.5313225058004640
-37.2064579256360091 -45.6575342465753451 -55.9412915851272032 -73.2798434442270121 -96.6389432485322857 -116.5146771037181992 -132.2798434442269979 -142.1477495107632194 -147.5127201565557868 -151.3894324853228852 -153.5841487279843420 -155.2045009784735896 -156.5567514677103702 -157.2847358121330785 -157.7465753424657464 -158.1135029354207404 -158.2142857142857224 -158.2974559686888369 -158.2778864970645714 -158.1859099804305231 -158.0949119373777023 -157.7152641878669215 -157.6438356164383663 -156.7446183953033199
-133.4889867841409625 -140.5616740088105701 -158.1123348017621026 -132.7621145374449441 14.4427312775330403 151.2929515418502149 170.8678414096916356 160.7577092511013177 160.7885462555066169 157.0594713656387569 156.5132158590308507 154.4647577092511028 153.0418502202643083 153.6035242290748783 154.9889867841409625 156.9317180616740188 157.4933920704845889 157.8215859030837009 157.8215859030837009 157.5770925110132055 157.3678414096916356 157.0198237885462618 155.2841409691629906 152.0286343612334861
-6.5575221238938051 -5.4159292035398234 -4.8185840707964598 -4.8550884955752212 -4.8285398230088497 -5.6803097345132745 -7.9601769911504423 -10.5011061946902657 -12.5840707964601766 -14.4480088495575227 -17.5696902654867273 -27.6913716814159301 -48.2079646017699091 -73.9336283185840699 -100.5707964601769930 -123.6924778761061958 -138.0342920353982379 -144.7887168141593008 -147.6061946902654824 -149.2787610619469092 -149.9236725663716925 -148.3573008849557482 -145.0707964601769788 -138.5298672566371749
-145.9137254901960716 -148.6196078431372598 -148.9908496732026038 -149.9202614379084935 -150.7150326797385560 -151.5346405228758044 -152.2209150326797271 -152.2575163398692837 -152.3215686274509721 -151.9830065359477089 -150.6130718954248380 -148.4078431372549005 -141.2849673202614440 -125.2849673202614440 -103.3137254901960773 -72.9607843137254832 -33.3568627450980415 -5.8875816993464056 -2.3084967320261436 -6.2718954248366012 -13.6745098039215680 -21.5686274509803937 -22.7437908496732035 -21.2339869281045743
14.1753171856978089 17.6320645905421003 21.0219146482122277 23.3979238754325252 25.1972318339100347 26.1268742791234132 26.0057670126874285 25.1810841983852356 21.1949250288350619 15.2064590542099189 8.9227220299884653 0.1222606689734717 -10.7462514417531718 -27.0645905420991930 -48.3794694348327567 -66.9250288350634435 -81.2618223760092206 -89.0288350634371426 -87.7035755478662082 -80.9077277970011579 -71.8316032295271043 -64.6286043829296375 -61.8742791234140697 -60.4555940023068032
-18.0845866853212094 -17.9570362597644859 -17.9682289844934111 -18.0352104465430791 -18.0868019120904755 -18.1744782558003948 -18.2769033461583312 -18.3527457152850637 -18.3884808207998134 -18.4066107030430217 -18.4631572811006173 -18.5250087443161959 -18.5236679491663736 -18.5055380669231653 -18.4728343243558371 -18.3781042322490364 -18.2733473242392428 -18.1714468928529804 -18.0610353270374269 -17.9772647778943693 -17.8807858225486775 -17.7781858458668545 -17.7401772181415396 -17.6975049551125103
-108.1979166666666714 -132.7968750000000000 -125.0390625000000000 -165.5416666666666572 -118.8151041666666714 107.5703125000000000 178.4010416666666572 125.2708333333333286 112.0234375000000000 80.8177083333333286 62.7421875000000000 47.8515625000000000 32.1796875000000000 28.7994791666666679 22.7031250000000000 18.0520833333333321 16.4322916666666679 14.8906250000000000 13.6276041666666661 13.4583333333333339 14.3098958333333339 15.5442708333333339 14.6770833333333339 13.9427083333333339
-4.5956416464891046 -4.5593220338983054 -3.9733656174334140 -2.2542372881355934 1.1815980629539951 3.5181598062953996 2.7288135593220337 -0.9418886198547215 -10.3849878934624691 -31.1719128329297810 -62.6174334140435818 -95.9128329297820841 -122.0823244552058071 -138.3753026634382479 -139.8716707021791876 -127.1016949152542423 -105.7820823244552031 -76.0702179176755493 -49.8958837772397104 -31.4745762711864394 -18.1694915254237301 -14.5084745762711869 -13.4164648910411621 -11.4939467312348675
-23.5822368421052637 -23.6851884779516375 -23.8746443812233302 -24.1034850640113802 -24.3618421052631575 -24.6017958748221908 -24.8413940256045507 -25.0353840682788054 -25.1589615931721191 -25.2144381223328580 -25.2467105263157912 -25.2995199146514942 -25.3297475106685646 -25.3521514935988606 -25.3766891891891895 -25.3170341394025620 -25.1969238975817937 -25.0388513513513509 -24.8084103840682779 -24.5761024182076824 -24.3753556187766698 -24.3466394025604558 -24.2552453769559015 -23.9366998577524903
38.3537906137184095 38.7509025270758087 38.3140794223826688 38.1660649819494608 38.8916967509025255 39.6173285198555973 41.3718411552346552 43.3971119133573993 45.8267148014440409 49.0072202166064983 51.3646209386281569 57.3357400722021637 68.4368231046931470 77.8483754512635358 88.0577617328519864 97.9675090252707577 111.5270758122743615 128.2888086642599319 137.6606498194945800 158.1227436823104711 125.3610108303249149 -19.5126353790613720 -139.1083032490974745 -149.6389891696750851
-62.5174500422178454 -62.8350689558119910 -63.0347593582887669 -63.1877286799887443 -63.2440191387559807 -63.1996904024767829 -63.1339712918660254 -63.1289051505769763 -63.1806923726428380 -63.1611314382212186 -63.1328454826906835 -63.1360821840697994 -63.1156768927666789 -63.1121587390937222 -63.1099071207430313 -63.0973824936673253 -63.1600056290458767 -63.1994089501829421 -63.1532507739938112 -63.1626794258373181 -63.1324233042499330 -63.1685899240078825 -63.1272164368139599 -62.7144666479031798
-10.1971014492753618 -9.1826086956521742 -8.4028985507246379 -8.7768115942028988 -8.3130434782608695 -8.9942028985507250 -9.1333333333333329 -8.7159420289855074 -10.6811594202898554 -12.2318840579710137 -11.3217391304347821 -13.5072463768115938 -19.3855072463768110 -24.5594202898550726 -28.5536231884057976 -37.6173913043478265 -43.9362318840579675 -63.2956521739130409 -85.9420289855072497 -94.8057971014492722 -148.8869565217391369 -80.2637681159420282 124.4695652173913061 164.0724637681159379
-134.5358361774744083 -125.2918088737201430 -94.0904436860068216 -58.4820819112627959 -27.6228668941979514 -15.7500000000000000 -14.4155290102389078 -11.0580204778156990 -9.5008532423208187 -8.2670648464163818 -7.1518771331058018 -6.9069965870307168 -7.1126279863481230 -7.8284982935153584 -7.9923208191126278 -8.1279863481228674 -8.1544368600682589 -7.9752559726962460 -8.0409556313993171 -7.9982935153583616 -7.9112627986348123 -7.8617747440273034 -7.7286689419795218 -7.7201365187713309
75.0971659919028269 75.6032388663967652 75.5151821862348243 76.0313765182186216 76.8815789473684248 78.4352226720647820 79.2631578947368354 80.3512145748987905 85.1892712550607314 91.6022267206477778 98.7682186234817863 107.2874493927125457 115.9078947368421098 124.5870445344129536 130.7408906882590998 132.9301619433198312 129.9817813765182279 117.8502024291498032 97.8360323886639662 72.9757085020242897 47.9068825910931153 31.1872469635627532 22.5192307692307701 18.6113360323886639
-109.0429654591406887 -110.9039595619208143 -110.1727042965459162 -108.7034540859309146 -107.0033698399326028 -104.8820556023588892 -102.3462510530749796 -98.9941027801179416 -95.1246840775063163 -91.1221566975568606 -87.3403538331929212 -83.9048020219039614 -79.1120471777590524 -73.3454085930918325 -68.1819713563605774 -62.8744734625105295 -57.5029486099410292 -51.9856781802864347 -45.9772535804549278 -41.1558550968828953 -36.9090143218197113 -33.1752316764953648 -31.0244313395113736 -29.5543386689132284
2.9387917329093800 2.3871224165341811 1.9654213036565977 1.7436406995230525 1.7011128775834659 1.7865659777424483 2.2639109697933226 3.1971383147853736 4.4662162162162158 6.3251192368839426 8.8358505564387926 12.3275039745627986 17.0850556438791727 22.3426073131955469 31.3501589825119247 44.3620826709061973 55.7988871224165308 63.5095389507154238 66.3207472178060442 64.3891096979332218 59.7261526232114477 55.0023847376788524 50.8807631160572313 47.4181240063592995
144.3276836158192111 155.2372881355932179 119.0847457627118615 18.6836158192090380 -90.1920903954802213 -153.2711864406779796 -169.2994350282485811 -127.2429378531073496 -14.9435028248587578 95.4124293785310726 147.0734463276836266 150.2994350282485811 136.4632768361582009 125.5480225988700624 109.5932203389830448 89.4915254237288167 75.1920903954802213 69.1016949152542423 66.3446327683615777 62.7457627118644083 60.1186440677966090 59.9887005649717509 60.7344632768361592 61.8813559322033910
-10.9532794249775378 -11.3607367475292005 -12.0934411500449244 -13.4946091644204849 -15.6711590296495960 -18.4097035040431258 -21.7210242587601066 -25.2529200359389030 -28.8445642407906568 -32.5004492362982944 -36.0476190476190510 -39.2353998203054815 -42.2300089847259628 -45.1473495058400687 -47.9716981132075446 -50.8086253369272214 -53.4752920035938928 -55.9784366576819394 -57.8593890386343190 -59.3957771787960453 -60.9887690925426753 -62.3108715184186863 -63.8535489667565130 -63.9119496855345943
174.3740458015267052 107.5610687022900720 -101.4885496183206044 -172.4541984732824460 -138.2442748091603164 -134.0954198473282304 -114.9007633587786330 -99.2557251908396978 -86.1870229007633526 -71.8931297709923598 -61.6030534351145036 -47.9847328244274820 -34.3778625954198489 -24.6068702290076331 -22.6832061068702302 -20.9236641221374029 -18.0877862595419856 -18.3740458015267158 -18.5381679389312986 -17.6832061068702302 -17.4198473282442734 -16.9961832061068705 -16.4274809160305360 -16.4923664122137410
113.9845493562231695 114.9213733905579460 115.1644635193133013 115.1110729613733952 114.9057510729613796 114.5967381974248980 114.3570815450643750 114.1553648068669560 114.0969957081545090 114.1376824034334732 114.1776824034334794 114.2348497854077323 114.2434334763948556 114.1526180257510674 114.0398283261802561 113.9193133047210296 113.8829184549356199 113.9708154506437836 114.0480686695278933 114.1153648068669497 114.0813733905579426 113.9658369098712427 113.6290128755364748 112.8757081545064409
-91.7138688373521802 -92.4417140224235965 -92.8118568576255569 -93.0302564890185835 -93.0371678697588749 -93.0514513899554601 -93.0167409000153640 -92.9287359852557273 -92.9792658577791400 -92.8994010136691770 -92.8086315466134266 -92.7737674704346489 -92.6112732299185950 -92.5877745354016213 -92.6126555060666590 -92.5077561050529908 -92.5400092151743223 -92.6254031638765127 -92.5694977729995401 -92.5412379050837046 -92.4607587160190434 -92.3744432498848056 -92.2812164030102906 -91.6495162033481847
-74.7834793491864787 -75.1226533166458097 -75.3296428227592116 -75.5592567632617715 -75.7459324155194054 -75.7704823336863456 -75.7818426879753559 -75.7383267545970966 -75.6822951766631320 -75.6816212573409075 -75.6448445171849357 -75.6082603254067607 -75.6430153075960305 -75.6868200635409636 -75.6985655145855389 -75.7226340618080229 -75.7651872532973840 -75.8170790411090820 -75.8861076345431798 -75.9714065658996844 -76.0017329354000140 -76.0325406758447997 -76.0326369500336909 -75.8024453643978120
2.8152804642166345 2.2785299806576402 2.0396518375241781 1.8742746615087040 2.7282398452611218 1.8307543520309477 0.7001934235976789 -0.9023210831721470 -5.3384912959381046 3.1876208897485494 34.4700193423597696 80.3191489361702082 121.4023210831721400 139.0464216634429420 143.8027079303675180 146.9168278529980682 147.5676982591876083 148.3036750483558990 148.5464216634429420 148.5193423597679043 148.4371373307543536 147.9651837524178006 147.7021276595744723 147.0764023210831795
-133.3702531645569707 -136.7120253164557084 -139.0189873417721458 -140.4398734177215147 -141.8259493670886116 -142.5253164556962133 -143.8734177215189902 -144.6360759493670969 -141.9556962025316409 -144.9493670886076018 -145.0348101265822720 -159.4240506329113884 -148.2278481012658347 -8.3449367088607591 137.2373417721518933 154.0601265822784853 128.2246835443037867 99.8449367088607573 53.0443037974683520 10.7341772151898738 -16.0696202531645582 -33.4177215189873422 -41.0474683544303787 -37.6297468354430364
51.5144429160935360 72.4690508940852851 84.6643741403026127 90.2984869325997295 88.9202200825309461 74.7242090784043995 56.1980742778541966 37.3136176066024774 20.7592847317744145 10.9607977991746903 7.1843191196698761 5.1224209078404401 3.1499312242090785 2.0687757909215958 1.7242090784044017 1.5364511691884457 1.7496561210453920 2.1100412654745528 2.4243466299862448 2.9236588720770289 3.4539202200825310 3.9044016506189823 4.2235213204951858 4.4718019257221462
-0.6999395039322444 -0.6787658802177858 0.7313974591651543 3.2855414398064124 6.4597701149425291 11.2667876588021780 18.5843920145190573 26.5795523290986075 36.2988505747126453 47.6848154869933438 57.1615245009074400 64.6200846944948637 70.9485783424077425 75.8844525105868115 79.3327283726557795 81.3587416817906899 82.6001209921355155 83.1149425287356252 82.8965517241379359 82.1209921355111874 80.9098608590441586 79.9770114942528778 79.3684210526315752 78.7658802177858490
-0.5959500824111137 -0.2359312455851189 0.0421473981634095 0.3303508358841535 0.3920414410171886 0.2387567694843419 -0.2105015304921121 -1.2090887685425007 -2.5726395102425244 -4.3513068048033903 -6.5879444313633151 -9.1141982575935963 -11.9919943489522023 -15.0767600659288910 -18.1709441959029903 -21.1624676242053198 -24.1057216858959258 -27.0009418412997420 -29.7080291970802932 -32.0826465740522693 -33.4824582057923266 -34.5311984930539211 -34.7489992936190220 -33.7099128796797771
-171.8684863523573085 -73.2059553349875927 143.7270471464019863 170.0198511166253184 126.5334987593052176 114.9627791563275423 80.6848635235731990 61.1637717121588125 45.2779156327543433 35.0322580645161281 29.0521091811414394 22.6575682382134005 20.9230769230769234 17.3151364764267974 15.8238213399503724 16.7493796526054588 16.2133995037220835 17.1662531017369737 19.5806451612903238 19.9429280397022346 18.7468982630272940 17.0000000000000000 17.5508684863523570 19.3002481389578158
176.9697721283521901 176.8696326150984248 176.8865292202759179 176.9914741900480522 176.9345837854596084 177.0251123856766355 177.0054255154239513 177.0311579600061975 177.0444892264765144 177.0407688730429356 177.0485196093628986 177.0426290497597392 177.0373585490621622 177.0345682839869710 177.0148814137343152 177.0125561928383320 177.0018601767167752 176.9572159355138865 177.0099209424895434 176.8838939699271293 176.9862036893504751 176.8871492791815285 176.8152224461323954 177.1557898000310161
145.9619952494061863 158.1187648456057104 169.5083135391923861 168.0427553444180546 77.7767220902612877 -81.1211401425178167 -171.2446555819477396 -169.9928741092636528 -164.2850356294536880 -163.3515439429928620 -159.1401425178147235 -161.0878859857482155 -161.0665083135392024 -162.3729216152019035 -163.3515439429928620 -162.3372921615201960 -162.1448931116389645 -161.5795724465558294 -160.1995249406175787 -159.2660332541567811 -158.5415676959619873 -156.8242280285035690 -153.3087885985748358 -148.2992874109263539
-152.9570815450643693 -156.3090128755364674 -157.9613733905579522 -157.1802575107296036 -157.8712446351931362 -158.9077253218884209 -158.9828326180257534 -159.0772532188841240 -159.4935622317596540 -158.6072961373390626 -158.6738197424892576 -159.5772532188841240 -158.4871244635193079 -161.4785407725321988 -156.2210300429184429 -167.3884120171673828 -157.2210300429184429 -4.5493562231759661 154.0879828326180245 168.4184549356223215 150.4935622317596540 141.5922746781115791 117.5171673819742466 97.3047210300429128
153.8053830227743219 157.1552795031055894 159.7163561076604594 161.4741200828157446 161.9068322981366350 162.7267080745341730 163.2380952380952408 163.7204968944099335 164.9503105590061978 164.7391304347825951 166.4824016563146927 166.1904761904762040 166.5693581780538182 169.1532091097308523 167.7329192546583840 179.9254658385093251 126.3167701863354040 -48.3354037267080727 -170.2877846790890146 -168.3768115942029056 -158.7846790890269233 -157.6190476190476204 -136.9606625258799113 -113.2525879917184284
125.0490797546012232 129.0490797546012232 134.5991820040899825 139.7955010224948751 142.8445807770961267 147.8548057259713744 150.5132924335378277 153.8813905930470298 161.1390593047034656 161.9959100204498839 174.4355828220858768 141.9059304703476414 -11.0265848670756643 -152.6298568507157540 -172.4867075664621723 -160.9120654396728014 -162.2494887525562319 -156.4928425357873323 -154.4764826175869246 -151.4560327198364007 -147.5378323108384393 -142.7177914110429526 -128.3108384458077751 -112.2085889570552126
1.5602873143413685 1.5295349403457512 1.5296810323837351 1.5301193084976870 1.5579011443876309 1.6013878743608474 1.6456294131969809 1.6920866812758704 1.7274166057949842 1.7433162892622351 1.7520331141952763 1.7621865108351595 1.7613830046262480 1.7486973459946433 1.7292427562697832 1.7002434867299732 1.6581202824446069 1.6121256391526662 1.5678841003165327 1.5214755295836377 1.4872899926953982 1.4661553445337230 1.4692719746773801 1.5124421719016314
-169.1149022500922285 -170.7050903725562421 -170.4933603836222744 -170.7548874953891413 -170.7609738104020778 -170.7687200295094101 -170.8364072298045073 -170.8024714127628272 -170.8423091110291523 -170.8297676134267817 -170.8316119513094691 -170.8240501659903998 -170.8078199926226546 -170.7884544448542954 -170.7598672076724426 -170.7403172261158204 -170.6587974917004829 -170.6479158981925366 -170.5400221320545882 -170.4623755071929168 -170.4526005164146056 -170.1626706012541490 -170.4763924751014486 -169.1995573589081516
-52.0317708333333329 -52.2878472222222257 -52.3576388888888857 -52.3697916666666643 -52.4189236111111114 -52.4234374999999986 -52.2972222222222243 -52.1250000000000000 -51.9258680555555543 -51.7369791666666643 -51.5973958333333300 -51.4850694444444414 -51.4100694444444457 -51.3803819444444443 -51.3713541666666700 -51.2862847222222200 -51.0432291666666700 -50.7177083333333343 -50.3052083333333329 -49.8114583333333343 -49.3607638888888900 -49.0052083333333357 -48.6967013888888900 -48.3437500000000000
-13.6508210890233368 -13.5531547104580810 -13.1071737251512541 -12.5652549697493523 -12.1270527225583411 -11.5920484010371645 -11.2964563526361275 -10.6343993085566115 -10.3344857389801206 -10.8288677614520310 -11.6093344857389802 -12.7173725151253247 -12.8513396715643911 -13.3457216940363015 -17.1123595505617985 -23.4399308556611921 -36.6326707000864289 -61.9455488331892852 -91.9792566983578155 -118.4632670700086408 -134.6136560069144252 -139.7977528089887755 -140.6966292134831349 -131.7830596369922205
19.5540535452046527 19.3710132921640259 19.3104642843694698 19.3154347253078278 19.3614113039876479 19.4021162028843612 19.4407124298678298 19.4707233497759553 19.4936175019768783 19.5271679783108034 19.5716760176224724 19.6104228640283154 19.6324886094061846 19.6351997590089233 19.6147531724215831 19.5798847761418848 19.5342847460179989 19.4798734796852067 19.4281733629551532 19.3795609443837797 19.3442030349813621 19.3318145874910563 19.3519599352336478 19.4493353917987726
-154.7504990019960189 -155.8662674650698534 -156.6586826347305248 -157.9700598802395177 -158.4431137724550922 -158.6746506986027896 -158.4451097804391111 -157.6147704590818250 -158.0059880239520851 -158.5768463073852388 -158.6886227544910071 -158.6646706586826383 -158.9640718562874326 -159.1197604790419291 -158.2874251497005957 -159.4850299401197731 -157.9540918163672529 -159.7205588822355367 -160.4690618762475083 -163.0818363273453144 -176.3413173652694752 -82.8003992015968038 103.4550898203592766 167.4850299401197731
2.5224191866527632 1.5401459854014599 1.1918665276329510 0.3096976016684046 -1.0156412930135559 -1.4139728884254432 -1.4452554744525548 -0.2189781021897810 0.7215849843587070 0.3149113660062565 2.0125130344108446 0.0333680917622523 0.4661105318039624 19.1657977059436924 57.7664233576642303 104.6120959332638165 132.7153284671532845 140.4004171011470419 143.5130344108446252 143.4567257559958193 142.7445255474452495 141.4212721584984251 138.7705943691345283 134.0375391032325467
150.9052224371373256 154.0058027079303713 156.3733075435202977 157.4294003868471918 158.3307543520309366 159.9574468085106389 161.0967117988394648 161.9206963249516491 162.6382978723404165 163.0618955512572654 163.7601547388781569 163.9516441005802676 164.5647969052224369 165.3810444874274594 165.0328820116054089 167.1005802707930457 166.1315280464216642 167.7234042553191387 169.3268858800773558 168.7988394584139371 179.6634429400386921 88.0290135396518423 -105.2205029013539672 -171.3868471953578307
123.8845556514236392 125.7823986194995740 126.1610008628127702 126.0590163934426187 126.1955133735979331 126.1087144089732561 126.2800690250215752 126.6348576358930131 126.8907679033649742 127.1188955996548771 127.2773080241587564 127.5893011216566038 128.2334771354616123 128.9061259706643625 129.4324417601380617 129.8583261432269182 130.2636755823986334 130.6693701466781761 131.0234685073339165 131.3570319240724871 131.6138050043140595 131.7275237273511550 131.4700603968938708 130.4248490077653173
-119.8644067796610102 -148.2784503631961286 -163.7941888619854751 19.2300242130750618 177.4092009685230096 147.3922518159806430 124.9079903147699753 105.9685230024213070 76.5714285714285694 60.9685230024213070 42.9588377723970964 34.0121065375302649 25.7941888619854716 21.9685230024213070 19.4188861985472165 15.5811138014527852 15.8087167070217909 15.4406779661016955 15.0799031476997580 17.1598062953995161 17.7966101694915260 17.8861985472154963 17.3002421307506040 16.9176755447941893
-157.9782135076252700 -157.9629629629629619 -158.9607843137254974 -160.2222222222222285 -160.3703703703703809 -160.5119825708061114 -160.7690631808278852 -160.4705882352941160 -160.4640522875816941 -160.5555555555555429 -161.0392156862745026 -159.2113289760348493 -160.8736383442265776 -163.9564270152505401 -102.1067538126361711 55.7407407407407405 167.9063180827886583 166.4553376906318078 155.0261437908496873 150.9193899782135020 136.8714596949891131 127.0697167755991330 115.7276688453159039 104.2352941176470580
19.2661106899166050 21.4351781652767244 26.7065959059893849 36.6982562547384390 51.7452615617892349 68.4048521607278275 82.6868840030326027 92.4746019711902960 98.6269901440485199 102.8847611827141719 105.6209249431387462 106.8415466262319882 107.3495072024260821 107.2198635329795309 106.9014404852160709 106.8695981804397235 106.3032600454890115 105.9795299469294889 106.2380591357088662 106.5155420773313182 107.0924943138741412 108.0818802122820301 109.0363912054586848 109.0272934040940100
-21.3700234192037470 -21.6510538641686168 -23.5948477751756442 -24.0913348946135848 -24.1030444964871187 -27.3723653395784545 -29.9578454332552688 -32.8196721311475414 -41.1803278688524586 -45.2716627634660398 -57.4402810304449645 -62.8149882903981265 -3.4566744730679155 85.5690866510538655 128.3911007025761251 120.1100702576112411 92.7447306791569019 66.5714285714285694 47.6229508196721341 37.5878220140515253 31.9789227166276362 28.8196721311475414 26.0117096018735374 24.7142857142857153
122.3187772925764136 132.6419213973799174 141.2248908296943171 149.4344978165938755 151.4934497816593932 155.1200873362445520 163.4148471615720553 162.7816593886462897 178.1943231441047999 117.6026200873362484 -71.1703056768558895 -177.4628820960698761 -165.3930131004366899 -162.2947598253275032 -158.3733624454148412 -151.3253275109170204 -149.6026200873362484 -145.1135371179039169 -141.7620087336244410 -136.9541484716157242 -130.6615720524017377 -118.8449781659388691 -108.1746724890829654 -103.2248908296943171
79.7165289256198406 80.3983471074380134 80.2338842975206603 79.8876033057851203 82.5760330578512338 89.0280991735537128 96.1578512396694265 103.1090909090909093 110.2380165289256269 116.2157024793388445 119.9280991735537185 120.7495867768595019 116.2404958677686011 104.4214876033057919 86.2396694214876050 63.5297520661157051 41.6371900826446293 26.8173553719008275 18.5495867768595026 14.4289256198347111 14.2363636363636363 15.7561983471074374 16.4702479338842984 16.1223140495867767
-22.2687861271676297 -21.9132947976878611 -23.3786127167630049 -24.1589595375722546 -22.4537572254335274 -23.7138728323699439 -26.7543352601156066 -30.8757225433526017 -34.6531791907514446 -41.5289017341040463 -52.3699421965317953 -68.4017341040462412 -89.5838150289017392 -96.0404624277456662 -135.0086705202312203 -107.6994219653179243 77.7283236994219635 172.1473988439306311 140.3583815028901824 126.5173410404624263 106.0578034682080926 88.1473988439306311 78.8034682080924824 69.8265895953757223
159.0685738325620662 159.5420698359276344 159.6269457299116539 159.7178165755153429 159.7384307951199105 159.8190997055111495 159.8215187210769841 159.7569415229280594 159.7349600336558808 159.7347496844762418 159.7483172065628878 159.7188683214135381 159.6338872528397133 159.5822465292385459 159.5996003365586944 159.5802482120319610 159.5105174589819228 159.5120950778292013 159.3583298275136713 159.2617795540597285 159.0238746318889298 158.8893563315102995 158.3856752208666308 155.5631047538914515
12.8191790952791820 12.7706972348905055 12.8070586301820128 12.8631414602078973 12.9644603311557578 13.1032499280989363 13.2664858868482689 13.4263527671638112 13.5551583877727104 13.6547516331813146 13.7416902913020262 13.8033197748469529 13.8301491433501784 13.8342988619088700 13.8048399687743952 13.7461687004396236 13.6588191790952784 13.5556103373187060 13.4566333867455530 13.3363737211882167 13.2277414848596901 13.1523069970006983 13.1066600928550887 13.1675089362751141
-47.1603475513428094 -51.0086887835702996 -54.9067930489731424 -59.5260663507108987 -65.3799368088467645 -71.3104265402843538 -77.5371248025276429 -82.7804107424960449 -86.7361769352290679 -91.3823064770932092 -97.0205371248025301 -102.9162717219589211 -108.7006319115323834 -114.0813586097946342 -119.0071090047393341 -123.2796208530805728 -126.9620853080568708 -130.3451816745655663 -133.0276461295418642 -134.8364928909952596 -136.1090047393364841 -136.7156398104265520 -136.4154818325434348 -134.5860979462875093
40.0391918578155881 39.9548837915843862 40.0468631323104987 40.2590764089320956 40.5133677654564792 40.7521646665653989 40.9415160261279070 41.0609904298951847 41.1221327662160121 41.1674768342700901 41.2236062585447343 41.2890779279963525 41.4025520279507830 41.6072459365031122 41.8752088713352606 42.1480328117879353 42.3847030229378703 42.4843536381588933 42.4175907640893186 42.2567218593346468 42.0337991797053050 41.8303964757709252 41.8389791888196854 42.0725353182439648
66.8742023701002779 68.7073837739288962 73.5597082953509585 83.4512306289881565 95.4366453965360080 106.5150410209662653 114.0382862351868738 116.0072926162260671 110.8723792160437540 96.8304466727438466 74.0802187784867812 46.3874202370100264 25.3372835004557899 16.5496809480401090 12.1504102096627165 9.9225159525979940 10.0401093892433906 9.6836827711941655 9.2424794895168638 8.7128532360984501 8.0665451230628982 7.7338195077484047 7.6517775752051049 8.2479489516864177
