382.5842264358340117 367.9747183292113277 351.1401483924154832 335.1206375377851145 322.8035174498488686 310.8785380599065888 307.7273976367133628 311.5127782357790807 329.4306128057158389 357.2882660071448413 401.4421544380324463 456.2715031602088516 516.4743061280571510 576.0013740038472179 631.3446001648804895 669.6647430612805465 691.9832371530640103 701.2190162132453679 699.0750206100576634 688.1132179170101608 674.4710085188238509 663.4591920857378682 657.7194284143995446 658.4616652926628149
-82.2822736030828565 -84.5154142581888266 -84.3921001926782282 -85.2707129094412295 -87.9648362235067367 -93.6001926782273586 -103.8198458574181160 -120.8078034682080926 -143.8208092485549230 -175.8762042389209910 -211.8400770712909491 -252.2153179190751473 -288.9715799614643288 -311.2109826589595514 -310.5394990366088450 -283.6242774566474054 -227.9340077071290978 -133.0751445086705189 -20.0332369942196529 72.0727360308285228 142.1642581888246752 190.8015414258188684 211.7750481695568396 195.4903660886319869
-78.9293904646952313 -94.8841279420639694 -116.0063367531683696 -139.2582981291490682 -163.4269764634882449 -184.7229933614966910 -206.8008449004224474 -226.0443572721786438 -245.4233554616777440 -265.8445986722993553 -289.2151478575739247 -313.5962582981291575 -339.2809293904646779 -364.0754375377187557 -386.3255884127942181 -405.6940253470126549 -423.1113458056728973 -438.6931200965600510 -451.5196137598068731 -461.4689197344598597 -465.9613759806879898 -464.3877489438744988 -457.2133373566686600 -444.6798430899215191
-1.3769051651143098 -2.1778506915043749 -2.1077829523003104 -1.6142393451876940 -1.0436423934518770 -0.7532105560259666 -0.3017922664408693 0.0130539091165679 0.2981583403895004 0.1278224668360147 -0.3220787468247248 -1.0110429014959075 -1.7520462884561105 -2.4411162856336439 -3.2768487157775894 -3.5719729043183741 -2.9152907140841093 -1.8381315269545584 -0.5680567315834039 1.0619178662150719 2.9061529777025119 4.0487581145921538 4.7023708721422519 5.1820138300874961
795.2419440042260703 795.1454701531960154 795.9927363972529974 796.0488642366614158 794.3524828314843944 792.2914025356576531 789.4538431061806705 787.2089276281035382 785.7704041204436862 785.1969756999471883 785.0233755942947482 784.8352482831484167 785.3401347068145242 785.5484020073956799 786.3162308505018245 787.0624009508716199 787.5007923930269271 787.1427628103539291 785.5573164289487522 782.5777865821447676 778.9653328050712844 775.6327918647649540 772.5253565768621229 772.4589936608557537
892.4300940438871521 909.9097178683385891 919.3072100313479496 913.7924764890282177 872.1799373040752243 789.2990595611285016 676.3774294670846530 546.5304075235109167 412.3774294670846530 287.5053291536050324 200.9059561128526639 152.6771159874608088 161.5379310344827672 195.1786833855799443 245.7090909090909179 300.2288401253918551 334.6175548589341702 356.0257053291535954 360.1692789968652164 346.2263322884012382 329.7003134796238442 312.5467084639498694 294.6006269592476770 283.6463949843260366
948.8418762088974745 968.0348162475821709 985.5488394584139087 994.5676982591876367 1000.5019342359768189 999.4719535783365245 984.3094777562862419 947.1856866537717679 887.4608317214700719 805.3128626692456464 710.2185686653771199 615.8210831721470413 527.6431334622824352 454.2983558994197324 393.9806576402320957 351.7940038684719752 327.4119922630561064 327.1170212765957217 334.5913926499032982 345.1281431334622880 352.0705996131528082 341.7151837524177722 321.4492263056092725 312.9337524177949490
866.9115734720415958 880.3693107932380144 900.1384915474642412 919.1553966189857192 928.8777633289987534 934.5279583875162643 933.2236671001300010 931.7925877763328799 927.3595578673601949 933.5000000000000000 950.0702210663198457 975.9180754226267709 1007.4967490247073556 1038.1547464239272358 1044.7906371911574297 1015.8550065019505837 944.2360208062418678 818.6736020806241640 651.6788036410923723 484.5221066319895726 315.5936280884265557 181.4616384915474612 121.3849154746423977 131.3315994798439590
962.4156353757923625 811.6999698158768979 696.7684877754301169 631.2112888620586091 616.3253848475701488 645.0573498339873595 705.2079686085119192 778.0833081798973581 870.2076667672804433 987.5922124962270345 1095.6414126169634073 1176.2613945064895233 1241.8644732870509415 1222.3869604587987396 1195.2629037126471303 1250.9417446423180991 1253.6163597947479502 1131.6329610624811721 958.1910654995472214 797.2807123453063696 680.4606097192876177 613.4787201931783329 598.8484757017808988 629.7536975550859779
-176.8349514563106766 -179.8608747873085747 -180.7080372335101686 -182.7604844359923959 -187.5441897707937073 -191.6168551696526947 -195.0155139625663026 -197.9575618056250619 -200.1187068361525405 -201.3292963667300626 -202.1321189070163200 -203.7779001100990968 -206.0913822440196270 -208.0664598138324379 -209.7225502952657337 -211.9158242418176314 -213.7200480432389043 -215.8887999199279477 -219.8385546992293200 -224.7921129016114605 -228.5546992293063795 -230.4615153638274307 -229.8293464117705867 -224.2006806125513094
499.7650972364380664 465.8684749232343734 494.2031729785056200 571.2594677584442024 673.4687819856703754 806.2538382804503954 956.6688843398158042 1105.3669396110542493 1240.8950870010235121 1313.4692937563970645 1296.0158648925280431 1283.5092118730808579 1273.7876151484135789 1165.1115660184236731 964.1663254861822452 753.2144319344932910 584.6422722620266086 477.8930399181166990 438.9861821903787131 470.7932446264073860 556.1412487205732305 669.4866939611054022 804.3551688843398324 958.8106448311156100
38.6408536585365852 24.1701219512195138 33.2713414634146361 67.4213414634146346 129.3896341463414501 210.7317073170731589 317.9140243902439238 442.5371951219512425 565.7664634146341314 681.7365853658536707 753.1079268292683082 781.5115853658536480 785.9932926829268354 781.5932926829268581 772.8670731707317145 768.2341463414634291 767.6774390243901962 770.0091463414634063 770.4304878048779983 769.5152439024390105 766.2695121951219335 759.1963414634146829 753.5036585365853625 746.4853658536585499
267.9711696869851494 194.7701812191103841 179.9868204283360740 225.7701812191103841 351.2364085667215932 575.9093904448105832 872.6985172981877668 1143.8698517298187198 1307.2207578253705833 1328.7462932454695874 1265.9481054365733144 1174.5560131795716643 1091.2446457990115505 1023.7718286655683642 978.1400329489291607 958.7232289950576387 960.4892915980231010 968.1433278418451209 980.1383855024711238 986.3665568369027596 977.2512355848434709 959.8344316309719488 938.7421746293244951 920.1202635914332859
-327.4849299561341240 -333.3831894721947151 -334.6886939295316097 -334.4335644545068362 -332.1944247912834385 -329.6923730012735518 -327.7028442054619859 -325.2815904910145832 -324.2804584689401395 -322.9267015706806205 -322.3432856940710280 -321.5897835007782533 -321.3089005235602258 -320.7881703693221880 -320.3271543795103753 -320.3064949766520613 -321.0423093250318516 -321.0063676241686608 -320.4907315692656198 -319.4194141785764600 -317.3091835290788367 -315.0246214801188671 -312.1066930805150719 -308.2815904910145832
1022.4949832775919276 1234.9983277591973092 1443.7357859531773556 1611.2190635451504477 1663.1772575250836326 1629.1488294314381164 1516.0384615384614335 1294.7040133779264579 990.3913043478261216 677.5033444816053816 421.1739130434782510 240.0284280936454877 167.5819397993311100 266.8010033444816145 534.8996655518394618 895.8461538461538112 1247.2909698996654697 1512.9832775919733194 1606.9431438127089677 1566.2257525083612109 1478.4565217391304941 1380.5468227424748875 1255.7792642140468615 1109.4448160535116585
1471.0378657487090095 1631.4664371772805680 1666.2702237521514235 1600.2220309810670642 1455.3029259896729855 1201.0654044750431240 866.0808950086058076 553.0585197934595953 318.9638554216867306 184.2598967297762442 196.1204819277108413 376.2667814113597160 693.9311531841652823 1057.6333907056798580 1364.8244406196213276 1564.6867469879518922 1612.5851979345954987 1556.8605851979345971 1474.0206540447504722 1358.2685025817556834 1202.3184165232357827 1013.7848537005163507 833.9793459552495278 682.4526678141136244
96.6634023220595680 97.6804644119131780 103.0299848561332681 105.8231196365472044 106.7826350328117115 106.2176678445229641 106.4691569914184726 105.8128218071680919 103.7233720343261041 101.2229177183240836 97.0218071680969274 93.4478546188793473 89.7036850075719343 86.4578495709237700 82.1425542655224632 78.5062089853609280 75.4248359414437175 73.3557799091367997 71.1673902069661750 70.9714285714285751 70.8656234225138775 71.8723876829883892 72.2776375567895002 73.0081776880363407
927.1628878281622974 945.5217780429594541 961.9570405727923799 979.7222553699283480 995.5936754176610748 1011.1652744630071084 1026.1121718377087291 1040.9546539379475689 1052.6789976133652544 1060.7771479713603640 1052.6861575178998010 1019.9206443914081319 957.5957637231504123 877.3400954653938015 789.8224940334129087 706.8028042959426784 636.8132458233890247 583.6479713603819164 547.9788186157518339 524.9636038186157521 519.1885441527446119 523.3210023866348592 536.6208233890214387 564.2204653937947114
800.3781667434361680 901.6807922616305859 1017.5209580838322836 1127.6563795485951687 1208.4380469829570757 1225.9958544449561941 1227.3298019345922967 1220.6669737448180513 1122.1722708429294926 931.6273606632887549 731.3726393367112451 578.2151082450483273 487.9972362966374817 461.1957623215108129 498.8871487793643382 579.5306310456011261 681.9336711192999019 808.6881621372639302 973.6950713956701975 1141.9189313680330997 1266.2763703362504657 1311.1989866421004081 1277.0188853063104943 1229.1455550437585771
598.6218867924528695 617.5143396226415007 647.8932075471698226 687.7313207547169895 729.9324528301887085 765.1784905660376808 797.6426415094339291 822.6898113207547567 843.3924528301886312 878.0000000000000000 919.3637735849056298 920.5332075471698090 843.1301886792452933 707.1366037735848522 559.1849056603773533 435.0064150943396157 359.2611320754717212 344.5403773584905593 375.3569811320754752 443.3033962264150887 541.4935849056603274 660.7664150943396635 777.1441509433961983 854.3660377358490905
809.5194479297365433 842.2760351317440382 878.2864910079464380 916.3408615641990309 961.5499790882475963 976.5194479297365433 919.4642409033876902 792.4997908824759634 637.4019238812212507 495.5215391049770233 394.5788373065662995 350.8502718527812476 364.3713927227101408 419.6390631534922591 515.5947302383939359 643.0522793810121129 786.5713090757005830 909.8632371392723144 979.0719364282726929 973.3776662484316375 925.5867837724800893 879.7586783772479748 864.8143036386449012 854.5257214554579832
990.6933095114956132 993.3348535427147681 996.6274389957214908 999.0301847759650400 1001.2945601579764343 1004.2301941793219839 1006.5339226103718602 1008.3654614697446732 1009.0724058488880246 1008.6310122713808823 1008.4359396304480470 1008.3891579293807581 1008.4887394799943650 1008.6004043443509772 1009.7080727819832191 1010.0035262588744445 1009.9298039400065363 1009.2767878132493706 1008.8466312473552762 1008.7827354365508654 1007.8000376134280032 1004.5094738821759393 998.8202078141896436 990.7907282899994925
523.6575342465753238 528.2683144729005562 532.9842167957117454 535.3034544371649872 531.1566408576533149 518.8400833829660996 496.4711137581894036 467.7748659916617271 433.8779035139964435 400.9338892197736754 370.9026206075044456 346.6902918403811782 334.4919594997022045 334.1304347826086882 351.2486599166170436 382.6292435973793999 428.1831447290053347 486.9997022036926637 554.4297200714711380 620.9288266825491291 680.0116140559856603 724.4109589041096342 746.0673019654556128 737.1938653960690999
574.3147599288678293 541.0770598695910394 491.5305275637225577 440.2424422050978023 395.2009484291642138 378.3449911084765631 410.3556609365738268 516.6407824540605134 699.4831061055127748 934.0740960284529137 1149.9810314167159504 1282.0527563722585001 1304.5417901600474124 1258.0053349140487171 1182.9940723177237487 1107.8055720213396853 1037.0320094842916205 992.0314167160639727 973.5293420272673757 976.1885002963840634 986.3900414937759251 994.1665678719621155 990.8719620628334042 982.4961470065204594
-900.5986613119142703 -907.0803212851405988 -915.4921017402945154 -922.0862115127175684 -927.0136546184738791 -929.8589022757697649 -932.0077643908969094 -932.5520749665328140 -932.8366800535475249 -932.8436412315929829 -933.0452476572958176 -933.4082998661311876 -934.3153949129853117 -934.8144578313252850 -935.4195448460508260 -934.0682730923695090 -934.6982597054885673 -935.6958500669344403 -931.7226238286478974 -931.3231593038822211 -928.0669344042837565 -924.5582329317269341 -907.7456492637215888 -917.6423025435074123
984.8722596964587410 976.0400505902192663 964.5181281618887397 952.6125632377739976 938.7870994940977880 926.1125632377739976 910.9784991568296846 898.6268971332209503 891.6456576728498931 888.2778246205733694 886.9005059021922079 886.8705733558178963 888.4725969645868418 893.0467959527824178 906.5392074198988439 936.9329679595277867 987.5564924114671612 1066.6389123102867416 1170.4888279932547448 1256.8454890387858995 1278.4753372681282144 1237.8568718381113740 1164.0092748735244186 1088.9732293423271585
595.0044605519933612 584.3981042654028215 570.6961248954557959 555.6292166155561745 539.5397267911904464 525.5450236966825059 515.8034569277948549 507.5006969612489343 501.2904934485642343 494.4106495678840361 484.3618622804572169 472.2135489266796640 456.3002509060495981 428.8583774742124319 387.7490939503763343 336.2587120156119340 280.4842486757736424 230.8271536102592734 187.8458321717312458 149.5255087817117499 120.8455533872316749 101.3939224979091165 95.3063841650404271 97.1653192082520150
-126.4134437565329279 -127.8386266784594341 -125.2462812575379871 -123.0855511779368072 -120.1489909142076016 -115.5629975074374869 -111.2851973948701385 -107.3869100265337266 -104.8551901583983295 -103.2509447615984612 -103.2819007799308508 -102.4896679263488011 -101.7326525689475005 -100.6728310685856655 -99.4768030875613078 -98.1746401865401594 -96.6610919031920872 -95.5386347189836727 -94.2909061670820989 -91.7096566696148585 -90.1321058132990203 -89.1084666720270206 -88.8886387392457920 -88.2396880276593976
1245.9816106531388868 1165.4172479391249908 985.8649334178820709 808.2872542802790576 681.1756499682942376 609.4197844007609319 599.1287254280279058 643.2105263157894797 716.7270133164236086 799.9936588459099767 912.7400126823081337 1043.9191502853518614 1141.7406467977170905 1210.7710843373492935 1221.3525681674063890 1145.2672796448953250 1150.4397590361445509 1220.0868738110336835 1170.7463538363981570 1009.7263792010145380 839.8503487634749263 712.3551046290424438 637.9400760938490293 615.2796448953710069
979.3875257968355754 970.9603301994955018 940.1554689291447175 875.9449667507452659 793.2616372391653385 712.7119926622334560 647.2620958495757577 607.1343728502637305 593.9928915386378776 608.8410914927768545 649.0522815867919917 715.4173354735152088 804.9286860811740780 900.7624398073836574 975.1554689291447175 1016.8589772987846800 1009.7335473515248623 975.5828938316899439 950.8878697546434751 938.3868378812198898 912.5627149736299089 867.1034166475578786 816.5374914010548082 776.2854849805090680
196.8337078651685488 216.8217228464419577 228.8696629213483220 250.8546816479400832 271.3250936329587830 303.3895131086142101 345.1056179775280839 384.6576779026217423 418.8217228464419577 429.0629213483146032 422.7932584269663039 414.9805243445692895 427.4779026217228193 477.3745318352059712 583.7385767790261752 748.4172284644195088 951.8209737827714889 1138.2089887640449888 1263.3752808988763263 1292.6936329588015724 1248.2202247191012248 1163.5970037453182613 1073.6786516853933335 999.3258426966292518
849.0824851891235312 866.4315661552483334 896.7950782318091569 944.5790672945465758 1013.0180768646513343 1101.9304268570560907 1181.2023393589549869 1201.8420173173324201 1151.8239404526811995 1073.1276013975391379 1004.5647880905362399 955.7195807382652220 923.1156007899134011 900.4552635576484363 882.9828345739024371 873.5120765608385227 871.0279507823180438 873.4171350448124258 877.0852195047850728 880.8187756342093735 882.7124411362600540 888.1663375360777763 898.5986632234543094 917.4640741303356890
954.1518473406414387 935.1488022736500625 905.4025578562728924 862.3459196102314763 827.1532683719042325 807.8345513601299217 802.5485180673974810 805.7681688997157607 814.3723101908242370 828.2304100690215591 857.1725537961834789 908.7671538773853399 994.0988631749899014 1110.9037758830693292 1227.4423467316280494 1293.0927730410069216 1260.2088915956151141 1178.8511977263499375 1119.2592367032075344 1081.9141291108403493 1033.1711327649209125 967.1043442955744922 901.0391798619569954 851.9872107186357653
135.8686425173801808 137.3685815343334582 134.7378948652274744 131.2901573362605063 127.9448713257714303 124.5325039638980371 120.7593608976704473 120.1126966703256471 121.5342114892060010 125.4118794974996973 131.6464202951579523 139.9009635321380642 150.0110989145017584 160.8487620441517265 173.2907671667276475 186.3721185510428029 198.9953652884498183 210.0845225027442496 220.2552750335406699 227.6954506647151959 232.6705695816563093 233.6304427369191501 235.4877424076106820 234.7709476765459158
464.2366121636819685 463.0582230296738544 462.7586296392421445 464.1002681892897499 465.2506272168872670 465.8437581105632148 466.1259624534994259 466.0420451596158955 465.1534734838654117 464.0237909853793781 463.5162211263950098 463.8250713729561312 463.1884246042044992 462.7652911151483863 461.6025607751535631 460.7302534821351401 459.7875248723938171 457.4665628514577520 455.2170602993338662 453.3731291634224476 451.8361449952417956 451.1592698330305211 451.8287914179427389 455.0198979150445666
265.2806088682991117 274.3587028457974952 290.5724685638650158 319.6684315023163663 343.3871608206486030 358.0403706154864381 350.4592984778292362 314.4275314361349842 257.2508272667108145 180.6935804103243015 90.9205823957643986 -2.5314361350099270 -75.8742554599602954 -124.5982792852415599 -136.3322303110522853 -109.7379219060225068 -47.3593646591661184 50.3732627399073465 158.0311052283256004 280.0754467240238341 385.0357379219060476 468.2892124420913547 519.5089344804764551 522.2137657180675205
-336.9976762199844984 -358.0859798605732180 -373.1545313710302025 -377.3241673121611370 -367.6096049573973801 -338.0123934934159706 -289.3419829589465735 -224.1525948876839607 -148.2006196746708042 -59.8536018590240104 23.1378776142525169 80.3822618125484070 115.2041053446940424 135.9845081332300651 154.0367931835786237 167.5305964368706384 173.0360185902401327 175.1235476374903044 178.7893106119287268 184.2908597986057373 191.3872966692486557 199.0092951200619780 209.0325329202168803 217.8369481022463106
-546.5153846153846189 -537.8557692307692832 -523.0365384615384983 -504.9403846153846303 -484.2557692307692037 -458.3500000000000227 -431.1615384615384414 -393.1807692307692150 -358.1673076923077019 -310.9038461538461320 -258.0173076923076678 -193.5365384615384698 -110.3653846153846132 -2.7826923076923076 129.6557692307692378 281.9096153846153925 451.4865384615384869 610.0230769230769283 749.6096153846153811 848.5173076923076678 919.8826923076923094 961.3576923076923322 961.7269230769230717 944.9653846153846644
1065.2189032545697955 1075.9901917075344500 1051.8194382523406603 1013.3423985733393238 971.8363798484173230 927.8660276415514545 873.0093624609897915 808.8506464556397759 747.0403477485510848 699.8415069103879205 670.9910833704859670 659.3617922425323741 662.0882746321890409 676.7356219349086359 706.9621043245653027 755.0842621489076691 822.7099866250557625 904.0780205082478460 982.5140436914846305 1038.2552385198393949 1061.1596076683013052 1054.8707088720464071 1030.3693713776192453 999.3359340169415646
170.4072635906806852 171.6452718136135331 177.7923709456372876 184.2277295568752891 190.7615349474645825 195.7750114207400713 201.2528551850159886 212.5374600274097645 223.1016445865692219 234.5315212425765310 249.7565098218364597 269.6920968478757459 289.3768844221105496 313.8437642759250821 341.2512562814070520 370.5669255367747610 401.9849246231156030 431.0742348104157031 460.8704888076747466 487.1973503883051535 512.7121973503883510 533.1276838739149753 547.2297852900868520 559.1151210598446823
826.3728951656707977 812.1590168386746882 804.2681966322650169 801.2035578489951604 803.0583921781640129 808.4470396523628324 816.6852254209668445 828.5358500814774061 843.9330526887561064 863.2949483976100282 882.9784084736555769 903.6603747963063142 924.3818576860402345 945.7233840304182877 965.0589353612167542 979.3829440521456036 990.4923954372623029 999.6998913633894972 1008.0533677349267236 1016.1856328082564005 1020.1841390548614754 1018.9577675176534513 1008.1670287887018276 991.7436175991308573
566.2915407854984551 602.8368580060423483 670.6671701913393235 770.2401812688822247 894.9219536757301512 1037.4093655589124410 1176.8882175226585787 1261.6560926485396976 1265.4859013091640918 1260.7658610271903399 1215.3952668680765328 1057.4199395770392584 843.2386706948640267 659.0327291037260693 539.7482376636455683 484.4949647532729387 495.0503524672708977 562.5735146022154822 667.6757301107754756 792.7447129909365913 948.4355488418932509 1113.4461228600200684 1234.9914400805639616 1280.0976837865055131
830.1148459383753107 842.0343604108310274 850.6091503267973621 855.4515406162464615 852.7536881419234760 844.3936507936507496 832.2515406162465297 817.7981325863678421 800.1225023342670966 780.6928104575163161 759.5652661064425502 740.3189542483660261 723.4183006535947698 706.2741363211951011 687.0629318394023812 665.7460317460316901 640.7040149393091042 615.1239962651727637 589.5520074696545407 568.5880485527544579 551.6670401493930740 538.2741363211951011 532.4575163398692439 539.5854341736694550
509.6408640864086692 523.8496849684968311 458.9450945094509393 358.7385238523852422 242.8384338433843368 135.9000900090009054 54.3501350135013510 -9.1845184518451841 -50.5027002700270060 -69.1921692169216982 -68.8744374437443696 -60.2187218721872171 -45.6665166516651695 -33.2938793879387944 -14.5895589558955887 10.3226822682268224 30.3627362736273625 44.5558055805580580 53.9239423942394254 58.2362736273627348 59.3784878487848786 57.8933393339333904 54.9968496849684954 55.4468946894689481
1017.0844907407407618 1055.6336805555556566 1092.8350694444443434 1125.4785879629630472 1153.3391203703704377 1174.4681712962963047 1193.6620370370369528 1211.5312500000000000 1223.6180555555556566 1234.5549768518519613 1246.5335648148147811 1258.5057870370369528 1266.8802083333332575 1271.7256944444443434 1272.2968750000000000 1270.7476851851852189 1265.2112268518519613 1253.9774305555556566 1232.8408564814815236 1201.3744212962963047 1161.6394675925926094 1118.1979166666667425 1070.8640046296295623 1021.6012731481481524
-585.0345864661653650 -584.7187969924812023 -584.8724812030075100 -583.9503759398496641 -581.3615037593984880 -576.7599999999999909 -569.9275187969924445 -561.5741353383458545 -546.4947368421052261 -531.9230075187970215 -514.9449624060150654 -488.1960902255639212 -458.9320300751879813 -434.7046616541353501 -407.6923308270676785 -383.0562406015037595 -354.4069172932331071 -322.0439097744360879 -288.0357894736841899 -252.7732330827067528 -218.3215037593984960 -185.0577443609022623 -157.6321804511278231 -133.1930827067669156
616.0236966824644469 606.0803317535544465 621.1573459715639274 663.2402843601895484 732.6345971563980584 826.2694312796209033 926.8343601895734309 1012.3898104265402935 1061.5907582938389169 1067.1222748815166597 1050.0374407582937692 1020.2168246445497743 988.6568720379146953 963.3609004739336115 947.3528436018957564 941.6265402843602033 946.3402843601895711 955.4161137440758012 963.1213270142179681 967.4395734597156888 967.7350710900474269 963.5156398104265918 955.7864928909953051 946.4860189573460048
390.8041907514451054 359.9862716763005892 308.2825144508670405 252.7781791907514446 179.6791907514450770 100.0802023121387236 18.4588150289017356 -56.9450867052023142 -125.1329479768786115 -193.3872832369942216 -255.7218208092485554 -312.6914739884393271 -362.8865606936416270 -403.2333815028901540 -439.1257225433525946 -471.0650289017340810 -496.7088150289017108 -517.4754335260115568 -532.8865606936416270 -544.5997109826589622 -552.9682080924854972 -558.3605491329479946 -558.9356936416185135 -554.4060693641617945
-179.7794045876037217 -227.1073694485114629 -243.1664226451927675 -289.3465104929233576 -319.2938018545631849 -368.7842850170815154 -415.2532942898974966 -463.4358223523669835 -503.1854563201561632 -539.4582723279648917 -575.1478770131772080 -604.5056124938994344 -631.3035627135187724 -654.9633967789164899 -675.9594924353342549 -691.7501220107369591 -704.1913128355295157 -711.4241093216203353 -714.3606637384090163 -713.5612493899462834 -711.1395802830649018 -706.8784773060028783 -702.3670082967300914 -698.6090775988286623
-404.0467340803498359 -411.3849412407761861 -415.4827821809237776 -419.2096201147854799 -423.7156326865263622 -426.5651817436457804 -427.6719048920469959 -429.7825908718228902 -433.4928942333971236 -437.1265373052746668 -439.5825362120797877 -442.7336704017491229 -445.5054659743099137 -447.3440830828095045 -449.3606176550970304 -451.1522273845312725 -452.9937141295436049 -455.3625307461055058 -459.0308827548510635 -462.0254167805411498 -464.4745832194588502 -465.4029789559988899 -464.1486745012298343 -460.6807871003006198
700.6008350068702839 699.9446675827080071 701.9158651305358489 704.9427650354085699 707.3721065426487939 708.5029066694852418 708.9237395624140845 709.4442447944192054 710.5071345523729178 712.3930345629426029 714.3082126625092769 716.4711446992918127 718.8281894091533104 720.5830778987422036 721.3436211816932655 721.2484409681851503 720.7521932142479955 720.3926646231899440 720.8744847267730620 721.1749815030124182 721.4812916182221443 720.7649297114469391 720.8063101152098398 720.9562414121128313
852.1871850251980050 862.6522678185745008 868.5133189344852553 866.9632829373649656 862.7465802735781608 853.7314614830813753 838.9287257019437902 813.6868250539956762 773.5680345572353644 707.9172066234701788 623.4146868250539910 522.0561555075594242 412.0784737221022169 296.7530597552195673 198.7293016558675447 105.0799136069114468 32.2332613390928699 -29.4528437724981984 -79.1504679625629990 -113.6256299496040327 -132.2354211663067076 -145.7667386609071229 -149.9568034557235308 -145.5910727141828716
227.4512302284709904 232.3084358523725825 288.0571177504393745 398.5588752196836708 547.7486818980668204 705.2258347978910251 829.7653778558875501 878.4318980667837877 853.7706502636203822 787.5197715289982625 721.7469244288224672 682.6384007029877239 672.7750439367310946 665.1247803163444132 651.7587873462214247 633.9108084358523456 618.4951669595782278 607.8791739894552393 604.6234622144112336 609.8536906854129711 618.5206502636203822 627.4582601054481756 634.3844463971880714 643.4499121265378108
-53.4605734767025069 -69.3034647550776555 -73.4737156511350094 -72.5292712066905665 -65.7395459976105201 -47.3040621266427692 -16.9964157706093175 27.1021505376344081 81.5358422939068106 146.0573476702508913 219.8243727598566295 309.7102747909199252 408.0776583034647729 510.9014336917562673 597.9277180406212437 657.0669056152927396 682.6929510155316621 690.7598566308244017 692.2407407407407618 695.8476702508960443 698.5477897252090997 708.3327359617682077 719.0322580645160997 731.1899641577060720
327.2584541062801691 336.0322061191626517 357.3164251207729194 386.2890499194846825 407.2552334943639494 405.8075684380032158 386.4694041867954866 358.7359098228663470 347.8123993558776306 378.4637681159420026 466.8389694041867983 622.4919484702093087 846.9227053140097041 1085.2214170692432162 1277.0402576489532294 1360.1280193236714240 1338.5257648953302123 1243.9758454106279260 1131.2230273752013545 1030.6191626409017772 952.4782608695652470 908.0048309178744148 894.8293075684380256 896.5466988727857824
954.3927600271923666 961.6888171312032227 967.7766825288919108 971.4605710401087890 971.5820870156355795 971.0084976206661622 970.6038409245411458 971.9649898028552570 974.0713800135962401 976.8740652617267415 980.4870836165873698 987.2787219578517579 997.3371855880353678 1007.2034330387491536 1015.7726036709721029 1011.8045547246771321 988.6266145479265788 941.8410944935418456 878.6677430319510904 807.3312372535690429 737.0226036709721029 679.8203602991162597 641.7282460910945474 632.1893269884432129
891.1471362072454667 990.1183970856102405 1126.0623355596032980 1246.0937057275855295 1285.8283748229102912 1231.6941914592187004 1130.9989880590974280 1033.4476826553329829 965.0945152803076326 929.6350941105039283 914.8749241044323526 911.9433313094515370 917.4456587735276116 925.6415705322808662 932.7427646225460194 937.2716049382715937 934.9736895365310829 931.0042501517910978 927.3976927747419268 923.8558996154624765 926.1432908318154205 932.1463266545233637 941.5438170410848215 951.1778992106860642
861.4564204923486841 874.0019960079840757 878.1996007984031394 879.6393878908849047 878.8037258815702444 879.2222222222221717 881.7638057218895256 888.0984697272122048 901.2075848303393286 912.5375914836993161 919.3699268130405926 913.6939454424484666 883.8003992015968606 817.1816367265469125 712.2588157019295068 578.0339321357284916 424.5974717232202238 263.6427145708582884 134.3073852295409267 37.4457751164338006 -6.1623419827012640 -12.4337990685296074 3.4231536926147705 36.6813040585495642
1239.6602603843768975 1297.1419714817111526 1334.8543087414755064 1346.4066955982641502 1340.0644761314320021 1320.7625542467451396 1289.6075635461872935 1241.7526348419094120 1180.1692498450092899 1104.6131432114073050 1021.4395536267824127 933.3434593924364435 849.6565406075635565 770.0173589584625233 701.0564166150030587 646.2169869807811438 607.7433353998760595 591.0458772473651834 593.4823310601364028 611.7947923124612544 646.5232486050837224 694.6955982641042056 750.4643521388716181 803.9894606323620110
1487.2867036011080017 1401.4598337950137648 1217.0747922437672059 958.9889196675900394 679.8601108033241189 450.0346260387811412 319.6994459833795190 300.1371191135734193 386.2271468144044206 573.2008310249307215 829.5872576177284827 1103.3033240997228859 1368.0110803324100743 1562.1703601108033581 1624.3393351800555138 1580.8919667590027984 1471.0609418282549541 1273.6246537396120857 1008.4002770083102405 753.1759002770082816 545.1952908587257980 398.2354570637119195 337.4376731301939003 400.3864265927977613
577.8897178829563472 588.5117743063651687 625.6579622289577856 687.0347400326415936 767.5591046864070677 851.8531126136628018 928.6246211238051274 978.0519934716717216 984.9044066215901694 952.3844719048729530 908.8638377244112689 875.6201911867568697 849.4007927255770483 817.0158545115411926 779.2746560969923166 742.9680578223361636 715.6486360456982538 700.1100489624620877 696.6225227325717242 700.9204942877126996 709.5152716250873937 725.3965959431102419 749.1356959664257147 778.9037071578457017
-526.8200692041522188 -532.2491349480968665 -533.3177623990773100 -531.8454440599768986 -525.9077277970011437 -516.2381776239907367 -501.0888119953863793 -483.0853517877739591 -458.0767012687427950 -429.7277970011534194 -391.8477508650519212 -349.5697808535178979 -298.9775086505190416 -241.5346020761245711 -178.1637831603229642 -113.5103806228373742 -48.9890426758938844 14.5836216839677046 75.8690888119953826 135.1216839677047403 189.6545559400230729 237.3189158016147644 285.3056516724336689 322.6955017301037856
834.8630069238378155 802.8437190900099267 775.3402571711177416 735.4312561819980374 693.8639960435212970 661.3931750741840006 634.0642927794262960 610.7448071216616654 590.9762611275964446 580.1345202769534808 580.7705242334322975 603.2962413452028159 655.0153313550939629 742.7215628090998507 861.7467853610286284 992.2581602373887790 1111.8476755687438526 1203.1730959446092584 1250.7774480712166678 1261.6063303659743724 1247.6478733926805944 1216.8358061325420749 1170.2230464886251866 1110.4332344213648867
368.8830649519074996 369.7740192370042109 371.6129903814978661 372.6014265643574959 373.4192153896033801 370.7766129903815226 368.0442018804711779 363.5633848481573409 357.3568572354911907 351.0132929860585591 345.3479952447854657 340.6428185453366382 336.9056522209013451 335.8201664325083584 335.3710148060088727 336.4573651788609254 337.6552469469361313 339.4215929968658543 341.1110991029936486 343.9992434885982675 346.2630498216794308 349.1720523073597633 351.3742569977304697 354.3252999027342298
969.0131868131868487 977.8645354645354928 982.5012987012986514 981.5662337662337222 974.2485514485514386 958.4245754245754370 942.3528471528471755 933.2229770229770338 927.0469530469530355 916.1310689310689668 901.1872127872128431 885.6023976023975592 871.4017982017982149 857.3450549450549261 845.6453546453547006 837.1520479520479512 831.8963036963036757 836.3128871128870969 862.6297702297702017 924.4999000999000600 1029.7854145854146282 1155.4625374625375116 1247.6739260739261681 1238.8019980019980721
906.9400749063670446 886.7358658819332504 873.0092741216336663 866.0039236668450258 864.5352238273586636 863.6779026217228648 863.9477438915640732 871.8212948100588164 895.2291778134474498 944.6342072409488537 1029.5543071161048374 1139.4110932762619086 1231.8585696450863907 1248.7916889602283845 1186.3190654538968829 1101.7066167290886369 1037.8294988407346864 995.1093276261815390 961.0793650793650613 926.9928660602818127 898.0882825040127955 877.7838416265382193 868.5889067237382051 867.7321205635812476
643.6482185273158620 644.1476247030878994 645.6368171021377975 647.0153206650830953 647.2342636579572854 646.9698337292161341 645.9500000000000455 644.1336698337291864 642.8745249406175617 641.2782660332541127 639.6900237529690685 638.6552256532066849 637.9709026128266487 637.4946555819477680 637.1938836104512802 636.8684085510689101 636.4495249406176072 636.7439429928740537 637.0430522565320643 637.2307007125890550 636.3245843230404262 635.6225059382422842 635.6422209026128485 635.9913895486936326
-217.3795578524260748 -232.9253517082974554 -216.4843525696238942 -160.0396210163652029 -79.4855010048808452 10.6580534022394495 96.9592305483778318 168.8176859029572086 212.1808785529715635 224.4102784955498180 220.2971576227390074 215.2144702842377342 205.4398507034165959 191.1329313809933979 170.6953775480907325 152.5348837209302246 139.9310938845822534 138.8992248062015449 142.1903531438415200 147.7416020671834644 154.8090726385300115 164.4223370657479109 174.6448463967843736 185.5104794717197763
1580.8218390804597675 1617.1465517241379075 1649.7729885057472075 1675.2959770114941875 1694.4137931034483699 1709.4770114942527925 1727.6609195402299974 1740.2528735632183725 1745.6551724137930250 1740.2959770114941875 1734.7672413793102351 1731.1752873563218600 1732.9310344827586050 1725.1522988505746525 1716.0747126436781400 1711.7241379310344200 1708.4626436781609300 1704.9655172413793025 1701.9655172413793025 1687.6522988505746525 1663.7873563218390700 1641.5258620689655800 1615.7816091954023250 1586.4310344827586050
738.9228187919462698 726.4496644295302303 721.0987283645355319 724.3300953726597982 729.0773578240904271 733.6819145178382087 737.6474743906746880 739.0803602967149573 740.2170611091487444 738.4390674673260264 734.9102790533380585 731.1700812433768988 730.6148004238784779 735.6096785588131297 746.6916283998587005 765.5837160014128813 794.6162133521723945 833.6972801130342532 879.0083009537265752 925.6930413281526171 967.5512186506534817 993.5250794772165364 994.8827269516071965 970.5586365241963449
-566.5144802357483513 -568.8071334214002945 -571.3989431968295776 -572.5868306066456626 -571.9852657250279435 -572.2649121024286387 -572.4841987602885638 -570.7840666598922326 -568.9162686718829036 -567.7654709887206081 -564.9904481251904826 -565.3560613758763793 -565.7960573112488873 -566.3437658774514603 -566.5245401890051653 -566.8485926227009486 -567.0633065745350905 -567.0746875317548756 -566.2168478813129013 -565.3537242150188149 -563.9774413169393483 -561.7759374047352594 -558.2132913321817114 -553.3994512752768742
-303.0339366515837014 -332.8416289592760222 -348.3733031674208291 -350.7692307692307736 -321.4140271493212708 -254.2895927601809944 -159.7692307692307736 -22.8891402714932113 153.5475113122171820 349.3122171945701098 575.9434389140271833 791.3031674208144750 968.3009049773755805 1065.5859728506786723 1096.4366515837104998 1095.1085972850678445 1071.3076923076923777 1036.6425339366514891 1003.7850678733032055 980.3823529411764639 958.4321266968325972 940.6742081447963528 931.3778280542986749 921.4502262443438667
971.7587531059408548 963.2749039981929400 964.3921391461486792 962.8868308109329064 953.4133724870115429 935.0526315789473983 914.8502371809352098 892.0169414953693376 867.7831488592726146 844.4605827874406714 826.0187485882087230 817.3876214140501588 821.5540998418794061 846.4646487463293170 909.3749717641743473 1017.4928845719448418 1155.0885475491302259 1244.5403207589790782 1222.2907160605375338 1114.0374971764174461 1004.1904224079512460 932.2453128529477908 897.2139146148633699 875.7052179805737069
271.3777342474697889 268.7975840679072803 268.6888671237348944 274.9712699967352023 284.0182827293502896 288.2993796931113479 275.1472412667319531 243.6281423441070899 187.2536728697355670 116.8439438459027144 42.6163891609533110 -28.0535422788116229 -87.3894874306235749 -138.0372184133202609 -177.6268364348677835 -204.8563499836761252 -224.9849820437479480 -235.5837414299706154 -243.3845902709761617 -243.2177603656545841 -239.3095004897159583 -231.7943192948090143 -220.7332680378713690 -208.1939275220372281
756.6227544910179859 744.9488296135002656 662.9907457811649465 535.2574850299400850 394.2335329341317447 268.8824169842133642 171.4491017964071773 120.6929776810016364 126.0076211213935835 171.1355470876428910 226.3805117038650110 291.1992378878606473 335.4158954817637550 372.5231355470876338 400.4599891126837292 406.7615677735438453 406.7278170930865713 406.9695155144256660 404.0381056069678607 391.6015242242787053 373.2340772999455680 351.6107784431137588 335.0511703864997344 321.7147523135546976
-734.4529331514324895 -732.6273874488404090 -739.7595497953615222 -742.0010231923602078 -746.0985675306957319 -748.7331173260572541 -753.4328103683492373 -755.9423601637107595 -759.2716575716234502 -761.8270804911322784 -764.2849590723055826 -766.2099249658936060 -766.8148021828103538 -767.9684515688949205 -769.2286834924965433 -770.4421896316507627 -771.9962482946793898 -772.2319236016371633 -775.1817871759890295 -774.8855729877217300 -775.0127899045020285 -772.0160300136425349 -772.7457366984992859 -764.2979195088677216
700.3384685092886457 692.8010874490257720 674.0797462618940017 647.6393294064340580 616.6579066606252582 564.8785681921159494 495.9714544630720638 419.8568192115994293 338.9107385591300385 264.7806977797915806 195.8192115994562812 137.2093339374716834 91.2043497961033012 60.1622111463525115 39.0348889895786115 19.3778885364748525 0.3008608971454463 -15.9759855006796556 -26.5278658812868144 -37.1862256456728559 -48.9465337562301741 -58.7009515178976002 -64.7548708654281882 -64.2034435885817913
627.7066993464052302 624.4978213507624787 626.5936819172113701 631.9929193899781694 637.5484749455337123 643.5065359477124503 647.4561546840958499 651.2344771241830585 658.4041394335512223 668.5664488017429221 679.2306644880173963 686.3480392156862990 688.8363289760349062 679.3336056644880045 659.4572440087146106 623.7224945533769187 565.3491285403050597 494.7510893246187607 418.7747821350762365 349.0819716775599204 290.9313725490196134 253.0661764705882320 237.5476579520697271 248.3545751633986924
815.8160861939363713 898.3362565772989683 1008.4725632673515747 1127.6111250313203982 1223.9190679027813076 1276.7391631170132769 1245.9448759709346177 1180.0177900275621141 1176.5081433224754619 1196.9017790027562569 1130.7346529691806154 985.3004259584064357 835.2906539714357450 726.8591831621147321 667.2415434728138734 655.7942871460786591 687.7035830618892760 747.9123026810323154 825.6103733400150304 925.2069656727637721 1025.7757454272111772 1110.1378100726635694 1173.9974943623151376 1187.5489852167377194
855.8353500432151577 879.3764044943819727 902.5095073465860196 872.8228176318064016 767.5038893690579016 626.1672428694901100 493.3474503025065019 391.6197061365600689 334.8098530682800629 326.3543647363871969 359.4481417458945316 428.4585133967156594 528.5069144338807519 646.1356957649092010 754.7532411408816415 834.6158167675021105 865.4753673292999565 849.1724286949006455 816.7286084701814843 808.4446845289542125 803.7904062229904412 772.3828867761452557 718.0630942091615907 663.0695764909247600
1238.9981349610036432 1283.5096642929806876 1230.0932519498135207 1129.8558833502881953 1034.3002712783993502 964.3345201763310115 925.4518480840963548 909.8765683282468899 910.1649711766700648 919.3879281112241415 930.7900983384198526 941.8150220413699572 950.0949474398100847 954.3823329942352984 952.4259070871481754 952.4626992200745690 950.8658867412682412 951.2351644625297240 956.8484231943031091 962.6347914547303617 960.8513055272974270 951.9944048830111569 943.4067480501864793 941.6188538487623418
938.0264275601698500 857.5979235488438235 708.3364794714487971 554.2435110901368489 427.7243983010854436 351.6054742803208910 330.0882491741387526 357.4388862671071365 430.3610193487494371 539.4808872109485947 676.1750825861255407 806.9060877772534468 900.5195847097687647 936.0372817366682057 908.1321378008494776 849.4591788579518834 816.7484662576687242 811.5903728173666423 792.6875884851344836 741.3010854176498015 674.4941009910335197 617.3581878244455083 580.6701274185936654 568.7890514393582180
1126.1992187500000000 1183.1789062499999545 1235.3687500000000909 1274.6984374999999545 1308.1015625000000000 1329.4632812499999091 1341.1624999999999091 1351.5218749999999091 1357.2328124999999091 1352.8664062499999545 1337.9695312500000455 1311.8726562500000909 1273.2851562500000000 1228.0117187500000000 1165.1507812499999091 1085.6718750000000000 992.3062499999999773 893.1179687500000455 795.3390624999999545 713.5593750000000455 653.2296874999999545 615.0109374999999545 607.4781249999999773 622.1867187499999545
472.2716425488702612 434.4427519675044209 414.0139629347549999 411.3406956080223154 427.9845138359989960 461.6971312515867112 512.5133282559024792 579.7976643818227558 653.5580096471185243 722.8735719725818853 772.3703985783193957 795.6034526529575714 789.7654226961158201 769.5993907083015984 755.5486164001015368 751.0462046204620492 742.3909621731403377 724.2911906575272951 702.8260979944147948 683.5222137598375411 668.5379537953795079 660.6296014216806043 658.7837014470677559 660.2018278750952049
784.8364544319600782 755.0333957553058326 719.3845193508115017 688.1750936329588058 665.6569912609238600 655.4800249687890528 656.9862671660424667 666.2053682896379314 680.5318352059924791 700.8342696629213151 723.4965667915106451 749.8192883895130763 783.0390137328339506 819.2924469413233055 856.2880774032458930 904.7459425717852355 951.2908863920099520 956.7219101123595237 889.1523096129837995 756.3133583021223103 608.2471910112359410 486.0814606741573130 408.7556179775281180 388.5249687890137125
568.7312889812890262 563.5945945945945823 567.1928274428274790 580.6169438669438705 602.3950103950104449 631.7567567567567721 664.2234927234927682 691.0311850311850321 700.9927234927234849 681.0748440748441226 611.9074844074843895 492.9854469854469698 353.4293139293139348 244.6964656964657081 168.0083160083160010 135.7286902286902261 150.6387733887733873 180.1990644490644513 223.8466735966735826 275.1933471933471651 330.0556133056132921 384.5244282744282600 431.5758835758835517 465.6564449064449036
-28.7397803538743126 -31.5176937156802914 -29.6384990848078083 -27.7815741305674209 -21.9316656497864564 -13.2855399633923117 0.0420988407565589 13.9487492373398414 30.4133618059792568 47.3383160463697408 58.3645515558267221 61.5820622330689460 57.4743746186699198 45.2647956070774882 22.0222696766320922 -16.9310555216595482 -66.7699816961561936 -122.3294691885295862 -175.9990848078096519 -224.8828553996339110 -258.7672361195851067 -274.4008541793776885 -270.7690665039658597 -242.1192800488102534
-343.8919426826403765 -362.0589617101244926 -368.1844021611463518 -360.1644350481559513 -344.4038054968287383 -324.5630725863284169 -304.9964763918252402 -287.0993657505285341 -269.1517500587268046 -249.9776838148931120 -227.3089029833215875 -203.2619215409912954 -180.5106882781301465 -162.6013624618275912 -148.3629316420013993 -138.1818181818181870 -130.6476391825229086 -124.0056377730796271 -113.9579516091144029 -101.8221752407798988 -89.0721165139769795 -77.3861874559548966 -70.3965233732675557 -69.0039934225980716
340.8194607268464438 343.1553341148886034 344.1475185619382842 343.1305197342712177 336.7411098085189565 327.3962485345838331 316.4152012504884510 304.0228604923798343 288.1651035560765877 266.1291520125049033 241.1281750683860992 218.3567799921844426 197.4407971864009426 173.4679562329034752 149.5148495506057031 127.2215709261430305 111.4818288393903885 100.7172723720203180 97.7647518561938256 98.3577569363032467 103.5705353653770970 110.5166080500195420 118.2747166862055508 128.4755763970300961
990.2817402768622514 1004.0996704021093819 1006.6296638101516692 999.3172050098879708 984.4788398154252036 966.1379037574159838 947.6523401450231177 931.2850362557679773 917.1158866183255896 901.3083717864205937 885.2388925510877016 868.0274225444957210 850.8150296638101509 831.3707317073170771 812.7053394858272668 795.8239947264337388 780.1832564271588808 765.9355306526038021 756.6577455504284444 751.8280817402768434 752.1837837837838379 760.4860909690178232 775.2296638101515782 793.8407382992749035
1192.8639813193228747 1254.6109165207237766 1242.9804436660829197 1186.4290718038528212 1199.7069468768243041 1210.9133099824869078 1098.9387040280209931 908.9600116754232886 737.7192060712201283 624.3511383537653501 568.9719789842381488 573.4673088149445448 630.0157618213660271 709.3222416812609481 797.7752481027437170 911.6065382370111365 1039.3922942206654625 1147.3482194979567339 1239.3172796263863802 1264.1698774080559815 1234.6421482778750942 1246.6336835960303233 1252.3613543490951088 1160.4734384121425137
706.3970873786407765 739.4104368932038369 792.4766990291261664 865.9711165048544217 965.6878640776699285 1079.6480582524272904 1180.2029126213592463 1246.7915048543688954 1252.7182038834951072 1197.6300970873785445 1169.5883495145631059 1194.6016990291261664 1161.3810679611649448 1031.1655339805824951 873.8628640776698830 748.6378640776698603 672.9674757281553639 644.6548543689320923 663.2014563106796459 714.1499999999999773 781.8606796116505393 865.5512135922330117 962.4716019417476218 1042.1570388349514360
570.7931034482758150 711.8486590038314716 908.1743295019157358 1145.2490421455938758 1375.4233716475096116 1572.7509578544061242 1671.6206896551723275 1658.5574712643679050 1586.4137931034483699 1410.9080459770113976 1135.0325670498084492 813.5919540229884888 539.1130268199233342 318.7835249042145733 179.5057471264367734 185.9099616858237596 393.8409961685823646 740.0517241379310462 1127.8908045977011625 1463.5383141762451942 1616.2375478927203858 1599.2413793103448825 1508.0708812260536433 1384.3620689655172100
226.5182497801231420 224.9180958663148715 228.5262752858399438 233.0343007915567171 239.2535180299032618 246.6459982409850511 253.2862796833773018 259.1175241864555687 265.3261873350923565 271.0399076517150547 274.0516710642040721 276.5133025505716660 278.5587071240105388 278.3536719437115039 276.6801890941072770 274.9665787159190700 272.6306068601583092 270.6375329815303417 270.0167106420404366 269.8450967458223317 266.8668645558487356 264.7725373790677281 261.8566402814423668 258.0186895338610498
744.7002652519894355 566.1105216622457874 437.0300618921308455 380.9522546419098035 402.7002652519893786 497.8461538461538680 628.7073386383731304 777.5234305923961529 947.9885057471263963 1105.9920424403183006 1247.5384615384614335 1375.8947833775418985 1431.2466843501326821 1436.3359858532271573 1416.2033598585321670 1313.0106100795755992 1104.1485411140583892 859.8788682581786134 639.1476569407603847 468.9478337754200084 363.1326259946949335 347.5234305923960960 425.5145888594164489 570.5128205128205536
1069.8961417131763483 1180.7835476826012382 1259.4003882552779032 1277.1982528512496629 1221.1858772142684302 1161.4770686726521944 1164.9381218150933819 1157.3288036884250687 1062.9563212812424808 923.2031060422227711 801.6796893957777002 722.6522688667798775 686.0895413734530166 692.2018927444795509 730.5023052657121525 786.9665129822858489 859.1645231739869359 948.4020868721183888 1031.7993205532636694 1102.0883280757097964 1150.9138558602280682 1159.6879398204318932 1147.3918951710750207 1151.8840087357436914
527.2805095541401670 513.9964331210190949 515.2015286624204009 529.3842038216560013 550.2028025477707160 576.7495541401274295 607.0537579617833899 643.0985987261146875 684.6440764331209721 730.5225477707006121 784.7192356687897927 837.8262420382166056 884.9393630573248402 926.1016560509553983 955.4802547770700585 970.7714649681528272 976.9118471337579876 975.4328662420382443 968.8629299363057044 958.9128662420382625 947.2484076433121345 932.5177070063693918 917.7859872611464880 903.4863694267515939
538.9192812115063589 536.9989855807550612 536.5627128468951241 537.0410115209042488 538.1951307876240662 539.5484385189479326 541.1007897978407755 542.7807405260488167 545.1872328092167663 547.4120715890153406 549.4856894427939551 551.5043112817911606 553.0030432577349302 553.5891602057821501 553.2371567277733675 552.4306209694949530 552.0000724585174794 551.6788638504456230 551.1594811970146566 550.3815665531483319 549.4606912542569717 548.5553945366277730 547.8006666183609923 548.3022969350047333
725.8367683429513590 713.2827699917560267 710.4089035449298990 720.4987633965374698 746.5622423742786395 789.8367683429513590 846.1830173124484418 908.4080791426215455 976.9736191261335989 1051.9282769991755231 1123.5144270403957307 1181.9282769991755231 1228.3825226710634979 1262.4525968672712679 1293.5169002473207911 1318.8779884583677813 1340.2102225886233100 1356.7213520197856269 1367.2456718878813717 1371.1071723000825386 1373.6916735366858120 1365.9068425391590154 1342.4039571310800056 1299.0000000000000000
1173.5143784786641845 1217.1266233766234564 1225.1219851576995552 1198.7295918367346985 1143.9202226345082636 1064.8622448979592718 968.3729128014841763 862.1836734693877133 765.8529684601113559 692.3075139146567381 637.9679962894248320 608.2889610389610198 596.9986085343227842 601.3501855287569242 607.6660482374768435 615.2871057513914366 627.6660482374768435 640.5060296846011170 662.0630797773654876 685.8854359925788913 702.5811688311688386 718.0166975881261351 724.3872912801484745 728.3673469387755404
773.6948706707584051 780.7205173169662658 774.0554581323980301 753.1220955721174732 725.8165278386672981 692.7358614642701014 656.1435773783427976 618.9903551074090728 583.9537483559842030 553.0083296799649588 525.4565979833406573 506.0197281893906052 491.0155633494081826 480.9388426128890615 474.4774221832529406 469.1633055677334596 467.8220078912757458 467.6442349846558386 469.1087242437527607 471.1236299868478454 472.0861464270057013 472.5848312143796761 473.3274879438842504 480.2330118369136471
932.1765209940017485 944.9925021422450300 914.6409597257926407 860.2514995715509940 800.5059982862039760 748.2915595544129701 708.1557412167951497 676.4033847472151137 649.1638817480719581 630.3329048843187365 619.7448586118251797 616.2020137103684192 615.4016709511568024 619.5068551842331317 630.7030848329048922 649.6711653813196108 671.3958868894601437 695.7787060839759761 717.8170522707797545 736.3646101113967006 757.2510711225364730 777.9612253641817006 793.7489288774635270 797.5679091688089102
1254.8585554600172145 1297.0472914875322203 1257.7940670679276991 1085.8787618228718657 865.6435941530525042 675.3533963886500260 544.5889939810833766 484.4853826311264129 500.9832330180567510 582.6504729148753086 684.4952708512468007 797.9475494411005911 934.4699054170249610 1064.5275150472914447 1165.6620808254513122 1248.1990541702493829 1247.4754944110059114 1235.1156491831470703 1291.0391229578676757 1273.2858985382631545 1120.9879621668098935 927.6328460877042517 760.5468615649183448 641.2798796216681012
608.3099041533546369 552.8341853035143458 528.5670926517572070 532.8706070287539660 559.2897763578274635 603.5015974440894979 664.0424920127795758 737.8274760383386592 808.4517571884983909 869.9210862619808040 914.5297124600639336 930.7760383386581680 940.3166134185303235 966.0309904153355092 962.7501597444089612 886.8932907348242907 754.3322683706070393 616.9897763578275089 509.7881789137380224 451.5993610223642349 441.1210862619808495 465.6060702875399215 513.8204472843450503 576.3146964856230170
958.2311694860862872 957.5086187136110993 957.5173061935543046 957.8455508183193388 958.1760188878191684 958.0570302113418393 957.9501673314078971 958.1256590106817157 958.3878650346123322 958.7129005638839772 959.0146013844954496 959.3142850593682169 959.4054004492733156 959.3342043735386824 959.1677440058680304 958.6283179755191668 957.7584697198917638 956.7131527071012442 956.1042956035391853 955.7478797047632497 955.3943290698207420 954.8673268234539364 954.2690826571310936 954.3856415898776504
-653.2476740455566642 -656.4281360282323021 -658.4505935194097219 -659.6345845364131719 -661.6709175489252175 -661.5844562078922309 -660.2419794674366358 -660.4915784408084392 -660.2410972088546259 -659.4390439525184320 -659.2841674687199429 -660.2816811036252602 -661.4814725697785889 -661.3372633942893799 -663.1041867179981182 -663.1943375040102637 -663.8911613731152102 -664.1115656079563223 -664.1402791145332003 -664.0869425729867999 -663.7199230028874126 -662.7683670195700643 -660.7737407763875126 -658.4559672762271703
-1.9989412387506618 -17.7541026998411873 -35.3808893594494407 -63.0079407093700397 -95.3544203282159941 -130.4068290100582317 -164.4190047644256083 -189.4584436209634646 -199.1950767601905739 -192.3732133403917430 -163.4261514028586646 -111.5402329274748610 -45.3774483853890942 20.8176283748014832 80.1161990471148755 127.9478560084700831 164.3258337744838400 177.2353096876654206 173.4872948650079536 167.5190577024880838 160.2165166754896859 149.8194812069878310 138.3440974060349333 131.9362096347273621
920.3693267290404947 919.5186938176481135 918.9946798752522454 918.4211704274445083 917.6497156485048663 916.8399926618968721 915.1807741698770542 913.9585397174830632 913.0035222894881599 912.3462117042744239 912.0700055035773630 912.3207484865162087 912.1460282516969755 911.8166208035222553 911.7152449091910285 910.7892129884425003 909.6752522472941109 909.3506879471656248 909.9244542285819080 911.2242524307466738 911.3899834892680474 910.8101265822784853 910.6592184920198179 912.1792698587414634
257.7583187390542889 249.5297723292469243 238.1786339754816026 219.5958844133099888 204.5179509632224040 189.4894921190893058 175.7429947460595372 164.6668126094570823 169.4286339754816026 182.9746059544658578 209.5766199649737302 242.9767950963222347 285.8642732049036681 334.2767075306479683 379.4176882661996615 397.7508756567425507 374.4470227670752820 309.3318739054290631 202.2863397548161117 70.8835376532399266 -48.3677758318739066 -138.4938704028020879 -184.2911558669001693 -184.3769702276707392
-92.3946576373212878 -90.6881113619262607 -78.6858540255831400 -57.9078254326561321 -40.1704288939051892 -23.3058690744921009 -8.1768246802106841 4.4620015048908952 20.9322799097065477 45.1313017306245285 71.8521444695259532 94.0383747178329514 117.5917983446200168 147.8374717832957117 182.3291948833709455 220.5203160270880289 260.2091798344620202 301.3284424379232291 350.6884875846500904 405.1008276899924567 465.6309255079006562 521.9815650865311909 567.5748683220466546 593.6832204665162180
452.1155555555555452 470.2666666666666515 443.6866666666666674 378.7855555555555611 313.8733333333333348 252.2244444444444582 175.6855555555555668 93.0866666666666731 12.3688888888888897 -45.7822222222222237 -66.6544444444444508 -54.6922222222222203 -3.3366666666666664 83.6844444444444377 204.7333333333333201 365.2711111111111109 535.3633333333333439 693.6399999999999864 797.6233333333333348 839.6755555555555475 837.0055555555555884 805.3944444444443889 773.1011111111110949 746.8177777777777919
1202.3455497382199155 967.9031413612565302 700.8246073298429337 488.8193717277487167 368.5628272251308886 323.5183246073298164 434.9581151832460932 660.9712041884816927 970.7198952879581384 1325.9947643979057830 1643.3926701570680962 1753.8403141361256985 1662.9607329842931449 1511.7696335078533139 1266.1387434554974334 953.6518324607329760 657.8403141361256985 444.8298429319371508 313.9502617801047109 279.6361256544502680 405.4816753926701836 693.0209424083769818 1043.9162303664920728 1317.0785340314137102
354.0224126565589700 403.4838497033618978 551.0217534607778589 813.0355965721819302 1122.0448253131180536 1349.7712590639418977 1399.4805537244560583 1319.3876071193144526 1197.1028345418590106 1079.6855636123927979 982.9597890573500081 931.1535926170072344 913.1160184574819141 919.8820039551746959 947.3948582729070722 981.1456822676334468 1008.3078444297956366 1023.8529993408042174 1020.9255108767304137 997.0270270270269748 966.2043506921555718 938.3579433091628061 912.3506921555701865 895.1232696110745337
936.4971537001897559 933.9013282732447578 913.2314990512334134 871.4762808349146326 803.2808349146109776 710.5559772296014671 596.9772296015180473 465.6375711574952447 329.3111954459203048 199.6299810246679272 81.4743833017077748 -21.1726755218216312 -108.3851992409867222 -183.2239089184060674 -254.0151802656546351 -316.3700189753320728 -375.3814041745730492 -428.2277039848197546 -469.5996204933586569 -502.6110056925996332 -531.3055028462997598 -551.6451612903225623 -564.6129032258064626 -567.8406072106262172
-877.9697465249387278 -882.3540474243662857 -889.5257563368764977 -888.0834014717906939 -885.4170073589533558 -876.5584627964022957 -874.0899427636958308 -861.0866721177432055 -853.9206868356500308 -838.2420278004906322 -831.7252657399836835 -801.6107931316435042 -771.7955846279639900 -735.1406377759607267 -679.4840556009811507 -631.4619787408013281 -568.5036794766966750 -517.8192968111202390 -470.3924775143090642 -425.3115290269828392 -381.3180703188879761 -352.7040065412919034 -348.0858544562551060 -296.0433360588716027
825.6061214249874638 865.3677872553938641 914.9465629703963714 962.9016557952835456 998.6678374310084791 1006.5745107877571627 989.7639237330657807 971.1161565479177398 956.5406422478674813 924.3319116909182185 862.4944806823883710 782.7152533868539876 702.6254390366282223 637.2639237330657807 595.7819869543401410 580.5928248871048254 589.0592072252885600 618.6638233818364370 667.9934771700953888 742.0868038133467053 831.0644756648268867 918.7829904666332368 989.1036126442548948 1013.9751630707476124
853.8262644779601942 852.4354637113574427 852.9303808015998811 854.3651779018415482 855.5776601949837641 856.1999416715274265 856.5604949587534520 856.4311724022998078 856.0679943338054727 855.8026414465460903 855.2664777935171969 854.6649445879510267 854.8907174402132796 855.7196066994416697 856.6024497958503616 857.3708440963252997 858.0807849345887917 858.7432713940504527 859.0124572952254312 859.2683526372802589 859.1336971919006373 858.7953503874676926 858.9204649612531739 860.2466044496292170
565.3640444129458729 548.9544058587290465 539.4939759036144551 531.9806283959367192 530.7134420033073638 530.3489251122135784 529.3635719347979602 530.5166548547130105 533.9090479565320493 539.5820930781951574 549.9532246633592649 562.8417198204582519 580.9669265296480489 605.7389558232931677 637.3912119064493709 674.7150956768249443 718.6083156154028302 764.3465627214741289 807.1589888967635034 842.7122608079375823 869.5941412709662472 885.7609260571698542 889.8679423576659246 880.9676352468698042
676.8720930232558430 713.0992248062015051 753.5131782945736632 790.6906976744186295 818.9379844961240451 831.0065891472868316 840.9709302325580893 863.3472868217054383 862.2693798449612359 797.2794573643410558 683.3112403100775509 555.4961240310077528 444.3895348837209553 371.4496124031007867 345.6751937984496408 365.2294573643411013 419.1360465116279101 505.9034883720930225 629.6240310077519098 764.6058139534883367 873.9375968992247863 936.6864341085271235 930.0922480620155284 887.0519379844961350
730.6244635193132808 691.4589890319504093 689.8936576061039432 719.2422508345255210 771.0701001430614951 836.8390557939914061 924.3061516452074784 1031.4730567477349723 1133.3974725798759664 1211.6771578445398063 1254.5531711969479147 1224.1571292322364570 1180.3638531235096707 1203.0431568907963538 1202.8876967095850432 1098.8946113495469490 945.2291368621840775 809.0100143061516746 716.0679542203147321 668.3545541249403641 663.8936576061039432 691.7226990939436746 736.7775393419170769 796.9506437768239948
813.2008376963350429 771.3782198952879980 731.8150785340313860 700.5593717277487258 684.7926701570680734 687.4291099476439513 709.6896335078533866 752.8037696335078408 821.3084816753926134 909.3821989528795484 998.3761256544502203 1058.4785340314135738 1063.3365445026176985 1030.8783246073298869 989.2665968586387635 944.7491099476440013 896.3817801047119929 843.4973821989528915 796.7560209424083268 763.6753926701570663 749.4689005235602508 753.1049214659685731 769.9053403141360832 793.3912041884816517
119.8154335719968202 118.7120127287191735 124.5847255369928348 150.5489260143198180 178.2442322991248886 204.0835322195704009 230.3929992044550659 251.0397772474144915 276.9363564041368591 317.8583929992044546 362.3922036595067766 403.7422434367541655 423.2330946698488674 419.8042959427207848 398.8289578361177519 386.5823389021479670 409.0843277645187186 480.7533810660302152 613.0708035003978011 808.1225139220365463 1024.8878281622912709 1204.3046937151948441 1294.0564836913285944 1277.2442322991248602
1205.3996646171044631 1178.8040804918948652 1195.0765790944660694 1234.0441587479037935 1161.2965343767468767 990.7300167691447541 816.8518725544996641 693.2568474007825898 625.9214645053102686 615.1444941307993304 654.9130799329234378 725.3485187255449773 804.0231973169368302 909.1129122414756694 1034.5315818893236610 1135.2230296254890618 1209.1964784795975447 1227.8683622135270070 1168.4860257126886154 1157.3946338736725465 1205.2294577976522305 1165.4513694801564725 1030.8024035774176355 885.1875349357183040
884.5879732739421115 876.3264662212324083 869.4406087602078514 863.7980697847067404 865.2965850037119253 882.1865256124721100 924.0115070527097032 1003.4430215293243691 1120.7095397178916301 1227.3656273199703719 1249.7941722345954076 1185.5818485523384425 1091.8325909428358500 1011.6739049740162955 960.7375649591684805 930.7414625092799270 907.2624350408315195 888.6178544914624808 877.7752412769116290 875.8131031922791863 879.4662212323681842 887.2819227913882969 897.6735337787675917 909.1230512249443336
188.9780426599749035 169.4037013801756473 164.8415934755332444 185.6527603513174540 221.1925972396486770 274.9225219573400523 335.5084692597239382 394.3293601003763911 454.0872020075282194 500.9106022584692823 536.5069008782935498 553.8444165621078810 560.5163111668757665 552.8833124215809676 538.9328732747803770 519.2936010037641381 493.4836888331242335 463.7198870765370202 432.3234002509410061 410.5771643663738928 394.1446047678795708 386.9109159347553373 391.8230865746549512 408.0175658720201000
249.8667020711630471 238.3329792883696143 231.8911311736590619 225.8863515666489548 230.8321826872012821 247.9994689325544357 267.7270313329792657 295.4391927774827309 321.5124800849707754 359.5183218268720111 392.1699415825809751 393.2384492830589693 343.9075942644715838 260.4731810939989600 140.8937865108868834 19.7429633563462552 -84.3526287838555504 -170.5793945831120482 -230.9649495485926707 -267.4285714285714448 -280.5193839617631397 -277.0727562400425086 -258.9123738714816909 -231.5910780669144913
175.2512719050311034 165.3075183719615495 131.5553985302430817 91.7102882984737136 43.6825890333521798 -12.9542114188807229 -62.5463538722442038 -106.0505935556811750 -140.1286037309214123 -168.2552289429056032 -186.8869417750141224 -203.8716789146410520 -211.7871678914640938 -215.6698699830412522 -212.2444884115319326 -204.3117580553985420 -197.0780101752402516 -191.9559072922555174 -186.1563029960429674 -180.8267382702091481 -176.6893725268513151 -174.1288863764838766 -169.6760881854154945 -164.1433013001695826
470.0807600950118967 390.0356294536817359 433.3491686460807841 559.9239904988123726 770.1211401425177883 1009.9667458432304556 1279.1947743467933378 1512.7125890736342626 1674.5961995249406300 1712.2945368171021983 1666.8313539192399730 1535.6698337292161796 1292.9121140142517561 980.4774346793349196 664.5083135391923861 388.6817102137767392 182.5059382422802798 108.4299287410926382 240.2137767220902731 570.2351543942993430 1014.8123515439430093 1418.1781472684085657 1652.2351543942993430 1656.8812351543942896
