-362.7115811018250042 -366.3615896298823031 -369.3447040764114035 -371.7349479788504141 -373.5908238103360191 -374.9779976121439518 -375.9901074535221142 -376.6854852464608712 -377.1821593041105416 -377.5457956677469156 -377.8280743646597557 -378.0576496674057694 -378.2628347262493662 -378.4572744328841623 -378.6119733924612092 -378.7265904826880387 -378.7388708852123500 -378.6054920689066989 -378.2285519358690067 -377.5382909773153415 -376.4932628347262380 -374.9689578713969240 -372.8911819887429715 -370.2147364830291849
-28.7828746177370043 -29.1279306829765545 -28.6141692150866476 -26.8404689092762503 -23.0203873598369029 -16.3776758409785934 -6.3603465851172274 7.3435270132517836 24.8807339449541267 46.3588175331294607 71.7150866462793033 100.8042813455657551 133.1350662589194656 167.9469928644240611 204.0601427115188642 240.0840978593272155 274.7013251783894248 306.6865443425076592 335.1824668705402814 359.8562691131498354 380.6890927624872347 397.7273190621814365 411.4424057084607398 421.9378185524974469
-230.2048220175139193 -231.3334470601614896 -232.1808256567724413 -232.7155692027749296 -232.9724781075855731 -232.9904469464346732 -232.8735357670874464 -232.6522233594905060 -232.3895143864437500 -232.1137268281587751 -231.8246332309791740 -231.5558967360400402 -231.3391334015694270 -231.1470487888092862 -230.9673604003184266 -230.7775503241214494 -230.5629477993858814 -230.2820425338337316 -229.8896849766859987 -229.3433412942113137 -228.5777322870465014 -227.5474809507562952 -226.2002729443875921 -224.5140452632776089
619.1236263736263936 622.5237556561086194 626.3598901098901024 630.5853264382676571 635.1845507433743023 640.2011958629606170 645.6743697478991635 651.5820943762120123 657.9599224305106873 664.9358435681965602 672.5357142857143344 680.8639301874595731 689.9014221073044837 699.6384938590821321 710.0520361990950278 720.8770200387847353 731.8306399482870575 742.6137685843568761 752.9854557207498829 762.7273755656108278 771.7302844214608513 779.9183904330963060 787.2735940530058087 793.8377504848093622
555.0066350710900451 540.9213270142180363 524.7587677725118738 506.5364928909952482 486.2075829383886116 463.8753554502369525 439.7530805687204065 414.0568720379146725 387.6161137440758466 361.2563981042654291 336.0170616113744018 312.9431279620853275 292.8786729857819751 276.4080568720378892 263.7469194312795935 254.9417061611374322 249.9298578199052088 248.7331753554502427 251.0834123222748815 256.6156398104265577 264.6502369668246502 274.4507109004739505 284.9909952606635102 295.4075829383886003
-330.7541899441340547 -327.8575418994413440 -321.3221601489757973 -310.3351955307262529 -294.2253258845437358 -272.2765363128491458 -243.6890130353817483 -208.0000000000000000 -165.2271880819366743 -115.6294227188082004 -60.3528864059590333 -1.0065176908752327 59.5260707635009325 118.4068901303538155 172.8417132216014807 220.6517690875232915 260.7839851024208428 292.9441340782123007 317.2830540037243736 334.5391061452514236 345.8743016759776765 352.4655493482309225 355.2625698324022210 355.0409683426443053
-233.4247311827957105 -220.3505376344085960 -199.5741935483870861 -170.7096774193548470 -133.7129032258064569 -89.1720430107526880 -38.0268817204301044 18.2892473118279568 77.8419354838709694 138.3548387096774093 197.4516129032257936 252.8258064516128911 302.4086021505376607 344.6688172043010923 379.1419354838709523 406.4225806451613039 427.1881720430107521 442.5430107526881898 453.7784946236558881 461.7322580645161452 467.0677419354838662 470.2193548387097053 471.4129032258064740 471.1462365591397656
-335.7270114942528494 -338.9875478927203289 -341.1326628352490502 -341.8295019157088177 -340.9032567049808335 -338.0852490421456196 -333.2768199233716473 -326.5895593869731783 -318.0023946360153104 -307.7112068965517437 -296.1393678160919762 -283.4851532567049617 -269.9276819923371704 -255.6427203065134108 -240.7830459770114828 -225.4904214559387015 -209.7068965517241281 -193.4147509578544089 -176.6163793103448256 -159.4932950191570740 -142.2777777777777715 -125.4583333333333286 -109.3783524904214630 -94.4430076628352424
-740.6203703703703241 -743.1903292181069673 -745.5699588477366433 -747.7757201646090834 -749.7911522633744426 -751.6347736625514244 -753.3271604938271366 -754.8343621399177437 -756.1275720164609311 -757.1800411522633567 -757.9711934156379129 -758.5010288065843724 -758.7541152263374897 -758.7211934156379129 -758.3775720164609311 -757.7088477366255574 -756.6975308641975744 -755.3384773662551197 -753.6707818930041185 -751.7386831275720169 -749.5298353909464595 -747.0061728395061209 -744.1430041152262902 -740.9609053497941886
-1.4277372262773722 7.8189781021897806 23.6467153284671525 46.8087591240875938 77.7751824817518269 116.3284671532846772 161.5664233576642346 211.8452554744525571 265.9386861313868735 321.6452554744525401 376.3036496350364928 427.9299270072992840 475.2043795620438118 517.5678832116788044 554.7357664233576315 586.4540145985401978 612.9445255474452097 634.6291970802919877 651.8788321167883169 665.3445255474453006 675.3824817518247983 682.6686131386861689 687.7532846715328105 690.8218978102189567
563.5257953568357152 561.8039552880482006 559.2815993121238307 555.9376612209802033 551.5773860705072593 546.0657781599312557 539.2016337059329771 530.7626827171109198 520.4750644883920359 508.0257953568357721 493.2764402407566422 475.8078245915735351 455.3830610490111894 432.0705073086844550 405.9944110060189360 377.7347377472054859 347.7863284608770300 316.8693035253654102 285.8783319002579333 255.3877901977643887 226.1096302665520170 199.1104901117798818 175.2846087704213289 155.2605331040412864
80.4962019399322202 80.2193525768376787 80.2239102489190117 80.5149000818043703 81.0871800864789094 81.8666588757742204 82.7464064508589416 83.7538857076078074 84.8318335865373427 85.9098983288535720 86.9962603716255671 87.9971952787191753 88.9102489190136680 89.7220988664251422 90.3338786958046001 90.7228000467453484 90.9345565034474674 90.9522028748393154 90.7791281991352150 90.5082388687624189 90.1887343695220238 89.8762416734837046 89.6281407035175874 89.4300572630594814
285.3498821945472628 290.6146078761360059 296.6506226859643220 303.1768764725681535 310.2335913833725840 317.6634129922584862 325.3029283069673738 333.1910131268933242 341.2038034331874883 349.2628744530460949 357.3768091551665975 365.3990238976775231 373.1432177717940135 380.6250420733759938 387.6849545607539653 394.2352743184113137 400.3441602154156840 405.9365533490407074 410.9528778189161926 415.4646583641871302 419.4823291820935651 422.9434533826994311 426.0156512958599819 428.6921911814204122
358.4171923133342830 361.2627255390934238 364.8070998973155383 369.0698254364089621 373.9822502567111542 379.5433475135690173 385.7180577966847750 392.5074079507114675 399.8651899662608002 407.6815314654539861 415.9162388147278762 424.4130849347220078 433.0313921079653596 441.6564471175003632 450.1685492151972880 458.4538653366583389 466.4651606278421809 474.0758398122341077 481.2147572245855827 487.8527211383306508 493.9177057356608316 499.4217397682264732 504.3646765439343085 508.7456359102244505
-170.0001247193814038 -172.6684958842604090 -175.0300573709154435 -177.0362933399850363 -178.6896981790970358 -179.9174357695185904 -180.7617859815415216 -181.2748815165876692 -181.4643302569219259 -181.4317784983786339 -181.2383387378398538 -180.9028436018957393 -180.5281865801945571 -180.1802195061112570 -179.8568221501621451 -179.5370416562733737 -179.2216263407333372 -178.8593165377899652 -178.3929907707657776 -177.7039161885757039 -176.6906959341481524 -175.2655275629832943 -173.3613120478922554 -170.9997505612372208
-79.2950000000000017 -85.4470000000000027 -90.3910000000000053 -93.8425000000000011 -95.7639999999999958 -95.6110000000000042 -93.2740000000000009 -88.6329999999999956 -80.9244999999999948 -69.3259999999999934 -53.7700000000000031 -33.4410000000000025 -8.0284999999999993 21.8245000000000005 55.7674999999999983 92.7390000000000043 130.7415000000000020 168.3195000000000050 203.9319999999999879 235.8990000000000009 263.2980000000000018 285.7264999999999873 302.8014999999999759 315.0520000000000209
-161.0117216117216117 -160.0505494505494539 -151.6461538461538510 -135.3421245421245374 -111.6739926739926716 -82.2212454212454276 -49.0197802197802233 -14.2051282051282044 20.0036630036630036 51.0967032967032964 76.2974358974359035 92.9831501831501868 99.1846153846153840 93.5362637362637344 76.2117216117216145 49.0923076923076920 15.6388278388278383 -20.2608058608058599 -55.0593406593406627 -85.5274725274725256 -109.7919413919413927 -126.9985347985347914 -137.2886446886446947 -141.3868131868131854
129.1691772885284024 110.1657010428736925 86.0266512166859769 56.9246813441483184 23.4971031286210881 -12.7746234067207425 -49.9739281575898033 -85.6390498261877156 -117.4484356894553940 -143.6604866743916489 -163.0898030127462448 -175.3516801853997720 -180.8731170336037053 -180.5399768250289583 -175.7497103128621063 -167.5127462340672082 -156.7387022016222602 -144.1755504055620065 -130.5034762456546957 -116.1546929316338321 -101.4930475086906085 -86.7323290845886419 -72.4374275782155337 -58.9519119351100827
273.4991516796742417 259.6722090261282574 243.3980318968442589 224.7689175432643367 203.8680013573125223 181.2891075670173109 158.0044112656939319 134.5307091957923262 111.7852052935188283 90.7634882931795062 72.1204614862572129 56.6990159484221223 45.1204614862572129 37.2850356294536809 33.1336952833389873 32.4655581947743457 34.5795724465558223 38.9847302341364070 45.3315235833050565 52.7997964031218174 60.7488971835765170 68.8598574821852765 76.4791313199864220 83.4689514760773648
-453.3017656500802559 -455.6418539325842971 -457.6701444622792678 -459.3374799357945335 -460.6767656500802559 -461.6743579454253563 -462.3723916532905491 -462.8495184590690315 -463.1924157303370748 -463.5329052969502186 -463.8633627608346615 -464.2162921348314626 -464.5778491171749351 -464.9349919743178248 -465.2604333868378603 -465.5206661316211694 -465.6239967897271299 -465.4634831460674036 -464.9771268057784823 -464.1021268057784823 -462.8272471910112245 -461.1043338683788306 -458.9032905296950275 -456.2211075441412618
542.4801980198019464 546.2128712871286780 550.7145214521451635 556.0701320132013734 562.2504950495049343 569.3115511551154668 577.0896039603960617 585.4592409240924553 594.2597359735973441 603.2473597359736459 612.3330033003300059 621.3968646864686889 630.5321782178217518 639.6922442244224385 648.9051155115511165 658.1582508250825185 667.4004950495049115 676.6224422442244304 685.6382838283827823 694.3209570957095593 702.4790429042903952 710.0201320132013052 716.8569306930693301 722.9666666666666970
-158.7639388489208727 -182.3205935251798451 -206.7787769784172553 -231.4896582733813091 -255.8327338129496411 -279.3754496402877976 -301.6465827338129770 -322.3021582733812807 -340.9231115107913865 -357.4145683453237439 -371.7733812949640537 -383.9590827338129770 -394.2158273381294862 -402.6937949640287684 -409.5845323741007178 -415.0098920863309218 -419.1816546762589724 -422.3839928057553834 -424.6299460431654893 -425.8817446043165660 -426.1879496402877976 -425.6389388489208727 -424.2819244604316395 -422.2585431654676427
-186.9320817228050942 -173.9083379348426206 -155.7575924903368332 -132.1755935946990519 -103.0601877415792416 -68.7780231916068487 -30.3600220872446158 10.5532854776366651 52.0723357261181690 91.9210381004969577 128.1220320265046837 158.9050248481501910 183.5069022639425782 201.8056322473771331 214.0027609055770199 220.7360574268359983 222.9188293760353474 221.4936499171728315 217.2672556598564313 210.9652125897294184 203.0574268360022074 194.1258972943125229 184.7294312534511391 175.3920485919381633
642.2959157462111079 653.7957873105574436 667.1417929617261962 682.1921397379912833 698.7808887747238487 716.6039044438736028 735.2278448497303316 754.3131261238120260 773.4466992036989268 792.4392499357821862 811.0205497045980110 829.0629334703313589 846.3614179296172324 862.5751348574364101 877.6098124839455750 891.2399178011816048 903.3372720267145723 913.7374775237606173 922.4597996403801972 929.5142563575648182 935.0000000000000000 938.8995633187772683 941.2905214487541343 942.2460827125610194
886.7125531579775952 884.7023153252480370 881.7352338951016009 877.7720900929280106 872.9130571743581868 867.1805008662781802 860.6493936052921754 853.3542290124429428 845.3762797290911521 836.7884706252953038 827.5640258308394550 817.8686407308236994 807.7922507481492858 797.4739329028193424 787.0064577098755763 776.5175618207591697 766.0272483855725341 755.6777445266970972 745.5591431721530853 735.8124114033705609 726.5629232950070673 717.8152464955111327 709.6528587179083161 702.1126161600252544
141.7864928403504905 140.9667664030775711 140.1435135712759177 139.2963240008548951 138.4634537294293750 137.5477666167984694 136.5938234665526920 135.6990810002137096 134.7864928403504905 133.8583030562085980 133.0161359264800183 132.2337037828595783 131.4957255823894116 130.8602265441333543 130.2732421457576493 129.7313528531737461 129.3042316734344865 128.9331053643940947 128.6746099593930239 128.5839923060482874 128.5737337037828638 128.6814490275699825 128.8980551399871786 129.1688394956187267
1125.1690307328606195 1128.8794326241134058 1130.3995271867611336 1129.5449172576832098 1126.1359338061465678 1120.2068557919621981 1111.7919621749408634 1100.5047281323877542 1086.0673758865248146 1067.9219858156027385 1045.6572104018912341 1019.0000000000000000 987.8912529550827912 952.6099290780141473 913.6075650118203839 871.7399527186761361 827.6099290780141473 782.9137115839243961 739.0721040189125688 697.9018912529551244 661.0070921985815176 629.6122931442080244 604.4503546099290361 585.3983451536643088
186.7131313131312993 192.2946127946127888 197.2040404040403985 201.3053872053872055 204.4629629629629619 206.5922558922559062 207.5676767676767724 207.2215488215488222 205.2740740740740648 201.3430976430976500 194.9555555555555486 185.6164983164983084 173.0003367003367032 157.1259259259259125 138.2367003367003235 116.7612794612794573 93.2612794612794573 68.6111111111111143 43.8744107744107765 20.0484848484848470 -2.0757575757575757 -21.7801346801346796 -38.3835016835016845 -51.5006734006733993
915.5505876650914843 920.0026656973221861 924.3900399854597936 928.6941718163092219 932.9039137283411947 936.9724948503574069 940.8919180903914139 944.6910214467466176 948.3370895431963845 951.8306070519811328 955.1730279898218896 958.3414515933600342 961.2961347388828699 964.0371985944505013 966.5640373197625195 968.8256391615170742 970.7913486005088544 972.4187568157034320 973.6575790621592432 974.4673452078031914 974.7974070035138539 974.5690052102265781 973.6902944383859904 972.1232279171210848
5.8041132838840186 -4.3587322993931217 -15.6459878624409985 -28.1041807147673630 -41.4875252865812527 -55.6180040458529987 -70.3870532703978427 -85.5778826702629800 -101.0478759271746441 -116.7373567093728894 -132.3610923803101684 -147.7626432906270963 -162.8041132838840213 -177.2623061362103840 -190.9834794335805839 -203.8634524612272401 -215.5438300741739681 -225.8540121375590104 -234.5246122724207680 -241.3031018206338558 -246.2178017532029628 -249.3142279163857040 -250.6716115981119231 -250.2424140256237308
-9.5693699218151149 -10.5713628698451636 -11.4191323010884567 -12.0383259236547602 -12.5456078491491638 -12.9880423118197150 -13.2909704123869385 -13.5515866932393063 -13.8664724819868166 -14.2736470948949865 -14.7850682201441046 -15.3159589146098423 -15.7530277479687264 -15.9668864019622880 -15.8730645408554345 -15.5097347846083089 -14.9894220450712865 -14.4067147018243134 -13.8172619960141034 -13.2058868618733705 -12.3749808370381729 -11.2969492564770810 -9.8962133987429102 -8.0487505748888548
72.7856766719325918 74.7003686150605546 78.3164823591363870 83.9899947340705637 92.2164296998420241 103.3754607688257039 117.8104265402843538 135.9325961032122052 157.7767245918904564 183.3228014744602490 212.5497630331753669 244.4949973670352676 278.1600842548709807 312.4123222748814896 345.8804634017903936 377.4686677198525331 406.3859926276987835 432.1590310689836656 454.5476566614007652 473.4807793575566279 489.1442864665613683 501.7967351237493290 511.5818852027383059 518.8546603475513166
138.7036499879139342 138.3599226492627565 138.6828619772782076 139.4406574812666122 140.9023446942228759 143.2852308436064845 146.5281605027797980 150.9693014261542316 156.7814841672709747 163.9265167996132391 172.6369349770365034 182.9204737732656554 194.4902102973169065 207.3043268068648786 221.1924099589074331 235.8187092095721482 250.9270002417210605 266.1015228426396106 280.7396664249455966 294.5375876238820183 307.1566352429296671 318.2528402223833837 327.7167029248247445 335.5315445975344346
790.6189885969261013 790.8480416460089373 790.6922409519087296 790.1479920674269124 789.2136836886464835 787.9760783341596380 786.5426375805651560 785.0324739712443716 783.5547843331680724 782.1908775409023065 780.9634357957362454 779.8797719385225946 778.9319533961328261 778.0961824491819243 777.3578334159642509 776.6474962816063226 775.9222855726326316 775.0747397124441704 774.0220624690133491 772.6786068418442710 771.0097917699554273 769.0239216658403620 766.7048834903321222 764.1047347545860475
985.3551601423487227 985.8272241992882527 985.5263345195729698 984.4437722419928605 982.6042704626335080 980.0560498220640966 976.8727758007117927 973.0236654804270984 968.5759786476868385 963.6645907473309762 958.2638790035587135 952.4153024911031480 946.1343416370107207 939.3669039145906936 932.1928825622775321 924.6610320284697764 916.8035587188611544 908.6725978647687043 900.3576512455515513 891.8599644128113368 883.2823843416369982 874.7270462633451871 866.3078291814946397 858.1562277580071623
-271.5875221359488023 -272.6621713662988782 -273.5387549380193377 -274.2672660400490372 -274.8749489170412517 -275.4096172183625981 -275.8617354583844303 -276.2426099986377608 -276.5680425010216368 -276.8607819098215259 -277.1309085955591627 -277.4022612723062480 -277.6565862961449511 -277.9050538073831831 -278.1031194660127994 -278.2830677019479708 -278.4145211824002217 -278.5051082958725033 -278.5124642419289103 -278.4092085546928388 -278.1848521999727382 -277.7583435499250868 -277.1442582754393129 -276.2517368205966477
551.4468297553669345 562.7621068397403405 575.7723414877683581 590.6268097853220524 607.1308037943085765 625.0621567648527162 644.1635047428857206 664.0768846729905590 684.6098352471293538 705.3634548177733450 725.7860708936594847 745.4825262106840000 764.1560159760359738 781.6650024962556245 797.7720918622067074 812.5594108836744454 825.9563155267098864 838.0092361457813013 848.6293060409385589 857.7745881178232139 865.5351972041937643 871.9870194707938253 877.1450324513230044 880.9538192710933799
101.8738396624472529 121.5118143459915672 144.9848101265822891 172.0371308016877663 201.8911392405063339 233.4459915611814438 265.7481012658228110 297.6240506329114055 328.0978902953586385 356.1949367088607801 381.3122362869198128 403.3476793248945000 422.2088607594936889 438.0244725738396596 450.9135021097046661 461.1236286919831286 469.0590717299577932 475.0700421940928209 479.7004219409282655 483.1890295358649610 485.8607594936709120 487.7696202531645326 489.0295358649789250 489.8156118143459707
516.8816391485976283 517.0165108414561246 517.2080763875075036 517.4498375439294477 517.7053908891983838 517.9695643524964908 518.2315496319872636 518.4870366686559464 518.7406670645182203 518.9876666003580112 519.2169617399376875 519.4262979908494344 519.5987666600358352 519.7343677474968899 519.8417213712618832 519.9220873947350583 519.9725482395066365 519.9972150387905003 519.9842185531463201 519.9302433525627976 519.8459651216762722 519.7166633512366616 519.5567270074928956 519.3587295272196798
390.7289163033074715 390.7577900669999167 390.7527916622354383 390.7403488248431245 390.7392853344676951 390.7550781665426030 390.7643837073274540 390.7900138253748992 390.8313836009784268 390.8808890779538388 390.9283739232159860 390.9632032330107450 390.9863341486759509 391.0144102945868099 391.0602999042858414 391.0915133468042200 391.1371902584281770 391.1879719238540929 391.2281186855258852 391.2739551207061481 391.2971392108901227 391.2566734021057187 391.1738806763798948 391.0023396788259333
446.9376199616122562 457.2923864363403936 470.1266794625719854 485.2805502239283442 502.5166346769033794 521.4504158669226399 541.9833653230965638 563.8806781829814554 586.6807421625079542 609.9117082533589382 633.3656429942418526 656.6685860524631835 679.3490083173384164 701.0764555342290123 721.6545105566218581 740.9366602687140357 758.8019833653230535 775.1196417146512658 789.9590531030070224 803.2642354446577428 815.0729366602687378 825.3278950735764283 834.0943698016634471 841.3621241202814645
47.6803185437997712 48.6532423208191105 50.7899886234357254 54.2168373151308316 58.6159271899886249 63.9458475540386786 70.2466439135381080 77.2457337883959099 85.0557451649601859 93.7658703071672335 103.0562002275312921 112.8992036405005734 123.2320819112627959 133.7856655290102310 144.5285551763367380 155.4757679180887351 166.3711035267349132 177.0866894197952206 187.4787258248009039 197.2184300341296819 206.1824800910125077 214.2627986348122988 221.2757679180887465 227.2182025028441501
1086.5107405313735853 1088.9607122668173815 1090.6820237422273294 1091.7105709440361352 1092.1342566421706124 1092.0288298473712985 1091.4299039005088616 1090.4137931034483699 1089.0740531373658087 1087.4901074053136654 1085.7916902204635790 1084.0627473148672379 1082.2911249293385936 1080.5065008479366497 1078.7803843979650082 1077.0503109101186965 1075.1755228942904523 1073.0472018089315043 1070.5534200113058887 1067.6464104013566612 1064.2679479932164668 1060.3917467495759865 1056.0206331260599200 1051.2263990955341342
325.7242217898832450 331.6682879377431732 337.3642996108949319 342.7256809338521180 347.4518482490272504 351.1814202334630295 353.6799610894941566 354.4664396887159796 353.0189688715953480 349.1760700389104954 342.1293774319066188 331.4654669260700643 317.0841439688716150 298.3482490272373298 275.0121595330739410 247.4581712062256713 215.8978599221789807 181.2558365758754917 145.2057392996108831 108.8998054474708113 74.0573929961089448 42.4537937743190668 14.5379377431906622 -8.8433852140077818
-108.8710401596408133 -112.6530306809678166 -115.3614367672736307 -116.8044400099775544 -116.8760289348964818 -115.5387877276128705 -112.7934647044150722 -108.7772511848341281 -103.6378149164380176 -97.5981541531554058 -90.6630082314791679 -82.9995011224744275 -74.7079072087802416 -65.7508106759790536 -56.0753305063606859 -45.8398603142928422 -35.2816163631828417 -24.6974307807433284 -14.4527313544524816 -4.8226490396607629 3.8810177101521575 11.5662259915190813 18.2738837615365419 23.9715639810426531
780.0425531914893327 790.2579320642030325 801.2049272116461225 812.7541993281074610 824.7594251586413066 837.1313923105636832 849.6778648749533431 862.2114594998133725 874.5849197461739095 886.6224337439342662 898.0936916759984570 908.8111235535648120 918.7159387831280810 927.7015677491601764 935.6414706980216351 942.5386338185890054 948.3822321761851981 953.1849570735348607 956.9055617767824060 959.5481522956326899 961.0244494214258566 961.4217991787980964 960.7829413960432703 959.1554684583800281
870.8938182527300569 875.4344773790951422 879.4536856474259139 882.9447152886115191 885.8989859594383915 888.3504290171606499 890.3560842433697644 891.9710413416536312 893.1984204368175142 894.1004290171606499 894.7364469578783428 895.1217823712948984 895.2746684867394151 895.1880850234009586 894.8415561622464338 894.1913026521060601 893.1949102964118765 891.7456123244929813 889.8416536661466125 887.4524180967238181 884.5035101404056377 880.9815717628705443 876.8727574102964581 872.1916926677066613
668.9098641993732599 666.9267273541262284 664.4238173406954502 661.4015818534546725 657.8080883450231795 653.6810923742724526 649.0508879271750402 643.9683629309058688 638.4418743471123889 632.4518728547977844 625.9819429935830613 619.0562602596627357 611.6660199970153826 603.8013729294135601 595.5142516042382113 586.8291299805998733 577.8419638859871839 568.6984032233995094 559.5637964482913276 550.6031935532009811 542.0386509476197716 534.0390986419937462 526.6724369497089810 520.0302939859722073
933.2786590351594214 935.7918233851185050 937.1509403107113485 937.3854456255110108 936.4253475061324252 934.2552739165985258 930.8261651676206156 926.1643499591169757 920.3728536385935968 913.4065412919051141 905.3076042518397344 896.0928863450531026 885.7684382665576095 874.4003270645952171 862.0600163532297984 848.9233033524120628 835.1738348323793844 821.0475878986100042 806.8173344235486866 792.7525756336876839 779.1751430907604572 766.2817661488144267 754.2529844644317336 743.3280457890433581
834.1193871359223522 830.6962985436892950 826.4573725728155296 821.3618021844660007 815.3945691747572937 808.5579490291262346 800.8962378640776478 792.3622572815534113 783.0336771844660007 772.9904429611650585 762.3325242718447043 751.2198118932038824 739.7686589805824724 728.1415351941747076 716.5051577669902372 705.0227548543689409 693.8131067961164717 682.9998483009708252 672.6445691747572937 662.8527002427184698 653.7759405339805880 645.4921116504854126 638.1087682038835283 631.6544296116504711
433.6883377478128523 433.9455815073441158 434.1257725339112312 434.2300345132032930 434.2739385183401737 434.2354121518580996 434.1237659523235948 433.9361907055140932 433.6617706075929277 433.3016293442491360 432.8605827112930342 432.3703346978088007 431.8553655991652818 431.3319688578537807 430.8308853037964354 430.3660004815795901 429.9296893811702489 429.5329480696685209 429.1529817802392017 428.7868207721326144 428.4312545148085860 428.0560237579259706 427.6638574524440060 427.2534713861465434
-551.4977640178879028 -552.7375300997591694 -553.9927760577915024 -555.2672858617131624 -556.5786033711730170 -557.8844169246646061 -559.1155830753353939 -560.1682146542827923 -561.0106639146887346 -561.6357069143447234 -562.0901272789817540 -562.3770209838321534 -562.4853801169590497 -562.4090127278981299 -562.1007911936704886 -561.5239078087374764 -560.7251461988304300 -559.6876504987959606 -558.4977640178879028 -557.2108703130375034 -555.9294805641554831 -554.7402820777433590 -553.7106983144134347 -552.8551771585827055
94.3069662921348311 103.4746067415730266 113.1505617977528146 122.7662921348314597 131.8503370786516768 139.5995505617977415 145.2660674157303333 148.0229213483146111 146.9685393258426984 141.3667415730337211 131.0067415730337075 115.8031460674157245 95.9689887640449371 71.9604494382022466 44.4067415730337061 14.3474157303370795 -16.9352808988764032 -48.2346067415730317 -78.0961797752809019 -105.4925842696629275 -129.6130337078651564 -149.6813483146067369 -165.3267415730337007 -176.4251685393258526
-119.7953423812461438 -122.1269278223318935 -123.7117520049352208 -124.5055521283158555 -124.5717149907464574 -124.0175817396668663 -122.9281307834669974 -121.5245219000616856 -120.0407156076496022 -118.6900061690314629 -117.6421961752004961 -116.9902837754472529 -116.7307217766810652 -116.8247995064774898 -117.1397285626156730 -117.6024059222702078 -118.1061073411474354 -118.5627698951264648 -118.8482418260333162 -118.8735348550277564 -118.5276064157927181 -117.7065083281924700 -116.3645897594077780 -114.4916718075262168
271.2925764192139582 281.5429403202329013 295.5298398835516878 313.1703056768558895 334.3195050946142715 358.9264919941775815 386.4898107714701609 416.6477438136826663 448.4708879184861985 481.4577874818049281 515.2532751091703176 549.4221251819504914 583.6018922852983906 617.3420669577874378 650.0531295487627403 681.4679767103348240 711.1448326055312918 738.4381368267830794 762.9898107714701609 784.6193595342067511 802.8893740902474292 817.9272197962154678 829.9672489082969378 839.3937409024745193
473.0300632911392427 479.7056962025316693 485.8607594936709120 493.0174050632911644 502.9003164556962133 517.4920886075949511 538.4636075949366614 566.9572784810126223 603.1851265822784853 646.3876582278480782 695.2246835443038435 747.3623417721519218 800.5854430379746418 853.0664556962025245 902.8022151898734364 947.6819620253164658 987.2294303797468729 1021.2721518987341369 1049.3022151898733227 1071.4588607594937457 1087.6645569620252445 1098.5854430379747555 1104.6534810126581760 1106.6012658227848533
441.2766798418972485 443.0246275463666734 445.7084220127698586 449.5281240498632087 454.5570082091821291 461.0255396777135957 469.0614168440255298 478.7801763453937269 490.4399513529948536 503.9948312557008308 519.3545150501672651 536.4250532076619038 554.9039221647917657 574.3256308908482879 594.4575858923684564 614.8507145028884224 635.0747947704469425 654.5977500760109251 673.0000000000000000 690.0611128002432224 705.5594405594405316 719.4317421708725533 731.7968987534204643 742.6986926117360781
502.5981278756148072 496.8315088053307704 490.3014437569411257 483.0471204188481806 475.1191496112962227 466.6208154846898424 457.6823734729493935 448.4115500555291192 438.9344756465175124 429.4256703157226980 420.0191972076788716 410.8354751705537069 402.0471204188481806 393.6457242582897038 385.6920514040932630 378.2010153894970585 371.1573853720450415 364.6071711883230364 358.5749643027129991 352.9887355227669445 347.8461050293511221 343.2210058702205515 339.0026971283515991 335.2008567348881343
1140.9983050847456525 1143.2241525423728490 1145.0444915254238367 1146.4184322033897843 1147.4156779661016117 1148.0822033898305108 1148.4987288135594099 1148.7474576271185924 1148.8724576271185924 1148.9752118644066741 1149.0978813559322589 1149.2398305084745971 1149.3974576271186834 1149.5887711864406810 1149.7540254237287627 1149.8485169491525539 1149.8389830508474461 1149.6574152542373213 1149.2521186440678775 1148.6069915254238367 1147.6896186440678775 1146.4641949152542111 1144.9396186440678775 1143.1315677966101703
351.9364089775560842 353.2942643391521074 351.5361596009975074 345.7169576059850442 334.6371571072319284 317.4014962593516316 292.9925187032418989 260.9251870324189326 221.1184538653366474 174.0685785536159642 120.3977556109725668 61.4264339152119732 -0.3753117206982544 -62.5872817955112239 -122.6745635910224479 -177.8304239401496147 -226.5286783042394063 -267.8665835411471221 -301.4351620947630863 -327.5436408977556084 -346.6408977556109789 -359.0735660847880126 -365.8391521197007705 -368.1471321695760821
-443.8761562178828513 -445.6336073997944709 -446.9624871531346457 -447.8098663926002132 -448.0508735868448298 -447.5683453237410276 -446.2106885919835690 -443.8072970195272546 -440.2625899280575368 -435.3273381294964111 -428.9331963001027930 -420.9090441932168574 -411.0416238437821335 -398.9892086330935399 -384.4069886947584678 -367.1264131551901073 -346.9886947584789141 -323.9979445015416104 -298.4588900308324924 -270.7584789311408144 -241.7759506680370123 -212.3057553956834624 -183.2374100719424348 -155.4182939362795537
-246.0218262806235998 -241.7086859688195943 -234.9474387527839667 -225.7216035634743889 -214.0485523385300723 -200.0133630289532221 -183.5652561247215999 -164.7412026726057945 -143.7042316258351775 -120.5527839643652612 -95.8231625835189362 -69.8534521158129138 -43.3060133630289528 -16.8035634743875271 8.8881959910913135 33.0779510022271737 55.0561247216035667 74.4610244988864167 91.1033407572383140 104.9033407572383112 116.1278396436525640 125.1630289532294000 132.2307349665924221 137.7527839643652499
1191.9386629910407009 1194.4541695382495163 1195.1405926946933960 1193.7732598208133368 1190.3487250172295262 1184.7374224672639684 1176.9648518263265942 1167.0151619572709478 1154.8566505858029814 1140.7174362508615104 1124.5086147484494177 1106.5768435561681144 1087.0964851826327049 1066.4238456237078481 1044.9028256374913326 1022.7767057201929219 1000.5292901447277245 978.3666436940040967 956.8938662991040474 936.2653342522398816 916.8607856650585290 898.8945554789800099 882.6912474155755035 868.5203308063404393
209.0197424165395716 209.4694119640738847 209.8805287239451047 210.2766480257583339 210.6687002203016448 211.0122860532113123 211.3429079816980050 211.6924250127097196 212.0520250804948432 212.4476359938993255 212.8884934756820826 213.3301982714794178 213.7989323843416400 214.2631757329266122 214.7035248263006224 215.1204880528723891 215.5277071682765495 215.8690899847483422 216.1164209456024423 216.2717336044738090 216.3095238095237960 216.2699542450432091 216.2055583799356100 216.1268429079817111
248.8630118534482847 248.9606681034482847 248.9862607758620641 248.9780441810344769 248.9273302801724128 248.8118265086206975 248.6907327586206975 248.5518588362068897 248.4110317887931103 248.3434132543103487 248.3382947198275872 248.3533809267241281 248.4249057112068897 248.5339439655172384 248.6357085129310462 248.7705414870689538 248.9162850215517153 249.0214170258620641 249.1283001077586334 249.2044719827586334 249.2200969827586334 249.2453529094827616 249.2764008620689538 249.2673760775862206
1409.8888888888889142 1413.0010735373055013 1415.8641975308642031 1418.4605475040257261 1420.7788513150831022 1422.7380568974772359 1424.3843263553408178 1425.7493290391842038 1426.8239398819109738 1427.6983360171766435 1428.3666129898012969 1428.8556092324208748 1429.1476113794954017 1429.1497584541061769 1428.8362855609232156 1428.1690821256038362 1427.0595813204508886 1425.5222758990873899 1423.5056360708533703 1421.0332796564680393 1418.0295222758991258 1414.5705850778315380 1410.7235641438539915 1406.5330112721417208
933.0407849172759143 932.5532897268179795 931.0180838784148136 928.3239707579838296 924.3328203155059555 918.7541362062331700 911.3697575990765927 901.9045786841093104 890.0415544440169242 875.6914197768372787 858.7764524817237088 839.1288957291266115 816.9519045786840934 792.5867641400539014 766.2670257791457971 738.5752212389380702 710.1658330126971350 681.6598691804540522 653.9253559061177157 627.7525971527510364 603.8899576760292121 583.2893420546364496 566.4001539053482475 553.4386302424009045
564.9238971078235636 565.0798347327735200 565.1416100226575736 565.1106224176995738 564.9912035185925561 564.8109422897507557 564.5864987338397896 564.3383979741437315 564.0627082500333245 563.7555644408903390 563.4282287085165990 563.0834999333600308 562.7032520325203677 562.2896841263494707 561.8719178995069115 561.4608156737305080 561.0749033719845329 560.7315073970411277 560.4358923097428260 560.1553378648540047 559.8868452618952460 559.6097560975609895 559.3169398907103869 558.9849393575902923
-376.7924354243542666 -377.9732472324723176 -377.5535055350553648 -375.1079335793357927 -370.0553505535055479 -361.9603321033210364 -350.2601476014760351 -334.4566420664206703 -313.8837638376383552 -288.0461254612546327 -256.4077490774907915 -218.6798892988929879 -175.0092250922509152 -125.8302583025830188 -72.2352398523985215 -15.9714022140221399 40.4160516605166080 94.3902214022140242 143.9243542435424388 187.1743542435424388 222.9538745387453957 251.2638376383763728 272.4898523985239649 287.0073800738007321
656.2982678252863025 656.5183288254589797 656.7319445243713290 656.9134488116475268 657.0630718766185510 657.1828854232605863 657.2699545376071910 657.3413132301317319 657.4080105887092031 657.4784485239109699 657.5751855901479530 657.6884387408643988 657.7728031305748573 657.8260344133049102 657.8517580710133643 657.8688496288197030 657.8691949128158285 657.8487080623813199 657.7884560050641767 657.6860217528917474 657.5367439719168487 657.3182942970593103 657.0081141739079840 656.6247338435863412
408.4917901481778131 407.7883460152182806 406.6972366840208224 405.2569082899479440 403.3067681217460745 400.8746495794953830 397.9751702042451029 394.3804565478574204 390.0130156187424859 384.8243892671205231 378.4457348818582432 370.8920704845814953 362.2028434120945235 352.1956347617140750 340.9635562675210281 328.6702042450941121 315.2791349619543553 300.9223067681217572 286.0656788145774954 270.9773728474169161 256.0532639167000184 241.8325991189427384 228.5358430116139346 216.5278334000800839
352.5656401944894469 342.8643976229065515 330.8492706645056955 316.8336034575904705 301.4478660183684724 285.8319827120475338 271.3279308481901921 259.0253916801729019 249.9297676931388423 245.0264721772015264 244.9459751485683512 250.0956239870340312 260.8973527822798246 277.6520799567801419 300.3009184224743535 328.0999459751485574 359.7849810913019724 393.8611561318206213 428.4386817936250509 461.6520799567801419 491.9232847109670388 518.4084278768233389 540.7801188546731055 559.1193949216639112
924.8611834759955173 934.5050241905470330 944.9557126907332076 956.1786378861183948 967.9062151097879223 980.0684778563453392 992.5541496092296256 1005.3665798288053566 1018.2776330480089655 1031.1496092296240477 1043.7030145143282880 1055.7740975065128168 1067.4164495720133345 1078.5020468924451507 1088.9430591737998384 1098.6122069222180926 1107.5303312244138851 1115.5303312244138851 1122.5076293263862226 1128.1912914030517641 1132.4763676963154921 1135.3029400818757040 1136.5909936732414280 1136.3241533308521412
844.5413564097403878 845.4296639162809015 845.8360837190581378 845.7991547595089514 845.3656671362447241 844.6134030992151338 843.5915677198631784 842.4205071442946746 841.1402696719661662 839.8216945059367617 838.5872408935399562 837.4515999195009499 836.4493861944052924 835.5399476755886781 834.6977259005835776 833.8135439726303275 832.8215938820687825 831.6583819682028889 830.2254980881465372 828.4597504528073841 826.2760112698732655 823.6503320587643202 820.5963976655262968 817.1134030992151338
100.1306068601583092 86.5441952506596266 67.8588390501319196 44.6919525065963086 18.0296833773087073 -10.5633245382585752 -39.1510554089709757 -65.5349604221635929 -87.6668865435356253 -104.1068601583113491 -113.3463060686015780 -114.8007915567282282 -108.3660949868073828 -94.5211081794195280 -73.8614775725593660 -47.0072559366754632 -14.5290237467018475 22.4492084432717682 61.9663588390501303 101.5850923482849595 138.5554089709762593 170.2724274406332370 194.7882585751978866 211.3687335092348292
-632.7699146514936501 -633.8015647226173996 -634.6390469416785436 -635.2631578947368780 -635.6799431009957289 -635.9270981507823990 -636.0729018492176010 -636.2510668563299987 -636.4793741109530174 -636.7514224751066649 -637.0088904694167695 -637.2197724039829154 -637.3936699857752046 -637.5213371266003151 -637.6369132290185462 -637.7354196301564571 -637.8065433854907269 -637.8200568990042711 -637.7012802275960439 -637.3723328591750033 -636.7560455192034397 -635.7702702702703164 -634.3698435277382259 -632.5800142247510394
342.7521154803384889 333.5644599303136033 320.6286709805873443 303.5256346441015580 282.0423096067695496 256.1324041811846541 226.0691886510701920 192.5176704828272705 156.2453957192633140 118.3374813339970189 80.2961672473867623 43.1418616226978600 8.3091090094574422 -22.8481831757093090 -49.8232951717272243 -72.0627177700348369 -89.1876555500248855 -101.6764559482329560 -109.9706321553011463 -114.1463414634146289 -114.9123942259830784 -112.9342956694873124 -108.7670482827277283 -103.2727725236436100
440.6485647788983897 440.6850271528316512 438.9410395655547177 434.7106283941039351 427.6803723816912566 417.6314972847168292 403.9596586501163529 386.2273079906904627 363.7882079131109663 336.0853374709076888 302.5764158262218757 263.2148952676493536 218.3390224980605012 168.9736229635376219 116.7703646237393258 63.2373933281613674 10.6206361520558570 -38.7207137315748611 -83.0946470131885206 -121.0923196276183091 -151.9278510473235144 -175.5345228859580970 -191.8262218774243593 -201.2816136539953504
283.4283670549764906 278.5111383609237805 272.4234620886981588 265.4304107909258050 257.3366033108522402 248.4819129368485733 239.2117310443490794 229.4575924790516979 219.5775597792765268 209.9184549356223215 200.4146740241160956 191.4514612712037547 183.3312895973840284 175.8790108318005423 169.2346208869813893 163.4498262824443202 158.1414265276926301 153.5097077457592434 149.6730022481095546 146.2399346004496294 143.4240752094829361 141.2495401594113957 139.2485182914367385 137.5969752707950136
324.4463808527942206 324.0342744277913312 324.5101080515859167 324.7716974555594334 324.2026838619727869 324.5318926455211113 324.6702102939468091 324.0270128964796186 324.3103288021378035 324.4321482514232571 323.8029510863250948 324.1070640176600364 324.2789008946206764 323.7298710352039279 324.1545253863134803 324.4583478563959602 324.0364819333100854 324.5640757522946274 324.9872777971418714 324.6802021610317297 325.2939467874985553 325.7818635993958196 325.5390379923318278 326.1885093528523498
686.7855338385852519 692.5972610025262384 698.7888578646457063 705.2881265789123972 712.1176705225368551 719.2164605770509525 726.5076452599388404 733.9699508044143386 741.5815715995213395 749.2286929929530288 756.9509373753489854 764.7092142002393302 772.4999335194787591 780.2899880335062335 787.9699508044143386 795.4834463502194239 802.7425874218853323 809.6737136019146419 816.1622124717457609 822.1334928865842357 827.4555245313123351 832.0234011434649801 835.8287461773700215 838.8670389575854642
-248.1567567567567494 -251.9199324324324323 -253.9364864864864728 -254.0148648648648759 -251.9280405405405361 -247.6300675675675791 -241.2209459459459424 -232.9152027027027145 -222.9219594594594582 -211.4040540540540576 -198.5361486486486626 -184.4925675675675620 -169.2760135135135044 -153.0263513513513374 -135.7743243243243114 -117.5540540540540491 -98.3608108108108041 -78.3773648648648589 -57.8875000000000028 -37.3824324324324309 -17.4445945945945944 1.2594594594594595 18.0736486486486498 32.5293918918918905
939.1725768321513215 925.6820330969267161 906.9917257683215439 882.6843971631205932 852.6583924349881727 817.2706855791961971 776.9054373522458263 732.5177304964538507 685.6643026004728654 638.1288416075650503 591.5910165484633580 547.2801418439715917 506.0992907801418710 468.3711583924350066 434.3983451536643088 403.9799054373522722 376.8853427895980985 353.1583924349881727 332.8687943262411295 316.1855791962174749 303.2328605200945617 293.7340425531915002 287.2269503546099259 283.6394799054373266
-413.5485837673059564 -415.9356026927473522 -417.9436047250095498 -419.6104407468563409 -420.9742156738219023 -422.0928489775180878 -422.9918709513527233 -423.7147211990346705 -424.3016639146449620 -424.7617172615267123 -425.1273974342690281 -425.4032770227359492 -425.5985012066556692 -425.7053219865362621 -425.7335196240314872 -425.6709005461704578 -425.5390575384224690 -425.3293534865997572 -425.0120665565858076 -424.5277530801473631 -423.7727676870316031 -422.6830941191413444 -421.1460688428807089 -419.1588974977772182
-52.0146835443038000 -27.6582278481012658 1.9124050632911394 36.5529113924050648 75.2263291139240522 115.6283544303797441 156.1432911392405174 194.9868354430379611 229.8673417721518888 259.3058227848101183 282.9741772151898545 300.7346835443037776 312.9625316455696407 320.5291139240506482 323.8698734177215215 324.1169620253164680 322.2167088607594678 318.5488607594936639 313.6475949367088560 307.9215189873417557 301.2440506329114100 293.9184810126582192 286.4987341772151694 279.0815189873417808
-436.5461056401074416 -437.9167412712623104 -438.1629364368845359 -437.3097582811101347 -435.0492390331244223 -431.3473589973142452 -426.0000000000000000 -418.4789615040286321 -408.3437779767233451 -394.9364368845120907 -377.3706356311548689 -355.1763652641002409 -327.9176365264100355 -295.7179946284691141 -258.5854968666070022 -216.9525514771709993 -171.8290062667860241 -124.4180841539838838 -76.0223813786929270 -28.0895255147717116 17.8281110116383168 59.7949865711727853 96.7305282005371510 128.2891674127126294
-68.2338530066815139 -65.8702672605790696 -61.8081848552338542 -56.0790645879732708 -48.5283964365256111 -39.4342984409799584 -29.3081848552338542 -18.2708797327394201 -6.8794543429844097 4.4830178173719375 15.7725501113585747 26.7241091314031181 37.2316258351893126 47.6194320712694861 57.7878619153674862 67.5375835189309583 76.8168151447661529 85.3669265033407640 92.9050668151447638 99.3814031180400832 104.6080178173719446 108.5676503340757222 111.5011135857460971 113.4345768374164862
1079.3369256948383281 1087.5870674985819733 1097.2013613159388115 1108.1015314804310492 1120.2291548496880296 1133.4123652864436735 1147.4163357912648280 1162.0153148043109468 1176.8451503119681547 1191.6466250709017913 1206.1168462847419960 1220.0709018718093830 1233.3607487237663918 1245.7952353942143873 1257.2291548496880296 1267.5995462280204720 1276.6488939307998862 1284.2779353374928633 1290.4951786727169747 1295.1298922291548479 1298.2024957458877452 1299.6193987521271538 1299.3652864435621268 1297.6659103800341200
600.6599170529397043 601.4796291778482100 602.1884199398226656 602.7887289582824906 603.3159307148084736 603.7857200943319640 604.2465642026510295 604.7261120598519710 605.2359925185004386 605.7860453769211517 606.3747255428153267 606.9978856631698818 607.6674798731397686 608.3591119785313595 609.0548914369358044 609.7668537041554373 610.4987395299666559 611.2198097096852507 611.9277059445392979 612.6020980727006418 613.2039521834593643 613.6917134260388593 614.0430999430755037 614.2280230950638042
-102.9772905246671826 -113.8406421299921760 -125.3073610023492535 -137.3868441660141002 -149.9768989819890237 -163.0497259201252973 -176.3786217697729057 -189.9373531714956869 -203.6836335160532485 -217.4130775254502623 -231.0187940485512854 -244.4111198120595247 -257.3061863743147910 -269.5720438527799274 -281.1421299921691457 -291.7083007047768319 -301.0982772122161464 -309.0422866092404206 -315.4197337509788781 -320.1566170712607686 -322.9436178543461438 -323.7650743931088755 -322.7611589663273435 -320.2674236491777719
259.0387288977159983 244.6156901688182757 223.5352532274081341 195.5988083416087306 160.8152929493545287 119.5888778550148999 72.8848063555114152 21.8758689175769625 -31.7487586891757694 -85.6246276067527248 -137.5640516385302874 -186.0556107249255149 -229.5372393247269258 -267.5789473684210407 -300.0109235352532551 -326.6315789473684390 -347.9255213505461484 -363.9930486593843284 -375.4726911618669192 -383.1827209533267364 -387.5769612711022774 -389.2045680238331897 -388.5352532274081341 -386.3525322740814545
-326.0762757871878534 -327.3835504885993259 -328.2442996742670971 -328.6532301845819575 -328.6666666666666856 -328.3623778501628863 -327.8227470141150661 -327.1355863192182483 -326.3630564603691369 -325.5567318132464720 -324.7984527687296463 -324.1262214983713079 -323.5696254071661428 -323.1298859934853454 -322.8524701411509454 -322.6639522258414559 -322.5618892508143176 -322.4514115092291036 -322.2814875135721877 -322.0119435396308631 -321.5120792616721133 -320.7366992399565788 -319.6142779587405016 -318.1350434310531909
283.3102040816326621 355.6734693877551194 313.4244897959183618 284.6897959183673379 356.6040816326530489 314.1265306122448919 285.2285714285714562 356.9755102040816155 314.0000000000000000 284.8122448979592036 356.2897959183673606 313.5673469387755290 284.5387755102040614 355.5918367346938567 313.3142857142856883 284.3714285714285666 354.9755102040816155 313.2653061224489761 284.5836734693877474 354.3061224489795791 313.2816326530612514 284.9673469387755063 353.3591836734693743 312.6816326530612287
550.4489913544668980 544.5988472622478866 537.0818443804034814 527.7913544668588202 516.6178674351584732 503.3896253602305251 487.9688760806916434 470.1141210374639741 449.6438040345821605 426.1780979827089482 399.7717579250720519 370.4530259365994311 338.0023054755043290 302.7435158501440924 265.5896253602305705 227.3089337175792366 189.0697406340057682 151.9711815561959725 116.9965417867435207 85.1446685878962484 57.6605187319884749 35.2933717579250725 18.4149855907780982 6.9573487031700285
421.3578110383535886 424.2057998129092766 427.7170252572497589 431.9218896164640000 436.8461178671655603 442.5032740879326525 448.8662301216089645 455.8826005612722270 463.4738072965388369 471.5555035859058535 480.0692235734331348 488.8705955721858345 497.8637355784222223 506.9956345494231300 516.2720611163081230 525.5385095104459197 534.6579357655128888 543.5319613345806147 552.1197380729653332 560.3231992516369928 568.0414717804801512 575.1585594013096170 581.4862800124726618 587.0383536014967376
750.2620815422691294 758.8219356519473422 767.5554252963397630 776.3117103035040145 785.0356910251400677 793.6421779340888634 802.0704702357692213 810.2211801484954776 818.1249185879901233 825.7259346098736614 833.0019538882376082 839.9053015500846868 846.3537840302201403 852.3412791454995840 857.8212843558682152 862.7772567409143676 867.1732447570665272 871.0162824019799928 874.2308193304676252 876.7630584863878767 878.6007555034518646 879.7202032043767304 880.0759411228344788 879.6463462289957533
119.0889748549323031 83.9119922630560922 43.4574468085106389 -1.2707930367504836 -48.9371373307543536 -97.7669245647969092 -145.9932301740812477 -192.1121856866537598 -234.8926499032882020 -273.5570599613153036 -307.6557059961315304 -336.7185686653771768 -360.3887814313346212 -378.7872340425531661 -392.5947775628626459 -402.4777562862669242 -408.9342359767891821 -412.9061895551257066 -414.9825918762089145 -415.5164410058027329 -415.2959381044487372 -414.7524177949709951 -414.2495164410058237 -413.4458413926499247
1282.3383902233458684 1283.3358617783396767 1283.4492203961231098 1282.5634218289085311 1280.6708807416771378 1277.7538980193846783 1273.8204804045512901 1268.9388959123473342 1263.2954066582385622 1256.9325747998314000 1249.9245680573114896 1242.3788453434472103 1234.3324905183312694 1225.8765276021913451 1217.0788032026969177 1208.0446691951117373 1198.9485882848714482 1189.8739991571849259 1180.9536451748840591 1172.2726506531816995 1163.9835651074588441 1156.2684365781710767 1149.1934260429836741 1142.7387273493468456
139.2239238410596158 134.9312913907284894 128.9983443708609343 121.0281456953642447 110.5314569536423903 97.0641556291390799 80.3725165562913872 60.4648178807947048 37.5455298013245056 12.1192052980132452 -15.2028145695364234 -43.6941225165562912 -72.5931291390728433 -100.9975165562913872 -127.7239238410596016 -151.9991721854304672 -172.9896523178807968 -190.3025662251655490 -204.0231788079470334 -214.4333609271523073 -221.9519867549668959 -227.0426324503311264 -229.8725165562914015 -230.4801324503311264
292.9811969409948915 292.2293552234617096 291.9890549358029830 291.6753665894899541 290.7930961902757190 290.4477653827264589 290.0878411562478050 289.2196730512874296 288.9597277766084176 288.7294604644636138 288.0233635024205228 287.9533431558268717 287.9250684066512349 287.4322598751140276 287.5480951378656869 287.6785238195467400 287.3077246895390431 287.5340630042798011 287.7625061390584165 287.5061390584438641 287.8379288570827157 288.1367431417946818 287.9226829439416520 288.2440188030590207
604.6115702479338552 586.6028196402528465 566.2032085561497752 543.8210986874088348 520.1750121536217648 496.1526494895479118 472.8371414681574834 451.2790471560525134 432.5775401069518580 417.5527467185221440 406.7851239669421375 400.8021390374331645 399.7010209042294377 403.1468157510938113 410.7929022848808813 421.9752066115702291 435.7807486631015763 451.3135634419056714 467.6397666504618655 483.9358288770053491 499.6431696645600482 513.9961108410305997 526.5683033543996316 537.1127856101118141
230.2212092130518215 251.5163147792706297 277.2696737044145721 306.7999040307101950 339.2907869481765601 373.4870441458733126 408.0249520153550975 441.5868522072936457 472.9078694817658288 501.2029750479846371 525.7144913627639653 546.0268714011516522 562.1036468330133857 574.2763915547025135 582.8627639155470206 588.4414587332054225 591.6295585412667606 592.9846449136276760 592.7466410748560293 591.4827255278311213 589.6612284069097996 587.7010556621880824 585.9712092130517931 584.6809021113243716
718.6375344986200844 702.2401103955842245 683.1968721251149645 661.5160993560257339 637.5395584176633292 611.5804967801287830 584.2943882244710494 556.3468261269549657 528.4425022999080284 501.3357865685372303 475.4880404783808672 451.3928242870285317 429.6996320147193842 410.9609015639374547 395.3491260349586014 383.0809567617295102 374.1301747930082797 368.0556577736890631 364.5413983440662378 363.3468261269549089 363.9337626494940423 365.7355105795768395 368.3491260349586014 371.6393744250229929
-494.6801075268817272 -496.1523857526881898 -497.3489583333333144 -498.3035954301075208 -499.0253696236559335 -499.5688844086021732 -499.9900873655914211 -500.2953629032257936 -500.5028561827957105 -500.6123991935484128 -500.6325604838709751 -500.5892137096774377 -500.4769825268817272 -500.2990591397849585 -500.0593077956989418 -499.7694892473118102 -499.4092741935484128 -498.9922715053763227 -498.4776545698924792 -497.8545026881720332 -497.0823252688172147 -496.1290322580645125 -494.9573252688172147 -493.5141129032257936
809.9229352164568354 797.1513662879950743 781.8931532084740184 764.2833896223518195 744.3718145532699282 722.4350629413570459 698.9155664722136407 674.4129567086275756 649.5287073994473985 624.8440282468529858 601.1307952103162506 579.1280319312251095 559.4396684065090994 542.3239177156892765 527.8673626036229507 516.1274178692048054 506.9186367823149908 499.9914031317163108 495.0663186981885246 491.8041142155357761 489.8111759287688187 488.9186367823149908 488.7912189131102423 489.2050967147682172
1117.8948412698412085 1117.0059523809522943 1113.3611111111110858 1105.8492063492062698 1093.3015873015872330 1074.4861111111110858 1048.4623015873016811 1014.7876984126984325 973.4583333333333712 924.7519841269840981 869.7281746031745797 810.1825396825396410 748.2619047619048160 686.7500000000000000 628.4722222222221717 576.0496031746031349 531.4801587301586778 495.6527777777777715 468.4246031746031917 447.9761904761904816 432.1507936507936734 419.2202380952380736 407.6587301587301795 396.1805555555555429
193.4047006977598357 199.3870730811604801 206.5196474476680066 214.4239809034153552 223.0818949687844395 232.3988248255600411 241.9225119353654065 251.6230260741828886 261.4577671685640894 271.0892398090341544 280.5984208593463336 290.0677561513036835 299.1742563349247348 308.0110172603746150 316.5800587587219752 324.6024605214836356 332.1479985310319307 339.2293426367976394 345.6142122658832250 351.4489533602643974 356.7961806830701335 361.4381197208960543 365.4540947484392177 368.8751377157547040
1296.0150931278099051 1299.7019910083492960 1303.0786769428386833 1306.1618497109825512 1308.9309569685292445 1311.4389852280025934 1313.6926782273603749 1315.6531791907514162 1317.2838792549775917 1318.5806037251124962 1319.5751445086705189 1320.2597944765575448 1320.6326268464997611 1320.7504816955683964 1320.6477199743096662 1320.3034682080924540 1319.7630057803469299 1319.0183044315992902 1317.9788053949903315 1316.6191393705844348 1314.9219653179191027 1312.8298008991650931 1310.3535645472061333 1307.5186255619780695
542.8271341028929555 540.2816018241413758 537.4345161750035231 534.2868747327918300 530.8007695596409121 526.9360125409718876 522.6743622630754089 517.9305971212769464 512.5944135670514470 506.5748895539404089 499.8235713267778237 492.3011258372524139 484.0037052871597325 475.0076955964087233 465.4719965797349346 455.5784523300555975 445.4463445917058380 435.2160467436226554 425.1245546529855801 415.3919053726663719 406.1926749323072272 397.6757873735214730 389.9136383069687781 382.8829984323784856
167.8300548210254703 157.9606578523057010 145.3163495646565764 129.7694292163818091 111.6185101580135495 91.5582070299903279 70.1270557884553369 48.3292486294743640 27.4469525959367928 8.2702354079329243 -8.6881651080296685 -22.9261528539180901 -34.4985488552080000 -43.5091905836826811 -50.0796517252499171 -54.6930022573363459 -57.7568526281844541 -59.4366333440825514 -60.0467591099645261 -59.6491454369558198 -58.0925507900677189 -55.4188971299580757 -51.6842953885843244 -47.0254756530151568
630.3776824034334822 645.8991416309013402 668.3626609442060271 697.3551502145922996 732.2199570815450897 771.4742489270386159 813.2553648068669645 855.9109442060085939 897.7285407725321420 937.4967811158797986 974.4055793991416294 1008.0472103004291284 1037.8798283261803590 1063.7360515021459832 1085.4903433476395094 1103.2210300429185281 1117.0815450643776785 1127.2843347639484364 1134.2961373390558037 1138.7542918454935261 1141.1663090128754448 1141.5396995708154009 1140.0343347639484364 1136.4849785407725449
362.4635706800507364 361.9453422315371540 361.5643924769731257 361.1038552754949933 360.3610942584523968 359.7942749986211197 359.1924328498152477 358.3785781258617931 357.7981357895317274 357.2230434063206417 356.4882797418785572 356.0440130163808021 355.6642214990899333 355.1570790359053831 354.9783795709006426 354.8948210247642123 354.7144117809277191 354.8568198113727590 355.0492526611880066 355.1199051348519333 355.4643979923887400 355.8098836247311283 355.9639843362197098 356.3505046605261555
1013.1182835820895889 1015.2757462686566896 1016.8580223880596805 1017.8994402985074430 1018.3587686567163928 1018.2555970149253426 1017.6569029850746801 1016.5983208955224200 1015.2300373134328311 1013.5182835820895662 1011.6386194029851140 1009.6276119402984932 1007.5809701492537442 1005.5378731343283789 1003.4356343283582191 1001.2639925373134702 998.9296641791045204 996.4682835820894979 993.8039179104478080 990.9813432835820777 987.9597014925373060 984.7766791044775800 981.4494402985075112 977.9826492537313243
775.9490342476871092 769.5417951631228561 762.0907320240220315 753.6854406752150908 744.4711897419250590 734.5749066709950057 724.1623113130984848 713.4164908294108045 702.5229670508034587 691.6740788832981934 680.9639668884921093 670.5232916734296396 660.5072228534328360 651.0522642428177278 642.2725206946923890 634.1381269274468195 626.7148190228858766 620.0176919331277077 614.0004869339393281 608.6846291186495819 604.0305145268624756 599.9922090569713191 596.5632202564519275 593.6451874695666220
46.0068476095617527 45.1445468127490059 44.2731573705179287 43.3769920318725113 42.5160607569721094 41.7197460159362521 40.9900398406374507 40.4076195219123520 39.9340139442231106 39.5643675298804780 39.3067729083665327 39.1220119521912366 38.9602838645418359 38.8418824701195220 38.6965886454183234 38.4769671314741046 38.1776643426294839 37.7704183266932247 37.2898406374501974 36.7889691235059786 36.3147410358565708 35.9050049800796813 35.6282370517928300 35.5732071713147420
659.1866226259289760 659.2568125516102100 658.4748142031379530 656.6676300578034216 653.7547481420314170 649.7027250206441522 644.2811725846407853 637.2018992568125668 628.3748967795210092 617.5681255161024410 604.5689512799339127 589.3241123038810656 571.7027250206441522 551.8307184145334077 529.9690338563170826 506.5028901734103783 481.8852188274153718 456.7452518579686398 431.7213047068538572 407.4913294797688081 384.8125516102394954 364.1184971098265919 345.9872006606110517 330.6490503715937166
303.8106978687839614 300.2068533221897155 297.4692854157960937 296.2356874216464462 296.9761805265357566 300.2072712076890753 306.2122858336815625 315.3409945674885080 328.0396991224404246 344.5787714166318665 364.9381529460927709 388.7772670288341033 415.3652319264521680 443.9030505641454170 473.5553698286669260 503.4120351023819353 532.7183451734224491 560.8679481821981199 587.3409945674885648 611.6163811115753788 633.4383618888424508 652.6836606769744549 669.2018386961972283 682.9034684496448335
388.2914917127071703 381.4090607734806895 373.4274033149171146 364.2897237569060849 354.0848618784530117 342.9299447513812424 330.9675138121547207 318.4110497237568893 305.4979005524862146 292.5003314917127000 279.7122651933701718 267.3794475138121811 255.6826519337016634 244.8689502762430834 235.0693922651933576 226.4477348066298248 219.1624309392265104 213.2256353591160121 208.5253038674033235 205.0965745856353522 202.7593370165745910 201.2537016574585493 200.4638674033149073 200.1200000000000045
630.1306884480746930 623.2701283547257844 615.6414819136522283 607.2997374562427240 598.4304259043174170 589.1935530921820146 579.7869019836639382 570.4046091015169395 561.2018669778295816 552.3394107351225557 543.8913360560093224 535.8627479579929513 528.3271586931155070 521.3071761960326285 514.7365810968494770 508.6362310385064234 503.0088973162193611 497.8637689614935766 493.1654025670945316 488.9078179696616075 484.9827887981330150 481.3897316219370168 478.0522170361726921 474.9117561260209754
483.8494623655914211 490.0117302052785817 496.7762882279011478 504.0245775729646880 511.6272866918027944 519.3290043290043059 527.0495740818321337 534.6785365172462434 542.1372713308197717 549.4060885351208299 556.4160033514872339 563.1664571987153067 569.6884513336126474 575.9653679653679319 581.8875855327468116 587.4225666806312347 592.5606758832565220 597.3069403714564487 601.7046501885211001 605.7092584834520039 609.3203463203462888 612.5347018572824709 615.3523250942605500 617.8468091048736142
722.8810042269758469 722.1563981042653495 721.2253106186755076 720.1761239912898418 719.0575124887920992 717.8959907775073361 716.7557320353529349 715.7251184834123023 714.8165748687075620 714.0900473933648982 713.5641091328294578 713.2513129242987588 713.1583194568976296 713.2286409632381492 713.3690277955680585 713.5434866145766364 713.7417702062251692 713.9514538234917609 714.1998206737542887 714.3955424618932284 714.4753426412194131 714.4303829896247180 714.2146791341103835 713.8242602792365687
869.7631495058973314 866.6209754542556993 861.7787695250239040 854.9815109977686234 846.0264583997450245 834.7456168313675562 820.8779088300924514 804.3598979917118186 785.1198597386037363 763.3777494421422034 739.4504303474657263 713.7242588460312618 686.6710232706407169 658.8039528211667175 630.8291361173095311 603.4599936244819673 577.5830411220911174 553.8546381893528405 532.9142492827542128 515.2562958240356465 501.0121134842206061 490.0404845393688333 482.2460949952183569 477.3175007969397257
466.8384507158818337 467.5172556484316715 468.3421335760986608 469.2922287511379409 470.3552097988909964 471.4770338492096471 472.5905818091533774 473.6514110734088945 474.6280724985516599 475.4949929653232061 476.2276752462136642 476.8487130679466759 477.3457750558636121 477.7339236944467302 477.9698750310353148 478.0574360672018770 478.0388976247620576 477.9531573284780279 477.8067532897459273 477.6144169494330640 477.4019697095092170 477.1666804601506442 476.9186460316146849 476.6719357775386925
-41.4248679788766196 -42.7950072011521812 -44.1878700592094731 -45.5485677708433343 -46.8311729876780305 -48.0502480396863518 -49.2648423747799669 -50.7317970875340052 -52.6917906865098402 -55.1819491118578966 -58.2877260361657861 -61.8974235877740426 -65.7569211073771811 -69.6194591134581486 -73.2704432709233515 -76.5960953752600346 -79.6031365018402965 -82.3053288526164124 -84.6136981917106681 -86.4786365818530953 -87.8137301968315001 -88.4296687469995248 -88.1960313650183991 -87.2432389182269219
-923.6690427698574695 -924.4786150712831159 -925.1873727087576071 -925.7892057026476778 -926.2830957230142985 -926.6649694501018075 -926.9287169042769392 -927.0845213849287347 -927.1527494908350491 -927.1486761710793871 -927.0824847250509038 -926.9541751527494853 -926.7800407331975521 -926.5784114052953555 -926.3615071283095403 -926.1272912423625030 -925.8655804480652023 -925.5845213849287347 -925.2932790224032260 -924.9765784114052849 -924.6354378818737132 -924.2617107942973007 -923.8553971486761611 -923.3849287169042555
163.4135124905374710 163.8044095382286116 164.3369606358818942 164.9471044663133910 165.6528198334594890 166.4701930355791148 167.3284443603330942 168.2183951551854761 169.1620931112793471 170.1172407267221729 171.0838380015140103 172.0533686601059742 172.9662187736563226 173.8020439061317290 174.5508137774413342 175.1397615442846245 175.6140234670704103 175.9896858440575329 176.1525359576078813 176.1872634367903174 176.1602952308856800 175.9877933383800155 175.8046934140802477 175.6141180923542890
1536.8552787663109029 1543.6109134045077553 1549.9193357058125002 1555.7413997627520530 1561.0284697508895988 1565.7591933570581659 1569.8683274021352645 1573.3250296559904200 1576.1043890865955746 1578.1565836298932481 1579.5065243179121808 1580.1150652431790604 1579.9454329774614507 1578.9644128113880015 1577.1850533807828469 1574.6488730723606295 1571.4626334519573447 1567.6488730723606295 1563.3380782918150089 1558.5883748517201184 1553.4899169632265057 1548.0569395017794250 1542.3570581257413323 1536.3653618030841699
424.0777730556736174 413.9728006799829814 401.3561410964725837 386.1151721206969682 368.1525711857203760 347.4309392265193424 324.0191245218869653 297.9307267318317258 269.6978325541861636 240.0072248193795019 209.6145346366340902 179.5529111772205795 150.8555036124096773 124.3510412239694034 101.0718232044198857 81.7713557161070952 66.4402889927751801 55.1096472588185264 47.4462388440288976 42.8423289417764579 41.0837229069273278 41.5673608159795975 43.6230344241393979 46.8083297917552059
