-916.2566371681415376 -862.6875425459496682 -823.6514635806671549 -808.9887678692988402 -813.1286589516678305 -827.4622191967324625 -844.8778080326752615 -861.0119128658951695 -879.3995915588835715 -915.1385296119809709 -976.0401633764465714 -1059.9676650782846536 -1179.0684138869978597 -1255.9758339006127699 -1205.6494213750850122 -1118.6943498978896514 -1096.4680054458815448 -1095.6279782164738208 -1043.4247787610620435 -952.8740639891082083 -866.5047651463580678 -808.3927842069434746 -781.1327433628318886 -781.4155888359427991
-905.5321992709599499 -777.9283110571080897 -679.9914945321992263 -625.9477521263669360 -619.9222357229647287 -652.6379100850547275 -704.1458080194411195 -764.5552855407047446 -857.8918590522479235 -1034.3499392466585505 -1257.5358444714458983 -1427.9890643985418137 -1410.7922235722965070 -1358.8456865127582205 -1332.9829890643984527 -1241.5929526123936739 -1014.8906439854191603 -802.6233292831105928 -658.6743620899148937 -562.8396111786148595 -526.0328068043742178 -548.5321992709599499 -622.2721749696232791 -729.8262454434993742
-527.3186039065001296 -523.7012487992315073 -524.9718219660583145 -529.0086455331412481 -536.6003842459174393 -547.0608389369195947 -559.6532180595580712 -574.2792186999679416 -589.5187319884726094 -606.2270252961895949 -623.1456932436759644 -639.0617995517130794 -656.2516810758885413 -671.8645533141210535 -684.9631764329170664 -698.4636567403138088 -710.3941722702529660 -719.6554594940762399 -728.9983989753442302 -737.9500480307397083 -745.2683317323086385 -753.2667307076528687 -760.2523214857508265 -768.2497598463016857
-785.8448830904777651 -783.8440359200270677 -783.5029650965774408 -784.7921890884446157 -786.7995594713656828 -789.1992544900033408 -791.6055574381565521 -794.0505760759065197 -795.8201457133175154 -796.9528126058962698 -797.8165028803795167 -798.3001524906811710 -798.8808031175872202 -799.2998983395459618 -799.5628600474415180 -799.9898339545916315 -800.0571840054218455 -800.4077431379193968 -800.8784310403252675 -801.7499152829549303 -802.3819044391731268 -803.4258725855642069 -804.9306167400881122 -806.8267536428329549
-1642.3846153846154721 -1106.0769230769230944 -569.3557692307692832 -219.6442307692307736 -132.8942307692307736 -288.2115384615384528 -929.2980769230769056 -1728.2500000000000000 -2120.4326923076923777 -1991.2596153846154721 -1610.4903846153845279 -1058.4038461538461888 -490.2884615384615472 -171.3653846153846132 -96.2884615384615330 -300.5096153846153584 -959.0576923076922640 -1739.8365384615385665 -2107.4807692307690559 -1944.5865384615385665 -1563.7019230769230944 -1025.0673076923076223 -504.2980769230769056 -205.4615384615384528
-947.4844363065654989 -945.9050483913157450 -944.4574941145697267 -942.9283285377975972 -938.5095474758043110 -936.2791001831022868 -940.8558723515563997 -958.2301857180225397 -999.7018048652890911 -1078.2362019356526162 -1160.4815589850902597 -1154.5843578341616649 -1044.7627517656289911 -919.5343970703636387 -852.1033219984306015 -853.2283546952654660 -886.2427413026418890 -917.2641904263667811 -934.0026157467957546 -940.4588019879676040 -940.5273345540151695 -940.3272299241433529 -939.9717499346063505 -941.7721684540936167
-880.3489420062695672 -880.2660658307210042 -879.3640282131661934 -877.5274294670846302 -875.3042711598745882 -872.6379310344827900 -868.7023902821316597 -863.1704545454545041 -856.8883228840124957 -849.5121473354231512 -841.0748432601881177 -830.2670454545454959 -818.1455721003135295 -806.0470219435736681 -792.9241771159875043 -779.9349529780564581 -766.0985501567398614 -751.3222962382444621 -735.3467868338558446 -720.7435344827586050 -707.5329153605015335 -698.6459639498432352 -694.4686520376175167 -695.3340517241379075
-950.9888858016115591 -938.5734926368435254 -931.8157821617115815 -928.6421228118921363 -926.6768546818560708 -923.4228952486802200 -919.6746318421784281 -916.8082800777993953 -920.4731869963878808 -941.1553209224784950 -989.3503751041955638 -1073.7707696582383505 -1187.5787718810781826 -1237.9908307863295249 -1138.8149485968324370 -956.6501806057237900 -838.1678243956654342 -848.0019449847179658 -901.3550986385107535 -923.4870797443734318 -916.9444290080577957 -901.5668241178104836 -892.7379827729924955 -893.4006668519033383
-61.1371647509578509 -60.5121839080459765 -59.2982375478927182 -58.4409195402298849 -57.7524904214559385 -57.1419157088122631 -56.5806896551724137 -56.0582375478927233 -55.5969348659003799 -55.2593103448275897 -55.1278160919540241 -55.0226819923371622 -55.1622988505747145 -55.3175478927203059 -55.5340996168582350 -55.7101915708812285 -55.9687356321839076 -56.3129501915708843 -56.7203065134099589 -57.2268199233716501 -57.8435249042145614 -58.5170881226053652 -59.5086590038314185 -61.0758620689655203
-590.3911925785179164 -588.0916508326813528 -586.6643567676316025 -585.8669945233039016 -585.8695652173912549 -586.3318430758913564 -586.8334637308595347 -587.7278417346597053 -588.7465072091204092 -589.7783614619424952 -590.2978652062143965 -590.5879065608584142 -590.6591036101486907 -590.9089080138594454 -591.0984687604783403 -591.0728735889124437 -591.1331172460043035 -591.5131328937073931 -591.5127975857828915 -591.8676651391527912 -592.5096680451548536 -593.8327931150106451 -595.5701352408628964 -597.9834581423940563
-311.4345521992580643 -301.1865394806571317 -290.0196078431372371 -284.7615262321144769 -280.7334393216746093 -281.0174880763116221 -282.8521462639109814 -287.8320084790673263 -295.0635930047694728 -303.0906200317965045 -313.5654478007419357 -326.2204557498675399 -341.2511923688394404 -358.9650238473768127 -377.6613672496025629 -403.4255431902490727 -433.0344462109168262 -465.4658187599363828 -496.3412824589295269 -545.0227874933757448 -557.7784843667196810 -594.9660837307895918 -605.6433492315845797 -615.0105988341282455
-821.3696808510637766 -782.9946808510637766 -789.5642097264437780 -792.6975683890577784 -781.5497720364741099 -766.4050151975684457 -751.2777355623099993 -738.8742401215805558 -731.9920212765957785 -732.3320668693008884 -738.3594224924012224 -750.7754559270516665 -771.8670212765957785 -805.3123100303951105 -852.4057750759878900 -915.0813069908814441 -990.1854103343465567 -1064.3917173252280008 -1123.6181610942248881 -1156.3723404255320020 -1155.9118541033435577 -1129.6223404255320020 -1065.3844984802431100 -1008.6892097264437780
-730.5480263157894569 -749.1157894736842309 -779.8434210526315837 -820.2881578947368553 -883.9348684210526699 -952.4355263157895024 -997.9157894736841854 -1062.5526315789472847 -1070.7098684210525334 -1045.7493421052631675 -1131.2322368421052943 -1232.1809210526316747 -1179.8973684210525334 -1019.7592105263157691 -865.5953947368420813 -767.4328947368420586 -727.2710526315789821 -738.9960526315788911 -782.8519736842105203 -842.1256578947368325 -927.3736842105263349 -1043.6657894736842991 -1132.2032894736842081 -1162.3111842105263349
-151.9816118373796883 -149.6355408705645686 -147.0459704065507935 -146.0277259014509355 -145.1376239046114165 -144.8826318057750200 -144.9452664847004826 -144.7768998707082346 -144.8600775750610410 -145.0366326677201414 -145.0340468323516632 -145.0058899583393099 -144.8064933199252948 -144.6658526073840108 -144.5516448786094088 -144.4045395776468865 -144.2324378681223891 -144.4289613561269903 -144.6129866398505897 -145.2343054158885138 -146.1396351098979949 -147.3039793133170576 -149.0873437724464736 -151.6157161327395499
-759.1684866132815159 -757.5663673865566352 -756.7122866618134367 -755.7109115910377568 -754.6465259241284684 -753.7044406697403929 -752.9375556094798867 -752.4217422955592838 -751.9816387608185551 -751.3917333980425610 -751.0903502386152013 -750.3507239343201718 -749.8408153360834376 -749.5641025641025408 -748.8323222518805551 -747.7226401358893781 -747.3410984388901852 -747.3062363504003542 -747.3750707757017153 -748.0981962306883588 -748.8550513629378429 -749.5920892987138586 -750.6644827307287642 -752.5290787025802501
-370.3951612903225623 -168.0161290322580783 -192.6370967741935374 -593.9919354838709751 -1296.0645161290321994 -1949.7419354838709751 -2047.5322580645160997 -1808.5241935483870748 -1350.0564516129031745 -799.9516129032258505 -352.3225806451612812 -157.4193548387096655 -211.1774193548387188 -625.8790322580645125 -1357.2096774193548754 -1956.7903225806451246 -2014.7822580645160997 -1765.8790322580646261 -1297.0080645161290249 -756.3387096774193878 -335.7096774193548185 -156.1612903225806406 -212.3629032258064626 -641.7338709677419502
-355.3846153846153584 -928.7403846153846416 -1672.9326923076923777 -2078.0384615384614335 -1992.1538461538461888 -1597.4230769230769056 -1052.8173076923076223 -518.7884615384615472 -196.7500000000000000 -132.8461538461538396 -328.0769230769230944 -987.9519230769230944 -1793.6346153846154721 -2143.5192307692309441 -1976.9807692307692832 -1585.7788461538461888 -1014.0288461538461888 -452.2211538461538680 -156.8173076923076792 -111.2884615384615330 -349.0192307692307736 -1052.9038461538461888 -1808.5961538461538112 -2104.5096153846152447
-1267.9975728155338857 -1137.2406957928801603 -1021.1019417475728233 -1114.8927993527508988 -1190.1614077669903509 -1106.3131067961164717 -942.3033980582524691 -799.4073624595469028 -711.0538025889967457 -673.7402912621358837 -681.6622168284790177 -724.1314724919093351 -781.8843042071197260 -862.5805016181229803 -994.4555016181229803 -1122.8669093851133312 -1182.8843042071198397 -1304.5489482200646307 -1225.6019417475727096 -1004.7180420711973738 -1014.3025889967638022 -1128.8442556634304310 -1100.5622977346279185 -979.7714401294498430
-855.5682795698925247 -839.1217741935483900 -826.2448924731182842 -818.7139784946236887 -817.2658602150537490 -822.5575268817203778 -837.2588709677419274 -862.1145161290322676 -898.3491935483871202 -944.9806451612903402 -998.7674731182795540 -1053.7712365591398793 -1096.7594086021506428 -1115.2088709677418592 -1110.0448924731183524 -1091.1774193548387757 -1069.2362903225805439 -1053.0564516129031745 -1044.7346774193547390 -1039.7618279569892366 -1035.4836021505375356 -1030.4163978494623279 -1022.8389784946236887 -1012.8110215053762886
-911.7485218762317345 -875.1970831690973682 -857.0248324793062693 -851.5825778478517805 -855.6014978320851014 -864.2100906582577409 -874.3157272368939630 -894.7662593614505795 -945.3642096964919119 -1028.8226251478124595 -1125.2774931020890108 -1247.6440677966102157 -1305.8257784785180320 -1132.9779266850609929 -883.2999605833662145 -836.7098935750886994 -924.8565234528971359 -949.8238076468269355 -904.4256996452503472 -840.3847063460780191 -791.4276704769412163 -770.7004335829719821 -774.2376823019313861 -793.6897910918407888
-1020.1933916423712390 -995.0609005506964877 -982.6566245545836864 -985.2218982831227549 -977.9514091350825993 -955.6520894071913972 -933.1049562682215992 -919.6770327178489879 -911.0404923874311862 -905.4531908001296188 -900.8558471007451089 -899.1940395205701861 -898.3867832847424779 -905.5056689342403615 -939.1221250404923921 -1006.6997084548105477 -1108.1830255911888798 -1235.6912860382249164 -1267.6990605766116005 -1113.4039520570133845 -901.6054421768707243 -816.4214447683835942 -859.4949789439585857 -904.5850340136054228
-868.2022216611966314 -869.3143145670285321 -873.4705882352941444 -881.5135066902297467 -901.5533956071699322 -945.2453925776319466 -1017.5488513001766933 -1129.7755617268367132 -1242.8366574097449302 -1234.6028780610956801 -1102.9219893966169366 -971.0522595304215656 -914.3769250189345712 -917.6983085079525608 -930.3297147185054428 -931.4253976268619226 -924.4652865438021081 -919.2423630396364160 -919.0010098459985102 -921.0878566018682250 -924.5793991416309154 -929.2691239585963103 -936.0451906084322218 -945.1663721282504866
-897.3614416865011663 -994.2635158109486611 -1111.6899013940835630 -1199.9959197551852412 -1285.8809928595715064 -1234.0360421625298386 -1003.7069024141447926 -904.7341040462428055 -1012.8075484529072128 -1051.1907514450867893 -980.3257395443727091 -875.5100306018360925 -792.6705202312139136 -746.7919075144508270 -735.9010540632438051 -752.3947636858212036 -783.9275756545392824 -817.1176470588235361 -866.4382862971777968 -948.2012920775246130 -1030.7511050663040351 -1112.2026521591294568 -1231.2284937096226258 -1222.3573614416864075
-1112.2650000000001000 -1152.8119999999998981 -1183.3810000000000855 -1202.9809999999999945 -1215.2780000000000200 -1219.1020000000000891 -1218.3240000000000691 -1211.3530000000000655 -1198.1749999999999545 -1182.5830000000000837 -1157.9570000000001073 -1123.1739999999999782 -1076.4269999999999072 -1020.6810000000000400 -958.7899999999999636 -894.6530000000000200 -837.6810000000000400 -789.7820000000000391 -755.4560000000000173 -735.9389999999999645 -728.5470000000000255 -735.0199999999999818 -753.1620000000000346 -775.4439999999999600
-901.9255319148936678 -1045.5297872340424874 -1222.7840425531915116 -1364.1095744680851567 -1348.3499999999999091 -1252.8659574468085793 -1249.7000000000000455 -1233.8202127659574217 -1082.4914893617021789 -866.1755319148936678 -692.6712765957446436 -586.8904255319148433 -544.7978723404255561 -570.1276595744681117 -648.0819148936170677 -757.2957446808510440 -904.5861702127659782 -1100.2808510638296866 -1270.6819148936169768 -1344.6276595744679980 -1339.6819148936169768 -1182.1297872340426238 -1001.3755319148935996 -980.8244680851063322
-541.5579531442663210 -535.7749691738594038 -531.6491985203452941 -527.2139334155364168 -525.2016029593095254 -521.2891491985203629 -521.7379778051788435 -527.8884093711467358 -538.8458692971639721 -557.2706535141800259 -583.6806411837237647 -618.5622688039456989 -662.3076448828606999 -716.1035758323057507 -775.4562268803945244 -835.2170160295930827 -889.6547472256473839 -933.8458692971639721 -965.0030826140566660 -983.8692971639950429 -990.4241676942046979 -991.9981504315659322 -982.1535141800246720 -966.6633785450061396
-892.7198893229166288 -887.8771158854166288 -886.1079101562500000 -888.3385416666666288 -893.3401692708333712 -900.8139648437500000 -909.9920247395833712 -918.6271158854166288 -926.9047851562500000 -934.1311848958333712 -939.7766927083333712 -941.9020182291666288 -943.0641276041666288 -942.0074869791666288 -934.8138020833333712 -920.0524088541666288 -899.1310221354166288 -874.6756184895833712 -848.3177083333333712 -822.7635091145833712 -800.1943359375000000 -782.5009765625000000 -774.5488281250000000 -777.9052734375000000
-982.1745283018867667 -1043.6247379454925976 -1004.8107966457023394 -890.8087002096435754 -776.7646750524108938 -705.7311320754716917 -679.0099580712787883 -690.8883647798742231 -731.6671907756813198 -778.8160377358490223 -829.9963312368972765 -914.4900419287212117 -1020.0408805031446491 -1104.5838574423480622 -1220.8789308176101258 -1202.1158280922431913 -1116.3244234800838512 -1190.3390985324947451 -1275.9790356394130413 -1181.1944444444443434 -976.1834381551362867 -814.4984276729559269 -717.7012578616352130 -675.4785115303983503
-1081.2088010776828924 -1179.7876066457117759 -1190.6093399191738627 -1064.9218679838347725 -898.4705882352941444 -770.6731028289178766 -695.3776380781320086 -672.6394252357431469 -692.4714863044454205 -740.8823529411764639 -805.3363268971710340 -910.5635383924561665 -1058.7844634036821390 -1163.4669959586888126 -1229.5078581050740922 -1317.1468343062415443 -1143.5006735518634287 -925.1683879658734213 -994.6232599910192675 -1105.4176021553660121 -1060.8607992815445868 -939.8316120341265787 -821.2249663224067717 -743.1239335428828099
-1047.0284697508895988 -1127.5587188612098544 -1208.0431000395412866 -1179.8825622775800639 -1059.6524317912217157 -1078.3329379201265965 -1160.5073151443257302 -1121.8726769474101275 -995.6219849742981296 -873.3222617635428833 -793.4163701067615193 -755.3712930011862454 -751.8920521945433393 -776.0237247924080748 -810.7564254646105155 -856.9331751680506386 -945.6646896006326415 -1050.1846579675761859 -1103.3894820086991331 -1175.8177145116646898 -1233.0253064452351737 -1068.3728746540134580 -920.2779754843811588 -958.2744167655199590
-349.5788729906377057 -345.4509803921568505 -339.7337926161455357 -336.9357004062886176 -334.5435435435435352 -332.7270800211976507 -331.5394806571277400 -330.4871930754283653 -328.6373432255785474 -328.0439851616322358 -326.5956544780074182 -325.7019961137607993 -324.9447094152976661 -325.1420243773184779 -324.1826532414767712 -323.7724783607136487 -322.9786256845080175 -322.6800918565624556 -322.3515279985868460 -322.1815933580639353 -323.0611199434728746 -324.9975269387034018 -328.0867337926161440 -332.8938350114820537
-1111.0314075222954671 -1194.0949980612640502 -1235.1027530050407677 -1140.4835207444746175 -937.8739821636293073 -841.9511438542070891 -897.1996898022489404 -942.8022489336951821 -925.8790228770841395 -877.7343931756495294 -832.7836370686312648 -810.8018611865063576 -809.5812330360604392 -819.4373788290034781 -834.2485459480418513 -845.8557580457542144 -855.9697557192710065 -876.0546723536253921 -912.6390073671965411 -971.0197751066305045 -1059.0674680108568282 -1160.3369523070957712 -1210.7611477316788751 -1172.1830166731290319
-920.5748541801684723 -896.0346727154892505 -917.2488658457550628 -930.5372650680492370 -911.8895009721321685 -878.3535320803629247 -849.8882047958522890 -837.7339598185353680 -839.0988334413480061 -847.1386908619572296 -859.1999351911860003 -872.5369410239792387 -887.6500324044069430 -915.1480881399870668 -963.0204147764095524 -1037.8590408295528960 -1141.1098509397277212 -1235.4455605962411937 -1247.2394685677252255 -1186.3752430330525840 -1132.0748541801685860 -1111.2955281918341370 -1085.6928062216461512 -1031.7851587815941912
-1203.8396424815982755 -1278.5047318611987066 -1306.7166140904312215 -1074.6692954784437006 -860.2429022082019401 -971.3859095688749221 -1086.9716088328075330 -1032.3627760252365988 -896.7392218717139940 -773.6808622502628623 -697.8333333333333712 -671.1650893796004311 -684.8412197686645868 -727.0757097791797605 -775.4674027339642635 -834.1945320715036587 -936.4474237644584491 -1047.7460567823343354 -1136.7071503680335809 -1242.5694006309147426 -1227.6109358569926826 -1152.5488958990536048 -1180.9064143007360599 -1201.2670872765509102
-996.4990595611285471 -994.3498432601880950 -988.8642633228839713 -964.7335423197491764 -935.0266457680251051 -913.9084639498432807 -903.3633228840125184 -898.8680250783698966 -897.6771159874608657 -898.7940438871473816 -900.2858934169279337 -905.7385579937304101 -927.4025078369905941 -976.2147335423197774 -1051.9755485893417699 -1168.9996865203761445 -1268.1025078369905259 -1202.0053291536050892 -995.2721003134796547 -845.5811912225705100 -861.9504702194357151 -928.8843260188087925 -945.8529780564263092 -923.2000000000000455
-971.8157496214033699 -964.3205451792024405 -964.8162544169611010 -973.5116102978294066 -980.1786976274609060 -977.5903584048460289 -965.6658253407370012 -948.4868753154971728 -933.1413427561836897 -924.2604745078243695 -920.8664815749621084 -919.9008076728924834 -919.2960625946491291 -915.9699646643109645 -912.3838970217061615 -914.0532559313478487 -924.9356385663805895 -954.7511357900050371 -1017.1486622917718705 -1114.3561332660272001 -1218.2698132256437020 -1252.5901060070671065 -1171.9058556284703627 -1046.6087834427057714
-994.4544550922622648 -995.7714853705780342 -996.2107503313284269 -996.6788408604343203 -997.2726322764807492 -997.9167601182587077 -998.6138750127433923 -999.0291823835253808 -998.9369456621469681 -998.7541288612499102 -998.4363594657967269 -998.3404781323274619 -998.2492863696604672 -998.2182944234886008 -998.1794525435824426 -998.2218116015903888 -998.5645070853297511 -999.1121673972882036 -999.7970231420124492 -1000.4290192680191467 -1000.8625751860536184 -1000.4845295137118910 -998.7970231420124492 -995.5179427056784789
-1195.3052769297862596 -1167.8556476232010937 -1024.9136502398605444 -867.0911469690362310 -752.8181421718272759 -691.6990841692106642 -679.9489751417356729 -707.4989097252507690 -757.4932402965547453 -824.2040994330570811 -943.3231574356738065 -1094.4256432621020849 -1181.6711731356301698 -1262.6764064544265693 -1304.0283471434802323 -1074.5900566942868863 -900.8020061055385668 -1002.1334496293065968 -1077.3061491495857354 -1015.1600523331879913 -898.5656345399040674 -792.5503706934147203 -726.8443087658089325 -706.4836458787614220
-658.2188623582557057 -656.1371807873144917 -654.7734857564303184 -654.1109062413570427 -654.0035954641836042 -654.3630496911588352 -655.0675762883746529 -655.7187240711717777 -656.2433852678159383 -656.6757628837466427 -656.9614639992624916 -657.1936019175808497 -656.8766479210842135 -656.0113395408868655 -655.2757444454688311 -654.2716880243385731 -653.0707107956117170 -652.0659168433668356 -650.9924403060754230 -650.1803263575181973 -649.7984696229372048 -650.2343505116622282 -651.4171660366921515 -653.2569374020466739
-678.7041036717062070 -633.6187904967603117 -634.7419006479481141 -670.7300215982721738 -720.4168466522678500 -783.6447084233261648 -901.6295896328293793 -1090.9049676025917961 -1308.0161987041037719 -1438.8077753779698469 -1385.9503239740820391 -1307.2386609071274961 -1292.9773218142547648 -1189.5993520518359219 -992.8693304535637481 -791.2786177105831484 -645.2300215982721738 -559.5971922246220629 -536.8336933045355863 -572.6069114470842578 -655.3488120950323719 -766.3563714902808215 -896.8876889848812652 -1059.2526997840172953
-391.9671232876712565 -387.7200913242008937 -387.9132420091324320 -389.4547945205479209 -393.2374429223744414 -397.2881278538812921 -404.3447488584474740 -413.8452054794520336 -424.3630136986301409 -436.2283105022830796 -449.5474885844748769 -468.7826484018264637 -491.7543378995433727 -517.4534246575342422 -547.6835616438355601 -579.0821917808219723 -612.0990867579909036 -645.1196347031963114 -676.4867579908675452 -709.0643835616438082 -735.0853881278538893 -762.6369863013699160 -782.7150684931507385 -794.5091324200913050
-916.1557610713338136 -915.7093940599310145 -915.5673561389552333 -915.3619066560594320 -915.0562516573853600 -914.2272606735614318 -913.4542893131795154 -913.0321532749933340 -912.7546075311588538 -912.3343277645186618 -911.9054627419782264 -911.6106138955184406 -911.2320670909573437 -910.9085786263590307 -910.5970564836912899 -910.4744431185362146 -910.3296207902412789 -910.3328361177406123 -910.2707836117740499 -910.3824913815964237 -910.4465990453460336 -910.8675086184035763 -911.3642601431980665 -912.6906656059401257
-529.0558071585098787 -524.9967859751643573 -522.5010956902848420 -520.5240321402483232 -519.1754565376187429 -518.3214024835646114 -518.2068663257851995 -518.4406135865594933 -519.0264426588751121 -519.5501826150474471 -519.7354273192111123 -520.2783053323594231 -520.7887509130752051 -520.8207450693937517 -521.2146092037984317 -522.0943754565375912 -523.0610664718773251 -524.0834185536888299 -525.6306793279766225 -527.5902118334551005 -529.9589481373265016 -532.7754565376186520 -535.9615777940102817 -539.2993425858290948
-568.9402985074626713 -560.4668039114770863 -556.4812146165722879 -558.3648996397323572 -570.5702521873391788 -593.0185280494081326 -623.8239835306227405 -664.1837364899639624 -713.7843540916109077 -772.1626351003602622 -835.0411734431291961 -896.7663407102419342 -951.8733916623777986 -993.1574884199691269 -1021.0108080288214296 -1036.4513638703035667 -1043.0761708697889389 -1038.4132784354092109 -1027.1899125064333020 -1013.4014410705095770 -999.5115800308800544 -986.7611940298507989 -975.5043746783325105 -966.5491507977354786
-977.4272281275551677 -977.6739574816026561 -979.5144112837285775 -982.0763491414554665 -984.7873058053966133 -987.7867947669665227 -990.2232215862633211 -991.0258585445625386 -991.5144112837285775 -991.9364268192967984 -994.0689901880621164 -998.3989165985282170 -1004.8039656582175212 -1013.3661079313163782 -1022.5985282093213300 -1028.3602820932133000 -1026.0500817661488782 -1012.2287408013082768 -986.2266966475879144 -950.3441332788225964 -912.3827677841373998 -881.3573180703189109 -863.3849141455436893 -862.2819910057236257
-1066.9668049792530837 -1102.5214830678623912 -1116.1828403158881429 -1100.5236246821041277 -1070.2928657475572436 -1044.8619997322982726 -1029.3917815553472792 -1020.8245214830678833 -1014.2742604738321006 -1007.5777004417079752 -1002.0297148976040944 -998.4639271851158355 -996.5114442511043080 -995.0378798019006581 -993.8470084326061169 -991.6324454557623085 -988.5853299424441047 -985.0279748360326266 -982.4869495382143896 -982.3893722393254393 -983.6414134653995234 -983.1131040021416538 -979.3351626288314264 -972.7858385758265740
-754.3438300988648280 -792.6111314536799455 -847.6785060417429349 -945.8180153789820679 -1078.6041742951299511 -1170.8015378982058792 -1273.1171731966312564 -1300.0710362504576096 -1089.8048333943611397 -942.8011717319662921 -1047.9542292200658267 -1105.1556206517759620 -1024.4833394361039609 -898.2929329915781409 -791.3127059685097038 -725.3804467228121666 -700.3160014646649643 -712.2859758330281466 -748.9146832662028146 -793.2178689124863240 -858.1248626876601975 -957.1966312705968676 -1047.6971805199559640 -1121.0889783961918056
-933.0778934090192251 -991.9167455061494820 -1107.6827499211606209 -1233.6439608956166012 -1234.2784610532955867 -1093.8388520971302569 -938.3200883002207320 -866.6635130873540902 -881.4642068748029260 -918.3680227057710681 -934.7193314411857727 -932.2664774519079174 -924.6650898770103595 -921.5449385052033904 -921.7552822453484396 -920.7187007253232878 -919.4582150741091482 -920.5171870072532556 -921.5941343424786965 -928.1277199621570162 -939.8186691895301692 -956.2453484705140454 -976.6010722169662586 -999.4380321665089468
-794.2750294464075296 -782.0418138987043903 -773.6808009422850319 -769.4487632508834167 -770.5123674911660601 -777.6083627797409008 -787.1855123674911283 -798.7167255594816879 -806.8103651354534804 -816.3315665488810282 -819.7173144876325068 -822.5936395759716788 -818.4505300353356461 -807.0977620730270701 -773.5677267373380346 -738.5235571260305960 -699.5553592461719745 -647.4787985865724522 -595.8851590106006597 -545.5076560659599636 -500.9193168433450865 -473.5088339222614877 -454.7614840989399454 -456.3698468786807894
-1018.1914506593906253 -1151.2287403365166938 -1237.2974079126875040 -1329.3569804456572001 -1234.0113688040019042 -975.3933606184629070 -942.3865393360619009 -1080.4529331514324895 -1084.0909504320145516 -972.7189631650750243 -840.1800818553888348 -746.3215097771713999 -697.2737608003637888 -690.6921327876307259 -718.1441564347430813 -762.6380172805820621 -811.6998635743519799 -893.0845839017734988 -1011.9813551614370226 -1108.1837198726693714 -1215.4433833560708536 -1284.4656662119145949 -1190.4229195088676079 -1109.7880854934060153
-980.2697015507656033 -981.5403540427191729 -982.6316931629767168 -982.7539988296108504 -982.2286891641471129 -981.4456744367502097 -980.4204866868233239 -979.5468643323905553 -978.9986589290939492 -978.6284989759094515 -978.2423924704963838 -977.7884765434506562 -977.4771286452745471 -976.8529454793718969 -975.9055642251048539 -975.0486686823368245 -974.3657953769628648 -973.9991222081341675 -974.0964839559153461 -974.7199356285965450 -975.6056276211839986 -976.4497220325757780 -977.1113820345265140 -977.4440163854482080
-991.4429546270800984 -998.6335448341912979 -1003.4064407997126409 -1005.9857536214533411 -1007.5375314258350272 -1006.2685262779839377 -996.8526277983958153 -975.7654734825811147 -947.3787860648868673 -917.5390877529031286 -891.8434095534538528 -875.7076499461271624 -870.6119956901711703 -876.3172512869628008 -889.8282054351730039 -906.8722614629474492 -925.4625882916317323 -942.1051119358314736 -955.2802585897281915 -965.2238716628755810 -972.9862324913204930 -977.7807973183287231 -978.6160660840416767 -977.7287202202801382
455.4726562500000000 480.9687500000000000 497.4492187500000000 502.9296875000000000 496.5195312500000000 476.4023437500000000 441.4960937500000000 392.3984375000000000 335.1718750000000000 273.6523437500000000 211.1601562500000000 149.8125000000000000 85.3671875000000000 18.9882812500000000 -45.9960937500000000 -109.1054687500000000 -168.3632812500000000 -225.6523437500000000 -278.9609375000000000 -329.8945312500000000 -375.2382812500000000 -419.4375000000000000 -459.9023437500000000 -494.5312500000000000
-725.6958299264105108 -717.2583810302535312 -709.3184791496320258 -700.3266557645134753 -692.2040065412919603 -684.7293540474244082 -676.4300899427637432 -664.7199509403106958 -650.3810302534750463 -635.5044971381847745 -617.8237939493050135 -594.9893704006541384 -574.8242027800490632 -553.5883074407195181 -533.4161896974652564 -512.7722812755519044 -494.2600163532297870 -475.5380212591986719 -458.0331152902698477 -444.7951757972199403 -434.6353229762877959 -427.7919051512673718 -425.0817661488143813 -426.5748160261651947
-1003.2875104777871229 -1016.5029337803855469 -1031.1994970662196920 -1027.7870913663034571 -994.9882648784576986 -944.4090528080469085 -876.3797150041910982 -787.7426655490360190 -711.7217099748532974 -649.7099748533109960 -598.0419111483654433 -556.1433361274098388 -525.9840737636211543 -502.4300083822296870 -486.8231349538977497 -479.6521374685666501 -481.5054484492874849 -486.3445096395641372 -492.7485331098072265 -498.4920368818105771 -504.9874266554903670 -509.0955574182732448 -517.8482816429170725 -529.2531433361274367
-856.3534218590398268 -943.1547497446373427 -1024.4969356486210472 -1089.7119509703779840 -1170.4591419816138114 -1124.1491317671093384 -1057.0429009193053389 -1154.1961184882534326 -1225.1144024514810553 -1133.7441266598571019 -969.3319713993871574 -829.0372829417773346 -742.3115423901940630 -706.9749744637384765 -716.8069458631256339 -756.6644535240041023 -810.5255362614913111 -897.9964249233912597 -1031.2063329928498661 -1130.0158324821245515 -1163.2114402451481965 -1243.7272727272727479 -1151.3672114402452280 -952.9351378958120904
-1025.3390322580644352 -1015.9748387096774422 -996.8635483870967846 -985.9906451612903311 -981.7996774193547935 -970.9067741935483582 -952.0019354838709660 -935.2422580645161361 -927.3654838709677506 -925.1303225806451564 -924.2812903225806167 -923.2664516129032108 -921.8948387096774013 -918.7858064516128707 -917.5651612903226351 -930.5603225806451064 -966.6351612903225714 -1035.3787096774194652 -1150.9396774193548936 -1258.2490322580645170 -1213.2270967741935692 -1020.4154838709677051 -852.9045161290322312 -828.8216129032258550
-961.3941543090479627 -960.1566731141199398 -961.7378035675908450 -966.2061035890823177 -972.9860305179454372 -977.6649473457983959 -979.5570599613153036 -980.1182033096927171 -973.7255534064045150 -961.4270363206533148 -949.3546099290780376 -940.0904792606920637 -933.0148291424886793 -928.2342574683000294 -923.4197292069632113 -915.7797120137545335 -908.0928433268858271 -902.5551257253384847 -905.6243283902858821 -925.4534708790027935 -974.7840103159252294 -1074.1476466795616034 -1187.9383193638511784 -1215.0457769181173262
-986.1896383186706316 -917.0904203323558477 -1039.9941348973607091 -1088.3235581622677728 -998.8352883675464682 -864.4599217986315125 -759.9237536656891052 -700.1534701857282244 -680.6285434995112382 -698.8347996089931939 -741.5303030303030027 -790.3563049853372604 -861.3866080156402631 -977.2277614858260222 -1078.0899315738024598 -1175.7839687194525595 -1273.5869990224828143 -1168.6241446725316564 -1099.0317693059628255 -1193.2707722385141551 -1212.4711632453568200 -1083.6759530791789530 -921.9164222873899917 -805.0522971652003434
-953.3751109336172931 -952.6638045793397396 -953.4449547390840962 -954.4230120695775668 -955.2493787717429541 -955.9516773162939671 -956.4357916222932090 -957.0020633652821971 -957.5179934327298952 -957.8361288604899073 -957.9775692225772445 -958.3254348597798753 -958.4693157614483425 -958.4375000000000000 -958.0565761448349349 -957.4886847710330358 -957.0889022009229166 -956.9778576499822975 -957.2361332978346127 -957.8332002129925513 -958.5539802981895718 -958.6952653532126760 -958.3859158679446182 -958.4059948526801236
-431.5884955752212591 -433.4513274336283075 -451.6762536873156364 -482.8753687315634124 -526.3148967551622945 -582.2359882005899863 -643.4107669616519161 -705.6386430678466013 -770.2345132743363365 -825.1563421828908531 -864.0803834808259580 -887.0663716814159443 -894.2942477876106295 -889.6039823008849226 -874.8303834808259580 -855.4387905604719435 -839.4314159292035811 -825.2514749262536498 -814.2500000000000000 -807.1592920353982663 -804.8613569321533987 -808.1216814159291744 -814.2485250737463502 -824.0250737463127280
-610.3399193548386847 -609.8076612903225850 -635.2241935483871202 -682.3564516129032427 -746.3733870967741950 -816.8624999999999545 -885.6693548387096371 -944.0197580645161679 -984.0576612903225850 -1001.5951612903226078 -1005.5120967741935374 -1001.1520161290322903 -989.2173387096773922 -976.8750000000000000 -967.2068548387096598 -962.6911290322581181 -964.1145161290322676 -969.5475806451612470 -975.7620967741935374 -981.2794354838709978 -984.2165322580644897 -983.2016129032258505 -981.1463709677419729 -976.8512096774193196
-1188.5595514307810845 -1261.6879350348028765 -1240.2772621809745033 -1147.5143078112914736 -1043.5947409126063121 -957.4423820572312707 -896.0595514307810845 -858.7397525135344267 -839.4416086620262831 -839.5494972931168149 -855.1968290796596648 -877.0506573859241826 -899.6434648105181395 -919.2424593967517694 -937.0100541376643832 -950.4829853054910700 -958.2525135344160390 -962.2942768754833196 -966.3623356535189259 -963.3054911059551841 -951.2238979118329780 -937.9671307037896213 -930.2857695282289114 -932.6655065738592612
218.9294419499679236 230.3181526619627846 241.5625400898011605 252.2854393842206662 262.1962796664528810 271.3187940987812681 279.5028864656831047 287.1571520205259844 293.7787042976266889 298.6561898652982450 301.3495830660679644 301.9358563181526733 301.4348941629249339 299.8428479794740156 296.7280307889672599 292.7902501603592214 288.0256574727389420 282.4092366901859918 276.1847338037203485 269.2937780628607811 261.4900577293136621 253.5048107761385552 245.2405388069275318 236.6183450930083438
-1268.5197512801755693 -1188.0771762984638826 -927.1682516459400176 -838.6459400146305825 -952.1174103877102652 -990.9480614484272110 -930.5709583028530005 -840.3610095098756574 -769.0662033650329477 -734.6258229700073343 -734.0936356986101146 -755.8792977322603974 -786.3423555230431248 -815.5811997073884640 -853.5427944403803622 -912.5007315288953578 -977.7611558156547744 -1052.9502560351133980 -1140.3869787856619951 -1174.3814923189465844 -1172.1869056327725502 -1168.4989027066569633 -1136.9923189465982887 -1065.5852231163130455
-542.5463917525772786 -505.8934707903779895 -463.4570446735395421 -421.2646048109965591 -367.0446735395188966 -309.5704467353951941 -245.8831615120274989 -179.7835051546391867 -110.9003436426116878 -40.2646048109965662 34.1821305841924428 105.5085910652920944 174.3676975945017205 235.8625429553264610 291.1855670103092848 333.0515463917525949 366.1512027491409071 386.4054982817869472 398.6185567010309114 396.3642611683848713 384.0652920962199346 364.6116838487972700 338.8144329896907152 307.6804123711340253
-1145.6947996589940431 -1002.7369991474851076 -836.4735720375106212 -718.9705882352941444 -656.9296675191816348 -646.4978687127024841 -681.6581415174765652 -742.9919011082694169 -817.4803921568627629 -936.3282182438192649 -1091.2199488491048669 -1173.0494458653026868 -1259.5443307757884668 -1278.5089514066496577 -1047.0954816709293027 -970.2664109121909632 -1128.7736572890025855 -1161.6675191815857033 -1030.2254901960784537 -870.1184995737424970 -752.0468883205455768 -685.3559249786870851 -670.7054560954816225 -697.0562659846547149
-1903.5526315789472847 -2086.8859649122805422 -1837.9298245614036205 -1360.5964912280701355 -804.0701754385964932 -346.9912280701754526 -148.3684210526315894 -186.7543859649122737 -621.9912280701754526 -1381.1315789473683253 -2006.2105263157893660 -2082.7807017543859729 -1809.2368421052631220 -1312.8596491228070136 -749.8508771929824661 -291.9298245614035068 -107.8333333333333286 -188.3859649122807127 -630.3508771929824661 -1396.9736842105262440 -2009.7719298245613118 -2044.0701754385963795 -1773.5526315789472847 -1306.6403508771929864
-983.0350701402805953 -995.5080160320641198 -1007.3772545090180301 -1018.3987975951903309 -1028.2580160320642335 -1036.4198396793588017 -1031.5591182364728411 -1016.9223446893787468 -971.7625250501001801 -915.6412825651302683 -856.4223446893787468 -794.1678356713426865 -737.4308617234469239 -688.0566132264528960 -650.2014028056112238 -626.7845691382765381 -616.3852705410821500 -612.8522044088176699 -614.1848697394789269 -620.5551102204408380 -630.7670340681362404 -645.0616232464930135 -660.6072144288576737 -678.7500000000000000
-888.1373992288819181 -918.4454959691553313 -979.6635120925341198 -1065.3073957237995728 -1159.2316859446195849 -1252.0620399579390778 -1254.9796705222572655 -1070.8068699614441357 -857.6018226428320759 -825.2488608482299242 -888.8047669120223873 -906.2481598317560838 -876.1724500525762096 -830.4111461619347665 -797.3203645285664152 -787.4588152821590938 -796.7770767613038743 -812.9982474588152854 -829.9127234490010778 -844.7455310199790119 -862.5538030143708284 -890.5022783035401517 -928.9064143007360599 -984.1713985278654491
-649.0574112734864229 -680.9613778705636378 -725.2682672233820540 -784.4206680584551350 -902.4342379958246738 -1096.3924843423799302 -1310.1962421711900788 -1429.3027139874739078 -1368.5354906054278672 -1267.0824634655532464 -1249.8695198329853611 -1190.8716075156576153 -1012.7066805845511226 -803.8329853862212531 -648.9759916492693037 -559.2212943632567885 -533.1012526096033071 -572.7797494780793386 -661.1555323590814623 -779.2787056367432115 -927.5574112734864229 -1113.3851774530271541 -1268.1002087682672936 -1348.1189979123173543
-777.6495219254862832 -831.8334981866139515 -927.1200131882624191 -1052.7662380481372111 -1137.8447082096934082 -1242.5443455324761999 -1261.7187603033301002 -1071.3841081437519733 -1007.3939993405869018 -1142.2878338278931096 -1165.6590834157600511 -1043.6973293768546682 -889.0817672271678020 -775.6076491922189007 -711.1839762611275546 -692.8714144411474081 -713.2898120672601863 -757.0098911968348148 -812.3184965380811491 -902.7200791295746285 -1027.0095614902736543 -1112.9475766567754818 -1195.7467853610287420 -1271.6871084734586930
-766.8077087794432600 -685.2334047109208086 -654.0826552462526706 -666.9473233404711436 -714.0749464668093651 -777.8620985010707045 -863.7918629550321157 -999.5807280513918158 -1141.3640256959315593 -1227.8591006423982890 -1334.0188436830835599 -1238.9169164882227960 -1027.9503211991434455 -1047.6591006423982435 -1160.6535331905781732 -1113.4291220556744975 -966.2835117773018965 -818.2912205567452020 -715.1387580299785895 -661.9404710920771322 -658.8428265524624976 -695.3794432548179429 -752.6702355460384979 -827.6616702355460120
-947.0537767557049165 -945.4096939678047420 -944.7060852644613078 -941.8240757120113358 -936.8955421899876228 -931.6626569962851363 -927.9234035025650655 -926.1005660711126666 -927.7386343534406024 -933.6477976295772123 -942.7968335397134751 -955.4971696444365534 -971.9833716610648935 -990.5734123474261423 -1008.6879532991332553 -1023.7388112506633888 -1034.6176366531044550 -1040.6481514240226716 -1041.7132496019812606 -1038.9043870511231944 -1033.0657173182380575 -1024.9914204846984376 -1014.1003891738899938 -1000.7564125243234230
-692.3860518292682400 -711.9096798780487916 -755.8410823170731874 -814.1646341463414274 -907.4020579268292295 -1044.9272103658536253 -1153.7378048780487916 -1255.5945121951219789 -1325.4535060975608758 -1153.4516006097560421 -986.7865853658536253 -1076.3780487804879158 -1152.4264481707316463 -1070.2248475609756042 -923.9310213414634063 -798.8205030487804379 -719.5926067073170316 -684.7560975609756042 -691.4180640243902189 -729.9024390243902189 -782.0205792682926358 -853.7538109756097811 -966.0998475609756042 -1067.8917682926828547
-856.1706917724109189 -848.9046254604993464 -853.5124846500204967 -865.7564469914040046 -882.3905034793286859 -907.6889070814572733 -960.5051166598444752 -1043.6512484650020269 -1127.4584527220629298 -1217.9091281211624391 -1284.7077363896848965 -1150.9525173966435432 -892.5288579615227036 -814.0736799017601015 -897.4891526811297808 -927.2320916905443937 -884.2672943102742238 -820.8743348342202353 -768.1854277527629620 -744.0589439214080585 -745.9537453950061945 -762.5116659844453579 -785.3700368399508989 -808.2161277118296994
-852.3473797947056028 -854.1021069692058063 -866.8101026472177182 -903.3633171258778702 -971.0918422474338740 -1083.8530524041059380 -1219.5864397622906381 -1239.3768233387359032 -1113.2879524581308033 -974.0078336034575841 -920.0437601296596313 -935.0696920583468454 -952.1118314424635400 -948.6048082117773674 -935.7928146947596133 -926.2079956780119119 -924.0113452188006704 -924.2558076715289417 -925.3252296056185742 -926.1658562938952173 -929.0683414370610080 -933.8157752566180534 -942.0548352242030887 -956.8128038897892793
-1159.8735657068630189 -1138.1487334920977901 -1030.3230136393158318 -925.7555747997402023 -872.8720502273218926 -866.1866204806235601 -885.7282961680017479 -912.3310240311756161 -934.9038752976834985 -952.1019701234033619 -961.6635635418921311 -966.8960814029010180 -968.2076206971205465 -966.5970989391643116 -963.2448581944144053 -961.5873565706863246 -963.1329292054557527 -965.5769647109764264 -969.4226022948689661 -971.9751028361116596 -972.7029660099589137 -973.4754275817276721 -970.7889153496428207 -967.2639099372158853
-1445.5735930735929742 -1393.5129870129869687 -1240.7878787878787534 -1130.2575757575757507 -1036.1774891774891785 -896.6774891774891785 -736.4632034632035129 -618.0173160173160340 -554.8722943722943910 -546.1926406926406798 -589.5779220779220395 -660.4437229437229462 -743.3658008658009066 -879.8268398268397732 -1115.8744588744589237 -1375.9480519480518979 -1490.6688311688312751 -1407.8095238095238528 -1319.0930735930735409 -1248.4155844155843624 -1102.7532467532466853 -896.2813852813852691 -724.9935064935065157 -620.1536796536796601
-672.1199601791936402 -640.7974116475858182 -610.5719263315081662 -571.5321055251368989 -536.3892483822797885 -495.2573419611746885 -466.4733698357391631 -441.7088103534096604 -416.5216525634643858 -395.9258337481334138 -380.3643603782976470 -364.4380288700846222 -351.0940766550522767 -339.1453459432553359 -329.4639123942259857 -323.7605774016923874 -321.4763563962169997 -321.7396714783474181 -323.5226480836237215 -327.0443006470881073 -331.0179193628670760 -335.0736684917869752 -340.5002488800398055 -347.0861124937779891
-745.4756380510440295 -734.7556071152358754 -724.6225831399844992 -714.9559164733178704 -695.1345707656612376 -678.6705336426914528 -657.9319412219643937 -633.2474864655839610 -606.2474864655839610 -580.7138437741685948 -558.7115235885537459 -541.5491105955143212 -533.7470997679814673 -536.5699922660479615 -553.7803557617942261 -585.7996906419180050 -633.7238979118329780 -697.4385150812064467 -770.7455529775714922 -840.9512761020881726 -901.5506573859241826 -946.1144624903325848 -967.3232791956689880 -966.4284609435421771
-703.2249597832528707 -702.0540174413681598 -701.3950554567775271 -701.0684108034882911 -701.0938108542883356 -701.2758445516891470 -701.8983151299636347 -703.0624841249682504 -704.3036152738972078 -705.7042587418508219 -707.0538481076962398 -708.2277537888409142 -709.3308779950892813 -710.3036152738972078 -711.5409364152061471 -712.5564304461942129 -713.0954195241723710 -713.5088476843620811 -713.7602235204470844 -713.6570146473626437 -713.7158580983829097 -714.1131995597324931 -714.8715604097874348 -716.1437642875285974
-873.8889217571364725 -871.7520090716363939 -871.7435290637479284 -872.9370408716658858 -874.5625400581767508 -876.2151062466105031 -877.5490805107725691 -878.3685352265443953 -878.6705615540107601 -878.9410836661243138 -878.8279347236601780 -878.5326135187102636 -878.3573928905980210 -878.2330030074446086 -878.3503426514815828 -878.5614061036335443 -879.2961100428930195 -880.3155351772420545 -881.6223931371098388 -883.2919686436918028 -885.2136271754671952 -887.3242616969876053 -889.5642163388058634 -892.2217127643839376
-1175.2024021352312957 -1274.6725978647687043 -1211.3727758007116790 -1085.0929715302490877 -1137.9292704626334398 -1216.9346085409251828 -1143.0596085409251828 -972.5057829181495208 -815.6708185053380475 -714.2224199288256159 -665.9946619217081434 -666.8087188612099681 -709.2464412811388002 -768.5133451957295847 -852.5653914590747036 -990.6441281138789918 -1134.3158362989324814 -1201.6841637010675186 -1303.1125444839858574 -1260.3211743772242244 -1009.1677046263345119 -940.4350533807829606 -1053.9697508896797444 -1081.1654804270463046
-934.2208865514650142 -802.4477836213372939 -716.2753568745304165 -677.9842223891810136 -681.0961682945154507 -718.3076634109692122 -774.3824192336588794 -847.3925619834710687 -963.6660405709992574 -1093.8786626596543101 -1163.5323065364386821 -1269.6915852742299649 -1237.5293012772351631 -1005.6570247933884730 -988.5548459804658705 -1146.5905334335086536 -1155.7193839218632547 -1022.9684447783621408 -868.6431254695717143 -756.7809917355372136 -693.9477836213372939 -679.7456799398947851 -704.3568745304282857 -750.6318557475582338
-774.5491129381219935 -733.6460406750325092 -715.4305495456512745 -718.3093898745131582 -736.9164863695369831 -761.0930333189095336 -792.3704024231934682 -837.2617914322803472 -893.2877542189528413 -950.1068801384682274 -1022.4192990047598641 -1084.1064474253569188 -1107.3660752920814048 -1159.7598442232799698 -1197.4244915620943175 -1130.1999134573777610 -991.3119861531804418 -876.4249242752055125 -815.3582864560796679 -797.4335785374296393 -809.3414106447424956 -834.5794028559065509 -864.2903504976201248 -899.4638684552141967
-714.9711191335740068 -699.0364292746963883 -717.7282573022645238 -759.7384312438464349 -812.8171972431899803 -896.2812602559895367 -1022.9218903839841914 -1126.1214309156548552 -1201.9816212668197295 -1293.3160485723662987 -1149.0981293075155918 -952.4745651460452791 -1029.4965539875286140 -1139.3006235641614694 -1084.1690187069248168 -949.1926485067278918 -824.5264194289464967 -744.1411224154905995 -707.3954709550376947 -710.4647193961272933 -742.0301936330816943 -783.9776829668526261 -842.8703642927470128 -939.8280275680997420
-1007.7612537512503650 -1010.1693897965989208 -994.9843281093698124 -964.3044348116038691 -922.4268089363121135 -874.5268422807602064 -826.5045015005001687 -782.9849949983328088 -746.1850616872291084 -720.2050683561186588 -704.9233077692564393 -699.5791930643547403 -701.1277092364121017 -707.5855285095032059 -717.9219739913304466 -728.6222074024674384 -740.1657219073024407 -753.1370456818939374 -764.7719239746581934 -777.4394798266088173 -790.2447482494164888 -801.9149716572190982 -812.5971990663554152 -822.5398466155385222
-841.9818757192174417 -833.9958764863828264 -838.5931146912159875 -852.1005945531261432 -869.5719217491368909 -888.6166091292673173 -906.2925776754890421 -922.9236670502493780 -938.4818757192174417 -951.5840046029919677 -960.7468354430379804 -966.9905063291139413 -971.7518220176448267 -974.4929996164173645 -975.1660912926736273 -974.1907364787111874 -971.9761219792865177 -968.0155350978135402 -962.4462984273110351 -956.8345799769850828 -952.0891829689297765 -948.2791522823168862 -946.0032604526275009 -945.5331799002684647
-685.6188427618842525 -680.1961712196170993 -678.0206496020649638 -677.7042374704237773 -679.1877823187782042 -682.5394708539471367 -688.1615401161540149 -694.2553237255323211 -703.0989460098945756 -713.5267799526779982 -725.6005592600558884 -740.4338567433857179 -756.2957625295762227 -774.4609593460959331 -792.8152290815229435 -810.3768552376855041 -826.6588513658850843 -841.4633254463325329 -854.0862551086255507 -864.1836954183695525 -873.3878253387824770 -880.2284362228435839 -884.6001290600129323 -887.4459023445901948
-886.7535211267605746 -900.3785211267605746 -915.3292253521126440 -930.1725352112675864 -946.7544014084506898 -957.8415492957745982 -957.7403169014085051 -961.0580985915493102 -948.5748239436619542 -915.4630281690141373 -855.8758802816901152 -795.0096830985914949 -720.5140845070422984 -640.9612676056337932 -576.3943661971831034 -514.2042253521126440 -458.3151408450704025 -415.3917253521127009 -383.2931338028168966 -361.1769366197183331 -349.8503521126760347 -345.4709507042253449 -343.6716549295774712 -344.3934859154929313
-937.4933587401221757 -937.2338452054026448 -937.5329821218405186 -937.1858992321919004 -936.5219693997646573 -935.5710362607185289 -934.7493414784509014 -934.2637448859496772 -934.2958302975956713 -934.4699041640980113 -934.7958583197893176 -935.3622709185675603 -935.9460292551700604 -936.4845037269517434 -936.9564535111808254 -937.0978815221656077 -937.1013002297819412 -936.8705654878664291 -936.4603766182816571 -935.8310261727287980 -935.2353584038557983 -934.6607913467465778 -934.5249677744774317 -935.3208821386538148
-247.9431554524362014 -243.1888631090487252 -239.0904872389791080 -236.1870069605568574 -235.7422273781902504 -236.2324825986079020 -237.5067285382830562 -239.2575406032482590 -239.9890951276101987 -239.4935034802784344 -238.8800464037122993 -237.7672853828306359 -236.2958236658932663 -236.1290023201856059 -233.4512761020881726 -232.3412993039443109 -231.2215777262181007 -229.9445475638051164 -229.2139211136890822 -228.6443155452436145 -228.0489559164733180 -229.7918793503480401 -231.4802784222737841 -234.3496519721577727
-1051.3919778699862491 -1029.2970954356846960 -973.5789764868602560 -909.0918395573996804 -852.7737206085753314 -810.3601659751037687 -780.1524204702627685 -763.3466113416320695 -760.2000000000000455 -769.9394190871369119 -787.6796680497925536 -809.9510373443982871 -833.3919778699861354 -853.2329183955739609 -868.8746887966805161 -883.2556016597510506 -894.4105117565698038 -902.4929460580913201 -908.0893499308436958 -912.5485477178423253 -916.5095435684647782 -920.4655601659751483 -922.9881051175657376 -928.2982019363762447
-828.4262574595055639 -827.3307757885762612 -821.7647058823529278 -818.1031543052002917 -796.1270247229326742 -770.5311167945438910 -721.5251491901108238 -665.8260869565217490 -600.8022165387894802 -537.7902813299232321 -464.2847399829497022 -410.8073316283034728 -361.4867860187553106 -335.5242966751918061 -316.9684569479965717 -303.1909633418584917 -295.4219948849104753 -289.9488491048593346 -287.2949701619778580 -284.6734867860187705 -283.0119352088661344 -284.0136402387041699 -287.5490196078431495 -294.8976982097186692
-973.6324257425742417 -981.3895420792078994 -989.3913985148515167 -994.8270420792078994 -996.3564356435643958 -997.9656559405940470 -1000.4780321782178589 -1004.3883044554455637 -1011.4022277227722952 -1019.3248762376238119 -1028.9195544554454500 -1040.6875000000000000 -1050.5077351485149393 -1057.7144183168315976 -1057.4303836633662286 -1042.3576732673268452 -1001.6704826732673155 -939.1463490099009732 -870.1683168316831143 -803.2193688118811679 -747.1810024752475101 -707.8053836633663423 -690.0773514851484833 -694.0810643564356042
-768.8638793694310607 -760.3333790267306540 -758.0751199451678985 -760.1141877998629752 -765.6864976010966757 -775.0122001370801854 -787.3871144619602092 -802.4763536668950792 -818.2870459218643191 -834.3207676490746962 -849.9113091158327506 -864.9052775873885821 -878.5935572309800818 -890.0016449623029757 -899.7617546264564226 -908.7847840986977417 -916.5314599040439134 -921.9498286497600930 -924.5381768334475510 -925.2611377655928209 -924.2982864976011115 -922.6838930774503069 -921.6505825908155884 -921.7347498286497967
-20.9164345403899716 -34.9442896935933121 -46.4428969359331489 -62.8844011142061277 -81.3690807799442837 -99.7116991643454043 -117.0863509749303688 -137.2674094707520851 -162.9777158774373333 -197.0306406685236880 -238.1183844011142128 -286.7646239554317731 -346.0529247910863546 -417.6490250696379007 -492.0584958217270355 -569.9345403899721987 -648.6476323119777589 -712.1211699164344964 -751.7381615598885674 -796.8718662952645673 -810.2284122562674611 -831.0779944289693049 -832.6490250696379007 -842.8259052924790922
-835.1615429234338990 -832.1264501160093232 -826.6658932714617549 -818.2015661252900145 -807.2703016241299565 -794.3929814385151076 -779.1424013921114238 -761.2549303944315398 -741.7502900232018419 -721.3523781902551946 -701.7267981438515108 -683.6505220417633382 -666.1470417633411216 -651.3686194895591370 -639.1380510440835678 -630.3280162412993377 -624.2180974477957989 -621.7581206496520281 -622.8889211136890935 -625.7497099767981581 -629.8387470997679429 -634.9475058004640005 -639.6522621809745033 -644.9843387470997413
-980.3778801843318433 -984.8835799175358261 -985.4480960465680255 -980.6745088527770804 -970.2249575551783209 -955.6232112539413492 -937.0624545234053357 -917.5982294445791467 -897.8784865389279730 -879.5699733203978212 -863.6595925297114036 -850.9745331069609620 -841.4571913655105391 -835.3042687363570167 -832.5276497695853095 -832.5299539170506478 -834.3773951006548941 -837.4431239388794666 -840.9774436090225436 -844.3515643948580873 -847.6802085859810632 -851.8492602473926354 -857.9911472228959610 -866.8668445306815329
-749.2077294685990410 -789.3719806763284623 -815.6642512077294214 -813.2439613526570383 -795.8913043478261216 -747.7439613526570383 -690.3164251207729194 -664.8043478260869961 -629.3285024154589564 -593.2004830917874187 -554.3212560386473342 -516.3985507246376301 -448.2801932367149789 -369.7004830917874187 -263.9057971014492523 -159.2560386473429901 -67.4396135265700423 -2.3719806763285023 39.5048309178743935 73.5217391304347814 94.7077294685990267 107.4057971014492807 116.5483091787439633 124.2995169082125670
-233.5376344086021447 -227.7240143369175769 -218.5681003584229529 -210.9731182795698885 -211.6164874551971309 -221.1827956989247355 -241.7974910394265180 -279.0215053763440665 -333.6379928315412258 -404.4569892473118102 -481.7562724014337050 -551.6792114695340388 -600.5340501792114765 -666.3333333333333712 -753.2078853046594986 -749.1003584229390526 -713.2956989247311412 -625.0448028673835097 -599.3369175627240111 -445.7903225806451815 -338.0501792114695263 -335.8924731182795540 -267.3996415770609474 -250.9139784946236489
-1310.9629629629630472 -1504.1851851851852189 -1561.6969696969697452 -1471.0437710437711303 -1309.9326599326600444 -1142.8956228956228642 -958.8552188552188227 -776.3232323232323324 -640.6902356902356814 -565.1212121212121247 -533.9225589225588919 -549.6363636363636260 -608.4781144781144349 -684.2727272727272521 -749.4848484848484986 -816.3030303030302548 -956.8653198653198615 -1184.1717171717170913 -1387.6195286195286371 -1462.0909090909090082 -1459.3939393939394904 -1405.8383838383838338 -1281.5589225589226317 -1101.6296296296295623
-641.6139705882352473 -635.9522058823529278 -627.3088235294117112 -577.3186274509804434 -507.0477941176470722 -429.7389705882353041 -343.4362745098039227 -256.2524509803921546 -196.0906862745098067 -149.3247549019607732 -125.2414215686274446 -117.5833333333333286 -114.4730392156862706 -114.6323529411764639 -117.6066176470588260 -119.1372549019607874 -119.7034313725490193 -122.0514705882352899 -123.4436274509803866 -124.3688725490196134 -127.4730392156862706 -133.4705882352941160 -142.9154411764705799 -154.9718137254901933
-885.0855921718591617 -875.8003599145202998 -873.3046901360926313 -873.2726352491283706 -871.9150826678663861 -869.5654032167360583 -867.3461927792149027 -866.5755258126195031 -867.4345967832639417 -869.7211787200540130 -873.4510178832526890 -878.8626701158474361 -886.3893825216511004 -896.4775615791249948 -909.9492745472949764 -926.6423349454504432 -946.0969519739062434 -967.1814194128894542 -988.6320998762794261 -1006.2232594758744426 -1017.1987402991788940 -1020.9029355528061842 -1017.9817793274097539 -1008.5533685749634287
-1114.3014804845222443 -1065.4239569313592710 -957.9919246298788948 -817.1588156123822273 -701.7765814266487041 -630.1911170928667616 -606.1911170928667616 -624.8963660834455141 -671.3889636608344063 -729.5195154777927655 -816.8142664872140131 -985.6137281292059242 -1211.7429340511439477 -1410.4024226110363998 -1427.5222072678332097 -1353.9448183041722586 -1340.9327052489904872 -1265.7200538358008544 -1044.8519515477792083 -822.7698519515478210 -660.5935397039030477 -561.0497981157469667 -521.9219380888290516 -548.4791386271871261
-985.2429965875724065 -990.3486231251488334 -994.2245059915879892 -996.3416395524164955 -997.6354257598603681 -997.8146178874692396 -997.5412268867549983 -997.1343544163161141 -995.7603364812316613 -992.3014046504246153 -985.8001745893183170 -977.3631457820807782 -967.7835886040790001 -955.0718990556305243 -938.5238473137052324 -920.5144829775414337 -902.8041425283707895 -888.3024363145782445 -879.6210618204904677 -876.4989286564558597 -878.8208872311721507 -884.0381715736846218 -891.0040472978334947 -901.0791207047059288
-886.0668371886121122 -887.1163256227757756 -898.7439946619217608 -918.5824065836299042 -943.6491325622776003 -971.6337855871886404 -1000.3312944839857437 -1025.6046485765125453 -1044.6456850533807028 -1054.6501334519573447 -1056.3400800711742704 -1051.3304048042705290 -1041.5173487544484487 -1029.6023131672598083 -1018.2726868327401917 -1009.4973309608541285 -1002.6926156583630245 -998.9094750889679517 -997.9127001779359034 -998.7548932384341924 -1000.2485542704625914 -1000.5665035587188640 -998.1778247330960312 -991.9304937722420163
-959.4765404183153805 -960.8575466365177817 -964.6421707179197256 -969.3742227247032588 -973.1498021481062324 -976.1577162238552319 -980.1260599208592339 -988.1006218202373930 -997.6710005652911377 -1006.0033917467495712 -1011.8462408140192110 -1011.2272470322216122 -993.9400791407574616 -954.5997738835500286 -898.1509327303560895 -828.6749576031655806 -755.8021481062747853 -687.5178066704352204 -628.7959299039005145 -579.5127190503109205 -543.0994912379875359 -521.5347654041831902 -512.0864895421142364 -514.7976257772752433
-851.0456852791878646 -847.5867423111376411 -833.0713645864436785 -808.7951627351447996 -786.6345177664974244 -775.5697223051656692 -774.9725291131680933 -780.9752164825321188 -792.2227530606151049 -806.9779038518961443 -827.1710958495073100 -858.6109286354135293 -913.9635712152881979 -994.8357718722006666 -1089.6584054941772592 -1175.8805613616004848 -1200.1875186622871752 -1152.4057927739622755 -1086.1710958495073100 -1030.7118542848611469 -980.3789190803224756 -931.7300686772171048 -895.9119140041804030 -878.3550313526425271
-243.1052631578947398 -254.4360902255639019 -287.3815789473684390 -347.4078947368420813 -430.0676691729323124 -527.2443609022556075 -628.0977443609023112 -692.5281954887218490 -761.2988721804510988 -765.6146616541353751 -767.3026315789473983 -713.5921052631579187 -679.9360902255639303 -575.8270676691729477 -484.1203007518797108 -433.7124060150375726 -371.0112781954887282 -331.6804511278195378 -246.4642857142857224 -218.6353383458646533 -179.6278195488721678 -161.8533834586466185 -169.8966165413533815 -188.8552631578947398
-983.2910734463276867 -993.3186440677966402 -1001.5407909604520000 -1007.7229378531073962 -1012.5157062146893168 -1012.6621468926554144 -1012.4693785310734029 -1011.4673446327683450 -1007.1279096045198003 -998.6630508474576118 -979.8723163841807491 -948.1952542372881680 -908.6183050847457707 -868.7256497175141021 -832.9482485875706743 -803.5380790960451804 -782.7143502824858388 -770.2223728813559092 -765.1950282485876187 -766.2445197740113372 -771.3414689265537163 -778.4720903954802225 -787.1322033898304653 -798.0262146892655437
-821.9472166137871909 -810.3048745312950132 -809.5318719353908818 -816.0213441015287117 -829.8603980386501462 -852.3363138159792243 -890.2347851168157149 -954.1468128064609573 -1045.5595615806173555 -1162.1569079896164567 -1248.9743293914045807 -1223.7294490914334801 -1124.1058552062302169 -1056.3207383905394181 -1036.3415056244591597 -1015.0377848283818594 -973.0576867608883731 -929.2114219786559488 -899.4678396308047468 -885.7196423420824658 -883.2763195846553117 -886.7528122295933599 -894.6426305162965491 -905.8488606864724488
-755.4798464491362893 -825.1391554702495341 -955.4961612284068906 -1142.3963531669865006 -1329.8378119001920368 -1423.7312859884837053 -1346.2783109404990682 -1237.5902111324376165 -1228.6621880998079632 -1181.8877159309020044 -1015.2034548944337757 -811.5105566218810509 -658.4337811900192037 -569.8099808061419935 -543.1957773512475569 -580.4856046065259534 -663.1996161228406663 -762.2082533589251625 -894.2965451055662243 -1083.5566218809981365 -1267.0182341650672697 -1365.6948176583493932 -1370.2754318618042362 -1229.1449136276391982
-1069.5204806116876171 -1132.8836701256143442 -1182.8279628618240622 -1213.8268705625341681 -1203.4926269797924760 -1098.6499180775531386 -970.8164937192790376 -921.6897870016384786 -900.0103768432550169 -846.0780993992353842 -782.0786455488804449 -730.8257782632441604 -700.6302566903331126 -696.7957400327690038 -711.1649371927908305 -736.3872200983068979 -764.4560349535772730 -790.9219006007646158 -819.2812670671763726 -848.3358820316766469 -875.6865101037684553 -908.7815401419989030 -935.8241398143090919 -965.5800109229928694
40.1790835956628172 44.5662819167541073 47.4018887722980082 49.6911507520111897 51.0192374956278414 51.8999650227352234 52.4239244491080782 52.7264777894368635 52.7012941587967845 52.7191325638335115 52.3105981112277050 51.7513116474291692 51.1993704092339996 50.5120671563483725 49.8009793634137807 48.8230150402238579 47.6253934942287529 46.5816719132563861 45.2938090241343119 43.9849597761455087 42.2913606155998636 39.6047569080097901 36.2437915355019271 32.1920251836306406
-1162.1315952824331816 -1102.7554314090627940 -1185.8590937306021260 -1231.3674736188702354 -1120.3525760397269551 -942.1042830540037585 -793.7690875232774488 -697.9776536312849657 -661.8671632526380790 -677.5127250155182992 -725.9267535692116553 -788.1073867163252089 -884.9894475481067957 -1039.6772191185598331 -1173.5574177529483677 -1226.8578522656735004 -1314.4897579143389521 -1202.9155803848541382 -921.8628181253880030 -903.3109869646182233 -1048.9888268156423692 -1057.7212911235258161 -960.0962135319676918 -839.5400372439478360
-918.6096822995461935 -894.6694402420574761 -828.2254160363086157 -755.6996974281391886 -690.3449319213312947 -624.3055975794251253 -568.0665658093797674 -527.1232980332829356 -496.7337367624811009 -478.3214826021180102 -472.0461422087745973 -473.0355521936459695 -481.7118003025718735 -495.5468986384266259 -511.6936459909228461 -529.4561270801815454 -543.7004538577912172 -559.7602118003026135 -576.0537065052950538 -590.5045385779122853 -605.2276853252647015 -621.1104387291982221 -636.7284417549168438 -649.5816944024205668
-382.1896551724137794 -384.9137931034482563 -374.5172413793103487 -369.3103448275862206 -360.3620689655172669 -346.3103448275862206 -361.8620689655172669 -362.1551724137930819 -380.5689655172413950 -404.0517241379310462 -439.3448275862069181 -492.5862068965517437 -521.1379310344827900 -548.9827586206896513 -569.2931034482758150 -615.8275862068965125 -668.7586206896551175 -763.3965517241379075 -808.8448275862068613 -582.3103448275861638 -2336.0172413793102351 19.1551724137931032 -372.9482758620689538 -238.1206896551724128
-856.7670623145401123 -838.6027448071216668 -832.1064540059346655 -830.2815281899110005 -824.6413204747774444 -818.1910237388724454 -812.8438427299703335 -807.7325667655786674 -803.0734421364985565 -796.2147626112760008 -787.2303412462907772 -777.5155786350148901 -769.2422106824925550 -762.6721068249257769 -760.8987388724035554 -766.5448813056380004 -782.5378338278932233 -813.2214391691394439 -864.6772997032641115 -937.7529673590504444 -1020.7255192878337766 -1092.5890207715133329 -1149.2066023738873355 -1148.6105341246291118
-872.5502392344498048 -885.6590909090908781 -901.7049441786283523 -930.6961722488038049 -985.2619617224880813 -1061.4182615629983957 -1136.0291068580543197 -1222.8887559808613332 -1262.9401913875597074 -1104.2635566188198482 -868.6020733652312629 -801.0717703349282601 -869.0853269537479946 -898.3923444976076098 -869.1024720893142330 -819.5530303030302548 -779.1610845295056151 -763.5933014354067154 -769.1718500797447859 -784.8775917065390786 -802.3947368421053170 -818.4944178628388727 -838.1483253588517073 -872.5661881977671328
-111.0384138785625794 -95.2317224287484549 -90.4894671623296176 -92.8413878562577395 -96.5179677819082968 -101.8475836431226753 -109.4299876084262735 -114.6133828996282489 -118.1920693928128827 -119.9231722428748412 -121.5377942998760830 -126.2180916976456047 -132.8674101610904472 -145.1635687732342035 -166.9888475836431212 -196.7831474597273882 -239.5625774473357978 -294.7843866171003810 -359.3209417596034427 -433.2267657992564978 -509.5960346964064343 -596.0408921933085367 -663.6542750929368140 -699.9268897149937629
-911.2313218390804650 -929.4066091954023250 -952.5632183908046500 -979.1889367816091863 -1006.8089080459769775 -1037.0107758620690674 -1067.8211206896551175 -1095.6300287356320950 -1116.4698275862069750 -1137.0158045977011625 -1152.5545977011495324 -1163.6738505747125600 -1171.0445402298851150 -1177.8110632183907001 -1183.7909482758620925 -1186.8599137931034875 -1187.5761494252874400 -1181.6673850574711651 -1167.0783045977011625 -1139.3915229885058125 -1100.7277298850574425 -1051.6056034482758150 -1001.3448275862068613 -952.6127873563218600
-883.9854553591407011 -912.6048332960393736 -970.4309688968448881 -1056.9624076974714626 -1157.8277019467441278 -1202.7053031998209462 -1153.9138509733720639 -1080.7726560751846137 -1032.5864846721860886 -1009.5914074737078181 -992.9266055045872008 -974.4949653166256667 -960.9644215708211732 -955.1479078093533417 -955.4967554262698286 -959.7795927500559401 -964.6345938688745036 -970.1311255314387836 -974.4929514432759561 -976.6912060863727447 -976.8776012530767048 -979.2078764824345853 -984.0004475274110973 -990.2125755202506525
-985.6868924889542996 -972.3413843888071142 -944.8544918998527464 -920.0185567010308887 -905.6000000000000227 -899.8300441826214637 -897.4394698085419577 -895.3673048600883249 -893.5119293078056444 -892.5493372606774756 -902.4712812960235624 -937.7472754050073718 -1004.2494845360824911 -1108.6044182621501477 -1241.2406480117820138 -1261.5284241531664975 -1099.0088365243004773 -900.8868924889543450 -845.8972017673048640 -906.3234167893962194 -944.9511045655375483 -933.4191458026509736 -901.2017673048601409 -873.4544918998527692
-218.1681159420289760 -225.7236714975845473 -236.9652173913043498 -253.9256038647343132 -278.1739130434782510 -310.6705314009661834 -349.8743961352657266 -397.2917874396135289 -451.4521739130434526 -511.2396135265700536 -576.3874396135265670 -644.6270531400965638 -711.9004830917874642 -762.5739130434782282 -797.3999999999999773 -827.6753623188405982 -847.8222222222221944 -869.9429951690821099 -888.9584541062802145 -903.1623188405797009 -909.7227053140096587 -928.5178743961353121 -917.2038647342994864 -914.2608695652173765
-848.9858260346326233 -847.0409841545764493 -846.0618439526642760 -845.6178378016982151 -844.8858059771343960 -844.0869158253660771 -842.8846693855720105 -841.1389316039312689 -839.2901651400682113 -837.9301330480711840 -836.7637226716587975 -835.7316975329276829 -834.6091462191616301 -833.4407300929331086 -833.1590559604198916 -833.2411579862272220 -833.6205121347863951 -834.3171759042588747 -835.7133783512736045 -837.1510329611553516 -838.8920238015645054 -840.8610015377415721 -842.7786320786253782 -845.7068262352075863
-430.2070707070707272 -425.8178335074886718 -424.2617554858933886 -423.1010101010101039 -422.8127830024381524 -424.1861720654824239 -425.0606060606060623 -425.9261581330546846 -425.7739463601532748 -426.0776732845698120 -425.8589341692789958 -425.3861024033437843 -424.4892023685127356 -424.1880877742946723 -423.7295367467781375 -423.3110414489725031 -423.5052246603970616 -423.7648902821316597 -424.2277951933124314 -425.7877046325322112 -427.3498780912573807 -429.5926506443747712 -433.3005921281783230 -437.9362591431556666
