-0.4554455445544555 19.0335110434120338 22.9367859862909356 -19.8012185833967997 -113.8339680121858351 -231.3731911652703843 -415.6679360243716701 -695.7547600913937913 -1053.4752475247523762 -1514.8050266565116999 -2110.0266565118049584 -2812.4805788271132769 -3361.3869002284845919 -3267.3023610053314769 -2313.0030464584920082 -919.3747143945163316 421.6846915460776586 1584.3518659558262698 2389.2856054836252042 2631.0251332825591817 2407.8050266565119273 2006.6161462300076437 1639.1530845392230731 1350.6717440974866804
4896.4049247606017161 1476.4596443228454064 -2125.7428180574556791 -3092.2038303693570924 -3306.1354309165526502 -3904.7058823529409892 -4436.6949384404924785 -4865.7209302325582030 -4973.6128590971275116 -4900.6374829001370017 -4697.5854993160055528 -4264.4145006839944472 -3584.1559507523938919 -2022.9288645690835438 690.9890560875512620 2844.3023255813955075 3116.5088919288646139 2291.0369357045142351 1335.7660738714089348 680.5376196990423523 381.2530779753761863 234.2476060191518457 185.2407660738714128 178.0465116279069662
-4795.5470790378003585 -5387.2233676975947674 -5773.5649484536079399 -5851.3931271477658811 -5714.3250859106528878 -5279.0268041237113721 -3972.0838487972509938 -582.4487972508591156 3315.8089347079039726 4517.9326460481097456 3414.8295532646047832 1959.0907216494845215 929.1841924398624997 445.4542955326460287 276.3360824742268278 208.3223367697594597 176.0027491408934850 173.7704467353951827 193.4144329896907095 197.0632302405498422 181.1154639175257728 205.2969072164948443 295.7910652920962207 480.0116838487972473
8113.8554437328457425 7808.5791399817017009 4057.2250686184811457 -1991.0567246111618260 -4326.8874656907591998 -4168.3092406221412602 -4714.2451967063125267 -5248.5809698078683141 -5759.0814272644101948 -5911.1335773101554878 -5732.3851784080516154 -5458.4272644098809906 -4605.4611161939619706 -2035.1143641354071860 1779.6935041171088869 4167.3595608417199401 3950.5489478499544020 2391.9002744739250375 1191.5937785910339244 625.4638609332113219 357.7127172918572455 301.2387923147301194 259.7099725526074963 219.0905763952424650
-143.9781736076267009 -177.8743100852985322 -227.0135474159558555 -290.8657802308078431 -371.3667837431008252 -443.2649272453587628 -436.3497240341193901 -281.4856999498243795 67.3048168590065217 629.0030105368790601 1279.3780732563973288 1717.7927747114902104 1680.2634219769192896 1197.7654290015052538 621.7862518815855992 234.9430506773707918 45.7262920220772671 -21.4912192674360263 -19.8294029101856495 -1.4929754139488209 13.4543401906673363 33.9528349222277939 43.7323130958354227 42.5948319116909175
10.7421171171171164 -995.3164414414414978 -1661.5349099099098567 -1825.2207207207206920 -1509.2274774774775778 -931.3581081081081265 -472.3930180180180400 -233.4988738738738618 -140.5033783783783861 -114.6497747747747695 -91.1846846846846830 -72.7421171171171181 -69.7500000000000000 -68.5675675675675649 -68.8141891891891930 -104.4921171171171181 -220.3040540540540633 -510.0912162162161962 -1076.2162162162162531 -1962.6159909909908947 -3294.8783783783783292 -5254.6486486486483045 -7041.7376126126127929 -6366.9076576576580919
-3056.5700451904453985 -3127.8411878631372929 -3044.1452550032277031 -2820.2937378954165979 -2598.3666881859262503 -2414.2085216268560544 -2275.8896061975469820 -1669.1975468043899582 -574.5080697224015012 488.8360232408005004 2413.4932214331824980 3500.8941252420918318 1897.1446094254358741 532.9845061329890541 375.9741768883150144 195.1491284699806386 136.7591994835377704 110.3686249193027749 77.5990961910910215 100.8011620400258295 92.5061329890251756 92.4389928986442868 105.2362814719173656 104.2666236281471868
-2600.2018401380105388 -2509.7515813686027286 -2436.0534790109259120 -2404.3599769982747603 -2342.6089706728002966 -1938.3893041978149085 -803.9752731454858576 232.8389879240943117 1763.0736055204140484 3453.5267395054629560 2588.0868315123634602 951.3801035077631241 621.7239792984473752 395.3036227717078646 215.7159286946520922 157.3703277745831031 74.5376653248993648 103.1656124209315664 121.0488786658999487 107.1477860839562908 97.7952846463484775 98.4560092006900476 103.4709603220241547 146.9482461184588828
-3752.6538461538461888 -6134.0015384615380754 -8388.1476923076916137 -7645.7523076923080225 -3354.2784615384616700 1130.7461538461539021 2984.9307692307693287 3827.2953846153845916 4500.6661538461539749 4700.6800000000002910 4992.2769230769226851 5143.6000000000003638 5241.8630769230767328 5296.4876923076926687 5085.5784615384618519 4078.3723076923079134 1510.4338461538461615 -1609.0292307692307077 -4024.4984615384614699 -4837.2907692307690013 -3573.7430769230768419 -1855.6446153846154630 -947.7553846153846280 -533.8092307692307941
4712.3279839518554581 4841.7452357071215374 4887.7472417251756269 4900.9769307923770612 4877.4302908726176611 4633.7392176529592689 3189.2016048144432716 329.4643931795386038 -2807.3420260782345395 -4796.6499498495486478 -4234.1243731193580970 -2203.7983951855567284 -815.7382146439317694 -263.0140421263791382 -155.6890672016048143 -157.2948846539618728 -112.3711133400200595 -89.8736208625877566 -76.8194583751253788 -85.4343029087261812 -115.9989969909729126 -200.7101303911735215 -471.1825476429287960 -988.0782347041123330
597.3989108236895618 294.0435670524166198 218.1756296800544703 179.9979577944179709 139.6017699115044195 128.7263444520081634 111.3723621511232125 104.9257998638529585 98.7882913546630306 98.6181075561606519 103.8978897208985757 109.7018379850238290 137.9788972089856998 171.6453369639210393 291.8236895847515484 508.8754254594962276 916.4111640571817361 1691.0108917631041550 2709.7249829816200872 4377.7685500340367071 5849.4227365554797871 6051.5221238938056558 4639.2055820285904701 852.4506466984342978
-155.6564962618710979 -161.8844210951707510 -166.8729036168923017 -122.3606789250353586 18.0377854111941822 293.3085471812487413 701.1763992725802837 1170.5938573449182059 1499.8421903414830467 1461.6144675692059991 1087.1483127904627963 635.1266922610628853 292.7165083855324497 95.9777732875328411 12.8040008082440906 -6.2917761163871493 -1.2929884825217215 15.4360476864012934 29.3962416649828242 36.2768236007274183 41.5910284906041596 36.2319660537482306 31.7185289957567171 29.3901798343099614
-154.0065010835139105 134.3587264544090658 479.4302383730621955 951.7346224370728578 1410.3282213702284480 1404.3148858143024427 1028.5285880980163711 668.6429404900816280 344.0878479746624521 93.2682113685614240 -22.2918819803300536 -49.3565594265710956 -30.3785630938489746 -14.2870478413068849 -1.2942157026171028 15.8409734955825972 25.0665110851808635 32.4875812635439232 37.5877646274379060 36.8146357726287690 36.1168528088014682 38.2828804800800100 44.1531921986997844 59.1366894482413770
1488.8095676172952153 2471.2539098436063796 4063.5952161913523923 6657.8537258509659296 8165.4241030358789430 7733.7442502299909393 3866.9724011039556899 -2092.4737810487581555 -4256.7194112235511056 -4124.4222631094753524 -4709.3321067157312427 -5294.0018399264026812 -5889.5372585096592957 -6090.4940202391908315 -5947.3983440662377689 -5625.1977920883164188 -4759.6071757129711841 -2173.8334866605337083 1826.9503219871205602 4212.2355105795768395 3933.8031278748849218 2520.9540018399266046 1318.0055197792087256 703.2713891444342380
-1801.0855397148675365 1664.7464358452139095 4414.7230142566195354 4268.7006109979629400 2370.0010183299386881 1120.6731160896131314 541.9501018329939370 268.2118126272912377 227.8014256619144646 176.5112016293278998 171.2729124236252574 177.7718940936863419 178.9409368635437829 184.0763747454175245 187.8228105906313772 249.1313645621181365 401.5997963340122396 711.7189409368635324 1379.8951120162932966 2400.2525458248474024 4143.8258655804484079 6622.9826883910391189 8202.1395112016289204 7287.6568228105907110
-5598.3480176211451180 -5701.7898049087480103 -5534.8030207677784347 -4960.9269981120205557 -2916.4858401510382464 1076.7495280050345627 4012.2183763373191141 4070.1239773442416663 2793.5663939584642321 1536.1944619257394606 764.5405915670232844 421.9358086847073537 272.1497797356828414 194.6620516047828744 145.5777218376337316 166.9546884833228546 204.5110132158590375 186.0679672750157465 157.9546884833228546 180.9760855884204034 260.7180616740088226 436.2498426683448542 777.7753303964757379 1363.2026431718061303
499.2640610104861594 1017.8570066730219423 1871.6263107721640608 3201.7397521448997395 5167.4089609151569675 6347.1830314585322412 5750.5061963775024196 2864.0000000000000000 -1417.2983794089609546 -3467.3584366062918889 -3511.4337464251666461 -3819.9094375595805104 -3887.9761677788369525 -3477.7912297426119039 -2954.6510962821735120 -2488.8798856053385862 -2161.3698760724500971 -1535.7235462345090582 -605.4223069590085515 1.1620591039084842 666.6329837940895686 1179.5281220209724324 853.2478551000953075 514.8512869399428382
72.1663010092145640 72.7202720491443557 88.6147433084686327 124.4605089951733277 184.6118911803422691 272.9964896884598602 380.5261079420798751 477.0548486178148551 499.0978499341816814 366.7817025010969587 -2.2053532250987273 -626.1149627029399198 -1285.6009214567793606 -1664.2419921017990418 -1630.3389644580956883 -1243.1224221149627738 -740.9225537516454096 -341.7639315489249725 -95.4578762615182086 6.1257130320315927 19.5021939447125945 2.8128565160157963 -25.4436156208863551 -43.7042562527424323
737.5603864734299577 1027.2178743961353575 1458.6526570048308713 2024.6405797101449480 2595.6594202898550066 2829.3062801932364891 2410.8917874396133811 1344.0719806763283941 -34.6724637681159393 -1235.4526570048308258 -2053.9391304347827827 -2465.4400966183575292 -2438.3835748792271261 -2118.7555555555554747 -1671.3193236714976138 -1236.8396135265700195 -918.3676328502415345 -671.2734299516907868 -483.5111111111111200 -371.1057971014492978 -229.6067632850241580 -52.3502415458937165 54.4497584541062807 135.2115942028985387
-6156.2113943028489302 -5963.6956521739130039 -4940.4392803598202590 -2073.3253373313341399 1890.6566716641680159 4447.3253373313345946 4233.6686656671663513 2605.2308845577213106 1302.0209895052473712 603.4152923538231335 327.2758620689655231 252.1874062968515773 217.1199400299850026 215.4227886056971499 222.4212893553223296 238.4512743628185945 248.5517241379310462 294.9025487256371889 449.4032983508245707 766.7091454272863302 1451.5757121439280581 2569.9130434782609882 4186.1469265367313710 6305.2038980509742032
-423.5370370370370097 -783.3677248677248599 -1461.6666666666667425 -2443.3333333333334849 -3739.4193121693119792 -4983.3373015873012264 -4877.2103174603171283 -2793.6097883597885811 -134.7817460317460245 1478.1825396825397547 2276.0701058201057094 2946.6150793650795094 3334.3769841269840981 3467.8637566137567774 3485.0515873015874604 3336.9695767195767075 3064.8756613756613660 2703.6640211640210509 2414.1309523809522943 2199.9365079365079509 1725.8955026455025745 927.9034391534391943 -68.2248677248677211 -1011.1190476190475920
121.2819314641744484 178.4509345794392630 246.6822429906542027 476.2196261682242948 731.7180685358255232 1200.1370716510903094 2096.8598130841123748 3300.7383177570095540 5654.9119937694704277 7738.0630841121492267 7979.5264797507788899 5592.8660436137070064 -146.7188473520249090 -3914.3940809968848953 -3996.9618380062306642 -4301.5295950155759783 -4921.1207165109035486 -5534.0919003115268424 -5950.7624610591901728 -5896.0739875389408553 -5651.1144859813084622 -5168.4742990654203822 -3606.9112149532711555 -321.3605919003115332
4825.1146288209611157 4941.9246724890826954 5039.0906113537121200 5015.3580786026204805 3973.2969432314412188 1187.6692139737990601 -2216.4596069868994164 -4667.8144104803495793 -4705.6058951965069355 -2734.3056768558953991 -1049.0152838427948154 -364.0971615720524142 -192.6757641921397521 -198.1211790393012961 -160.3165938864628686 -115.6932314410480416 -140.7936681222707307 -168.6572052401746760 -174.1146288209606894 -217.2303493449781797 -420.7969432314410483 -949.9879912663755022 -1779.8853711790393390 -2993.5185589519651330
1348.4285714285713311 2332.0977443609021975 3991.3893065998327074 5793.0676691729322556 6234.9640768588133142 4789.6106934001672926 979.3901420217209761 -2621.5121136173765990 -3404.9139515455303808 -3506.3951545530494514 -3843.3408521303258567 -3694.0158730158732396 -3272.9966583124478348 -2756.6766917293234656 -2383.4126984126983189 -1991.7627401837928574 -1233.8103592314118941 -530.3091060985798322 20.1102756892230587 770.8930659983291207 1079.2389306599832253 804.7769423558896733 564.2481203007519071 372.9298245614035068
14.3567025389196523 13.2574443631804417 10.8861143036255363 7.1019747152857589 2.6395360986312819 -0.7081809633267161 -6.3302685194859469 -7.8054539755511438 -3.2317417197784977 1.8774422735346359 5.6303416570891232 8.6870755406958526 13.9491171246473726 18.2111587085988909 18.4054957684672438 8.0719882979834914 -33.8621878591578707 -140.0632117856023342 -335.3026851948594640 -592.5994148991745760 -802.0331208860097831 -887.1250653014313912 -853.3423884651551816 -690.3383136558353499
115.3186003683241267 211.9604051565377461 488.0847145488029355 764.1970534069981795 1211.1998158379374217 2097.4152854511971782 3344.0736648250458529 5844.1464088397788146 8077.3637200736648083 8374.5856353591152583 5822.8250460405160993 -178.0340699815837979 -4030.5027624309391285 -4188.0349907918971439 -4551.9235727440145638 -5163.3756906077351232 -5786.6740331491710094 -6180.2679558011050176 -6118.7117863720077366 -5845.2145488029464104 -5195.5202578268872458 -3180.1924493554329274 798.8149171270717943 3856.5727440147329617
-1559.3027335781314378 -1250.0478716170271127 -696.0863593091255552 -264.1622467020263798 28.6578267373861024 99.5208758329933403 86.8320413436692462 82.9045287637698891 57.3651570787433727 39.7305861553107604 17.4414524683802519 5.4725962192302458 6.2363661090711275 3.0119679042567657 4.1294709642322864 2.2740378076975385 6.7300421596627231 13.1270229838161292 10.3164694682442537 11.1313749490004081 15.8425132598939200 20.1215830273357810 25.6283149734802116 36.9124167006663981
-51.7880690737833618 -391.5871271585557452 -1138.6075353218209329 -2240.2857142857142208 -3559.0031397174252561 -5869.0313971742543799 -8392.1883830455262796 -8331.9748822605961323 -4433.9827315541597272 435.8838304552590444 2778.7346938775508534 3786.2009419152277587 4649.9890109890111489 4806.1601255886971558 4981.0565149136573382 5157.5478806907376566 5263.0973312401883959 5488.2135007849292379 5457.0251177394038677 4515.4270015698584757 1951.8649921507064846 -1334.3014128728414107 -3953.0188383045524461 -4873.8728414442703070
1016.1694329183956143 555.5587828492392646 356.5608575380359753 244.0912863070539345 202.5304287690179876 164.7372060857537974 148.2185338865836854 152.8762102351313956 156.7461964038727444 181.5124481327800936 199.6915629322268444 335.6092669432918569 545.5089903181190039 992.9066390041493833 1904.9011065006916397 3025.2123098201936955 5341.4944674965418017 7477.7434301521434463 7747.5905947441215176 5672.5573997233750561 -80.6867219917012477 -4098.1970954356847869 -4011.8347164591978071 -4201.5567081604422128
302.9949892627058148 111.1295633500357951 -88.6070150322118764 -318.2870436649964176 -600.9090909090908781 -920.1388690050107471 -1246.3944166070150459 -1620.8203292770222106 -2062.0508231925555265 -2572.7408732999283529 -2954.0021474588402270 -2784.3163922691483094 -1868.3099498926269462 -518.0322118826055657 797.0615604867573438 1862.1904080171796068 2413.1861130994989253 2237.3593414459555788 1603.4409448818896635 999.0372226198998078 628.1023622047243862 377.3507516105941022 206.1882605583392944 172.1195418754473963
2698.6226568867155038 3627.6487367563163389 2550.8255908720457228 1242.4759576202118296 623.4352078239609227 306.6153219233904110 188.9527302363488275 149.2844335778321181 121.4295028524857400 131.4221678891605620 123.1898940505297446 114.0383048084759565 109.2689486552567217 100.9486552567237112 111.9722901385493117 138.3349633251833666 197.4726976365118105 339.7171964140179057 619.1687041564791798 1136.0684596577016237 1984.3781581092093802 3235.3439282803587957 4694.4955175224122286 5529.1067644661779923
12.9108460067389128 2.8535652490665697 5.4871141061834079 -2.1861396958382660 -5.4344777342682820 -6.7263455058737822 -10.6555869228667692 -11.9038338949093898 -12.1811310445314636 -13.7380930698479187 -17.4098898096712489 -21.3527001183863021 -26.6004917584919411 -37.4564247336308185 -53.1028139513705497 -65.7290774974956804 -57.5192605409343400 -1.5559602950550953 118.3083507877242511 318.9948092159183943 580.6294508696839785 840.9636645114288740 1049.9253255623350469 1082.5813678171386982
-0.4230940007063929 -0.2663656087592714 0.2049472728190121 0.2842701448105354 0.0128740097885867 0.1035723295827237 0.1961501589383924 0.1256622433018820 0.3085927645188960 0.6506508905595640 0.9775669811796761 1.0494903880115041 0.7817902013219638 0.4421565164740905 0.0353398254200515 -0.1552903779201776 0.1683056662798325 0.8534411423381604 1.6307230435440738 2.1942227155759624 2.4156188505979110 2.4321383520863820 1.8245395832282154 1.2268984307987285
2.0798889574336830 -24.0200493522516965 -35.8599629858112294 -27.5817396668723021 -15.9799506477483035 -6.5718692165330044 -2.1267735965453425 -9.8402220851326341 -29.2942628007402845 -60.3127698951264648 -98.7646514497223933 -133.9278223318938785 -142.2492288710672312 -116.1314003701418898 -44.8244910549043780 120.8143121529919739 428.6295496607032760 904.6036397285625981 1559.0046267735965557 2247.1742751388032957 2609.2143738433064755 2345.2640345465761129 1469.5641579272055424 470.9836520666255524
-2439.8686131386862144 -2348.1444212721585245 -2248.2262773722627571 -2039.2215849843587421 -1212.4551616266944620 -186.5323253388946796 1085.8446298227320312 3011.0213764337850080 3022.7429614181437501 1233.2502606882169403 557.9217935349322488 472.0625651720542351 268.9108446298227477 213.3446298227320028 132.2252346193951951 110.9087591240875952 96.1319082377476519 69.8159541188738331 67.3149113660062568 67.2304483837330622 81.6970802919708063 119.0735140771637077 210.5688216892596358 355.9728884254431591
-2994.3644736842106795 -3766.8927631578949331 -3875.0177631578949331 -3891.8940789473685982 -3663.5888157894737560 -3268.1046052631577368 -2902.6019736842104066 -2600.8907894736844355 -2286.6098684210528518 -1388.8677631578948422 -252.5217105263157862 824.0625000000000000 2437.6467105263159283 2801.7947368421050669 1367.6236842105263349 481.4828947368421268 308.4703947368420813 178.4644736842105317 163.3822368421052715 125.8782894736842053 96.3394736842105317 85.4769736842105203 66.0243421052631589 66.4651315789473642
2642.2558593750000000 3616.5419921875000000 4279.7958984375000000 4683.3642578125000000 4839.3603515625000000 4871.1875000000000000 4859.1660156250000000 4850.5371093750000000 4811.7089843750000000 4121.7294921875000000 1915.2597656250000000 -1179.9960937500000000 -3936.2021484375000000 -4879.4941406250000000 -3402.7216796875000000 -1466.6962890625000000 -503.7050781250000000 -204.0283203125000000 -164.1611328125000000 -144.9472656250000000 -101.7480468750000000 -86.9345703125000000 -86.1406250000000000 -90.9003906250000000
4127.3207547169813552 6702.5528301886788540 8162.2198113207550705 7650.9283018867927240 3680.4292452830186448 -2197.9481132075470668 -4228.7735849056607549 -4102.0707547169813552 -4700.8726415094342883 -5296.1471698113209641 -5912.7443396226417462 -6118.7877358490568440 -5983.1943396226415643 -5659.0896226415097772 -4803.7915094339623465 -2266.0896226415093224 1750.7924528301887221 4188.1622641509429741 3932.1660377358489313 2573.3301886792451114 1372.0018867924527513 715.9367924528302183 472.1047169811320714 372.5556603773584925
85.4970836033700579 86.8353856124432895 85.8023331173039594 84.9662994167206733 96.9740764744005190 113.1062864549578677 141.0861957226182710 189.6766040181464632 311.6597537265067785 514.3046014257938623 928.5424497731690963 1642.4497731691510580 2703.5729099157483688 4200.6766040181464632 5252.7582631237846726 5098.1335061568370293 3115.0816591056382094 -375.7822423849643769 -2502.1425793907969819 -2833.3454309786129670 -3167.4594944912510073 -3447.7252106286455273 -3412.9954633830202511 -3197.9825016202203187
511.6430696014277260 343.3105294467578688 230.3146936347412179 192.2034503271862036 162.8887566924449857 145.5181439619274215 154.5782272456870885 155.8804283164782873 181.0642474717430161 199.9202855443188582 307.7483640690065272 515.6157049375372026 892.6014277215942911 1734.4497323022010278 2761.4747174301010091 4801.2218917311120094 6966.8155859607377351 7420.8155859607377351 5904.6418798334325402 809.2534205829863367 -3634.3985722784059362 -3901.1945270672217703 -3961.2189173111241871 -4475.7614515169543665
-727.3172317696237315 -1936.7166744078031115 -2381.3878309335809718 -2587.3330236878773576 -2727.6284254528563906 -2696.4170924291684059 -2542.4110543427773337 -2265.7631212261958353 -1905.5113794705061991 -1465.6209939619136549 -1075.1597770552716611 -780.4426381792846996 -534.9386901997213499 -309.0836042731073121 13.1630283325592199 285.0710636321412039 358.9108221086855792 348.8815606130979745 324.0961449140733635 300.9345099860659616 269.3971202972596188 234.9749187180678121 219.7394333488155951 200.1379470506270195
871.9144095341277989 1449.0530877573130510 2399.1950162513544456 3947.0205850487541284 6680.2264355362949573 8440.9512459371617297 8164.8158179848323925 4483.9761646803899566 -1732.7930660888407601 -4337.6056338028165555 -4235.8179848320696692 -4812.9978331527627233 -5425.9653304442035733 -6050.3813651137597844 -6300.5850487540628819 -6148.2481040086677240 -5799.9588299024917433 -4872.9469122426871763 -2012.3347778981581087 2298.6262188515711387 4538.5200433369445818 3935.5081256771395601 2444.5243770314191352 1287.0563380281689660
-8146.9304733727813073 -4616.5991124260353899 261.5103550295858099 2644.4718934911243196 3484.0458579881656078 4421.4334319526624313 4840.6967455621297631 5067.5325443786978212 5175.0325443786978212 5129.5695266272186927 5154.9437869822486391 5084.3476331360943732 4342.5621301775145184 2022.9408284023668330 -1136.4866863905324408 -3747.6257396449705084 -4759.0443786982250458 -3527.8210059171597095 -1647.5621301775147458 -607.0103550295857531 -220.4526627218934891 -166.4363905325443795 -154.0902366863905399 -96.9792899408284086
18.6537610619469021 11.8877212389380524 6.5820427728613566 4.7151548672566372 1.3353613569321534 -0.8252212389380531 4.7376474926253689 29.3073377581120944 71.9150073746312728 126.2743362831858462 194.5154867256637203 241.8928834808259580 224.0224926253687272 99.2925884955752167 -221.2306415929203638 -714.2326696165191606 -1192.2488938053097627 -1447.7122050147493155 -1365.7417035398229928 -1014.7122050147493155 -554.3938053097344891 -127.7345132743362797 167.3222713864306854 307.0781710914454266
-318.7891156462584945 -194.3163265306122582 -167.8027210884353622 -126.6814058956916114 -93.5498866213151956 -102.7834467120181472 -95.1870748299319729 -126.0487528344671233 -263.6337868480725888 -646.2709750566893945 -1511.3321995464852989 -2591.7675736961450639 -4362.7834467120183035 -7037.6224489795922636 -8344.0476190476183547 -5778.4501133786843639 -744.0884353741496398 2234.6746031746033623 3040.0714285714284415 3990.1043083900226520 4530.7233560090699029 4702.6360544217686765 4839.3299319727893817 4736.4172335600906081
-3441.5658166781531691 -3501.5951068228805525 -2675.8132322536180254 -1635.5541006202618064 -774.1326671261199408 -247.2129565816678110 -49.0313576843556191 0.2915230875258443 -19.0620261888352864 -38.7274293590627181 -39.0496209510682277 -56.1691936595451438 -15.7170916609235007 30.4682977257064103 24.1361130254996539 21.9524465885596136 24.4807029634734654 32.7529290144727767 42.1722949689869040 39.9579600275671964 27.9638180565127499 21.9238456237077877 41.3718125430737445 81.0199862164024864
2712.7567251461987325 4065.2397660818714940 5189.8970760233914916 5259.2023391812863338 3794.7017543859647049 507.0666666666666629 -2245.2888888888887777 -2906.2152046783626247 -3246.5766081871342976 -3822.5649122807017193 -4239.7216374269009975 -4517.7742690058476001 -4549.6105263157896843 -4444.5251461988300434 -4239.6152046783627156 -3862.4070175438596380 -3190.4760233918127597 -1695.9918128654969678 644.9543859649122624 2468.5988304093566512 2784.1543859649123078 2124.1122807017545711 1304.3883040935672852 708.9614035087719230
152.1949999999999932 178.2292857142857088 214.5000000000000000 250.5514285714285734 417.1092857142857042 645.2321428571428896 1082.7371428571427714 1973.3671428571428805 3103.7100000000000364 5336.8142857142856883 7526.2299999999995634 7962.7142857142853245 6081.5228571428569921 583.7157142857142844 -3737.8428571428571558 -4031.1250000000000000 -4209.3185714285709764 -4829.0764285714285506 -5407.3350000000000364 -5885.2914285714286962 -5863.9892857142858702 -5611.2171428571427896 -5183.8421428571427896 -3730.4499999999998181
3339.3692596063729070 5220.1321462043115389 6371.3327085285845897 5831.2671040299910601 2876.2577319587630882 -1469.4526710402999470 -3559.5632614807873324 -3658.1668228678536252 -3969.7216494845361012 -4071.9718837863169938 -3689.1087160262418365 -3133.7985004686033790 -2653.7478912839737859 -2322.6747891283971512 -1659.8978444236176983 -699.4367385192127813 26.6963448922211803 902.3805060918463141 1514.1424554826617168 1140.6794751640111372 636.3045923149015834 349.5782567947516668 201.5904404873477063 201.9175257731958766
1127.8814180929095983 1791.0232273838630590 2744.1577017114914270 4201.4694376528113935 5476.1858190709044720 5660.3092909535453146 4235.0464547677265728 675.0867970660146966 -2374.4266503667481629 -3024.5611246943763035 -3325.7995110024448877 -3920.8973105134473371 -4400.3985330073346631 -4758.8520782396089999 -4821.6540342298285395 -4735.1943765281175729 -4495.4535452322734272 -4047.0586797066016516 -3315.5525672371636574 -1625.5586797066014242 973.9547677261613217 2780.7823960880195955 2910.0256723716379383 2112.0916870415649100
55.7881136950904377 62.8051679586563338 56.2475452196382406 65.3555555555555543 81.4268733850129252 90.5049095607235188 103.9131782945736404 133.7229974160206609 175.1307493540051610 216.4759689922480561 206.3803617571059306 111.6310077519379860 -66.1147286821705364 -317.9131782945736404 -620.1229974160206666 -935.9679586563307794 -1299.5317829457364951 -1782.9782945736433248 -2361.3173126614988178 -2926.5808785529716260 -3254.3865633074933612 -3047.9808785529717170 -2223.8056847545221899 -1192.9131782945737541
124.5654557916381151 157.5119945167923277 234.5620287868403011 401.3159698423577879 699.0514050719671104 1320.1405071967101321 2220.1713502398902165 3701.3303632625083992 5365.9287183002052188 5891.4715558601783414 4773.1823166552430848 1312.9931459904044004 -2296.5339273474983202 -3214.9629883481838988 -3317.9321453050033597 -3738.0774503084303433 -3770.1658670322140097 -3527.3461274845785738 -3127.2405757368060222 -2806.6435915010279132 -2494.6511309115830954 -1854.0390678546950767 -1228.0287868403015636 -511.4324880054832079
399.0030012004801847 173.2034813925570234 130.5444177671068360 121.7953181272508942 137.4129651860744161 130.5798319327731178 118.5270108043217334 110.0348139255702336 105.6434573829531871 111.8379351740696279 125.3421368547418950 153.1884753901560714 193.3271308523409289 329.3655462184873954 554.9723889555822325 994.7022809123649267 1784.5360144057622165 2884.3577430972391085 4587.8571428571431170 5866.4627851140458006 5818.5672268907565012 3867.2292917166864754 -239.2929171668667436 -2862.6320528211285819
-2333.5905848787447212 -3335.9329529243937031 -4221.2524964336662379 -4282.5263908701854234 -2876.6590584878745176 -647.6676176890157421 1066.4964336661912512 1980.3052781740370847 2631.7303851640513130 3146.9243937232527060 3431.8773181169758573 3558.6733238231099676 3559.9572039942936499 3460.3794579172608792 3268.3737517831668811 3009.8958630527818059 2772.8017118402281085 2384.6362339514980704 1552.7532097004279876 229.5221112696148396 -1163.5620542082738211 -1974.9700427960056004 -2036.8544935805991827 -1570.7303851640513130
-2071.7251655629138440 -3257.5149006622518755 -5308.2814569536421914 -8003.9685430463578086 -8665.2880794701977720 -5412.4039735099340760 -294.4188741721854399 2618.1887417218545124 3620.0066225165564902 4471.3112582781459423 4749.0695364238408729 4971.2284768211920891 5221.5115894039736304 5335.5397350993380314 5490.3344370860922936 5424.4735099337749489 4739.2715231788079109 2475.0529801324505570 -823.1142384105960446 -3645.6970198675494430 -4956.9337748344369174 -4056.7947019867551717 -2291.1622516556290066 -1199.1539735099338486
-1890.4738841405508083 -1773.7222222222221717 -1292.5223171889838341 -394.7355175688509235 589.9207027540361423 2382.0275403608738998 3288.6842355175690500 1751.6396011396011545 553.4881291547958426 419.3000949667616055 212.1676163342829966 152.2288698955365760 121.4852801519468244 79.9444444444444429 73.8067426400759672 60.5764482431149105 75.6115859449192840 80.5094966761633373 84.2682811016144342 96.9548907882241195 137.1604938271605079 238.3034188034187935 394.9088319088319281 666.8490028490028863
-517.1421608448415554 -2708.0081234768481409 -3241.5288383428105590 -3596.8407798537773488 -4029.3387489845654272 -4232.3281884646630715 -4199.9195775792040877 -4021.9545085296508660 -3827.3866774979692309 -3590.5101543460600624 -3126.5288383428105590 -2155.4727863525590692 -645.5962632006499007 1337.4451665312753903 2837.4126726238828269 2736.6336311941508939 1723.3874898456540450 892.8911454102355947 471.8342810722989498 309.0576766856214590 220.9025182778229066 177.5662063363119501 153.8586515028432302 131.7067424857839057
6712.3109327983947878 8375.4523570712135552 7999.5807422266798312 4193.0561685055163252 -1955.3751253761283806 -4367.7693079237715210 -4221.3390170511538599 -4785.9879638916754629 -5351.3791374122365596 -5904.8164493480444435 -6087.1544633901703492 -5922.9358074222664072 -5610.3701103309931568 -4699.8274824473419358 -1955.8375125376128381 2125.2878635907723037 4394.2447342026080150 3895.4202607823472135 2361.4724172517553598 1237.2988966900702508 705.7522567703109644 481.3139418254764337 392.7693079237712936 295.4984954864593760
-4103.8260586319220238 -2972.2345276872965769 -301.9016286644950924 2614.0449511400652227 3923.4716612377851561 3143.2032573289902757 1652.3263843648207967 893.9283387622149348 537.1407166123779007 298.2540716612377878 221.3433224755700337 126.7491856677524424 97.3830618892508113 135.1250814332247501 136.9850162866449637 100.9224755700325744 90.8794788273615666 95.2423452768729675 116.2306188925081472 171.8931596091205165 273.2436482084690397 515.4325732899022796 905.6879478827361254 1581.4866449511400788
107.3503184713375731 -74.4980891719745273 -294.7796178343949123 -781.6611464968152632 -1740.3006369426750553 -2869.1872611464968941 -4730.7732484076432229 -7394.8662420382161145 -8447.2216560509550618 -5843.5286624203818064 -966.3719745222930442 2193.3210191082803249 3237.6675159235669526 4214.0471337579620013 4653.0254777070067576 4757.2687898089170631 4954.2713375796174660 4945.6280254777066148 4993.6904458598728525 4994.1337579617838855 4584.9503184713375958 3046.4025477707004939 373.4165605095541309 -2258.2726114649681222
2438.5248730964467541 4048.2913705583755473 6789.4639593908632378 8418.5715736040601769 7994.1888324873098099 4086.1979695431473374 -2059.8060913705585335 -4360.1086294416245437 -4222.0578680203043405 -4807.6903553299489431 -5382.9979695431475193 -5969.7309644670049238 -6176.1898477157355956 -6018.0883248730960986 -5663.0243654822334065 -4718.6588832487313994 -1901.9573604060913112 2224.1076142131978486 4384.2213197969540488 3857.6335025380708430 2402.7827411167513674 1268.8761421319798046 720.9096446700507386 507.9157360406091470
-995.1586757990867227 -2409.8424657534246762 -2955.9851598173518141 -2304.5079908675797924 -1211.4497716894977657 -505.9212328767123381 -214.2831050228310517 -130.7146118721461221 -101.2477168949771738 -91.9977168949771738 -91.0662100456621033 -113.2283105022831080 -108.9029680365296855 -154.7283105022831080 -297.9063926940639249 -704.5388127853881315 -1585.4680365296803757 -2657.2431506849316065 -4551.8070776255708552 -7236.1986301369861394 -8141.3390410958900247 -5071.1563926940643796 -185.5182648401826384 2294.6598173515981216
-4228.6255144032920725 -4748.0610425240056429 -5350.7386831275716759 -5764.7235939643351230 -5847.1083676268863201 -5723.4176954732511149 -5315.6412894375853284 -4290.3724279835387279 -1302.9986282578875034 2787.6090534979425684 4474.6838134430727223 3556.7695473251028488 2094.3388203017834712 995.0480109739369254 449.4080932784636389 255.6138545953360790 193.5384087791495062 178.4945130315500705 176.8360768175583075 191.7887517146776304 195.5054869684499295 179.0082304526748942 190.0336076817558251 264.9389574759945276
4868.8949199721646437 5218.7459986082112664 4329.4467640918583129 1535.6492693110646997 -1673.3326374391092486 -3114.3848295059151496 -3490.5539318023661508 -3336.8851774530271541 -2680.1635351426584748 -2104.2226861517051475 -1632.2150313152401395 -1250.2393876130827266 -900.0396659707724893 -502.6743215031315231 -297.9923451635351626 -168.8357689631176015 -6.8496868475991652 -0.0542797494780793 65.2874043145441902 148.5024356297842587 84.9805149617258166 16.9060542797494797 -69.9735560194850450 -189.7237299930410472
-728.5214899713466821 -1678.4914040114613272 -2801.8767908309455379 -4468.2979942693409612 -7110.6146131805153345 -8589.5186246418343217 -6544.2650429799423364 -1830.3610315186247135 1825.7535816618910758 3204.3223495702004584 4151.7091690544411904 4643.3037249283670462 4768.4899713467048059 5025.1805157593125841 5126.0702005730654491 5305.7707736389684214 5426.3080229226361553 5103.0802292263606432 3589.5945558739254011 710.6002865329512588 -2350.6361031518622440 -4538.5329512893986248 -4724.7893982808027431 -3140.4914040114613272
-24.6654333008763373 -21.7877312560856851 -31.4249269717624138 -49.3703992210321303 -75.2634858812074015 -111.8233690360272590 -163.1464459591041987 -226.7524829600778844 -283.0724440116845244 -290.3287244401168437 -202.8590068159688542 29.3150925024342754 437.2346640701071010 945.1000973709834625 1342.1577409931840066 1402.1752677702045276 1072.6449853943524886 540.0963972736124106 84.9411879259980509 -150.3668938656280432 -222.6588120740019576 -203.1256085686465553 -144.8266796494644666 -104.1201557935735167
217.8982300884955805 180.4203539823008953 167.6792035398230212 174.4262536873156364 179.3731563421828810 205.4727138643067974 213.9933628318584056 303.4631268436577898 517.8178466076695941 844.5081120943953010 1679.1253687315634124 2680.5000000000000000 4645.3237463126843068 7229.4896755162244517 8103.4682890855456208 7023.5781710914452560 2104.1541297935104922 -3363.9092920353982663 -4232.5317109144543792 -4146.0383480825958031 -4771.5110619469023732 -5165.3893805309735399 -5581.1349557522125906 -5530.6371681415930652
1647.5499231950843750 2348.3364055299539359 2749.7864823348695609 3014.4055299539172665 3090.1935483870965982 2953.3970814132103442 2645.5944700460827335 2238.4062980030721519 1793.3540706605222113 1348.2096774193548754 954.4055299539170392 565.8986175115206834 147.0937019969277912 -225.2772657450076679 -505.3725038402457699 -617.9493087557603985 -567.0675883256528778 -488.3479262672810819 -410.1459293394777319 -334.9116743471582254 -282.9024577572964745 -251.0791090629800237 -258.7096774193548185 -289.7012288786482372
73.3574486301369859 101.9392123287671268 97.4088184931506902 92.9297945205479436 104.7452910958904084 143.5813356164383663 226.6840753424657464 356.9764554794520564 556.2821061643835492 852.6065924657534651 1309.4396404109588730 1896.1095890410958873 2399.2401541095891844 2538.7311643835614632 2045.6879280821917746 978.9850171232876619 -198.0693493150685072 -1140.0625000000000000 -1799.4267979452054078 -2186.3065068493151557 -2261.2782534246575779 -2074.9413527397259713 -1761.1494006849316065 -1411.7816780821917746
-180.6716206652512255 -535.5201698513800466 -851.3191790516631272 -1159.1210191082802794 -1508.0516631280961519 -1892.4331210191082846 -2337.7721160651099126 -2744.8881811748055952 -2697.1514508138711790 -1898.2144373673036171 -592.5088464260438741 799.5633404104742112 1926.5647558386410765 2510.5435244161358241 2364.9808917197451592 1678.2257607926396759 1041.0629865534324381 648.4217975937721121 349.9136588818117275 161.0601556970983665 104.7990092002830806 131.9709837225760793 171.5895258315640604 151.4685067232837810
342.3192727272727325 567.5658181818181447 1017.8145454545455095 1811.8218181818181165 2959.0581818181817653 4692.9221818181822528 6024.9687272727269374 5791.8421818181814160 3478.1025454545456341 -567.5505454545454995 -3108.4414545454546897 -3372.4967272727271848 -3689.3221818181818890 -4045.0509090909090446 -3976.9090909090909918 -3711.9200000000000728 -3343.6959999999999127 -3073.9018181818182711 -2677.9774545454547479 -1906.8414545454545532 -1130.7978181818182293 67.3672727272727343 1528.4487272727271829 1801.1541818181817689
285.4476262245667044 214.9027882441597512 178.9133383571966931 162.6013564431047485 168.0798794272795647 170.6925395629238835 194.0452147701582533 204.5847776940467213 289.1213262999246467 493.9668425018839457 801.8816880180859243 1631.1612660135645001 2632.5033911077616722 4573.7189148455163377 7198.0813865862846797 8125.9389600602862629 7084.1228334589295628 2179.8741522230593546 -3391.0723436322532507 -4297.9540316503389477 -4166.0633006782218217 -4773.1921627731726403 -5112.8304446119063869 -5460.0067822155233443
5361.4964093357275488 5499.8842010771995774 3950.0628366247756276 404.1481149012567471 -2438.2926391382407019 -3053.7612208258528881 -3383.6113105924596312 -3918.2342908438063205 -4225.0529622980247950 -4300.9721723518850922 -4186.4739676840217726 -4027.8249551166964011 -3808.7351885098742059 -3356.3240574506285157 -2528.7468581687612641 -1167.0520646319569096 926.5278276481149078 2618.6921005385997887 2655.6427289048474449 1805.1813285457810707 1036.8447037701973841 534.9748653500897717 323.9272890484739946 227.4003590664272849
-935.7428700769578427 756.1149841557265745 2757.1362607514711272 3017.9416025350838026 1745.6645540968763726 711.0701674966047676 288.7573562698053138 92.9542779538252546 29.7428700769578995 35.0303304662743358 33.3295608872793139 23.5373472159348118 38.1969216840199195 57.9737437754640084 58.3177908555907649 60.5821638750565867 58.7125396106835638 61.4689904934359461 77.7369850611136286 97.0864644635581726 140.6713444997736531 240.0334993209597201 399.1425984608420094 673.0602082390221312
-5541.1566125290019045 -3892.9245939675174668 -258.9663573085846906 3353.2865429234338990 4747.8816705336430459 3644.2111368909513658 1831.9222737819025042 827.5313225058005173 406.0649651972157699 256.5336426914153094 218.9454756380510503 191.3039443155452375 197.8631090487238851 205.2006960556844604 211.5220417633410648 214.3352668213456980 259.4176334106728632 408.5243619489559137 707.2146171693735823 1344.3039443155453228 2420.4605568445476820 4090.7969837587006623 6414.2749419953597680 7975.1160092807422188
1989.3016845329250373 2543.8228688106178197 2929.1209800918836663 2856.8284839203674892 2085.4874936191936285 664.2031648800408448 -767.6773864216437460 -1776.7386421643695940 -2421.6431852986215745 -2623.4425727411944536 -2412.3573251659008747 -2008.5655946911690535 -1569.6886166411434260 -1192.6288922919857214 -884.2930066360387400 -636.4772843287391879 -446.7228177641653701 -299.3813169984686056 -125.7325165900969921 55.8774885145482401 154.9418070444104103 196.8259315977539643 165.0459418070444144 79.6232771822358387
-5444.1572285143238332 -5768.3930712858091283 -5816.5016655562958476 -5638.6588940706196809 -5161.8041305796132292 -3578.6782145236506949 189.0866089273817465 3780.8207861425717056 4378.8854097268485930 3085.3171219187206589 1705.6115922718188358 798.2491672218520762 396.8787475016655435 255.8680879413724085 188.8421052631578902 162.4990006662225142 175.5336442371752241 195.4890073284477126 191.1045969353764065 176.5876082611592324 211.9207195203197784 307.6202531645569707 510.5522984676882174 893.6555629580279856
3632.4553903345727122 1323.8438661710038105 -1591.2193308550185975 -3960.6672862453533526 -4329.4423791821564009 -2762.0000000000000000 -1221.4609665427508389 -467.9776951672862424 -204.8197026022304783 -157.2881040892193312 -150.6858736059479611 -140.6784386617100324 -135.6840148698884718 -129.6784386617100324 -137.0483271375464653 -235.6078066914498095 -518.6431226765798783 -1316.9498141263941307 -2465.6003717472117387 -4212.5390334572493884 -7029.1524163568774384 -8778.6858736059475632 -6377.1096654275088440 -1210.7565055762081556
-3887.4454609429976699 -4237.7156931738209096 -4692.3427163969035973 -5299.9085151301896985 -5777.0422237860657333 -5914.2885292047849362 -5829.0408163265310577 -5466.1822660098523556 -4618.3912737508799182 -1989.2357494722027695 2244.8972554539059274 4505.4524982406755953 3855.6502463054189320 2355.0745953553837353 1151.3082336382828998 522.1055594651653564 278.4623504574243498 200.3645320197044271 179.6178747361013279 174.4904996481351134 188.9345531315974540 190.9007741027445491 182.6312456016889598 190.2702322308233533
2801.5408163265306030 3143.0151171579741458 2403.5041572184427423 1496.1693121693122066 805.5948601662887540 352.4818594104308431 97.2857142857142918 -26.8979591836734677 -56.3715041572184461 -46.6186696900982582 -27.7747543461829167 -5.7210884353741500 16.7630385487528351 23.7713529856386998 15.3597883597883591 19.9886621315192734 30.8529856386999235 27.4637188208616791 21.5623582766439910 41.0086923658352234 83.4206349206349245 134.2131519274376501 212.7354497354497482 306.0963718820861459
4373.1173469387758814 -1773.2500000000000000 -4399.6285714285713766 -4147.5448979591837997 -4647.4979591836736290 -5184.5183673469391579 -5738.1377551020405008 -5956.3510204081630945 -5811.6377551020405008 -5573.7020408163261891 -4803.4244897959188165 -2283.4795918367344711 1726.8377551020407736 4289.0377551020410465 4062.0724489795916270 2474.2122448979594083 1224.6153061224490557 605.5336734693877361 300.8836734693877588 221.9948979591836746 187.2408163265306200 168.6091836734693743 181.5663265306122582 187.2775510204081684
3749.3943329397875459 2725.8902007083825083 1346.6387249114520728 720.4781582054309865 373.4096812278630182 238.3848878394333042 194.1275088547815812 166.6599763872491167 176.9586776859504198 171.7780401416765130 179.1003541912632784 192.0684769775678831 226.5348288075560674 396.7603305785124235 637.1499409681227917 1329.3305785123966416 2310.3931523022433794 3916.6245572609209376 6784.9527744982287913 8464.8783943329399335 8048.2621015348286164 4047.6399055489964667 -2413.8925619834712961 -4638.7060212514761588
-100.2635702294348050 -107.2053721320649089 -115.9966424174594266 -127.4851706771124782 -125.8987129266927809 -91.3866815892557298 -22.7532176832680477 76.0207050923335146 204.3122551762730836 360.2574146614437609 562.4874090654728889 823.4639059876889178 1121.7576944599888975 1423.5125909345272248 1692.6032456631226069 1890.2652490207051414 1965.1158365976496043 1880.7285954113037860 1675.1533296026859716 1462.5892557358702106 1284.2932288752099339 1084.4409625069949925 820.5316172355903745 431.9110240626748691
-82.3417618270799352 -34.1623164763458433 -37.7137030995106031 -46.9755301794453501 -41.6451876019575877 -5.7650897226753672 43.3556280587275680 77.5179445350734113 50.1876019575856418 -48.6141924959216993 -195.3017944535073411 -409.4053833605220234 -689.7161500815660702 -1019.6076672104404679 -1450.8466557911908694 -2040.8849918433932089 -2802.4119086460032122 -3574.6060358890699717 -3797.3825448613374647 -2949.7047308319738477 -1311.9518760195758205 317.4722675367047486 1556.7830342577487954 2251.5505709624794690
-2571.0207373271887263 -1562.6520737327189181 -711.2718894009216228 -312.1048387096774377 -157.0760368663594591 -103.5518433179723559 -67.9504608294930819 -60.1221198156681993 -105.6958525345622064 -107.7649769585253523 -144.3732718894009110 -282.7304147465437723 -653.2569124423963558 -1521.2926267281106902 -2598.7315668202763845 -4432.8341013824883703 -7193.5979262672808545 -8385.9412442396314873 -5497.9147465437790743 -378.8122119815668043 2363.8179723502303204 3080.5046082949306765 4012.4711981566820214 4459.9596774193551028
-7020.0848153214774356 -8466.2270861833112576 -6306.2982216142272591 -1495.0424076607387178 2043.0123119015047450 3205.9808481532149926 4044.5923392612858152 4607.8084815321481074 4843.4418604651164060 5089.5157318741448762 5121.9480164158685511 5159.9138166894663300 5109.8850889192890463 4773.3556771545827360 3367.4076607387141848 621.4924760601915068 -2286.9466484268127715 -4339.1409028727766781 -4420.1600547195621402 -2815.0218878248974761 -1390.6812585499314991 -676.5088919288646139 -354.9548563611490977 -226.9671682626538995
-3104.3561477892185394 -3864.3658388855237718 -4304.1829194427618859 -4180.4869775893394035 -3449.8952150211994194 -2510.2125984251970294 -1512.8400969109629841 -484.3791641429436936 216.6795881284070333 416.5202907328891797 307.1962447001816940 140.9903089036947392 61.0799515445184724 50.7552998182919453 95.3725015142338037 104.9842519685039406 68.5863113264688025 79.3513022410660227 79.3343428225317950 68.4482132041187157 72.4379164142943637 76.3422168382798247 102.0351302241065952 149.0181708055723675
2941.8772893772893440 3954.2106227106228289 2904.4734432234431551 1463.9102564102563520 700.8434065934065984 349.2957875457875616 211.0347985347985400 175.1071428571428612 148.1776556776556788 147.5210622710622772 150.3067765567765548 147.7133699633699564 149.0421245421245544 162.6758241758241752 208.3543956043955916 366.0146520146520288 617.1602564102564656 1232.3800366300365567 2165.8315018315020097 3675.1904761904761472 6207.3772893772893440 7950.4084249084253315 7691.2051282051279486 4445.7426739926740993
103.8837981407702529 92.3200531208499342 97.6653386454183305 105.8419654714475371 130.2556440903054522 160.3864541832669204 237.8007968127490130 403.5816733067729274 688.7974767596281254 1306.7855245683931571 2194.6235059760956574 3606.9667994687915780 5232.5444887118192128 5817.0823373173971049 4905.6998671978753919 1634.2191235059760857 -2143.3552456839311162 -3269.2828685258964470 -3343.9495351925629620 -3741.5677290836651991 -3790.2629482071711209 -3562.2463479415669099 -3195.2523240371847351 -2909.1095617529881565
4161.5341365461845271 4637.6455823293172216 4858.8323293172688864 4910.7740963855421796 4907.5240963855421796 4896.5823293172688864 4877.4367469879516648 4437.9879518072293649 2552.4086345381524552 -501.5230923694779221 -3496.4608433734938444 -4932.3172690763049104 -3810.1174698795180120 -1777.0381526104417844 -609.7299196787148503 -229.3162650602409656 -172.3353413654618578 -156.6255020080321287 -117.0993975903614484 -97.5311244979919678 -94.0200803212851355 -99.0873493975903585 -132.8002008032128458 -264.6576305220883683
-1112.4724137931034420 -487.9057471264367791 -229.3137931034482619 -140.9965517241379303 -104.3379310344827644 -89.2287356321839127 -94.3321839080459768 -110.6896551724137936 -109.6045977011494301 -201.8862068965517267 -415.6666666666666856 -1031.5045977011493505 -2027.2264367816092090 -3346.0011494252871671 -5751.7045977011493960 -8171.0206896551726459 -7636.1103448275862320 -3173.2045977011493960 1309.9022988505746525 2774.0793103448277179 3532.2057471264365631 4362.2402298850574880 4569.4172413793103260 4722.7471264367814001
161.3930091185410447 88.7215805471124668 51.0565349544072973 30.4689969604863222 26.8364741641337403 13.0917933130699087 -4.0498480243161090 10.9911854103343458 36.0197568389057778 45.9559270516717291 52.1790273556230986 51.4109422492401222 42.5978723404255319 35.9264437689969611 35.2492401215805486 49.2817629179331291 71.8322188449848085 134.3750759878419387 275.4483282674772227 564.1525835866261787 1132.9723404255319110 1968.2878419452888465 2992.1075987841945789 3719.5382978723405358
90.5620817843866206 107.3680297397769579 140.3449814126394131 190.4044609665427572 327.0966542750929307 562.6728624535315930 1065.2542750929367230 1880.7568773234199853 3117.3925650557621339 4862.9873605947959732 5902.0089219330857304 5386.0342007434946936 2652.5464684014868908 -1378.5353159851301825 -3228.6171003717472558 -3305.7457249070630496 -3675.3888475836429279 -3817.6505576208178354 -3568.1851301115243587 -3191.0453531598514019 -2844.3903345724907012 -2575.5055762081783541 -2025.8394052044609452 -1272.5672862453532161
86.5271203155818540 106.1932938856015767 154.5108481262327302 243.6587771203155910 373.0616370808678539 565.3111439842209620 861.9176528599605263 1329.7278106508874771 1968.9516765285995916 2571.5167652859959162 2759.7519723865875676 2253.4541420118343922 1124.7327416173570782 -197.1666666666666572 -1289.1489151873768151 -2008.2504930966470056 -2326.3979289940830313 -2268.2899408284024503 -1958.0212031558185117 -1539.7855029585798547 -1137.7978303747534028 -816.7292899408283802 -572.6508875739644964 -392.2352071005917082
-5287.8526240115024848 -5131.2358015815962062 -4280.0388209920920417 -1718.2228612508986316 1969.2796549245147162 3843.8993529834651781 3485.2796549245149436 2410.2034507548528381 1415.3235082674334535 828.0496046010064219 509.3558590941768784 327.7979870596693104 211.9511143062544818 152.8648454349388999 181.0754852624011448 189.3084112149532814 146.4083393242271711 113.9683680805176067 114.5104241552839710 147.1732566498921528 203.1876347951114212 335.7390366642703157 614.8023005032350738 1078.9482386772106111
8142.7171597633132478 4504.1514792899406530 -1861.5786982248521326 -4422.3076923076923777 -4241.8224852071007263 -4786.4071005917157891 -5347.4437869822486391 -5959.8994082840235933 -6204.7952662721891102 -6076.0071005917161528 -5773.3976331360945551 -4894.9502958579878396 -2041.1195266272188746 2348.5999999999999091 4669.7408284023667875 4026.8946745562129763 2409.7893491124259526 1182.8982248520710527 592.0011834319526542 367.1573964497041516 324.8591715976331216 289.1408284023668784 242.5218934911242741 224.5763313609467389
-847.1861924686191969 1948.0135983263598973 2998.4048117154811735 3734.3692468619246938 4376.9225941422591859 4609.9947698744772424 4755.0972803347276567 4733.0794979079500990 4700.7541841004185699 4703.2834728033476495 4573.2541841004185699 3552.4539748953975504 1203.4110878661088009 -1657.6380753138075761 -4011.2092050209203080 -4476.3085774058581592 -2981.9748953974894903 -1342.4801255230124752 -489.4476987447698662 -210.3723849372385075 -170.2510460251046140 -139.8943514644351467 -103.8765690376569069 -87.3734309623430931
1136.6165149006621959 1074.7930463576158218 718.3801738410595590 393.0987168874171971 142.9290149006622528 0.0707781456953642 -59.8376448675496704 -74.4134933774834479 -45.7060223509933792 -24.2801117549668888 -10.5587748344370862 4.6732201986754971 7.9240480132450335 8.7187500000000000 8.1573882450331130 4.8572019867549665 3.6042011589403975 3.3039114238410594 3.7078849337748343 5.9596440397350996 8.5904387417218544 13.6881208609271532 24.6198261589403984 45.5162458609271496
4996.2160737812910156 4873.3833992094860150 3611.9762845849800215 1026.4071146245059936 -2074.9446640316205048 -4317.6231884057970092 -4330.6166007905139850 -2705.3148880105400167 -1195.5467720685112454 -435.5533596837944401 -182.1739130434782510 -146.3267457180500628 -145.1054018445322811 -133.7681159420289987 -132.7773386034255623 -131.8550724637681242 -139.4216073781291243 -243.7246376811594075 -598.1304347826087451 -1331.5559947299077521 -2559.0961791831355185 -4406.8155467720689558 -6782.0882740447959804 -7911.6772068511199905
-28.7561866799534975 -23.0056469025078876 -11.4447766151802028 -4.5827935558877266 -8.7619996678292651 -20.3665504069091519 -32.9162929745889414 -44.9975087194818144 -60.2918119913635593 -85.6884238498588218 -124.0177711343630591 -160.4358080053147262 -174.9267563527653238 -126.2579305763162267 40.7409068261086205 346.2946354426175049 765.1564524165421517 1174.6304600564690190 1353.7394120577976082 1170.2313569174555141 707.0210928417205878 138.7717987045341204 -339.7950506560371764 -556.0702541106128365
-2696.2342857142857611 -1095.9914285714285143 439.7942857142857065 1447.3742857142856337 2164.6871428571430442 2766.9342857142855792 3202.9214285714283506 3461.5571428571429351 3577.4157142857143299 3571.7042857142855610 3444.1828571428573014 3243.4114285714285870 3068.2585714285714857 2796.5414285714286962 2211.6700000000000728 1174.1728571428570831 -317.8414285714285938 -1697.2657142857142389 -2331.9128571428573196 -2163.4099999999998545 -1559.2500000000000000 -1004.1514285714285961 -644.7442857142857520 -438.9642857142857224
-131.4740346205059893 -169.5512649800266445 -261.3422103861518053 -441.7030625832223905 -777.1251664447403300 -1355.6005326231691015 -2158.6458055925431836 -3156.6085219707056240 -4025.8135818908122019 -3922.6031957390146090 -2455.9893475366179700 -500.7310252996005602 908.9307589880160094 1796.1944074567243206 2489.5499334221040044 2987.9573901464714254 3309.7270306258324126 3460.6604527296935885 3440.1331557922767388 3329.8482023968044814 3105.3049267643141320 2810.9107856191744759 2503.5872170439415640 1872.8415446071903716
2811.8985074626866663 1460.1350746268656167 -837.3999999999999773 -2932.6514925373135156 -3873.1141791044774436 -3182.4902985074627395 -1804.7917910447761187 -914.3940298507462785 -470.4268656716417922 -235.7291044776119406 -113.4268656716417922 -32.3858208955223859 -50.8350746268656692 -108.5208955223880594 -145.2320895522388184 -141.1619402985074601 -70.2850746268656650 -41.5947761194029866 -80.4850746268656678 -119.3104477611940268 -135.0350746268656792 -153.5999999999999943 -250.7664179104477569 -430.7507462686567123
3188.8363273453092006 3482.8413173652693331 2356.6287425149698720 1201.5359281437126810 620.9790419161677164 325.3083832335329362 220.8223552894211537 176.4550898203592908 163.7195608782434988 171.6526946107784397 168.4860279441117825 178.3003992015968038 188.8542914171656548 232.4191616766466950 401.8383233532933900 644.6497005988023830 1342.0319361277445296 2299.4361277445109408 3912.9291417165668463 6672.8173652694613338 8294.9560878243519255 7865.5578842315371730 3770.0798403193612103 -2397.4361277445109408
1266.9133287292818295 1191.3145718232044601 903.5079419889502788 334.6650552486187848 -570.0711325966850609 -1656.7948895027625440 -2368.7562154696133803 -2333.8332182320441461 -1751.7078729281768119 -1098.8843232044198430 -658.9737569060773694 -391.1084254143646604 -235.0352209944751394 -154.4996546961326089 -108.7710635359116083 -84.8839779005524804 -63.4651243093922659 -40.7075276243093924 -25.1287983425414367 -37.7475828729281773 -72.5939226519336955 -85.5252071823204432 -77.6336325966850893 -91.0334944751381272
74.4957819597663899 81.7657365347177176 92.1336794289422443 122.5898767034393302 156.2504866969500199 254.0590525632705976 437.3465282284230966 800.4120700843608347 1499.2589227774171832 2499.5918234912396656 4096.2452952628163985 5530.7456197274495935 5552.7332900713818162 3689.6599610642438165 -3.1992212848799482 -2704.9461388708632512 -3107.0512654120702791 -3336.7274497079820321 -3631.4659312134976972 -3498.7060350421802468 -3170.9097988319272190 -2778.3205710577544778 -2500.0759247242049241 -2082.1414665801426054
-2894.0190597204573351 -3344.8526048284625176 -2414.8335451080051826 -1221.7471410419313997 -495.5476493011435650 -205.2058449809402703 -142.6874205844980850 -131.0304955527319066 -125.6086404066073641 -130.7026683608640383 -118.5133418043202056 -109.5552731893265559 -207.9301143583227542 -421.2223634053366936 -1088.2770012706480429 -2108.6975857687421012 -3475.1156289707751057 -6038.8932655654380142 -8449.7954256670909672 -7594.3303684879292632 -2882.6937738246506342 1502.9682337992376233 2849.1689961880560986 3632.2261753494281038
236.7630662020905845 541.0461672473867338 818.4242160278745359 1343.6463414634147284 2273.9155052264809456 3660.1585365853657095 6209.7717770034842033 8136.4616724738680205 8113.6681184668987044 4988.8484320557490719 -1064.6533101045295098 -4196.1689895470381089 -4171.7787456445994394 -4636.4668989547035380 -5238.3728222996514887 -5841.6994773519163573 -6148.3475609756096674 -6042.3310104529618911 -5781.4616724738680205 -5028.8867595818819609 -2734.6724738675957269 1247.7238675958187741 4143.0513937282230472 4176.6994773519163573
-175.2144522144522227 -156.6946386946386838 -128.2599067599067553 -115.7272727272727337 -110.1083916083916137 -113.4685314685314665 -209.4335664335664262 -441.1305361305361430 -1088.8578088578087772 -2092.8018648018646672 -3434.4533799533801357 -5826.3403263403261008 -8166.0384615384618883 -7654.4195804195805977 -3331.2692307692309441 1164.3881118881117800 2753.0268065268064674 3556.7902097902097012 4435.7843822843824455 4711.6282051282050816 4921.2482517482521871 4950.4335664335667389 4859.8053613053616573 4809.2564102564101631
544.2519521082768961 260.5976054138469635 173.0296720458094626 121.5892764185320090 63.9161894846434180 70.3060905778240510 68.5028630921395063 75.9547110879750136 84.2061426340447667 78.4851639770952687 76.7381572097865643 79.9557522123893847 94.8865174388339341 122.6897449245184788 152.4575741801145341 223.4128058302967190 371.1306611140031464 651.1223321186881776 1199.7168141592919710 2038.0421655387817736 3364.7766788131179965 5010.8974492451843616 6099.4685059864650611 5694.3097345132746341
51.2505902192242857 53.0984822934232739 26.0741989881956151 -11.4978077571669477 -38.5969645868465463 -56.6364249578414842 -54.9915682967959540 -41.8060708263069145 -35.4765598650927458 -20.1386172006745348 -1.5460370994940977 28.4600337268128172 84.1069139966273127 157.7504215851602112 247.4263069139966262 315.3450252951096218 330.6263069139966433 265.4590219224283487 60.4853288364249551 -394.1531197301854945 -1131.8252951096121706 -1982.9831365935920076 -2678.4681281618886715 -2831.4701517706575942
-77.7656042496680016 -95.2934926958831312 -102.2005312084993420 -73.0332005312084931 -25.8313413014608244 -10.4422310756972117 -59.9123505976095601 -146.6540504648074261 -303.6992031872509870 -534.2583001328021055 -822.9349269588313973 -1183.6978751660026319 -1632.5863213811421701 -2209.2490039840636200 -2831.2098273572378275 -3155.8273572377156597 -2784.8552456839311162 -1752.1806108897742433 -452.0059760956175410 806.0464807436918591 1791.7443559096946046 2338.3339973439574351 2365.5630810092961838 2024.7211155378486183
48.5928853754940704 46.8008893280632421 62.3028656126482190 91.0948616600790473 104.4723320158102808 95.5963438735177817 95.6205533596837967 123.6497035573122503 179.3922924901185638 274.5825098814229364 423.3428853754940633 668.3171936758893708 1083.2756916996047494 1715.7821146245059936 2601.3799407114624955 3411.5202569169960043 3593.4219367588934801 2762.9006916996045220 930.6220355731225027 -846.1571146245058799 -1796.9708498023715038 -2325.8843873517785141 -2616.5444664031620050 -2620.2485177865614787
237.0504132231405094 356.6975206611570002 575.0305785123966871 961.8413223140495347 1702.1454545454546405 2714.0925619834711142 4389.3388429752067168 6033.3165289256194228 6256.5289256198348085 4617.9528925619833899 524.2206611570247787 -2964.0190082644626273 -3463.5826446280993878 -3642.4074380165288858 -4154.3603305785127304 -4269.2661157024795102 -4162.2876033057855238 -3844.6322314049584747 -3600.5330578512398461 -3312.1479338842973448 -2590.4925619834712052 -1735.8677685950412979 -479.5355371900826640 1317.8966942148761063
-2395.0803443328550202 -3979.3622668579628225 -4045.3371592539456287 -4555.5480631276905115 -5134.5000000000000000 -5638.5387374461979562 -5794.4899569583931225 -5715.5731707317072505 -5407.1972740315641204 -4700.8737446197992540 -2574.8543758967002759 1330.9368723098996270 4018.7073170731705432 3948.3558106169298298 2635.5573888091821573 1365.4820659971305759 641.7295552367288565 330.3629842180774858 212.1492109038737510 183.7560975609756042 170.0157819225251217 176.5774748923959692 180.3314203730272709 173.8837876614060178
552.7132805628847336 833.5795954265611272 1433.7185576077397400 2390.6481970096747318 3900.9700967458225023 6486.1257695690410401 8175.2884784520665562 7902.0949868073876132 4323.8997361477568120 -1681.9692172383465731 -4223.0633245382587120 -4114.9718557607739058 -4661.2269129287597025 -5262.3175021987690343 -5874.5910290237470690 -6130.2849604221637492 -6007.3333333333330302 -5716.4687774846088359 -4907.0474934036938066 -2472.3157431838171760 1556.6701846965700042 4169.2708883025507021 3979.2506596306070605 2629.7062445030783238
1242.9006126616745860 632.7882913546629879 375.5786249149081186 258.4853641933287918 199.5786249149080902 173.0871341048332113 147.5425459496256053 145.1817562968005575 144.0701157249829691 149.3778080326752900 172.0742001361470273 197.3703199455411834 353.8801906058542954 577.3580667120489807 1099.9380530973451187 2019.0755616065350750 3227.9496255956432833 5590.2123893805310217 7399.3022464261403002 7418.2586793737236803 4868.7944179714095299 -901.2157930565010702 -4074.3342409802585280 -3818.4901293396869733
131.1744656268053006 246.1392258809936493 417.2039283651068899 713.1987290583477943 1230.0132871172731939 2043.8873483535528521 3047.7683419988447895 3695.5106874638936461 3415.3183131138071076 2001.5829000577700754 48.5932986712882737 -1327.2333911034083940 -1985.7648757943384226 -2382.9555170421722323 -2534.6533795493933212 -2451.9820912767186201 -2198.5713460427500650 -1828.9110340843442373 -1452.1796649335644815 -1079.2645869439629678 -814.4211438474869738 -658.5938763720392899 -422.3622183708839088 -95.5216637781629174
5441.9753694581277159 3105.0274454609429995 -888.7396199859254011 -3102.0239268121040368 -3368.4743138634762545 -3688.7649542575650230 -3865.8726249120336433 -3569.0957072484166019 -3065.8712174524980583 -2602.2638986629135616 -2258.5594651653764231 -1714.9303307529908125 -861.2406755805770899 -212.0682617874736025 418.8374384236453238 1005.6910626319493076 967.5073891625615943 694.5306122448979522 448.4862772695285003 269.6938775510204209 216.8550316678395404 163.5791695988740457 134.0816326530612344 110.9437016185784728
14.6413333333333338 -29.2933333333333330 -84.0693333333333328 -175.2906666666666808 -413.0746666666666442 -1110.0000000000000000 -2154.9533333333333758 -3496.9133333333334122 -5968.6520000000000437 -8425.1173333333335904 -7964.8226666666669189 -3638.4066666666667516 1059.5920000000000982 2830.6093333333333248 3634.0693333333333612 4506.6679999999996653 4766.8586666666669771 4992.6053333333329647 5068.6013333333330593 5038.4293333333334886 5069.9306666666670935 4886.4653333333335468 3922.7800000000002001 1681.9919999999999618
132.1282051282051384 139.3201465201465226 174.9560439560439420 212.7157509157509025 245.1443223443223474 388.0842490842491088 584.6263736263736064 957.7589743589743421 1825.4424908424907699 2890.0644688644688358 5017.1934065934065075 7415.0336996337000528 8140.5413919413922486 6725.2131868131864394 1424.4681318681318771 -3536.7157509157509594 -4134.6608058608062493 -4195.8695970695971482 -4810.6805860805861812 -5350.2732600732597348 -5883.2586080586079333 -5902.8380952380948656 -5655.6109890109892149 -5217.5912087912083734
125.3169968717413951 73.1042752867570442 68.6824817518248238 60.4661105318039631 65.0067778936392102 81.2664233576642374 91.9530761209593379 86.8925964546402554 82.6798748696558903 101.6444212721584961 150.0239833159541263 238.8576642335766564 389.2643378519290991 656.4718456725755686 1116.3852971845672073 1845.3633993743483188 2882.0604796663192246 3825.0599582898853441 4044.8347236704898933 3074.8274244004169304 972.8967674661105320 -986.4238790406673161 -1965.4483837330551523 -2456.3503649635035799
367.4508982035928284 241.6538922155688738 190.5191616766467178 162.9580838323353191 150.2556886227544908 158.5550898203592851 156.1742514970059972 180.5311377245508879 197.3922155688622695 293.2053892215569135 501.4443113772455263 842.2341317365269333 1666.4227544910179404 2670.6095808383233816 4601.4497005988023375 6900.6251497005987403 7567.8694610778438800 6328.2724550898201414 1428.6610778443114214 -3473.6347305389222129 -4030.7017964071856113 -3988.1227544910179859 -4537.4580838323354328 -4778.1790419161679893
-182.9398385913426353 -614.2076302274394948 -1065.3498165810710816 -1306.3238444607484325 -1276.4487160674982533 -1044.0092443140131309 -728.7834189288334983 -430.7732942039618251 -208.7210564930300905 -78.7392516507703562 -17.7438004402054297 3.8418195157740280 10.1084372707263395 9.7433602347762296 1.2695524578136463 -6.4404988994864274 -9.8396184886280267 -16.6851063829787236 -19.5555392516507709 -12.7462949376375647 -2.8807043286867207 11.3681584739545123 24.4717534849596490 39.6353631694790920
-2233.5393154486587264 38.4190564292321923 2429.6207215541166988 3669.0259019426457598 3003.0018501387603465 1424.6910268270121378 621.4986123959297402 368.2247918593894269 214.6410730804810498 189.3894542090656898 156.7937095282146061 147.4560592044403222 144.3089731729879759 143.0555041628122126 143.6910268270120241 147.6753006475485677 170.6975023126734641 243.9565217391304373 412.9389454209065775 769.5134135060129665 1463.5346901017576329 2467.3191489361702224 4147.0240518038854134 6073.8316373728030158
140.7501988862370865 186.3772871917263387 247.3221957040572931 308.5318217979315705 326.0654335719968344 246.6601034208432850 -4.4069212410501191 -498.6223150357995451 -1101.5942720763723628 -1494.1099840891010899 -1516.2342879872712729 -1242.9747414478918017 -852.4811058074781158 -511.4425218774860582 -274.8571996817820491 -138.4844868735083594 -75.4990055688146384 -44.6296738265711994 -36.6974940334128874 -40.4872712808273647 -52.1455847255369918 -72.6024264120922851 -86.4751392203659464 -91.1368337311058099
166.2618213660245203 158.1488616462346783 164.6523642732049098 183.8450087565674380 216.8625218914185666 223.8835376532399266 327.3021015761821104 544.4229422066549660 884.0761821366024833 1752.1628721541155755 2794.4465849387038361 4875.4308231173381500 7523.0113835376532734 8409.5639229422067729 7182.1926444833625283 1973.0043782837128674 -3463.5455341506130935 -4268.0945709281959353 -4251.1471103327494347 -4876.9492119089318294 -5387.0656742556921017 -5954.0884413309986485 -5987.0971978984234738 -5724.1444833625218962
-132.3242937853107435 -96.6621468926553717 -99.0903954802259932 -108.4135593220339047 -144.2451977401129852 -276.3288135593220431 -665.8621468926553462 -1523.0960451977400680 -2591.6101694915255393 -4354.5005649717513734 -6992.6553672316385928 -8230.5887005649710773 -5705.9740112994350056 -794.5209039548022929 2168.1016949152540292 2992.2926553672314185 3947.8350282485876050 4516.9378531073443810 4721.8135593220340525 4882.8305084745761633 4814.8768361581924182 4775.0542372881354822 4687.0655367231638593 4212.3649717514126678
