378.4752820172528232 375.3029197080292079 373.2476775049767639 372.7879893828799140 374.0534173855341464 375.4394492368945180 377.6084936960849632 381.2866622428666119 387.0174187126742140 393.7924684804247022 402.3939946914399570 415.4553749170537458 432.5919044459190559 452.0557398805573825 473.3893497013934848 495.3478765759787734 515.3448905109488578 534.5620437956204114 552.2261114797611299 567.4037823490377832 578.5082946250829536 585.3782349037822996 588.0141008626410439 583.1818181818181301
-83.9584008643976176 -76.9648838465694212 -88.0513236088600735 -107.9756888168557509 -134.7687736358724919 -164.3576445164775919 -192.4473257698541317 -223.0799567801188630 -264.3160453808752095 -308.1853052404105711 -338.3900594273365527 -359.5207995678011912 -373.8363047001620885 -388.7698541329011164 -402.0248514316585897 -414.7152890329551838 -421.5694219340896893 -424.5051323608860230 -422.5975148568341524 -420.9648838465694212 -416.2360886007563749 -406.3155051323608973 -393.1285791464073327 -376.1842247433819466
348.6061349693251259 327.0601226993865112 318.7263803680981482 323.4018404907975537 344.4871165644171924 377.1809815950920211 424.6840490797546295 482.6742331288343735 548.8668711656441701 615.6515337423312531 681.6116564417177415 741.2294478527606998 798.1159509202453819 841.0116564417178324 872.5392638036810240 890.7092024539877002 895.8613496932515545 891.9558282208588480 877.7674846625766349 857.4828220858895520 830.9055214723925928 802.1153374233128943 773.9147239263803613 742.7650306748465709
-18.3820289855072474 -28.9437681159420279 -41.2521739130434781 -52.7518840579710115 -64.0376811594202877 -70.9020289855072434 -74.5634782608695588 -73.9414492753623165 -67.9194202898550685 -55.3884057971014485 -40.0788405797101461 -15.4904347826086948 17.1356521739130443 66.5153623188405732 123.5988405797101422 188.6840579710144823 260.7281159420289782 326.0823188405797168 383.7234782608695696 429.3652173913043271 457.8991304347825917 463.5188405797101723 457.1524637681159220 437.8730434782608540
424.0596658711216946 416.7488066825775377 402.8687350835322150 382.0149164677804379 359.1336515513126528 335.3585918854415127 319.8436754176610748 311.4152744630071652 311.1873508353222064 324.7434367541766278 353.6610978520286608 394.4725536992839920 453.4063245823389252 525.0871121718377026 603.4874701670644299 690.9457040572792721 775.2338902147971567 851.0023866348449246 893.4832935560858687 897.5811455847255047 903.4480906921240830 887.7852028639617856 861.2965393794748934 817.9391408114558999
183.8160882257541289 179.6480700616282888 196.7787868958806428 232.0145961725592088 283.1083360363282395 344.8806357444047990 411.5157314304249212 475.4258838793383006 513.2802465131366034 513.2718131689912298 474.6156341226078439 410.5478430100551464 346.0454103146286116 301.5608173856633130 282.0697372688939595 282.7875445994161510 296.4495621148232090 317.3334414531300922 336.4135582225105168 353.9419396691534416 370.5222186182289761 386.0856308790139337 402.4064223159260223 416.3250081089847754
555.1917926565874950 567.0090712742980941 557.8496760259179155 524.1097192224622177 475.2233261339092678 421.2982721382289242 373.8149028077753542 339.2984881209503101 318.4509719222461968 310.3749460043196677 311.3822894168466746 320.8999999999999773 337.0071274298056210 359.7606911447084030 388.3619870410367412 424.0285097192224839 462.6881209503239916 500.1814254859611424 527.5498920086392900 539.1790496760258975 531.7831533477321955 506.8814254859611310 476.0127429805615407 449.1293736501079934
798.1070599933708536 794.8518395757374719 787.7527345044746880 778.2562147828969046 772.3529996685449532 766.8511766655618658 759.7172688100762343 755.4825986078885762 758.4617169373549359 768.7722903546568887 781.4627113026184588 799.5034802784223302 826.8362611866092493 863.7434537620152923 906.5525356314219607 948.6771627444480828 983.6894265826980472 1007.0006629101757198 1026.6847862114682357 1035.9893934371891646 1034.6274444812727324 1024.6509777925091385 1003.8031156778256445 968.9061982101425201
690.4171561852107288 692.1154975812024759 692.7059433310297436 692.5688493434691964 693.6627505183137146 694.6471147201106078 695.2439530062197264 695.9489460953697062 697.2380787836904119 698.9130096751900965 700.6595542501727323 702.6120421561852254 704.6771769177609031 705.9631997235660492 707.2223565998617687 708.0445749827229065 709.6098825155494296 711.8689530062197264 713.6080684174153248 714.6317380787836555 715.4332239115410630 716.4655321354526905 717.7487042156185453 717.0107118175535561
89.0604360371914083 83.1567810195575561 79.2755690926579035 76.4421288874639373 73.9878166078871402 71.5056107726835535 70.3311958961205477 71.3582879127925622 77.7917601795447240 89.2108047451106074 108.2016672010259697 132.5200384738698176 158.7943251042000554 187.5609169605642705 214.9655338249438898 236.3887463930747117 250.0609169605642705 255.3145238858608650 254.9757935235652440 251.1816287271561521 245.0772683552420688 241.1436357806989292 238.8627765309394135 237.4182430266110941
-321.7552222817354277 -332.0680235672201661 -338.5152651312265562 -343.3138725227638020 -348.0648098553829755 -352.3371719335833063 -357.8085163363684842 -363.4758971612212122 -364.4796464916979062 -362.5798071772897515 -362.2429030530262253 -362.4742903053026453 -364.0747188002142707 -364.5024102838779072 -364.6164970540974650 -362.8304767005892018 -362.7870915907873837 -362.6625602570969704 -363.4450990894483198 -363.2916443492233611 -363.1360471344402754 -361.2378146759507445 -355.6797000535618736 -343.7576325656132781
491.8760784313725480 498.1939215686274451 511.5158823529411620 530.0199999999999818 547.2752941176470358 565.8327450980392541 583.8960784313725298 599.7131372549019943 612.9574509803921956 623.0472549019607413 632.9284313725489710 642.3574509803921728 653.4603921568627811 666.0449019607842729 679.3929411764705719 694.6874509803921001 711.3437254901961069 726.8033333333332848 742.7149019607843456 755.3115686274509244 763.5429411764705492 768.2827450980391859 769.4886274509804025 766.2066666666667061
1490.0119047619048160 1899.4166666666667425 1996.5952380952380736 1945.1547619047619264 1536.8452380952380736 1178.3690476190477057 1192.8571428571428896 1126.1666666666667425 969.4880952380951840 740.7976190476190368 512.8333333333333712 334.9880952380952408 188.3214285714285836 75.0952380952381020 7.8928571428571432 11.7261904761904763 51.1428571428571459 115.1785714285714306 191.7142857142857224 249.6428571428571388 283.5476190476190368 288.1071428571428328 279.7023809523809632 268.6785714285714448
581.8525345622119858 583.8657011191573929 584.4716096115865867 585.0757899934167199 584.9563034891375537 584.7304970375247422 584.9871626069782451 585.9158163265306030 586.8995227123107270 587.9381171823567911 589.2307439104673676 590.5580151415405226 591.5097103357471724 592.5402402896642116 593.6796412113232009 594.4251152073733238 595.5525016458195751 596.6458196181698668 596.2498354180381739 594.7530447662936695 592.8765635286372344 591.8990289664252487 589.9514483212640243 588.9381994733377041
-106.7695035460992870 -118.3878546099290787 -115.8082890070921991 -102.5325797872340416 -82.7754875886524815 -54.7205230496453936 -21.0684840425531910 20.7542109929078009 66.8648049645390046 104.2570921985815602 125.6941489361702082 132.6551418439716201 122.1830673758865231 98.3257978723404307 73.8355496453900741 52.0467641843971620 34.4193262411347547 22.8885195035460995 16.2462322695035475 14.0365691489361701 13.4157801418439711 13.0188386524822697 13.5126329787234045 11.3151595744680851
709.4780748663101804 703.6882352941177032 681.0315508021390087 645.5053475935828828 598.2828877005347294 546.7973262032085131 503.9770053475936038 478.4518716577539976 483.0844919786096057 511.5727272727272634 558.7283422459893245 619.5320855614972970 694.6700534759357879 781.6155080213903830 850.5609625668448643 890.3470588235294372 889.4930481283422523 851.1385026737967792 793.3711229946524099 724.7160427807486940 645.8358288770053832 583.9909090909090992 547.4663101604278381 529.7754010695186935
381.8405580468360654 382.0325290056231893 384.8612712648587149 388.9678980710370979 392.8263221581607354 395.2313331909744534 395.7354971884120118 394.0904690725318460 391.7801978788525616 389.1392981706882779 388.4472204427361248 388.8752936152039297 389.9377891664886988 391.4374688589934976 392.7590575841696818 394.7039646949961025 396.2627945049469531 397.8202007260303503 399.9630578688874607 402.0462666381948793 403.8773578190618423 404.9601395117090306 405.7834721332479262 405.7722257811943791
328.1348489567113234 325.1550918716910701 349.3930239800685058 404.7819993771410623 482.8327623793210819 563.3310495172843275 628.4335098100279993 663.7922765493615316 660.1575833073808326 625.9582684521956253 579.5004671441918163 534.2301463718467858 499.8785425101214628 480.7449392712550775 474.0956088445967112 476.8255995017128726 485.8299595141700138 499.8947368421052602 515.6505761445032476 531.5085643101837150 546.9881656804733439 563.0492058548738896 579.1865462472750323 592.9408284023668330
-145.8014312977099110 -149.0007633587786131 -151.3583015267175540 -152.9887404580152577 -154.3362595419847310 -154.8321564885496286 -154.5744274809160288 -154.1202290076335828 -154.1616412213740546 -154.7365458015267166 -154.8110687022900720 -154.8871183206106821 -154.7398854961832058 -154.8144083969465612 -155.3182251908396836 -155.4136450381679424 -154.5831106870228950 -153.7399809160305324 -152.2371183206106764 -150.3706106870228894 -147.8805343511450303 -145.1847328244274706 -143.4562977099236605 -140.5937977099236775
961.5722222222221944 991.6807407407407027 1006.3570370370370028 1011.5011111111110722 1003.0751851851852052 982.5192592592592291 953.5540740740740375 913.4274074074073724 869.0862962962962683 824.0122222222222490 779.6499999999999773 738.8833333333333258 714.0392592592592109 706.9622222222221808 713.3207407407406890 726.6755555555555475 742.5796296296296077 755.9303703703703832 763.9277777777778056 763.8914814814814918 756.2962962962963047 740.6085185185185082 725.0211111111111677 709.9522222222221899
175.4469244744354910 154.2517518816506481 142.5956397612250157 141.4326498832078869 150.7023098883986449 169.2403322086685762 192.6953023617959957 219.2626524785881088 251.8852841941344423 294.2865299766415887 341.0833117051648173 385.4175966779133091 418.8567350116792340 435.5071372956138021 427.6099143524526198 401.1990656631196543 368.1824552296911293 337.1559823514144796 309.7321567609654949 290.7433168959252612 278.0487931481962391 270.2019205813651865 268.0215416558525590 271.5595639761224902
70.2614285714285671 75.2699999999999960 56.9561904761904785 17.4400000000000013 -41.0076190476190447 -110.6604761904761887 -183.5376190476190459 -250.7628571428571433 -303.0166666666666515 -326.4857142857142662 -315.4871428571428851 -277.6690476190476033 -225.3409523809523876 -175.6871428571428453 -132.1714285714285779 -103.6219047619047586 -83.4242857142857162 -59.5857142857142890 -34.0514285714285734 -11.5733333333333341 3.8323809523809524 6.8085714285714287 1.2766666666666666 -11.9071428571428566
531.9471781590590354 533.9313693752022800 534.8361929426998813 534.1174058487105185 531.6069925542246892 528.0983597712312303 524.9404877522391644 523.5697636775655610 523.4487968058703018 524.2261249595338768 525.0548721269019552 525.4567281752455301 525.8913348440703430 526.2764109204705392 526.7678320923707815 527.3504370346390715 527.8807057300097085 528.4692457105859376 528.8899320168338818 528.7331390957159556 528.5048559404337993 527.3545915614546402 525.5054494442646273 523.8545376065609389
623.6047838490235335 625.8200570550800421 632.3530831687513682 643.6686416502084285 657.5288567039718828 673.8731621680930175 692.4608294930875445 712.8411235461926481 732.5231511959622139 752.2574061882817205 770.4816765415844202 786.2400702216370973 799.6960719771780077 810.2508229098091306 819.5152512617950151 829.8588983980689591 838.9192451174018288 845.0098749177089985 850.7004608294930676 858.0546412113232009 861.6596445029624647 863.7722185648452751 864.4064077243800739 858.4437129690585380
782.4214506703334564 758.3045720178755573 728.8198693709177860 720.7023031969748672 752.0292196631144179 803.9859058095565842 867.5232038501203533 922.6469577174286769 971.6641457545548519 1006.9566861464420526 1023.7174286696459831 1027.6105190787211541 1019.8446201443795189 1010.6084565142660949 1001.0350635957373697 987.6442076314884844 975.8356823650739216 966.6479889996562633 958.8611206600206742 951.2206943966998551 948.7188037126160225 946.0704709522173061 939.1729116534892228 929.9405293915434640
-36.0354533152909369 -31.5566982408660337 -22.7374830852503393 -12.6844384303112321 -2.5902571041948579 9.0305818673883618 19.5244925575101504 29.8844384303112314 40.1315290933694158 45.3096075778078458 43.2912043301759155 35.6416779431664423 19.1136671177266564 -8.4733423545331537 -43.5228687415426236 -82.6952638700947205 -122.5851150202977067 -160.4181326116373612 -190.8955345060893194 -207.7788903924221984 -215.8652232746955235 -217.7304465493910755 -210.5399188092016232 -196.1250338294993298
752.0926977687627186 759.1945233265720390 757.6815415821500892 750.1146044624746310 735.9247464503042693 718.3296146044624493 696.7385395537525028 672.0651115618661606 645.7851926977687071 620.7774847870182384 598.1050709939147509 580.9099391480730219 567.6458417849898979 557.4663286004056317 549.8862068965516983 543.1316430020284542 536.5334685598377291 528.8052738336714356 522.2318458417850024 513.7572008113589845 503.0281947261663049 492.6503042596348791 481.6823529411764753 472.1332657200811127
836.1830568720379233 838.2180094786730251 837.0219194312795707 834.0302132701422124 828.1605450236967272 825.6777251184834086 824.3210900473933407 839.9004739336493230 862.8489336492890516 891.0355450236967272 931.6943127962085782 973.2748815165876977 1019.4283175355450339 1048.0408767772512419 1060.6960900473934544 1062.4478672985781031 1050.5864928909952596 1018.1771327014217832 958.4016587677724601 853.7577014218009026 722.7304502369668171 620.3039099526066593 574.9223933649288938 602.0953791469194130
299.2498129342597508 298.4352218065205875 298.2106894708712161 298.0888829502939643 298.1078033137359853 298.1214858364510860 298.2159273115980795 298.0771245323356311 298.0828968466061042 298.3507749866381573 298.6229823623730795 299.2323890967397233 299.8871191876002058 300.7088188134687243 301.7050240513094650 302.6771245323356538 303.4338321753073160 304.4214858364510974 304.9765366114377230 305.1969000534473366 305.1442009620523663 305.6583110636023548 306.4240513094601965 307.1711384286477937
739.2291666666666288 764.2097701149425575 803.8829022988505812 853.4015804597701162 898.8706896551724412 921.6659482758620925 914.7234195402298838 927.7607758620689538 923.4849137931034875 885.8764367816091863 813.3340517241379075 707.7133620689654663 587.4705459770115112 478.7471264367816275 395.7866379310344769 346.5251436781609300 340.3821839080459881 364.2456896551724412 408.3146551724137794 447.7377873563218600 475.8132183908045931 485.1422413793103487 486.6393678160919762 482.7313218390804650
-448.9575757575757393 -478.4666666666666401 -498.9560606060605892 -516.7090909090909463 -535.3787878787878753 -550.7393939393939490 -564.1257575757575751 -568.9696969696969973 -571.5272727272727025 -571.4651515151515468 -569.2772727272727025 -564.0363636363636033 -556.9439393939394449 -548.5045454545454504 -538.1227272727272748 -529.3424242424242721 -528.1636363636363285 -531.1075757575757734 -530.2545454545454504 -523.7045454545454959 -516.5196969696969518 -507.1787878787878867 -489.1515151515151274 -457.9060606060605778
307.6833333333333371 69.4375000000000000 -90.5041666666666629 -64.4874999999999972 157.3666666666666742 445.5625000000000000 730.9375000000000000 1007.5541666666666742 1261.8333333333332575 1362.8125000000000000 1227.4124999999999091 1029.2000000000000455 828.4083333333333030 591.0916666666666970 268.0791666666666515 -37.7041666666666657 -124.8541666666666714 19.5166666666666657 284.5791666666666515 542.2791666666666970 749.8624999999999545 901.7958333333333485 982.6208333333332803 983.1749999999999545
758.3936507936507496 793.5422222222222217 818.0298412698413131 819.7066666666667061 801.3403174603174648 772.2469841269841027 735.2609523809524035 685.4082539682539164 625.1003174603174557 565.6584126984126897 517.3225396825396274 487.3923809523809609 490.2971428571428305 520.7574603174602998 574.5111111111110631 648.8565079365079100 745.7714285714286007 851.0146031746031667 923.2000000000000455 952.2438095238095457 949.8215873015873285 916.6203174603174375 873.3917460317460382 821.1726984126984235
813.7796147672552252 814.7390850722310915 815.5737560192616229 816.3966292134831519 816.5900481540930969 816.7327447833065435 817.3376404494382541 817.9141252006420473 818.4988764044943537 818.3361958266452802 818.0895666131621056 818.1029695024077455 817.6832263242375802 816.8024077046549110 815.7256019261636766 814.0095505617977096 812.7802568218298802 811.9524879614767769 811.3942215088281955 810.8116372391652931 810.5457463884430354 809.9087479935794818 809.4532905296949821 808.6820224719101589
-173.6238436027229852 -182.1033339151684345 -184.3386280328155067 -183.9659626461860569 -178.6512480363064981 -168.5501832780589950 -155.5950427648804464 -140.9186594519113385 -126.0960027928085196 -112.0059347181008889 -100.7971722813754525 -91.8959678827020383 -83.6292546692267393 -74.6847617385233065 -65.5735730493977940 -55.3101762960377030 -44.7381742014313133 -34.7835573398498852 -22.8587886193052903 -10.0158840984465005 2.8331296910455577 12.6311747250829107 19.6641647757025666 22.8985861406877298
555.8392215568861729 569.5658682634730212 575.6407185628742127 572.8197604790418609 562.5793413173652198 545.4326347305388936 522.8604790419161645 498.0640718562873985 475.9736526946107915 456.9571856287425362 443.8149700598802383 438.3673652694610610 441.0482035928143887 452.7898203592814639 472.4131736526946383 500.7628742514970099 538.9619760479041588 585.8284431137724368 634.6299401197604766 682.1544910179641192 721.3799401197604766 745.9658682634729985 749.9398203592813843 733.2224550898204143
401.2719756309834906 408.1422976501305584 398.0156657963446492 383.3546562228024186 361.8372497824195193 330.3137510879025172 286.6105308964316691 233.7001740644038250 174.2815491731940938 115.4782419495213190 63.2528285465622275 21.4416884247171460 -7.7993907745865974 -22.1466492602262832 -32.3672758920800732 -41.7358572671888624 -46.8651000870322036 -45.8716275021758051 -43.9199303742384686 -41.8011314186248910 -39.9634464751958234 -37.1100957354221066 -31.7532637075718007 -26.4808529155787653
390.0365244685404491 393.6193465544300238 394.8339278071051694 397.0874589813097373 399.2191468112426946 398.3802254244542951 393.1207019546297374 383.1839064060493456 367.8297902696533015 347.4213154515622932 322.9490654872307118 297.9315166214866508 273.1523755171921835 250.9432158653160343 233.3434156085033635 221.3240119845912375 214.1958909972892116 212.2565273220145627 214.6163504066200574 220.4638322157226469 228.5886717078042523 236.6027964046226373 245.4822371236980985 256.3281495220430770
187.7948577680525091 200.2505470459518619 213.9721006564551544 229.2489059080962761 241.3708971553610638 251.7275711159737455 261.9113785557987057 264.5525164113785763 265.2062363238512148 259.2144420131290872 246.7177242888402589 223.7084245076586342 188.0120350109409060 139.8331509846827032 84.9753829321662977 26.0311816192560173 -31.6548140043763659 -84.3840262582056937 -130.6613785557986773 -166.0782275711159741 -188.1187089715536160 -197.9928884026258231 -188.6427789934354564 -161.6143326039387205
1062.6040353089533710 1118.4401008827237547 1041.3669609079445308 885.5472887767970178 695.7023959646910498 517.0630517023959101 359.7994955863808286 267.9546027742749175 273.6746532156367948 357.9419924337956900 462.5977301387137572 554.4854981084489509 611.6633039092055242 628.6393442622950261 602.2963430012609933 568.8738965952080662 534.4060529634300565 521.8234552332912699 518.7011349306430930 521.4728877679697234 515.2686002522068520 498.4148802017654702 470.6179066834804416 446.0441361916771825
486.4946085325832428 474.4303797468354560 481.6905766526019761 510.0140646976090011 556.0426629160806442 616.9878105954055627 691.8959212376934147 770.2147210501641439 842.3422409751523219 891.8682606657290535 909.9737458977965616 903.6807313642756299 877.9559306141584329 837.0346929207688618 790.0121894045944373 745.9212376933895712 717.4256915142991602 697.9156118143459935 675.9714017815283569 654.6390060947022675 637.5072667604313210 632.1448663853726657 641.2208157524613625 660.3844350679793251
-103.4919423240033893 -79.4232400339270583 -46.6547921967769312 -5.4809160305343507 38.8193384223918585 68.9618320610687050 74.4300254452926140 59.0941475826972038 27.2349448685326543 -27.8973706530958445 -118.2536047497879537 -231.5708227311280609 -330.0534351145038272 -388.5165394402035872 -404.9109414758269736 -360.5657336726039262 -273.7192536047497811 -180.8100084817642141 -107.3070398642917667 -56.6590330788804053 -17.9567430025445276 5.9067005937234942 21.4537743850720943 22.3765903307888046
349.5220020154517897 342.1276452804837049 318.8579106483036867 282.8212966073228358 236.3244877393348986 190.7803157541148948 152.5408128988914882 131.3322136378905043 126.5176352032247280 133.7289217332885585 148.5777628485052162 168.7252267383271658 197.1444407121263112 233.6358750419885837 282.6210950621430698 337.8703392677192028 391.3281827342962629 432.0581121934833959 448.4877393349008798 433.3721867651998423 397.4212294255962661 350.3580786026200826 313.7695666778636223 297.4044339939536599
129.5647405467343276 129.4398428548043967 135.0865935504992592 144.5375675233262314 157.6202324439351798 171.8688819774103820 185.0281551808806739 196.0176788345064551 204.1427402193484966 209.7502046161401097 214.9147159927975110 219.7488950728433394 226.6896382386642586 236.2150924864953367 247.4211818628253354 259.9186446226878502 275.1471599279751103 294.4341136028809842 316.0779178261581137 337.9528564413161007 357.7726305450973996 374.7274513013586557 384.6760517269602246 384.2055982975937241
-402.3103939250118515 -426.0911248220218113 -439.2036070242050414 -442.3887043189369024 -437.2885619364024592 -426.5405790223065878 -408.9145704793545519 -391.6108210726150674 -376.8220218319885930 -365.2909349786426105 -356.0640721404840860 -346.8590412909349538 -337.2937826293307921 -327.7997152349311705 -314.7304224015187515 -300.0545799715234807 -280.1566207878500450 -254.4883720930232585 -225.0887517797816884 -196.8875177978167983 -170.5524442335073445 -147.1233981964878978 -131.2942572377788224 -128.1067869008068385
652.7299080020829933 653.5190071168200348 645.6906787016142744 631.7016143030723470 613.2843256379101149 596.4671064051379972 581.2412775559798774 564.9163339697969377 548.4193716368686182 531.7719145981600377 514.6826939767400972 497.3947231383440339 481.6981426835618549 467.7087311230689011 454.5566741885089641 443.9625065092865839 434.2501301857316207 425.8632181912862507 419.2631487588960226 413.0397500433952587 405.9060926922409180 396.9421975351501715 391.6193369206735042 388.0482555111959755
-261.5399436090225436 -280.6766917293232950 -287.5206766917293066 -282.9205827067669361 -268.6531954887217921 -248.8806390977443641 -226.0935150375939884 -199.9562969924812137 -171.7138157894736707 -139.9022556390977456 -105.2504699248120232 -68.8623120300751879 -34.0272556390977456 2.6654135338345863 38.4163533834586488 72.8580827067669219 105.3580827067669219 133.1945488721804622 156.6809210526315894 177.7443609022556359 193.0949248120300865 202.7312030075187863 203.0780075187969942 197.0963345864661562
213.8352032370792699 216.7706455766047497 221.5107596100790772 229.5232665072650491 237.7395622585984825 244.8817362516093397 253.5920544417877522 264.4539267978664725 274.6249770093801885 281.9613757586904512 288.5425786279197951 294.4053706087915998 298.3643553430200654 295.5179326834651192 282.4627551958801064 259.1704984366378426 229.2249402243884617 192.1585433143277442 154.0478204892403937 118.2821408865183059 88.7625528784256090 68.1922015817546452 58.3110171050211505 61.4739746183557116
436.2981461286804574 437.6992366412213755 451.9256270447110069 474.9853871319519953 499.8407851690294592 524.9993456924754582 548.5350054525627002 569.7537622682660867 581.6237731733914416 582.3882224645583392 569.4687022900762940 545.9271537622682899 509.5624863685932269 464.9520174482006496 419.4817884405670725 377.0436205016357576 341.3456924754634656 315.9980370774263747 300.8920392584514616 298.6998909487459173 305.7201744820065414 319.7230098146128512 339.9389312977099280 363.9430752453653213
876.4078404401650459 877.6813715857732632 878.6595598349381362 879.1108272745136674 879.4103949695421534 879.0430339948909477 878.3006484574572141 877.9332874828060085 877.5482413047750470 877.3466299862448068 877.4490076635880769 877.3921202593829776 876.8488897622322611 876.2397327569267418 875.9213990960896581 876.2082923953624913 875.4444881116132819 873.9625663195126890 872.4772057378660293 872.2176262527019617 873.2593829829042988 874.2001375515818609 873.8435842012182775 873.1924739634505386
774.8971428571428532 864.0468571428571067 940.7988571428571731 991.3588571428571186 1018.4148571428571586 971.9565714285714648 869.3302857142857647 729.7222857142857038 576.9748571428571040 414.4422857142857310 274.9817142857143040 205.5600000000000023 221.9519999999999982 290.5199999999999818 376.9828571428571422 456.2605714285714384 514.6868571428570931 548.8925714285713866 564.9828571428571422 577.6765714285713784 588.5028571428571240 601.3028571428571922 605.8160000000000309 594.3268571428571931
25.0202354672553362 15.2810890360559242 -1.6017292126563649 -21.2924944812362043 -37.5423105224429747 -48.2983811626195703 -56.2720750551876350 -59.4988962472406158 -61.0978660779985319 -65.0584988962472437 -71.6889256806475288 -78.8693892568064712 -84.5051508462104550 -85.6232523914643053 -81.3270787343634964 -67.7689477557027260 -45.0917954378219292 -13.2321559970566600 30.0894039735099348 76.9777409860191284 118.9711184694628372 154.4422369389256744 177.6880058866813954 175.0805739514348716
313.3099904397705586 317.4048757170172053 321.0688336520076405 325.6273900573613673 334.0740917782026713 343.3319789674952176 349.6223709369024846 349.6288240917781991 340.4892447418737902 321.9058317399617408 292.1567877629063332 253.1859464627150942 206.7839388145315525 160.5652485659655895 122.2100860420650150 95.6555927342256211 80.3420172084129973 76.3181166347992388 76.0210325047801092 76.9737093690248599 78.9426386233269568 80.7076959847036335 84.6230879541109005 94.0619024856596582
298.4929577464788508 277.9859154929577585 222.1408450704225288 162.2957746478873275 120.3802816901408477 83.6478873239436638 76.3661971830985919 58.8450704225352084 19.8309859154929562 10.6619718309859159 28.6901408450704238 141.1549295774647987 287.3521126760563220 741.6338028169013796 1798.3380281690140237 2375.7323943661972407 2043.2816901408450576 1425.8169014084508035 1007.2112676056337932 1150.4084507042252881 1191.5774647887324136 1090.7464788732395391 884.0422535211267814 670.9295774647887356
592.4575814705090124 585.9148936170212210 585.6722326959331895 590.7126312954484320 606.7199030433611142 629.1440883382709899 652.7199030433611142 674.1220037705359118 693.0500942633988188 707.8047401023430893 716.3137624562348265 714.4454618906544283 702.2739025047131918 677.9768381362779337 645.6983571236197577 605.9321303528143972 561.8952329652571507 520.0608672232696108 483.0544034473471697 455.0525181793697698 437.5556154053326168 431.0603285752760598 436.7379477511446453 444.0180447077834742
465.8484333252368401 490.1425795482147123 517.9628370172455334 548.4940490648530158 569.2820014573718481 570.7653631284915718 553.3910614525140090 518.2897741073596762 473.9859120718970189 430.3116346854505991 390.6116103959193424 356.8766091814428023 330.3240223463687357 312.4352683993199093 307.1522953606995543 311.1967452028175671 328.1100315763905542 356.3971338353169926 393.4124362399805932 437.1700267184843369 485.6407578333738115 535.6895797911100772 571.1399076997813609 578.0643672577119787
741.0935064935065384 744.4266233766234109 751.4396103896103796 752.4616883116883628 747.9389610389609970 738.7149350649350481 728.7896103896104023 713.6409090909090764 694.8675324675324418 671.9681818181818471 646.7662337662337677 621.5662337662337222 599.4506493506493143 575.3538961038960906 548.6058441558441245 509.2616883116883173 454.6253246753246913 385.1675324675324532 304.7493506493506743 215.9837662337662323 138.0707792207792295 91.4811688311688300 79.4512987012986969 108.5220779220779264
-226.8582970789310025 -232.9854568054692265 -235.5556246115599777 -239.5583592293349966 -241.9136109384710949 -244.0292106898694726 -245.9353635798632638 -246.8635177128651321 -247.8344313238036136 -248.2013673088875123 -248.3220633934120656 -248.6381603480422484 -248.4896208825357462 -247.7042883778744624 -246.7327532628962103 -246.3823492852703509 -245.6201367308887598 -244.4856432566811577 -243.7479179614667544 -241.7651957737725184 -238.6953387197016809 -235.5499067743940316 -230.9712865133623438 -225.1056556867619634
249.0609285619262891 246.8927763735532892 248.8245310629240521 253.8922442463748723 261.5188239989357726 270.7785020619928105 279.1742716509245952 288.3758148197418905 297.6527870160968519 308.6525209525076434 320.7839563655713846 335.3961686843155690 350.8547292802979882 368.1013702274843808 384.0995077823599786 399.1563123586537358 412.5399760542769627 424.8391645603298912 435.7248902487694409 444.9159239058134858 451.6265797525608718 455.5025941199946828 455.2866835173606432 452.2910735665824404
785.4813939751919634 790.5936207914943452 812.4459539279386036 843.9178972238629513 884.2374483165978063 931.2368576491435306 982.6816302421736964 1032.5971647962196585 1062.1736562315415995 1070.3266391021854815 1063.0165386887183558 1038.0106320141760534 986.3502658003543502 918.2368576491435306 842.0372120496160733 753.6674542232723297 673.5611340815121366 627.8653278204370736 622.2888363851151325 643.5138806851742856 682.1653868871825352 722.0354400472533598 753.7040756054341273 774.3744831659776082
770.1493860845838526 775.8908594815825381 780.9471350613915774 783.6841746248294385 784.6761596180082279 781.6475102319235475 777.7552864938608082 772.9099590723055826 765.7957025920873093 756.1038540245566537 745.5973738062755274 732.3260572987721844 715.5317189631650763 696.7605729877217300 679.3449863574352321 663.7455661664392892 649.8838676671214216 637.9670873124147192 629.7341405184174619 623.2138472032742129 616.8893246930423402 611.1568894952250730 606.7293656207366439 603.0852660300135994
762.6765122697098604 763.2391288133064791 763.3880808532856008 762.7004549862012937 762.0916685313642347 761.4105318117401566 760.5634370105168500 759.4373088685015318 758.6281047214141608 758.0791377638546464 757.8781233683896517 757.6831505929737887 758.1103900947266538 758.3574998135302394 758.2036995599313514 757.6235548594017928 757.1398523159543856 756.2653091668531715 754.8280002983516397 753.2750801819944400 751.7109718803610576 750.4434996643544764 748.5139852315954840 746.8082345043634405
-286.5840832395950315 -296.2767154105736722 -301.0809898762654484 -300.9634420697412907 -300.1476377952756138 -298.6020809898762423 -295.6476377952756138 -289.9687851518560251 -279.5643982002249572 -265.6802587176603083 -251.2826209223846945 -233.0795838020247572 -211.4063554555680469 -187.5140607424071959 -163.3374578177727869 -137.7350956130483723 -111.2511248593925757 -87.4285714285714306 -66.8501124859392633 -48.3540494938132710 -34.0371203599550043 -20.6051743532058502 -10.2899325084364452 -7.2556242969628792
2.7205597416576963 1.5608180839612487 0.9032446563124712 0.2473012455789635 -0.5548516069506382 -1.3937567276641549 -1.8195294479471014 -2.0603413809011224 -2.1163155466707675 -2.3060126095648164 -2.2544979240350607 -2.1288636014147317 -2.0882977087498076 -2.0970628940489004 -2.5245886513916656 -3.2570198369983085 -3.9248654467169000 -4.1168691373212365 -4.0297093649085038 -4.1753037059818547 -3.9672151314777793 -3.8866369367984008 -3.5106258649853914 -2.1250499769337230
928.2739130434782737 937.6260869565217035 871.6260869565217035 760.6826086956522204 605.8999999999999773 376.1956521739130608 94.7913043478260846 -133.9304347826086996 -149.7043478260869449 45.8260869565217419 368.7434782608695514 682.5826086956521976 968.4608695652174220 1228.4608695652173083 1362.3173913043478933 1267.5608695652174447 1127.4956521739129585 928.3434782608695741 669.4260869565217718 384.8130434782608518 88.9695652173913061 -104.1608695652173964 -79.2652173913043470 132.9130434782608745
152.9723579841358969 153.6150148225302416 154.8909542504607089 155.4118259754827420 155.8268568223699901 155.7300697059530421 154.9894239243650418 153.9223619902251414 152.3001362070346829 150.9298934380258004 150.4945116577197268 150.8668375931415824 151.4404294527681998 151.5310471917314317 151.5341719413508486 151.2028683599070575 150.3870683438827029 148.7463344283310676 146.8903933979649139 145.3956413748898342 143.3147183719253235 141.6278343081483797 140.5566060411825902 139.7912827497796684
314.6698994886263563 306.0849938282489688 305.5824369599718011 311.3787691765120940 324.3990477869864435 344.2331158525832961 371.6535002645036343 405.6974078645741315 445.2087815200140994 488.1281960853464739 524.3265737965085691 545.5873743607829738 550.5806736025392638 539.1107388467642068 516.0315640980426224 491.0174572385822671 471.6034209134191428 458.5080232763181129 451.3369776053606302 448.9726679597954444 448.5782049021336775 448.9336977605360630 450.9675542232410521 454.0333274554752165
9.1291666666666664 36.8333333333333357 144.8625000000000114 326.3750000000000000 596.2250000000000227 1014.5291666666666970 1402.8750000000000000 1439.5916666666666970 1340.9249999999999545 1115.4583333333332575 970.0125000000000455 946.8666666666666742 871.7583333333333258 770.9083333333333030 642.9708333333333030 515.0583333333332803 382.0791666666666515 231.4541666666666799 112.1583333333333314 88.9000000000000057 150.8249999999999886 249.8625000000000114 345.2041666666666515 425.0083333333333258
199.4949254138001606 198.5878346161705679 198.9107690211838531 199.2704856617396558 199.8602275049383650 200.4764661807778623 201.0221374565765302 201.0912063210952851 200.8288944894761983 200.5141339145834820 200.3830120563994228 200.4872283904366270 200.3758599550439214 200.8633608064845646 201.6419862407192909 202.8050541516245460 204.0460459096791794 205.7857775355902277 206.9722089775900713 208.0038825693072795 208.5486683468428453 208.5836114706082753 208.6433485457393999 208.9419658061439975
-40.8667900092506926 -45.8651711378353397 -55.5841813135985205 -64.1609620721554137 -75.8633209990749293 -90.1295097132284866 -105.0120259019426499 -117.3168362627197041 -128.6815448658649359 -141.0793246993524406 -156.2361239592969469 -172.5987511563367320 -189.9361702127659441 -206.8094357076780625 -223.9153561517113644 -241.1551803885291463 -255.4512025901942707 -268.2567067530064833 -278.3337187789084055 -285.2865402405180362 -290.7076780758557106 -293.8163737280295891 -291.9493524514338674 -281.5691489361702224
469.9400609549610408 471.7617338300033794 474.1821198780900772 476.9443278022350228 478.3651202167287693 479.0156451066711725 478.9504910260751558 478.2408398239078906 478.1613951913308256 478.6247883508296468 478.7982390789028386 479.0187605824585262 479.1953945140535325 479.2214696918388199 479.4022350152387162 479.9546224178801026 481.1848967152048999 482.2236369793430413 483.1420927869962725 484.0938029122925741 484.2369793430409572 483.9078902810700811 482.6088723332204609 480.7320013545547113
261.0109708922569780 260.6161456021307572 260.6071405923013344 260.7370156636438310 260.6480436299067946 260.7013127021371020 260.7065127782357763 260.5634472699600224 259.9812924091572199 259.6077747479231448 259.0386834929291808 258.8668273194242033 258.3634980024098127 257.5895744815777562 257.3123216437313658 257.5634472699600224 257.5980721669097875 256.9315111928466990 256.6123406684000088 256.0282199251696511 255.8030946794343379 255.4692117445621022 254.8342951360263839 254.7683429513602675
-70.5446598251615313 -79.5096921322690946 -59.7882934245534017 -3.1250475104522994 94.5902698593690587 178.2436335993918703 218.4910680349676966 195.5925503610794465 126.3808437856328339 63.9703534777651086 21.5663245914101118 -4.9623717217787915 -13.5978715317369829 -8.6693272519954387 3.7635879893576587 17.8396047130368665 24.4743443557582658 26.3869251235271776 24.0752565564424188 18.7077156974534411 15.2375522614975303 16.5484606613454943 16.6446218167996953 16.2911440516913721
446.0946737683088941 446.2660452729693930 446.1693075898801339 445.5002663115845394 445.5264980026631179 445.7908122503328627 445.6354194407456930 444.9333555259653963 443.3856191744341118 441.9096537949400840 440.6728362183754939 439.6527296937416622 438.8566577896138483 438.2393475366178563 437.5340213049267390 436.5234354194407729 435.0578561917443494 434.1769640479361101 433.4419440745672318 432.1856191744340663 431.0448735019973583 430.3198402130492468 430.0217043941411248 430.2838881491344978
379.0838150289017108 376.7312138728323703 293.1242774566474054 126.3757225433525946 -90.2109826589595372 -301.0375722543352595 -469.6820809248554838 -558.2283236994219351 -525.9161849710982324 -430.6184971098265919 -328.6647398843930432 -208.8554913294797757 -49.6676300578034713 146.6560693641618514 319.1358381502890325 448.1098265895954000 503.2630057803468162 465.6069364161849649 336.0838150289017108 136.0462427745664797 -112.9682080924855541 -375.1329479768785973 -545.3236994219653297 -560.5895953757225243
87.0649402656343909 87.1055863311753313 87.9851832076353162 88.9466728959487369 89.0364413001401545 88.0312354001201385 87.7388373489955313 88.9368617766802316 91.0244944270172880 93.2163118200627423 94.7325635720483206 95.4749382633651464 95.7561903490622655 96.0800240272308628 96.7306947874257474 97.7248214643262401 99.0345057732096308 100.3711539745044377 101.5476206367216179 102.1273443235667031 102.4260828939464716 102.3580057398384895 101.9431355536274424 101.0920376426616798
775.8513931888544448 733.0804953560372041 677.6842105263158373 619.2693498452011909 582.4891640866873104 549.3343653250774423 507.3219814241485892 469.3219814241485892 467.4117647058823763 526.1393188854489154 741.0433436532507585 1014.0123839009287394 1301.1888544891639867 1451.2476780185759253 1310.6439628482971784 1086.1393188854490290 861.5634674922600880 636.0433436532507585 533.7120743034055295 578.6749226006191975 747.6377708978328656 881.2321981424148589 900.7089783281734299 865.8792569659442506
231.8409090909090935 201.4431818181818130 188.4772727272727195 207.7045454545454675 225.3750000000000000 257.2386363636363740 288.7159090909090651 295.4545454545454390 256.2840909090909349 214.5000000000000000 167.6136363636363740 128.2954545454545325 95.2840909090909065 67.6818181818181870 70.2840909090909065 22.0795454545454533 -48.6022727272727266 -54.2727272727272734 -9.4659090909090917 222.6931818181818130 706.4659090909091219 1648.6704545454545041 2271.8295454545454959 1868.9886363636362603
740.2278911564625332 891.8911564625850588 980.0986394557822905 1021.8639455782313235 992.2619047619048160 896.4659863945578309 770.0850340136054228 585.0068027210884338 362.3401360544217482 107.4591836734693828 -67.1938775510204067 -39.1904761904761898 158.4659863945578309 440.2482993197278915 738.0714285714285552 1014.1394557823128935 1243.1020408163265074 1350.8265306122448237 1294.6224489795918089 1103.5680272108843383 874.1054421768707243 576.5782312925169890 253.8027210884353622 115.3401360544217624
178.3059798084390479 172.8004141858659182 161.3440331348692780 144.6264561221848339 128.4543101216671062 118.9339891276210182 112.3947709034429181 103.4310121667098059 89.8436448356199833 74.0106135128138760 56.2187419104323070 41.6997152472171919 32.2130468547760813 28.5472430753300550 33.1426352575718326 45.7693502459228583 67.3908879109500418 98.0028475278281093 138.1151954439554856 188.7758219000776592 247.4071964794201506 299.3378203468806760 328.3618949003365515 321.6945379238933356
471.0818713450292421 386.2748538011695700 543.1038011695906107 841.9941520467835971 1078.1374269005848419 1185.0277777777778283 1141.6885964912280542 1074.3903508771929864 989.8801169590643667 900.4692982456140271 805.9926900584795249 779.8596491228070136 830.9634502923976243 905.5877192982455881 942.1783625730994345 944.8757309941520361 941.9502923976608599 934.3479532163743215 927.9663742690058825 926.8918128654970587 937.3274853801169684 955.0204678362573532 968.0964912280701355 969.1798245614035068
-31.0027198549410699 -43.7810516772438802 -43.2126019945602877 -34.1940163191296449 -16.6518585675430657 8.3871260199456028 42.9587488667271060 82.9242973708068973 129.2175883952855884 186.3227561196736133 244.5095194922937480 299.6645512239347227 350.8368087035358371 394.2243880326382737 419.4265639165911352 433.1645512239347227 442.6310063463282063 446.7080689029918403 451.5113327289211043 459.9079782411604924 471.0190389845874961 486.3454215775158787 498.5607434270172007 498.3068902991840332
505.2869676867109092 491.8758827305799173 483.0205435480419283 476.3154290605606889 473.5951209073400605 473.6325700834581767 474.7577573293387445 479.4836293601540547 489.2537984164348472 503.4395463299807147 523.1776160924459873 545.1089236036807506 563.0038519152578829 575.3916113845494920 579.6000427990584285 571.0575647335758731 546.8489193237749078 507.6203723518082711 461.1806120265354139 410.9253156430558533 367.2589343034453009 336.8773806976246306 320.4010271774021135 321.0644125829231825
520.7585954645207948 528.1111923920994968 405.7607900512070387 233.4506217995610768 89.3321141185076755 -1.0416971470373080 -25.9290416971470385 6.2574981711777617 68.9875640087783495 136.6013167520117122 181.3818580833942917 189.0694952450621713 174.5705925384052648 153.5961960497439520 138.6232626188734400 139.0182882223847969 144.5193855157278620 145.7600585223116241 139.7761521580102340 127.0402340892465247 118.7571324067300651 117.9348939283101743 127.4059985369422066 137.9326993416239873
111.3498435161246363 116.1590692611239604 120.0787862294189665 121.1025989930602833 115.7316641719961865 110.2696965573547487 104.8307252687440467 97.4795210232684752 86.3890325214314885 71.9590420465369505 55.0661314464553016 36.1963532453395018 18.2460198666485240 1.9929242073751532 -13.7537079874812900 -28.2993604572050614 -39.9582256089263836 -49.1658729078786223 -59.7166961491359345 -68.6677098925023870 -76.2355422506463469 -82.9813580078922257 -85.9205334059055588 -77.8218805279629890
208.6563760743729290 212.0848973864234210 200.8342396070864879 178.0482371513769522 142.0110506928608913 99.8535344676372603 56.6891773373092462 19.3934397474127351 -6.4411506753201193 -20.6835642869671972 -26.6505876162076838 -26.4611471671636558 -26.0275390282406605 -26.3702859147517970 -25.1680406946149802 -22.5392036484827223 -19.1345378003858961 -13.5334151903174877 -3.3285388528328363 8.0989300122785473 22.1897912646904061 39.3102964392211902 58.0238554639536943 71.5969128223118787
1220.4185110663984233 1261.0000000000000000 1183.6418511066399333 965.5694164989939736 659.6720321931589979 454.3822937625754435 462.3762575452716419 696.8752515090543511 902.3460764587524636 996.0704225352112644 991.5110663983903123 966.8873239436619542 935.1267605633802305 909.7344064386318223 910.2374245472836947 938.0402414486921998 956.7062374245473393 968.9114688128772741 959.0100603621730215 949.5352112676056322 941.5271629778671922 941.9778672032192617 940.4989939637827092 935.8993963782696710
811.5198412698413222 674.5674603174603590 479.8888888888889142 213.2579365079365061 -47.5634920634920633 -156.6825396825396695 -3.4523809523809526 319.0000000000000000 612.7976190476190368 867.6309523809524080 1089.4126984126983189 1239.5357142857142208 1228.5317460317460245 1082.3492063492062698 896.1269841269840981 701.1984126984126533 461.3650793650793389 168.6349206349206327 -83.0476190476190510 -119.7142857142857082 90.9801587301587347 368.5873015873015675 603.2658730158730123 766.4166666666666288
508.0011177867821743 508.7253038982814246 503.3962554142797217 493.4485119463462297 482.1557915327651358 470.6402123794886165 457.2428391784267205 443.4528433701271410 428.4879139304177897 411.4622048344278369 394.5816682967723636 378.9930138326114388 365.4067346653625918 354.8323319826743045 347.5749615760793745 340.6576777979600479 334.0416375576359087 327.8454659773648245 321.8685203297471276 317.9927343859158668 313.3371524381724385 308.9485818080200943 306.4240603604862372 306.7735084532625365
912.9884467265725334 931.5485665382969955 947.9931536157466780 958.8647839109969482 968.6743688489516444 978.7154471544715761 986.5297389816003033 987.8536585365853853 983.6893453145057720 968.7509627727856696 938.4120667522464601 886.0723149336756705 828.4180573384680883 774.2580231065468297 734.8147197261446308 735.9062901155327836 782.8014548566537769 858.4441591784338925 943.3110825845100180 1007.9709028669234385 1049.2618741976893944 1064.5755241762944934 1055.7214377406930907 1021.5926401369276846
251.4641670621737148 248.2354057902230693 244.9772187944945472 239.7266255339345093 233.0669197911722961 229.7607973421926886 230.6084480303749444 231.3028001898433672 233.1376364499288059 230.8742287612719508 230.6611295681063041 232.4641670621737148 241.9805410536307591 265.4603701945894727 306.0441385856668148 366.5486473659231024 438.0906502135737810 509.2615092548647340 578.1001423825343863 641.5666824869482525 688.3127669672520597 716.3103939250119083 722.9549121974371246 710.1433317513051406
394.3727702948671094 391.8733163451037740 394.4859847105933568 401.3445576993083250 411.9444848926100917 426.3902439024390105 446.1139424827084099 469.7171459774299365 498.3725882781216114 529.5300327630142192 560.1510738987986997 589.0393156170367774 612.9430287586458235 630.3245358572988835 640.0364033491081273 643.3409173643975691 641.6532580997451305 637.0338551146705868 632.6883873316345444 629.2808518383691307 627.2087732071350956 625.0948307244266289 624.1348744084456257 623.8096104841645229
246.3222222222222229 372.9972222222222058 483.6888888888888687 555.1388888888889142 556.8500000000000227 459.8666666666666742 254.2055555555555486 -9.0166666666666675 -271.4583333333333144 -473.1694444444444230 -571.4416666666667197 -520.3611111111110858 -381.1555555555555657 -288.3277777777777828 -218.5916666666666686 -75.1444444444444457 118.1194444444444400 326.8472222222222285 439.0527777777778056 452.2972222222222172 437.7250000000000227 372.2277777777777601 266.8416666666666401 128.2694444444444457
-430.0496613995485404 -490.9932279909706381 -469.2347629796839783 -376.5079006772008938 -261.7539503386004753 -140.4401805869074451 9.8081264108352144 171.9413092550790054 317.9525959367945802 421.1196388261851098 464.5778781038374632 406.1196388261851098 254.1512415349887135 34.4582392776523676 -209.0293453724604831 -446.4695259593679566 -591.6930022573363885 -577.9277652370203668 -461.1060948081263859 -349.0338600451467528 -264.0000000000000000 -155.9345372460496719 -28.4356659142212180 88.8036117381489873
145.3811188811188799 269.5524475524475747 499.5174825174825060 724.0384615384615472 931.0139860139860275 1108.4965034965034647 1194.3811188811189368 1169.6328671328672044 1066.8496503496503465 917.9790209790210156 729.4860139860139725 467.8076923076923208 52.5839160839160868 -250.8041958041958139 -141.5244755244755197 183.4685314685314665 506.4755244755244803 755.3076923076922640 948.7097902097901851 1074.1993006993006929 1101.3391608391607406 1051.1538461538461888 961.2307692307692832 812.5419580419580825
287.5222337125129002 246.9224405377456151 221.5780765253360869 225.1551189245087983 270.2564632885212177 344.2730093071354531 433.0982419855222361 535.9979317476731921 641.4746639089969449 740.1995863495346839 814.9607032057911056 874.0279214064115649 897.5667011375387574 889.0568769389865338 846.8397104446742105 784.7983453981386219 712.1964839710444721 624.5211995863495531 529.1427094105480364 421.7549120992761118 312.8976215098242051 227.3536711478800498 198.1427094105480933 235.6990692864529535
952.9554682383759427 961.9917048679327536 968.6644837371752601 975.5743287491814044 980.9187950229207900 986.4678017900022269 990.3488321327221229 990.3154333115040799 986.5804409517572822 982.2621698319144343 976.2370661427636378 968.8960925562104194 959.7958960925561769 948.6391617550752926 934.3940187731935794 918.0552281161318433 896.8028814669286248 872.1351233355162549 847.2567125081859558 831.8650949574329161 824.1226806374154421 825.7072691552062906 835.4555773848504714 851.2746125300152471
76.6744820065430730 77.7306434023991244 68.0190839694656546 49.8749545619774608 28.5732460923300629 6.2477280988731367 -16.0241730279898213 -38.5636132315521607 -61.4014903671392247 -83.8429661941112272 -102.2848055252635362 -115.7340966921119616 -124.1115957833515040 -128.3064340239912724 -130.3204289349327496 -131.0683387858960316 -132.2046528535078096 -130.8436932024718260 -127.3344238458742268 -121.2909850963286118 -114.5350781533987572 -106.1123227917121028 -96.9247546346782940 -85.0130861504907358
995.0915818686401053 1068.6318223866790049 1107.2340425531915571 1108.1998149861240108 1083.6096207215541654 1030.9148936170213346 926.2025901942645305 759.0878815911192987 617.4967622571692800 585.9361702127660010 658.4597594819611004 770.9981498612395399 864.0064754856614400 942.2405180388528834 984.1073080481036186 1010.4338575393154542 1002.3515263644773086 989.1711378353376176 970.4449583718778740 961.5319148936169995 952.2025901942645305 938.8825161887141348 924.5929694727104788 908.4338575393154542
692.0838491840180495 694.4867754642656337 679.3117613956105743 638.2391671356218694 569.6854248733820896 487.6280247608328864 409.2245357343837782 332.0934158694428788 267.3629712999437515 215.7214406302757368 181.3134496342149760 174.1637591446257716 184.6364659538548096 202.9167135621834461 218.1463140123804294 234.4710185706246364 251.0911648846370383 259.7923466516601252 257.2436691052335505 245.9009566685424772 233.2492965672481660 223.9881823297692733 218.9324704558244150 219.7653348339898685
-78.3441069258809222 -88.0503037667071737 -90.8835965978128826 -87.6554070473876124 -76.7535844471445898 -59.2106925880923427 -33.6622114216281929 -1.7266099635479952 36.1876063183475125 78.3914945321992747 121.3132442284325663 161.9210206561360792 196.3701093560145807 217.0459295261239276 226.9329283110571112 225.4352369380315793 217.6053462940461714 209.6733900364519911 204.4255164034021846 199.7373025516403402 198.3844471445929400 197.2925880923450848 194.7895504252734042 189.4680437424058255
-212.9494290375203889 -243.8172920065252924 -261.2914627514953736 -262.7841218053289936 -245.7052746057640036 -211.9874932028276362 -171.5154975530179513 -133.2272974442632005 -99.9972811310494905 -68.3507340946166408 -35.7128874388254474 -3.0848287112561175 17.4877650897226751 26.8336052202283852 25.6025013594344770 12.4442631865144104 -17.9401848830886337 -57.2294725394235968 -108.4763458401305058 -165.1174551386623079 -220.4502446982055517 -265.9195214790647128 -285.3974986405655159 -267.9091897770527453
396.6271963330787003 399.6638655462184602 395.1723962312197500 387.2510822510822663 375.3063407181054458 356.1214667685255790 328.2302011713776437 294.4542908072319847 259.1476954418130845 230.5044563279857357 212.0481283422460024 200.0547491723962423 195.3621084797555341 197.1856378915202583 204.2083015024191468 216.4120193531958307 236.8968678380443009 265.5958747135217664 306.5179526355996700 362.4112554112554108 419.4178762414056791 472.7955182072828961 505.8968678380443293 505.9668958492487718
880.1393939393939263 892.6187327823691930 895.9179063360882083 885.7090909090909463 871.6484848484848271 856.2628099173554119 840.6264462809917859 821.0887052341597609 811.6986225895316238 813.6462809917355798 813.5961432506886695 821.4358126721763256 834.4903581267217305 841.4622589531680887 827.6876033057851600 788.1228650137741170 721.7807162534435292 640.6253443526170486 557.6898071625344073 490.7592286501377430 443.5118457300275736 417.0694214876032788 408.9542699724518116 419.3438016528925800
-0.8756756756756757 -171.4594594594594525 -328.6459459459459254 -454.2891891891891873 -521.7567567567567721 -495.0729729729729911 -394.5918918918919189 -280.0729729729729911 -168.0189189189189278 -13.6540540540540540 176.6270270270270260 345.0216216216216480 475.2054054054054291 537.2621621621622126 500.4378378378378329 357.7243243243243001 141.3513513513513544 -114.4216216216216253 -382.3459459459459708 -570.3972972972973139 -587.7648648648648759 -493.7648648648648759 -384.0837837837837583 -287.1027027027026861
185.3421052631578902 218.0000000000000000 251.8815789473684106 280.8684210526315610 282.6184210526315610 261.7105263157894797 207.5657894736842195 153.4473684210526301 115.3026315789473699 79.9342105263157947 66.8552631578947398 51.1184210526315823 36.5263157894736850 1.2500000000000000 -61.3815789473684177 7.9473684210526319 220.6184210526315894 648.4605263157894797 1632.0131578947368780 2377.4605263157895934 2053.5394736842104066 1289.7105263157893660 830.1973684210526017 1061.3815789473683253
945.0074917898193689 944.4689039408866620 941.1470648604268945 936.9122536945812953 932.8344622331691198 928.7659072249589371 925.7662151067323748 923.7655993431854995 923.7580049261083559 924.8895730706075256 927.1256157635467616 931.3436986863711127 936.8700738916255659 943.5789203612479241 951.9191297208539027 958.2186986863711127 961.7564655172413950 962.8524220032841185 962.0818965517241850 959.8185550082101827 958.1692323481116773 956.1314655172413950 952.8182471264367450 947.6293103448275588
684.5513182674200152 703.5621468926553916 710.3526365348399167 705.6840866290018539 694.4623352165724555 671.0230696798493000 641.6501883239171775 612.3192090395480136 576.7175141242937570 534.2740112994350739 484.5451977401129966 425.5932203389830306 368.6756120527306848 310.1068738229755013 260.7010357815442489 225.5164783427495365 208.9543314500941733 209.1511299435028377 223.0023540489642073 238.7532956685498959 255.6864406779660897 265.7829566854990730 266.9835216572504919 268.2707156308851495
331.4853420195439639 340.8994299674267268 347.1671416938110610 346.5140472312703537 329.4812703583061761 295.0126221498371137 252.6003664495113981 208.5350162866449466 171.1028094462540707 143.4682410423452836 128.0873371335504771 122.9326140065146546 128.6315146579804605 136.5842833876221505 141.6791530944625492 144.7383957654723190 145.4493078175895846 147.3059853420195395 152.0804153094462663 158.2780944625407074 168.2298452768729646 177.0517100977198766 182.7988599348534251 187.2280130293159743
50.5522592423550918 60.4011866727521678 72.8569146508443595 84.4666818804198982 93.7133728890917439 105.4940666362391539 119.2884527612962131 134.4278868096759538 146.8254221816522147 159.5093564582382442 170.0095846645367317 177.8053400273847444 182.7911912368781486 183.9100867183934156 179.0947056138749360 165.0070743952533121 140.5714285714285836 108.6246006389776397 69.6118210862619833 25.6615700593336378 -17.9972615244180751 -52.4863076220903721 -73.7350524874486553 -74.8966225467822966
-308.3308823529411598 -204.0625000000000000 -35.5036764705882320 133.7536764705882320 312.0551470588235361 479.3308823529411598 600.6360294117647527 644.6911764705882888 572.5588235294117112 374.7977941176470722 90.7794117647058840 -215.0220588235294201 -499.1985294117646959 -641.1323529411764639 -573.5147058823529278 -442.3419117647058556 -325.6029411764706083 -272.9816176470588402 -141.9301470588235361 51.9889705882352970 286.0735294117646959 408.3419117647058556 445.6801470588235361 421.5073529411764639
982.6580188679245111 991.1062081558125101 996.3513390139987678 998.7114272671941535 999.2372945830796880 998.4619598295799960 997.2939744370054314 996.3641965916007166 995.3486001217285093 994.1583992696287169 992.8371119902617465 991.6429549604382601 990.6950699939135347 989.6641813755325074 988.4546561168593826 987.3191570298234865 986.3051582471089205 985.8201460742544668 985.4841752891053375 985.5731132075471805 985.0017498478392781 984.1319233110164078 981.7366098600122086 976.4507760194766206
128.4210526315789593 95.8421052631578902 49.5131578947368425 15.6052631578947363 33.8421052631578974 69.6842105263157947 137.7763157894736707 290.6052631578947398 651.4473684210526017 1433.9736842105262440 2166.0657894736841627 2079.0131578947366506 1786.1578947368420813 1368.2368421052631220 1150.7894736842106340 1209.8552631578947967 1167.9078947368420813 1017.2105263157894797 789.5789473684210407 572.1842105263158373 392.0921052631579187 228.4605263157894797 105.6447368421052602 52.1842105263157876
-69.3982947624847810 -74.6645206194536257 -77.5862188968157369 -80.7563946406820889 -86.4186532103706213 -92.3706281538193821 -95.4327475204454458 -92.9603271271967913 -84.4919088219940875 -70.1432051505133103 -50.2735340177483891 -27.1167565686445116 1.0193144249173482 34.9566730468070332 66.7289020358447829 91.7743170349747714 107.1176265877849261 108.2888463546198068 95.8955977031494626 77.3975987471724380 58.5729946058813269 42.7363842004524130 30.2576996693927249 22.7168957717069766
484.0092387287509155 481.2686622320768493 476.4988913525498901 468.9168514412417039 460.7309682187731141 451.7087952697708602 437.4589800443458785 423.4848484848484986 413.8011825572801285 408.2224685883222719 404.8514412416851656 397.6640798226164293 384.7446415373244690 369.7439024390243958 351.8972653362897063 317.7631189948263000 270.5971914264597444 211.7634885439763366 155.4848484848484986 106.9371766444937180 70.0986696230598625 47.2634885439763508 42.5391722099039171 54.9368070953436813
46.9282131403667435 47.1110106076802921 46.3013732423320477 44.1782748129265670 40.8658827399062545 37.9804292410163669 36.8792862429076536 37.1411890469533787 39.0212975906586621 41.2527752651920068 44.0524627908889101 46.4609818271523736 48.2049173587698405 49.1783570430063293 49.0714579393142003 48.1663514513609101 47.5178850423484889 47.1057478825754430 46.5751994079434226 46.5727325055505332 46.7655620425951781 46.3538360332209507 45.2056574294877080 44.5459254995477352
-64.0604999592867017 -67.2687077599543954 -68.2405341584561569 -67.7711912710691280 -66.1562576337431807 -65.2734305024020784 -64.4419835518280308 -64.1434736584968590 -64.0434818011562612 -64.0409575767445602 -64.0640013028255026 -64.0915234915723460 -64.1327253480986883 -64.1396466085823675 -63.6821920039084759 -64.0999104307466752 -65.1300382704991421 -66.7490432375213771 -67.7913850663626789 -69.0920120511358959 -70.8302255516651798 -70.7250223923133348 -69.8233042911815005 -67.6029639280188945
226.7520891364902411 231.6289693593314780 225.5944289693593419 209.5270194986072454 190.7247910863509617 163.7203342618384454 130.8245125348189504 89.7771587743732624 43.7019498607242340 -3.9097493036211701 -50.8729805013927603 -97.9838440111420681 -141.2685236768802213 -178.0105849582172652 -204.5331476323119659 -224.5610027855153135 -241.4295264623955291 -256.8295264623955632 -264.8785515320334412 -268.3147632311977873 -268.9849582172702185 -259.6167130919220085 -250.1064066852367773 -229.8356545961002837
317.7144705230086856 313.3080761411938511 315.5664387359083207 324.4267233413416989 336.1134725559046501 350.1881352799852039 367.2792459804102805 384.8018850489743272 402.9776381445204265 421.5218998336721370 438.6080206985769792 450.4080576603215604 452.8813527998521522 443.4180373313620294 420.9513953058584548 389.3346885973018061 355.5827019035298235 321.3380151543152579 288.2777675106265178 260.4505636666050918 239.7645536869340219 226.6372204768065046 221.9423396784328304 226.1389761596747405
134.3272727272727138 132.7332015810276573 141.9474308300395364 159.4229249011857803 184.9549407114624557 217.2320158102766925 254.3743083003952563 293.7596837944664117 339.5628458498023861 385.3747035573122730 439.4189723320158123 490.7521739130434639 529.9885375494071695 557.4051383399209953 579.8478260869565020 593.5537549407114284 603.8818181818181756 611.3256916996047039 618.5086956521739694 623.9407114624506221 629.6905138339920995 633.5011857707510217 630.0086956521739694 620.7849802371541728
-5.6530700802777174 -10.1781297461488389 2.8728574528097202 31.8238229550878700 71.2885658494250407 117.8598394445649831 162.6257322629637656 203.4204816663050508 238.5307008027771758 258.2364938164460568 261.0002169668040892 251.1505749620308166 235.8123237144716882 218.7778259926231215 204.3000650900412154 195.8372748969407553 193.4560642221740068 193.9934909958776359 195.3820785419830770 195.9088739422868173 192.8029941418962778 186.0702972445215835 176.0425254935994701 165.1831199826426655
202.1723131582286612 203.5306433193757130 204.1413526202258595 204.4940997335363591 202.5510721989595311 198.2305544981601315 192.2744575561476950 186.1313285116102065 177.7198325085649060 165.1136911559446787 148.7113310493592166 130.3351097576449718 111.4890242355031091 91.8464661844943464 73.4273569343991852 57.5308970942773783 44.7453368861819598 34.5590661083618826 28.4916888719705632 25.7054942266209885 24.1065854586981345 23.7468595355919305 24.8195660449181581 28.6788478619464549
-1.9767476524072143 -7.7877478014607240 -9.3736771500968850 -8.3243404382173196 -7.2696377999701891 -7.7904307646445075 -9.4885974064689229 -10.5122969145923388 -10.6673125652109100 -8.8273960351766281 -2.2600983753167387 10.0794455209420182 27.3185273513191227 48.1413027276792391 72.6588165151289331 100.7255924877030822 128.9976151438366401 154.4540169921001507 172.9877776121627733 183.8363392457892473 190.2328215829482758 191.8859740646892362 191.3900730362200022 189.8797138172604093
472.5393258426966554 509.0921348314606689 557.8044943820224262 617.6067415730336734 675.0651685393258958 733.4674157303370521 785.1876404494381632 816.3258426966292518 824.5235955056180046 808.9629213483145804 779.1134831460674377 730.5146067415730613 656.9415730337078685 573.6247191011235600 489.0797752808989003 426.9404494382022222 397.8775280898876190 420.0988764044943764 499.6786516853932767 660.9674157303370521 859.8550561797752607 1033.8269662921347845 1108.9269662921349209 1088.6584269662921542
647.2741935483870748 644.5161290322580498 638.7788018433179786 627.4976958525345481 604.8352534562211531 583.1509216589861353 558.7350230414746193 524.5725806451613380 487.4228110599078150 442.3087557603686832 389.2788018433179786 326.6463133640552883 250.7396313364055231 165.6301843317972384 87.3490783410138221 27.0898617511520747 -23.2258064516129039 -57.1117511520737295 -77.6082949308755730 -85.5380184331797295 -89.1198156682027616 -83.7119815668202705 -72.3536866359446975 -59.5783410138248826
461.9789648491558296 437.2967063382230890 394.0597841129255698 345.1004705231109710 300.9504566841959559 274.6448934403542808 263.3177414890672594 270.9966786603930018 284.3091613617492612 303.8325491281483437 332.3902574038195326 370.2859119845003875 420.9507334624965438 476.8953778023802670 529.7680597841128929 562.5815112095211816 560.1508441738167221 524.0703016883476266 471.3288126210904920 417.6230279546083466 374.4234707998892873 345.6725712704123907 329.3133130362579664 327.0298920564627565
352.1638573845478959 352.7919042546525361 352.8257409612131141 351.7225390062034194 349.6664577981076718 346.8288739895983213 343.7883952628610587 340.9888464189485831 339.4074190112162341 338.3566639513754239 338.1331537063725818 338.5712137351964657 339.4075443323516765 339.9040666708440313 340.2423710758819198 340.9502475092424447 341.9347703490193453 343.2156150134720178 343.4911335296697530 343.0596528604548894 341.8524970236230160 340.5938342001378487 339.5147565636944478 339.3001441193057417
650.1309726580009283 652.0501120573733260 653.3861048857014566 653.7689825190497004 654.2005378753922287 654.2607799193186793 652.9176154190945454 651.6416853428955847 649.4670551322277561 647.9287315105333391 646.5873599282832629 645.2523532048409152 644.0657104437472071 642.7541909457642078 641.6897355445988751 641.6354997758852505 641.8671447781264305 642.3463021066786496 642.5610936799641877 643.1730165844912790 644.6449125952487975 643.9160914388166930 641.8408785298072416 639.7159121470192531
