661.4120822088436853 661.7019583419832998 662.8433326413396571 664.6708186284686235 666.3432288422947067 667.4879247110926599 668.1822711231056928 668.4579613867551870 668.5219015985053375 669.0033907688049339 669.1427582866238026 669.4217701197148926 670.2687011279496119 671.0017991834474742 671.3399764722164491 672.0169538440246697 671.9855373330565271 672.0516227250709562 672.1303024012179321 673.0498235416233683 673.0280949415265468 672.8244412151408369 672.3911148017438109 671.9680990934883766
-51.3057817589576572 -74.4918566775244244 -78.5977198697068360 -79.6644951140065132 -64.7312703583061904 -41.4739413680781794 -4.4340390879478830 47.9662052117263826 109.4678338762215049 168.6465798045602469 224.5736970684039022 274.1213355048860194 315.7060260586319487 344.5256514657980347 358.1917752442996630 363.4971498371335770 363.2984527687296463 360.1412866449511512 357.3896579804560361 357.7866449511400901 356.6392508143322289 351.6168566775244244 348.4303745928338572 340.4144951140065132
198.4826132771338223 214.4109589041095774 227.2757288373726681 232.3681067790656698 230.9954337899543475 236.0695468914647108 254.0656831752722269 274.5876361081840287 282.0716543730242165 229.7414822620302175 106.6396206533192839 -48.0878117316473492 -151.6877414822620267 -134.0523357920618253 -36.4077976817702833 77.0544432736213594 155.2817000351246861 189.2557077625570798 195.9697927643133255 189.3877766069547022 178.7397260273972677 167.2118018967333910 162.1120477695820057 163.0776255707762630
267.2408846383741547 261.5917513448894169 255.6843992827256500 243.6168559473998698 225.3000597728631078 211.3592349073520609 195.6096832038254547 178.4602510460250926 159.0926479378362330 146.5319784817692721 137.4154213986849982 127.5564853556485332 114.3658099222952842 102.4518828451882797 95.0173341303048460 98.0322773460848822 117.9784817692767547 152.6270173341303007 221.2869097429766896 324.6843992827256216 462.1338912133891199 605.6933652121936120 695.3024506873879318 696.2414823670053465
612.5561910899863278 612.9377265769757059 611.6524611294610168 610.7136067026503952 608.9906549585111861 609.1904455006847456 609.6456134697494917 609.6287762829291523 609.4740997341497177 607.7508257472005653 605.7429307983566105 604.0038669137194347 602.6679287843389830 601.6980584870700568 601.0051558849593221 599.4399419962942375 598.5310561508096043 597.7578345283170620 596.8970434222186441 595.5493434302746891 594.2764037702409041 593.9382905018932206 593.0678321114960454 590.8810924031257628
-41.5959484346224713 -50.3122160834868026 -56.8299570288520570 -63.1851442602823852 -67.9518723143032588 -72.1208103130755092 -76.1030079803560398 -78.8405156537753271 -79.0965009208103140 -80.6166973603437640 -81.9954573357888279 -82.7038674033149164 -84.0562308164518157 -84.6326580724370814 -83.8562308164518129 -81.9367710251688095 -78.9543278084714615 -75.2627378759975443 -70.1709023941068182 -64.2287292817679543 -57.8714548802946567 -50.1409453652547583 -42.5147943523634098 -35.2524248004910987
533.3610840183920345 533.8335655566393143 534.1378709767312785 534.5837397241186864 534.9205099623798105 535.6151595374111594 537.4240629789605919 540.1599554131253171 542.1501323672844137 543.6005991361292899 543.7284380660443048 541.8622683572523329 538.4387627142259589 536.1356416329942931 535.1326459523477297 535.0460498815660912 535.3362129023269063 537.1499233663090536 538.9844642608331924 538.4395290511355370 535.5456318796154846 532.7200083600390599 531.2675212484324447 530.1384979796572452
6.4661401098901097 5.2650068681318682 4.2122939560439558 3.5702266483516483 3.1163461538461537 2.9091346153846156 2.9220810439560441 2.8195741758241759 2.7628777472527473 2.9063530219780218 2.9829326923076924 3.2234890109890109 3.2176854395604395 2.9255837912087914 2.5285027472527473 2.1101991758241758 1.5222184065934066 0.8859203296703296 -0.0969436813186813 -1.2208447802197802 -1.7949519230769231 -2.2033310439560441 -2.0464285714285713 -0.4580013736263736
125.0217689036257411 128.4985943919844260 132.5719022561810618 135.2448641245584895 136.5151012758595925 136.1931809990629176 135.5593599077344606 133.3329488935341942 129.2623080804440292 125.4106537879333985 121.5107042456570383 118.2140849131406384 117.2004613277589584 116.9202047141930336 117.1622576227203893 116.7379081669429866 115.1105024147624931 113.7180854898003304 111.7375477546312936 108.0118936062855965 104.6024652202119256 102.3224969364953552 99.6705831471203112 98.8655662077416508
587.6250000000000000 617.9801980198019464 689.3069306930692619 784.2957920792078994 892.0996287128713220 997.9084158415842012 996.0160891089109327 894.3917079207921006 730.5581683168317113 553.5792079207921006 449.0971534653465369 478.1936881188119060 586.5253712871286780 703.5563118811880940 781.6417079207921006 805.9535891089109327 781.3298267326732685 745.3582920792078994 726.5198019801980536 743.0352722772277048 774.4164603960396107 809.3576732673267315 842.2110148514851744 852.7017326732673155
554.1095965103598928 511.5125408942203080 494.3544165757905944 503.2922573609596384 519.1068702290076544 539.0179934569247280 579.0147219193020192 650.9623773173391328 743.8860414394765712 838.9394765539803984 930.5905125408942240 971.5905125408942240 937.0114503816794240 825.6221374045801440 682.1788440567066800 554.6712104689204352 471.3271537622682672 492.3565976008724192 579.2922573609596384 685.1314067611778000 749.2344601962922752 763.8211559432933200 753.3636859323881936 740.1990185387131760
165.3454106280193230 -40.6884057971014528 -273.8550724637681242 -417.2801932367149789 -474.6642512077294782 -448.7657004830917913 -327.1739130434782510 -168.8115942028985614 65.4879227053140056 393.3719806763285192 698.9444444444444571 830.3357487922705786 754.2995169082125813 574.0603864734299577 381.3768115942028771 128.8550724637681242 -284.9951690821255852 -590.0676328502415799 -647.3043478260869961 -491.1231884057971229 -327.9516908212560224 -160.4927536231884062 58.5579710144927503 303.6521739130434980
186.8903778558875217 182.7497803163444701 171.6469683655535903 154.7895430579964966 129.1056678383128258 95.5670035149384915 43.3251318101933194 -22.9804481546572923 -85.8892794376098436 -125.1797012302284742 -129.2880052724077302 -104.0968804920913868 -68.2548330404217864 -35.2945957820738130 -7.0878734622144108 12.1399384885764494 23.2482425307557108 27.8558875219683664 31.1957381370825999 37.4125659050966632 45.2684534270650261 54.5999560632688912 65.1871704745166909 73.9705623901581788
802.9300754866904981 818.4576877234803760 841.3297576479936879 877.1215733015494607 919.0091378625347716 956.6229638458481759 981.5105284068334868 986.4672228843861603 974.4068335319825565 953.2443384982121870 922.7969805323798482 878.9396106475963961 808.0095351609057843 715.4862932061978427 633.1636869288836351 591.7520858164481297 599.3118792212951575 636.9586809694080785 687.2193087008342900 737.7314263011521689 788.8561779896701864 831.2125546285260498 865.8843861740166403 887.4696066746125780
781.0158046943305408 780.3781693456184030 781.4555787208286119 782.7783980092810907 784.2071423767570195 785.6814849687268634 787.3633734615643789 789.0766023269890184 789.5607640056493892 789.5046741542806785 789.6106664873226464 789.2670657071760161 790.2172977335395672 792.6321205192010666 794.8321339700047474 796.1406281525321447 795.9986549196314627 796.1968525119375499 796.4318380523236556 797.3307552626268944 799.7935974174456533 803.6116752975990494 806.4812697558678565 806.0865559217163536
-4.5249796203563530 -16.0640503086060313 -29.8179806684523108 -42.4825899615698148 -51.6847560265517671 -57.4627925934552195 -55.2245254454407828 -44.6787003610108329 -31.5832071736345625 -17.0557819960405261 -4.6612320950273674 5.5277745429137068 15.8363805752882261 26.4834051473157110 37.0858274135320869 48.9074181902876433 61.6212879934785107 74.8144870152556223 86.8044718760917675 96.4497496215209082 103.9528356818446468 109.8573424944683836 115.6356119715849502 117.1421916851053879
-208.0724233983286808 -54.5738161559888582 178.2562674094707518 450.6963788300835745 690.6211699164344964 763.0250696378830071 654.3008356545960851 457.3147632311977873 189.4568245125348085 -138.5431754874651915 -550.2228412256267802 -811.8077994428969077 -664.7493036211699291 -502.6852367688022127 -282.3509749303620993 -20.8746518105849574 310.1866295264624114 609.6378830083565390 736.3175487465181277 674.6434540389972199 490.0083565459610213 286.7019498607242554 83.6824512534819007 -95.2200557103064114
-136.1085396898866122 -170.1869937514464368 -118.2786392038879910 -27.3570932654478121 53.8361490395741740 108.5790326313353376 129.1515852811849072 127.7532978477204324 115.6604952557278381 101.7208979402915929 92.9745429298773445 91.3929645915297328 93.4093959731543606 95.2254107845406139 96.4781300624855334 96.4552186993751377 98.4501272853506180 95.3688960888683113 89.5102985420041648 82.0118028234205099 78.7313121962508689 79.4091645452441526 81.0909511687109443 82.4348530432770161
773.5220228384991970 742.6019575856444135 663.3132137030995636 582.1163675910821667 522.0440456769983939 498.8482871125611950 495.3898858075040721 507.0946166394779766 531.1212615551930867 576.0706905927133903 652.3197389885807524 746.3567156063078301 841.8504622077215345 928.2827623708536748 966.2153344208809358 933.6220772158782211 828.7536704730831616 685.2838499184339298 564.6954866775421351 492.1865144100054295 512.5894507884720497 600.6150081566069048 681.6345840130505849 724.4893964110930256
1046.8455026455026200 1090.9111111111110404 1093.4201058201058459 1021.3174603174603590 918.4169312169311752 781.4158730158729895 650.7291005291004922 532.8052910052909965 453.5619047619047706 417.3671957671957671 412.6126984126984212 436.6761904761904702 472.3534391534391261 499.1883597883597758 513.1185185185184991 498.6941798941799107 475.2804232804232925 445.9576719576719483 426.5417989417989588 410.6306878306878048 407.1121693121693284 411.3650793650793389 408.8042328042328108 405.4243386243386453
828.5479653839072398 831.4706315595655042 822.0762290554225729 807.0793592340269242 789.2594365678512531 769.5704290185969967 749.7672620143620179 731.1747376173816519 712.3894310440066420 697.6008101638740300 682.5855275271588880 671.5004603203830129 659.9510219112502227 651.0266985822132710 643.8707420364573863 634.2936844043454130 624.7295157429571191 616.0180445590131058 606.7028171607438480 598.7247284109740804 592.2229791935186540 586.2062235315779617 581.0843306941630999 577.8777389062787506
153.5662319835277856 147.7656142759093996 145.7920384351407108 148.6506520247083074 154.1424159231297324 162.4605353466025974 170.6019217570350008 187.9166094715168072 217.5013726835964292 261.4485243651338351 321.1451612903225623 393.2951269732326978 467.6461908030199197 526.5545641729581803 565.1417295813314468 586.2889498970487239 596.3321894303362569 595.9437199725463188 592.6256005490733969 590.6135895676046630 587.8939601921756548 584.0926561427590968 577.7210020590254089 569.3486616334935206
75.6851145038167914 61.3465648854961856 38.4507633587786231 7.7702290076335876 -23.9778625954198468 -58.0114503816793885 -92.9198473282442734 -127.5064885496183251 -165.0534351145038272 -195.7767175572519136 -224.1370229007633554 -250.7137404580152804 -275.7435114503816749 -290.7083969465649034 -306.9057251908396893 -317.5751908396946419 -327.4801526717557181 -334.4984732824427738 -338.5500000000000114 -338.4362595419847253 -335.5618320610686851 -329.4843511450381470 -323.2225190839694733 -312.0320610687022622
633.3026570048309623 644.0717391304348212 633.9920289855072042 611.9816425120773147 586.6768115942029453 557.9393719806763556 526.2299516908212809 495.6855072463768010 466.5009661835748602 438.8946859903381892 412.1685990338164061 387.9454106280193173 368.0842995169082315 348.3410628019323667 335.3241545893719717 329.1398550724637744 326.1835748792270806 326.9891304347826235 328.7992753623188378 330.8722222222222058 332.6864734299517181 331.6458937198067360 333.0896135265700764 332.8297101449275601
691.1642094560244232 713.8408744280629890 717.7452974072191410 720.9567869852567128 719.8881545500762513 706.6766649720386795 677.2486019318760100 631.8317234367056017 567.1377732587696983 483.1794611082867164 388.8525673614641391 286.4428063040162442 201.0884595831215051 146.3360447381799645 128.6756481952211573 139.1972547025927724 152.7305541433655378 153.0971021860701455 147.0284697508896841 136.3940010167768264 122.5612608032536883 110.6507371631926731 102.0203355363497764 108.7656329435688889
290.2885162023877115 296.8217737350767607 310.8024445707788459 336.5113700966458055 373.0690733371233705 408.2148948266060415 442.1898806139852240 465.0591245025582907 465.5281409891983913 428.7268334280841486 349.3720864127345180 248.9428652643547366 159.5588402501421399 103.4567936327458852 104.3078453666856120 154.0346787947697464 222.1856168277430470 278.1716884593519126 312.9693007390562798 333.6165434906196765 342.3257532689027585 347.7748720864127563 357.4002274019329093 361.2549744172825399
571.4733606557376788 425.1352459016393368 292.2192622950819896 134.8401639344262435 105.3319672131147513 115.6844262295081904 107.2233606557377072 193.1024590163934533 358.7971311475409948 606.9385245901639792 870.5020491803278446 1086.4364754098360208 1241.4651639344263003 1279.5594262295082899 1232.0901639344263003 1095.9979508196720417 930.9856557377049739 739.5901639344261866 525.8811475409836476 284.1516393442623212 146.9877049180327901 114.4221311475409806 130.7643442622950829 213.8360655737704974
210.5099917875718631 216.7727894880919735 232.7788119353955665 247.9668765398302810 266.2737476047084328 289.7467834656446826 317.2250205310703564 348.9052833287708495 381.3865316178483340 405.9165069805638950 431.6093621680810202 455.0936216808103154 458.7536271557623877 417.4670134136326283 341.0271010128661260 251.5754174650971891 172.1163427320011010 124.3493019436079976 124.2718313714754999 163.2050369559266301 220.5390090336709648 272.0147823706542454 303.4453873528606778 314.9997262523953054
348.9361056576833562 342.5889701945386605 322.6203819382473625 295.3353560592539679 268.5040157058718364 246.4519007674460056 226.8772086382295186 207.7404961627699436 185.8891665179368147 163.1565232910940608 139.8052828841692019 118.5232910940567592 98.9462787792254090 79.9669819739425378 62.9709084419061185 49.2423701588434781 36.8295555952168456 27.8188470462252369 24.2075673746207372 23.3815812957344278 23.7656612529002338 26.9723362484383351 31.5354274495805811 37.5049080849544865
-283.4264021552779695 -291.4467303453342879 -299.4028900318393198 -307.1873622336517542 -314.9931422973303938 -322.0455547391623554 -325.8795003673769202 -329.6213568454567735 -333.4614254224834440 -337.4224834680381946 -340.1699730590252102 -342.7398971344599659 -344.9561596865050319 -348.1170707812882483 -350.9894685280431190 -353.6595640460445793 -356.3134949791819963 -359.0004898359049434 -360.8248836639725710 -361.3507225079598584 -361.2140582904726784 -358.4016654420768759 -352.4891011511143688 -342.0203281900563184
499.0819954128440372 502.2666284403669579 509.5504587155963350 539.6829128440366503 610.5326834862385113 708.9306192660550323 822.6244266055045955 936.1146788990826053 984.8474770642201293 945.5389908256880744 827.9094036697247248 680.2500000000000000 552.3836009174311812 477.9667431192660274 502.7425458715596278 587.2952981651376376 689.3199541284403722 755.9701834862385113 775.8503440366972654 756.4283256880734143 737.5086009174311812 734.5160550458715534 750.4971330275229775 761.9535550458715534
620.3765126512651022 629.8891639163916807 639.6273377337734019 647.4221672167216184 653.5668316831682887 662.1677667766776949 673.9535203520351843 691.8729372937293647 708.6287128712871208 724.2296479647965270 733.7442244224422438 732.4818481848184319 722.3811881188119060 702.9301430143013931 681.1226622662265981 657.2158965896589962 624.7964796479648157 581.6809680968096927 530.7964796479648157 481.7175467546754817 439.0074257425742417 408.4851485148514598 396.8011551155115626 404.8800880088008967
575.5572194903888885 580.3033080017880820 580.3801966919982078 574.4260169870361779 560.0972284309342513 540.2612874385337136 522.7177022798390453 509.9602145730889333 505.4385337505588041 510.7378185069289316 524.3408582923558470 539.6086276262851698 554.2818506928922488 564.9720607957085576 577.5245864997764329 594.1908806437193107 616.1356727760393142 642.0538667858739927 674.8433169423334448 708.0476084041126796 734.1770227983906807 752.4470272686634189 759.4932945909700948 750.1859633437640014
922.4892040304953298 924.4503918537079699 924.1676707362585148 922.6892893319827635 920.4236818254518084 918.1647918110571709 916.8609052620355442 916.0393986245135238 915.8724209628405788 916.0980433971317325 916.7806685504078814 917.2860798635176707 916.9498853761261898 916.2307938369675639 915.7974622807485048 914.7985285493415404 914.1454923495228968 913.7716052673667946 913.7384443141227166 914.2251959268539849 913.9665191661779318 914.3397664871781672 914.6296849176306978 913.8730607239963319
606.9251650770358992 636.4790902421129886 653.6522377109317858 655.8162142333088696 641.3833455612618764 628.6151870873073904 606.4471753484959891 573.2729273661042271 527.8991195891416055 471.7549523110785117 411.0663976522376970 362.1973587674248165 334.5524578136463560 327.0531914893617227 339.6283932501834215 379.6775495231107698 448.6393983859134096 524.7454145267792001 589.4570799706530124 631.0242112986060192 644.6269258987528019 635.7263389581804631 619.6966250917095067 595.8969185619955624
323.0438613292472496 323.7115495115878048 322.5912660409883301 320.8149779735682614 319.1748707144225250 312.5477877801187674 306.4073932196897090 304.4665772840452291 301.3660218348975377 300.3742578050182033 304.5991189427312520 312.5512353955181197 320.9095958628615222 335.5966289982761737 355.4175445316989226 380.5271020877226533 410.0838919747174600 443.9260678031028533 479.8347059950201015 513.5253782800230056 541.0873395901168124 559.0666538977206983 571.3014748132541172 568.6337866309136189
821.6684762938834865 851.6022439377487672 880.6243213897937494 889.0285921100253290 873.7234889612740290 840.3228374954759374 805.7864639884184044 773.9822656532754763 733.2685486789721381 667.9989142236698854 592.9652551574375821 532.9786463988418745 498.8349619978284295 500.8751357220412501 525.7727108215707403 566.2251176257691441 612.1038726022438823 670.3981179876944907 739.6485703944987335 812.6768005790806910 872.4466159971045727 897.5519363011219411 892.3195801664857072 853.0014477017734862
134.0611205432937254 101.4329371816638314 72.1758913412563601 71.6818336162988174 99.5188455008488972 137.4254668930390437 172.9762308998302274 199.1382003395585798 212.9415959252971220 217.7056027164686043 221.1735144312393970 227.3568760611205448 239.8146010186757167 245.1857385398981251 213.3191850594227503 123.1392190152801334 -5.8512733446519523 -117.1650254668930415 -145.0475382003395453 -79.8383701188455035 31.4098471986417671 127.0791171477079757 180.9127334465195247 192.9748726655348037
764.2222662440570957 764.4742472266243567 775.4326465927099434 797.2278129952455856 836.2769413629159772 893.5499207606973187 969.5784469096671501 1045.5534865293184339 1117.7424722662440217 1160.0376386687796639 1162.7016640253566493 1130.1275752773376553 1076.7698098256735193 1015.0887480190174301 947.1743264659271517 878.6628367670364241 821.2242472266243567 781.4508716323296085 769.8763866877970941 782.8284469096671501 806.6148969889064801 834.3098256735340783 860.0039619651347493 879.3415213946117319
118.0384707287933139 107.7474313022700159 96.2781362007168440 86.8664277180406259 76.5259259259259323 65.9448028673835154 53.8583034647550747 37.5658303464755079 20.1359617682198326 2.2102747909199523 -15.8738351254480285 -34.8238948626045399 -50.8382317801672627 -71.6198327359617650 -91.5973715651135052 -112.5013142174432517 -133.7338112305854168 -156.3799283154121724 -179.4415770609319054 -196.6475507765830457 -209.6289127837515025 -220.8434886499402694 -224.8793309438470658 -216.7756272401433648
232.1624495782911595 232.3516685001833650 248.2983131646498123 272.5106343967730140 304.4292262559589517 343.3991565823249061 380.2037037037036953 410.2961129446277937 433.3991565823249061 452.1725339200586973 464.2317565089842333 472.8265493215988045 477.2434910157682566 478.5781078107810913 478.0968096809680787 477.7922625595892896 475.8544187752108314 478.4437110377704698 477.6510817748441582 473.8883388338833811 466.4833149981664633 458.0040337367070151 449.0297029702970235 442.3203153648698276
406.8762626262626441 445.9974747474747687 415.1969696969696884 293.9393939393939377 82.3510101010101039 -169.0681818181818130 -417.2095959595959584 -530.2045454545454959 -525.3232323232323324 -423.5580808080808310 -272.1439393939393767 -61.2525252525252526 258.0681818181818130 605.9696969696969973 791.2297979797980361 759.5707070707070443 618.8888888888889142 413.1287878787878753 158.8308080808080831 -225.8207070707070727 -560.6313131313131635 -627.4393939393939945 -476.9116161616161662 -350.7474747474747687
788.0127041742287020 783.9727767695100056 793.8842508570276095 813.1343012704173816 839.4073401895543611 867.5448679169187471 892.3335349868925732 913.1484170195603838 926.7313974591651231 936.3893930227868623 944.5093768905021534 949.0691671708005970 952.5192579149021412 956.4492841298648500 961.3337366404516615 966.5160314579552505 971.8386771526517123 976.5035289372857505 980.7987497479330159 981.9120790481952099 982.5739060294414458 980.2873563218390700 972.8043960475902168 961.5315587820125529
864.5051587301587688 906.9063492063492049 967.5551587301587233 1037.8210317460318493 1105.6178571428572468 1143.6198412698413449 1145.3912698412698319 1119.5246031746032713 1073.2531746031745570 1008.9416666666667197 939.3218253968253748 865.9226190476190368 807.7753968253967969 776.4876984126983643 773.4297619047619037 789.0654761904761472 817.6833333333332803 854.3869047619048160 891.0940476190476147 928.8587301587301681 965.1369047619048160 1000.1210317460316901 1022.7365079365079055 1027.1515873015873694
471.0045219167092228 472.5426300051053659 471.8623732769309527 470.8582160309240976 470.1623513966887913 470.0917511487127172 469.7541390124717395 468.6294216322660873 467.5119976661075043 466.3705783677339127 465.5804098898694292 464.3490627962949588 463.4132448399095665 462.2212092480490355 461.3568667493253770 462.3249945299394881 465.5426300051053659 468.3158048282401182 471.5286995842753868 473.9592298154766468 474.8506308803150660 474.1779593027496276 473.5580191087448156 473.5451827000218827
280.3257472826086882 304.4048913043478137 315.2958559782608745 281.0845788043478137 186.2550951086956559 38.4242527173913047 -90.2112771739130466 -127.9864130434782652 -65.9106657608695627 42.3138586956521721 136.6114130434782510 185.1898777173913118 199.6134510869565304 190.9633152173913118 176.8651494565217490 161.0842391304347814 149.4303668478260931 146.3355978260869676 147.3135190217391255 150.0641983695652186 157.5224184782608745 169.4955842391304373 176.8094429347825951 171.9731657608695627
587.3689205219454834 584.0640569395018247 556.0743376828786495 520.2676947410043340 480.6389877421905794 439.9201265322261634 404.3194938710952897 377.9541320680110630 363.5397390272835310 362.1692368525108918 382.6433372874653855 438.2882562277579837 516.6291024120205293 606.8248319493870895 674.5737445630684306 707.6619217081851048 700.0344009489916743 659.3491498616053832 601.5571372083827555 538.4503756425464189 480.6322657176749544 439.1119019375246921 423.0941083432186360 433.6267299327797673
820.3456614509245810 818.0957799905168031 801.4879089615931207 779.4182076813656295 742.0308202939781950 677.1844476055002815 604.4324324324323925 546.8719772403983370 516.8316737790421485 506.7425320056898954 510.2446657183499497 522.3191085822664945 554.5699383594120491 613.3584637268847928 692.2825983878615261 782.4504504504504894 879.5443338074917392 935.4860123281175674 922.7415836889521188 853.9592223802750368 726.7415836889521188 602.4395448079658308 522.9625414888572550 508.3271692745377095
563.4777636594662908 577.0025412960609401 582.0546378653112924 576.0673443456162204 568.4053367217280766 563.8068614993646861 568.6645489199491976 567.1931385006353139 555.5222363405337092 530.4688691232528299 512.3036848792884257 499.5425667090216280 496.0203303684879188 512.7954256670901714 548.1296060991105605 601.5006353240152066 643.1410419313849616 681.9872935196950721 663.5603557814484930 573.0940279542567168 345.1168996188055758 -5.9898348157560353 -304.3468869123252603 -216.9834815756035482
782.5888157894736423 805.4868421052631220 825.6200657894736423 835.0498903508771491 836.2379385964911762 832.4067982456140271 824.4862938596490949 809.2445175438596152 788.2203947368420813 770.0010964912280542 746.9671052631579187 715.6370614035088238 666.8645833333333712 605.1628289473684390 529.9934210526315610 455.1743421052631788 380.4873903508772059 317.6315789473684390 264.5158991228070136 224.1710526315789593 207.6699561403508767 204.2922149122807127 215.1842105263157805 231.2593201754386030
605.9111330535670277 600.1165144408787455 619.1202172303135285 656.3818810170328106 701.4087879535917409 746.1742779560602230 789.1318193038755453 825.7099481609478744 861.5280177733892515 890.5425820784990947 910.2162429029868917 923.0792396939027640 926.2747469760553258 919.1703283139964924 906.5455443100469211 896.5623302888175203 889.0436929153295296 880.6242902986916761 874.9743273265860353 874.1599605035793275 873.2016785978770486 869.8879289064428804 868.0377684522339905 863.7548753394223695
433.8092050209205013 433.9092050209205240 433.1723849372385189 438.2376569037656964 446.9928870292886813 453.8702928870292794 461.9853556485355739 472.3979079497908060 492.9410041841003931 519.8200836820083168 547.9326359832635944 581.3175732217573568 617.0397489539749358 655.5000000000000000 699.0991631799163315 743.8359832635983366 784.7778242677824210 826.0920502092050128 862.9552301255230304 892.5907949790795328 911.5769874476987980 917.7723849372384848 918.0163179916318086 899.0744769874477242
425.8148342059336642 429.0284467713786967 435.2211169284467474 440.4476439790576023 440.6708551483420706 436.8031413612565643 431.7774869109947531 428.5469458987783469 425.6099476439790692 418.3516579406631877 410.1293193717277745 399.0879581151832554 384.0767888307155431 368.1157068062827307 349.4095986038394699 330.4371727748691114 311.1300174520069959 288.5478184991274020 260.8270506108202653 229.9959860383944203 202.3223385689354359 179.8561954624781833 162.7839441535776643 154.9162303664921581
-699.5057263411694066 -701.7974683544304071 -703.6238698010849930 -705.6124171187461798 -707.3158529234478920 -708.7727546714888831 -709.2724532851115100 -710.1265822784810098 -710.7956600361663959 -712.2941531042796441 -713.9963833634719776 -714.2983725135624127 -714.4894514767931923 -714.4074743821579432 -714.7516576250753815 -714.5003013863773731 -713.8824593128390461 -713.0940325497288086 -711.8740204942736227 -710.1928872814949045 -707.9433393610609073 -705.6088004822181574 -702.3092224231464797 -700.9011452682339041
-205.0666178623718849 -215.2415812591507915 -219.1969253294289786 -222.2013177159589929 -228.8806734992679424 -236.7532942898975250 -244.2247437774524030 -250.1054172767203454 -255.3360175695461294 -261.2247437774524315 -267.6486090775988487 -272.6493411420204893 -269.2986822840409786 -255.9685212298682302 -224.3960468521229927 -177.0783308931185900 -106.2079062957540287 -16.4560761346998525 82.0446559297218130 185.3704245973645754 284.5805270863835972 367.4780380673499280 416.0424597364568058 434.2510980966325178
346.5103672245815574 345.0459655258555927 334.3842118411191677 305.5908068948288587 258.1431426430177112 203.4041968523607409 154.3652260804396690 118.3782163377466929 104.4733949537846627 113.5933050212340731 139.8990756932300883 173.7919060704471690 208.5993005246065479 235.3767174619035814 259.4606545091181715 285.6792405695728121 314.6600049962528374 341.0781913564826482 364.2428178865850441 379.6884836372720429 388.7084686485135876 388.7579315513365259 380.3447414439170871 365.8208843367474401
-248.6826054216867590 -266.8189006024096557 -269.4081325301204970 -241.5926204819277245 -217.0707831325301242 -189.7579066265060135 -159.5192018072289102 -129.1532379518072275 -100.5753012048192829 -75.0768072289156692 -49.5101656626505999 -26.0670180722891551 -3.3411144578313254 17.3697289156626518 37.5504518072289173 55.7055722891566276 68.3987198795180689 78.6016566265060277 87.2195030120481931 91.9514307228915726 101.9774096385542208 109.7748493975903585 116.5252259036144551 120.0553463855421654
372.4760466119982993 357.5157531290461748 346.8351316357358769 348.7975830815710196 365.4760466119982993 389.6940008631851811 432.0914976262408231 489.5602071644367470 568.3949072075960203 649.2982304704358967 712.5394907207596589 741.6245144583513138 733.3728959861890644 695.1570996978852008 645.4807941303409962 588.3698748381527821 534.6883901596892201 488.3815278377211939 442.3448424687095439 401.1713422529132345 373.2537764350453244 355.2429866206301199 353.4315925766076703 368.5153215364695711
940.1158118648073696 955.9775466792719953 968.6119120775230158 977.8480264712833332 984.8371543370361678 990.5703143464901359 992.7324509572205216 995.1942803119829932 993.0080359253131519 989.4181044670290248 983.2318600803592972 974.9534389033325397 961.7570314346489795 943.9605294256676871 921.7350508154100908 896.4379579295674603 865.1784448121011337 833.1082486409832200 802.4088867879934242 771.6648546442921770 748.1675726778539683 729.7052706216024944 721.5941857716851473 723.5204443393996598
602.6323044069113166 599.3874975732867370 604.0141720054358530 613.9481654047757502 624.6816152203455204 637.9198213939040443 649.9361289070083103 662.9541836536594701 675.2209279751504027 688.4346728790526413 702.2846049310813896 716.3649776742380482 731.4748592506309706 747.0922151038632819 761.4092409240923871 774.9536012424771343 786.9897107357794539 799.0943506115316950 808.3379926227917167 817.6686080372743390 827.1786060959036604 832.2366530770724466 833.3612890700834441 826.4566103669189943
-273.3800695249130968 -286.4438006952491378 -232.5677867902665241 -108.0567786790266496 34.5886442641946701 180.4808806488991877 314.2329084588644150 431.7995365005793929 498.5840092699884281 541.2224797219002994 555.2966396292005129 553.0081112398609093 541.3870220162224314 526.6176129779837538 510.4241019698725381 477.7033603707995439 431.4588644264194386 365.5376593279258373 311.0220162224797491 252.3059096176129685 209.8829663962920051 198.9003476245654554 215.0533024333719538 228.6384704519119282
894.4571126014825495 868.3342746205436242 838.3402753265089586 812.8962230850688684 799.2273208612778035 796.7359689375221024 801.9742322626191253 817.8810448288033967 849.0518884574655658 897.9781150723614473 960.2608542181433222 1032.2086127779739400 1101.1563713378045577 1141.4313448641016748 1150.2830921284858050 1123.1768443346275035 1076.3519237557359247 1013.6572537945640988 944.5478291563713356 872.9929403459231025 806.5471231909635890 759.4779385810095391 740.0730674196964856 745.1090716554888331
290.9091569767442138 292.9126090116279215 289.4445857558139323 278.2180232558139323 267.2200218023255616 261.1048328488371908 263.2767078488371908 270.5446947674418539 280.0857558139534831 286.3710029069767415 288.1978561046511800 283.9514898255814046 276.2603561046511800 266.8748183139534831 256.8010537790697754 243.3989825581395223 215.8575581395348877 176.8439316860465169 131.6544331395348877 86.5506904069767415 47.5886627906976756 28.3809956395348841 33.0365188953488342 55.9909156976744171
69.7843951173180415 71.1508073310585019 70.7200548774052891 69.0115031484152439 67.5057163963837183 66.5468744503465075 66.7849931403243460 67.4854891476413314 68.4907658212263044 69.6740422837443276 70.3861821507721572 70.7011643859710830 70.9930347908678385 71.4717697963204017 72.0299363281387457 72.8764554824638537 73.5505681218559886 73.9396700320118185 74.2483554367326803 74.4077461568227392 74.1934428536250721 73.1580187849579602 71.8396594786646432 71.4311745875400135
-386.8888888888889142 -452.6395061728395035 -412.0567901234567785 -300.9728395061728179 -130.4345679012345727 112.9802469135802454 410.3703703703703809 701.5358024691357741 811.1901234567901611 705.3827160493826796 508.0444444444444230 296.7802469135802426 9.0345679012345688 -404.9679012345678757 -670.0172839506172977 -659.2148148148147584 -486.5086419753086489 -335.4222222222222172 -106.1407407407407391 141.1703703703703638 408.0962962962963161 569.8567901234567898 597.4419753086419860 495.0987654320987872
132.5998838559814033 130.0946573751451751 126.7193960511033737 125.1343786295005742 124.7214866434378564 122.4002322880371594 118.1369337979094070 111.3112659698025482 102.6003484320557533 88.3045296167247358 68.1487804878048848 42.7674796747967463 14.3399535423925659 -12.1670150987224162 -33.8443670150987259 -46.9888501742160258 -48.9206736353077787 -40.3479674796748000 -26.8226480836236938 -12.8210220673635309 -0.7838559814169570 7.9429732868757261 11.5830429732868758 14.5821138211382113
474.0042462845010505 474.6296081837483030 459.2032426172553414 440.3375796178344217 422.0812584443157789 398.3732870102296602 371.8324647751399539 341.9710480602200278 308.6525767226403900 277.2053657595058667 247.0636942675159275 218.1231422505307762 198.5170816444701813 187.6049025284694096 176.9640995946728310 166.6174483690407158 159.6641574985524130 156.9971048060220085 157.0108087241845283 160.6595251881876152 164.3730939972978149 170.4999034935340774 174.8278324647751276 177.0162130862767924
374.4819111285883082 377.1002752654345045 378.1217066456940756 377.7308297286669472 377.7945340149429967 380.1364530082579449 386.1626032245379747 400.2074321667321897 416.8529296106960373 435.2648446716476656 449.0112072355485680 460.2642548171451153 474.4492725127801691 495.3252064490758926 519.9237121510027464 544.9248918600078468 572.9520251671254982 598.2959103421155760 619.1209201730239329 634.4630357845064736 645.1826582776247960 651.3617774282344044 652.4321667322060421 647.2561934722768910
115.8889842632331835 137.8732474964234598 168.3527896995708204 199.4140200286122990 225.6798283261802567 241.1444921316166017 246.1433476394849720 250.4103004291845593 256.3367668097282035 266.7399141630901340 279.1444921316165733 266.8735336194563388 198.5582260371959933 80.4566523605150223 -37.0663805436337626 -83.5925608011444865 -46.4151645207439216 42.0772532188841168 130.9324749642346148 191.2469241773962665 216.5327610872675166 219.8323319027181810 211.7359084406294585 202.6555078683834097
-212.9619100706057111 -222.9236343366778215 -228.5631735414344234 -231.5163507989595075 -233.9947974730583553 -236.6120401337792600 -240.2198067632850211 -242.6928651059085951 -245.4633965068747727 -248.3101077666294998 -249.7560386473429901 -250.0652173913043441 -249.0057599405425606 -248.2835377183203320 -246.5107766629505761 -244.7976588628762613 -243.9628390932738853 -243.4477889260497818 -242.1529171311780146 -240.1999256781865597 -237.9607952434039362 -234.6343366778149289 -229.5273132664437128 -222.1415830546265227
1111.4171428571428351 1157.5399999999999636 1102.5714285714286689 934.7171428571429033 662.9028571428571013 299.1314285714285575 27.1542857142857130 -178.8942857142857008 -198.5885714285714414 -162.3571428571428612 -58.5542857142857116 181.1800000000000068 459.5085714285714289 734.8542857142857656 952.5457142857143253 1099.3371428571429078 1144.4257142857143208 1095.6142857142856428 967.2971428571428305 854.7371428571428851 730.0685714285714312 536.6542857142857201 328.7742857142857247 143.8714285714285666
203.7878787878787818 327.9421487603305536 525.1597796143250889 762.0165289256198093 999.6831955922865518 1175.8264462809918314 1257.7162534435262842 1227.6997245179063611 1123.5123966942148854 987.3719008264463355 763.1377410468319340 480.4683195592286324 135.9724517906336132 -6.4986225895316805 -40.1019283746556496 -34.1597796143250676 77.8677685950413263 232.9641873278236801 448.6914600550963996 687.7630853994489826 910.8925619834710687 1047.2479338842974812 1075.5785123966941228 1045.9449035812672264
730.6009543692215402 731.0854160453325221 731.4282731881896780 731.0038174768864110 731.1355800775424996 730.8093647479869333 730.5739337906352375 730.5970175961824680 731.2040560691917790 732.2655532359081008 732.4600059648075785 731.6639427378466962 730.8808231434536538 729.8499254399046094 728.4452728899492513 727.3579481061735805 727.0013122576797286 725.7064718162839654 724.9135102892931855 724.3560990158067625 724.0771249627199495 724.1066507605129345 723.5232329257381707 723.2873247837757162
347.7470414201183644 323.7485207100591538 290.7692307692307736 246.8136094674556205 219.5784023668639122 208.3727810650887591 208.5961538461538396 216.7973372781065109 229.6760355029585696 256.0207100591716198 289.3461538461538680 347.8698224852071235 449.5473372781065109 597.6227810650887022 764.4378698224852542 925.3683431952662204 1060.8668639053255447 1103.6701183431953268 1084.4142011834319419 1002.9837278106508620 877.0887573964497506 752.1715976331361162 633.0813609467455763 539.2041420118342785
46.9775634304885727 30.0536800167750044 47.1673306772908347 90.1220381631369207 143.1100859719018672 193.3029985321870470 227.4369888865590212 246.4778779618368674 258.3990354371985632 266.3801635563011132 275.3281610400503041 283.8297336967917772 286.7085342839169471 288.9698049905640573 292.1767666177395881 289.7209058502830885 278.7473264835395526 253.8760746487733400 216.7982805619626845 182.6265464457957535 160.4785070245334566 157.5548332983854039 164.6022226881945869 177.8544768295240033
410.7728547392035807 412.8895120583286484 401.7403252944475867 380.5647784632641333 347.8295008412787297 306.2422882781828548 260.0050476724621262 215.1245092540661688 158.7038698822209710 95.6522714526079625 31.3387549074593394 -30.3017386427369608 -86.8098710039259629 -135.8261357263039883 -176.8659562535053169 -199.3292204150308464 -212.0869321368480200 -213.6752664049355133 -211.8261357263039883 -203.5541222658440859 -199.1346045989904781 -193.6634885025238475 -184.6702187324733586 -169.4071789119461471
1045.3326374391092486 1046.7908837856646187 1024.8712595685456108 992.1016005567154252 952.6443980514961822 908.9589422407793791 865.4137091162143633 832.4763395963813082 818.1482254697285725 818.0292275574112182 830.5254001391788279 849.3068893528184162 871.1861517049408121 902.6179540709812272 944.9373695198329415 1000.7063326374391181 1054.8994432846207019 1096.5956854558107807 1119.9342379958245601 1119.8970076548364432 1092.9491997216423442 1051.9766875434934263 1001.9011830201809516 948.3058455114822891
-244.6206014075495716 -250.6916186820217547 -254.0339091490722865 -255.3339731285988421 -257.2584772872680787 -250.8381317978247012 -242.0988483685220842 -234.7418426103646709 -226.8902751119641721 -212.7805502239283442 -200.9843250159948695 -186.1129238643634096 -172.3547664747280805 -156.5838131797824815 -140.9942418426103643 -124.4417786308381295 -107.7466410748560435 -92.0201535508637249 -75.8918746001279629 -58.0191938579654476 -45.1247600767754307 -29.8134996801023675 -10.6849008317338452 5.8112603966730649
660.6796208530805643 679.5042654028436573 712.1189573459715803 749.6554502369667716 784.3947867298578558 819.0900473933648982 851.7748815165876977 858.1355450236966362 845.1450236966824150 813.7218009478673366 775.6909952606634988 733.2037914691943570 668.2502369668246729 581.8971563981042436 497.1872037914691873 439.4876777251184876 420.0582938388625394 435.4597156398104403 475.9853080568720429 529.5023696682465015 601.7573459715639501 678.1289099526065911 748.4298578199052372 791.0582938388625962
855.5428816466552462 910.1848198970840258 951.2435677530016847 952.8400514579759601 891.0647512864494502 773.7062607204117057 627.8524871355059531 503.8863636363636260 474.9198113207547181 540.2349914236706354 638.8490566037735334 724.2512864493996858 771.2024013722126483 783.8383361921097503 780.9288164665523482 780.4811320754716917 796.1453687821611993 819.7701543739279941 845.4541166380788582 870.5141509433962028 887.6899656946826553 880.6659519725557175 849.7122641509433834 813.1526586620926764
79.9256449165402074 71.9559939301972662 93.0763783510369223 122.4087000505816860 166.2367223065250244 235.6636317653009485 324.0263024785027710 413.7708649468892190 496.0687910976226362 563.0510875063226877 611.3646939807789522 645.5513404147698111 663.1052099140110840 673.0864946889225848 675.5063227111785409 670.0667678300454781 665.6054628224583212 661.3611532625189966 655.7688416793121178 651.5579160343955891 652.9549822964087298 655.2518968133535964 654.6049570055639606 654.3090541224077015
340.2188703016728368 341.1224889759921552 341.2162105410512822 341.7602715755581926 342.1679848813606668 342.0909918107370231 341.3715965563099530 340.2992230699236984 339.4299713025827714 339.1324280814726535 338.9004689577938052 339.4602785749282816 341.0743333100020891 341.7832295093441530 342.2750752432281161 342.1931126198642232 341.8313851753342192 342.0518653321200873 343.1103100720935117 343.9999300062994507 345.1778539931406158 346.2799748022678159 346.7273745362917339 347.1756141947224705
855.6583705594554203 856.4569240587109107 855.9871303977877233 855.8494469261859194 855.6922995107423731 855.5547223994894921 855.1685279727716988 855.2851520952988267 855.2572325037226619 855.6556583705594221 855.8425866836843170 855.4777706870878546 855.3917783450330035 855.9661242288874519 856.8730589236332662 857.7998830036162872 857.9617634545841156 858.1255583918315324 857.3112635609444396 856.6365666879387391 856.2743565198893521 856.8052542012337653 856.7945649861730999 855.4635184003403765
571.6676217765043475 538.2392550143266590 310.9498567335243706 -122.9040114613180492 -441.6719197707736271 -418.0071633237822084 -239.9455587392550058 -84.8853868194842391 22.4942693409742134 77.8925501432664760 108.3295128939828089 115.9197707736389731 107.1088825214899742 80.6332378223495709 56.0358166189111770 58.5530085959885369 57.5974212034383939 64.6031518624641876 66.1475644699140446 75.3481375358166190 82.2220630372492849 92.0286532951289331 106.7421203438395452 118.1504297994269308
524.6047846889952098 544.9866028708133854 549.3320574162679577 540.1818181818181301 508.1531100478468943 475.3387559808612650 446.6995215311004586 431.2794258373205594 472.7741626794258423 542.0468899521531512 596.4153110047847122 590.9014354066985106 531.8612440191387805 394.0047846889951870 194.7272727272727195 -39.8086124401913892 -164.0229665071770455 -83.5760765550239171 64.0899521531100476 187.6421052631579016 270.2803827751196195 309.9550239234449691 320.4909090909090992 317.1043062200956797
473.9344478662560505 476.4839419269687824 479.7509898812142524 480.6058073031236404 480.6493620765508012 476.4549054113506372 464.6959964804223659 445.7575890893093060 416.6053673559172807 380.3519577650681640 337.9929608446986435 293.1992960844698359 240.5582930048394132 187.3246810382754006 137.0338759348878170 80.0114386273647114 34.6810382754069479 -16.0853497580290359 -62.9960404751429834 -111.7760668719753596 -137.4166300043994795 -146.5191377034755931 -139.6797184337879401 -115.0431148262208580
898.5753424657534651 1065.3479452054793910 1176.3506849315067484 1226.0438356164384004 1183.0986301369862304 1082.9780821917809135 926.6465753424657805 691.6849315068493524 373.9068493150684844 104.4849315068493212 20.6356164383561627 -13.4465753424657528 -9.9068493150684933 95.2410958904109606 271.8109589041096115 527.5369863013698932 781.5753424657534651 992.6520547945204953 1124.2684931506848898 1163.2410958904108611 1144.2684931506848898 1077.3095890410959328 995.3616438356164053 871.6164383561643945
1009.2238046795523587 985.4008138351983916 856.0549338758901285 687.6297049847405560 524.7909460834181345 449.6378433367243019 506.2950152594099791 622.1027466937945292 730.7772126144456024 797.0183112919634141 815.6846388606306846 801.9684638860630912 787.8194303153611600 786.0671414038656621 801.3662258392675994 824.4201424211597669 853.8947100712106248 880.8250254323500030 883.6841302136317609 858.6683621566633065 830.3646998982706009 803.5544252288912048 767.4440488301119103 727.7416073245167354
679.6896838602328899 740.6148086522462108 738.7953410981697289 684.1272878535773998 574.4908485856905145 425.4916805324459119 259.3885191347753789 94.3252911813643919 10.6838602329450918 -18.8427620632279549 18.3735440931780367 60.2762063227953391 83.3718801996672170 92.7895174708818615 98.8943427620632320 90.3552412645590692 75.2612312811980075 64.6547420965058279 62.1347753743760407 67.0382695507487512 72.4758735440931758 79.4034941763727176 85.5482529118136483 90.5465890183028250
112.8536416983085928 111.8907490507421443 106.6641353123921334 100.6234035208836701 92.2124611667241965 83.1121850189851585 71.5566102865032860 60.1729375215740419 49.6625819813600273 42.7940973420780111 38.3684846392820162 38.2616499827407637 39.6111494649637521 44.7797721781152944 55.4618570935450492 71.8203313772868484 93.4770452191922629 117.3786675871591285 147.0428028995512477 181.6240938902312791 214.8230928546772418 246.4159475319295893 270.4361408353469187 271.8593372454262749
141.3689552238805902 136.3731343283582191 283.0035820895522534 505.4376119402984955 681.9946268656716484 735.7611940298507989 693.7546268656716393 634.4411940298507488 594.4238805970148860 570.4346268656715893 570.8925373134328538 564.4638805970149633 554.8214925373134747 553.3605970149253608 562.2620895522387627 573.8943283582090089 578.0883582089552419 576.5349253731343424 571.1241791044776619 572.6531343283581919 566.9277611940298129 552.7934328358209086 531.9480597014925252 516.6853731343283016
479.4931434599155864 467.5369198312236563 466.1682489451476954 474.0453586497890228 489.6756329113924266 511.9251054852320522 524.8591772151899022 524.5295358649789250 519.9841772151899022 520.8570675105485179 524.7241561181434690 527.4646624472574103 528.5094936708860587 514.3444092827004397 479.7790084388185505 437.1112869198312296 381.0543248945147639 312.3354430379746987 253.3866033755274145 285.8918776371307899 446.3544303797468160 656.0274261603375408 783.0411392405063680 762.4467299578059283
568.8823529411764639 568.7153846153846644 568.1800904977375239 569.6936651583710045 575.8113122171945406 576.7153846153846644 567.4954751131222110 558.3031674208144750 546.9900452488687961 538.0990950226243967 532.5131221719457244 533.6547511312217011 533.5809954751131272 525.7230769230769738 503.4276018099547514 446.2493212669683089 353.6036199095022425 235.5963800904977461 112.0085972850678786 38.5692307692307708 19.8384615384615373 33.6262443438914005 55.5407239819004559 78.0407239819004559
175.9227964955606467 176.4155347797965590 175.3382136767213524 173.5004997942023977 172.3134591638736879 171.6467924972070307 171.7016522608337823 172.0546245663550167 172.3271594049508906 172.2444287646263206 171.5567707414593883 170.5400717351678850 169.5952842947021679 169.3876051037807997 169.6816016934203617 170.2146175104368808 170.5203739636620242 170.2584818016111115 170.1815722937614055 171.2916446169224400 173.3024048921032545 175.1338272476039322 176.0649732463103305 175.0369259716587180
1061.7572032270456930 1107.7744909719554016 1130.8551671148675268 1116.9035728006147110 1073.4256626968881392 1016.1060315021129554 954.7706492508643805 886.5670380330387843 818.3599692662312464 763.3522858240492042 736.5939300806761594 736.6515558970419306 760.7990779869381868 791.2224356511717360 820.4752208989627889 844.3680368805224816 863.7518248175182407 880.7575873991547724 893.1137149442949976 903.6300422589320078 914.3107952362659034 918.3553592009220665 910.7387629658086325 898.4214368036880387
690.4817671809256581 719.7443899018232969 748.0841514726507739 766.1143057503505815 780.9677419354839003 803.5592566619916397 835.1924964936886226 870.7847124824684215 905.0816970546984521 930.9077840112202011 944.3110098176717884 938.1223702664797202 919.7047685834502317 888.1669004207573153 851.0673211781206646 793.3502805049088238 710.1875876577839790 618.1486676016829733 542.8180224403927241 506.0024544179523218 511.1840813464235680 540.6150070126227547 577.9158485273492261 616.8902524544179187
409.9642447856979288 407.0061884024753454 409.4004125601650230 416.1327068530827660 443.9039651615860862 486.3797845519138150 533.6967682787072818 569.5700206280082512 595.8959431583772357 615.8549163419664865 634.1141416456566731 650.8959431583772357 666.9459087783635596 679.6706394682557857 684.9660783864313771 685.6394682557872784 681.0176484070593688 670.6731606692642345 660.6284666513867023 652.6204446481779087 642.6910382764152700 633.7781343112537797 624.1806096722439179 614.3843685537474357
118.6160835983643835 110.9086778736937760 104.4219294260184796 101.6987732848705122 101.9798576404664487 107.5271846130546720 115.7952445857943360 125.0802665455096161 131.6319854611540165 136.7276995305164178 141.0602756322883522 150.7370892018779216 166.7451158564288960 188.9242768438588485 213.3369680448280974 239.2521581099500168 264.3018325003786231 286.0313493866424324 302.4617598061487342 314.6610631531121953 323.6325912464031376 326.2379221565954595 324.1311525064364787 315.1820384673633271
-124.5530194959581536 -128.7532097004279592 -132.8865113330163297 -135.2382310984308162 -136.8665398636867963 -139.2986210175939163 -140.0699001426533528 -140.9812965604691612 -141.8256459026787013 -142.8793786653986331 -145.9281978126485910 -149.5617372008242114 -152.3927722301474148 -155.4422253922967059 -159.3537803138373761 -165.0405769535584000 -169.1391662704073440 -172.1827547947376900 -173.9017276906007226 -177.3017910920906672 -179.8741480424789927 -181.6058012363290572 -182.0556348074179880 -178.3147883975273373
373.4555329260013536 346.1636116768499392 344.9606245756958742 369.1479972844534814 417.5254582484724892 487.5084860828241631 561.5410726408689470 638.7651052274270569 706.4718262050237172 763.5288526816021886 817.8004073319755207 862.8472505091649509 900.5057705363204832 926.2552613713510254 946.3625254582484558 953.4955872369314420 953.2776646300068251 948.2668024439918781 935.4175152749490962 917.7739307535641728 902.9287169042769392 884.7875084860828565 868.4473862864902003 851.2342158859470373
672.2870507139340361 668.9817823732151965 584.0196947316592286 451.4455933037912132 304.9281142294436222 196.4002954209748850 140.0320039389463318 151.8823239783357906 202.4332840965041953 265.7262432299360171 323.8010832102412451 357.5081240768094517 367.1093057607089918 371.3284096504185072 364.8961102904972904 368.8074839980305342 381.6174298375184435 381.5677006400787832 378.2919743968488433 369.0768094534711850 355.0974889217134205 352.8365337272279589 350.2978828163466005 342.4554406696208844
432.4178525226390661 465.0392410521776583 518.4894351013367668 562.1479085812850371 564.0659767141008842 535.9413540319103504 467.7529107373867987 366.1750754635618819 244.1535144458818536 147.1940491591203113 98.1069426476929749 97.8188874514877114 147.6476929711082278 218.9749892194911638 285.5679172056920834 329.4648555411815209 348.5282449331608632 358.5864596808969509 369.9159120310478670 389.1306597671410259 405.5579991375593067 404.0280293229840254 395.4756360500215351 381.0746011211729183
272.7784256559766618 255.8312277291869066 234.7032717849044445 224.5526401036605080 220.6229348882410193 224.2115322319403958 237.8179462261094841 257.8445092322643291 277.6809199870424436 303.8905085843861116 332.9980563654033290 367.6527372853903444 410.2410106899902758 457.6255264010366091 495.6355685131195514 513.3576287657920147 499.8027210884353622 457.1940395205701293 387.5163589245221942 300.9633948817622127 214.6151603498542215 154.1950113378684932 137.0165208940719026 159.7230320699708557
99.8048102094240903 105.6024214659685896 111.7117146596858674 112.9975458115183216 109.7599803664921438 106.3079188481675459 108.4829842931937236 119.5035994764397884 134.5549738219895346 146.9859293193717349 154.7434554973822003 156.2452552356020874 150.2645615183245980 141.0035994764398026 130.7347840314136249 116.4671138743455430 95.8264070680628208 57.8974149214659661 4.6146924083769632 -53.8475130890052327 -97.8727094240837658 -112.0922774869110015 -94.0646269633507899 -59.7220222513088999
244.5301003344481501 248.1461538461538510 261.7515050167224331 285.4879598662207627 313.1675585284281169 328.9535117056856279 299.3872909698996523 198.7678929765886267 52.0464882943143792 -66.6314381270903056 -97.9849498327759250 -27.1170568561872898 76.4882943143812639 170.3996655518394618 218.9729096989966592 229.3541806020066929 221.0628762541805941 208.4785953177257625 192.3856187290969899 179.4230769230769340 173.7250836120401232 174.3351170568561770 175.7110367892976512 176.4110367892976683
881.1308275058274830 885.5139860139860275 882.3849067599068121 875.6386946386946875 867.8464452214452649 858.7594696969697452 849.6891025641025408 840.5556526806526563 832.4720279720279450 825.5282634032633950 818.0036421911421485 810.8317307692307168 803.6372377622377599 797.6193181818181301 789.6110139860139725 782.6389860139860275 775.0710955710956114 765.9331293706293309 755.2671911421911091 739.7810314685315234 723.1535547785547351 705.3668414918414555 692.7262529137528873 695.4657634032633950
135.3092422980849392 131.7635303913405380 137.3075770191506990 148.8975853455453660 167.8074937552040069 192.4429641965029134 220.2746044962531187 247.6348043297252275 272.2093255620316654 292.6572855953372141 307.5500416319733290 319.9089092422980798 330.8967527060782459 341.4074937552039728 347.8114904246461379 354.0383014154870693 362.3545378850957377 371.0601165695254053 383.0939217318900774 395.0168193172356155 403.4169858451290338 406.4707743547044174 406.1122398001665488 402.5064113238967707
168.7364705882353064 107.5482352941176458 96.6376470588235321 149.0541176470588312 261.2305882352941353 473.3764705882352928 744.5035294117647027 1014.2799999999999727 1201.0847058823528641 1310.0164705882352791 1299.3082352941175941 1203.7035294117647481 1049.4682352941176759 878.6611764705882024 668.9505882352941626 443.0541176470588312 248.5105882352941080 148.0188235294117760 125.5999999999999943 168.7811764705882354 244.6141176470588334 386.3482352941176714 549.0329411764705583 687.8023529411764230
307.7158385093167681 310.3175465838509126 350.2220496894410076 403.0954968944099619 493.6009316770186501 621.5302795031055894 752.4153726708074146 821.5093167701863877 816.7484472049688975 758.4347826086956275 672.3423913043478706 570.8757763975155513 472.0038819875776426 378.5636645962732700 314.4829192546583840 280.5760869565217490 260.5403726708074714 254.2259316770186217 268.3742236024844487 285.1405279503105703 281.7709627329192585 266.1731366459627566 263.2965838509316541 277.2631987577639734
768.4696243005595306 753.4844124700239263 739.2837729816146748 718.3788968824940184 692.5283772981614447 676.4584332533972884 668.7026378896882761 671.1666666666666288 681.1235011990407884 696.0911270983212944 721.8265387689848467 762.2134292565947362 824.6858513189448558 905.3912869704236073 980.9988009592326534 1038.9260591526779081 1070.8701039168665829 1074.1514788169463372 1053.8513189448440244 1022.9396482813748435 992.6219024780175459 955.6131095123901105 918.3417266187050245 880.1562749800159509
642.1261061946902373 599.1637168141593293 583.7190265486725593 613.1415929203540145 663.3344395280236085 707.4008112094395528 739.4269911504425181 755.5560471976401686 765.3204277286135948 783.9896755162242243 813.9601769911504334 844.7817109144542655 868.0733775811208943 898.6921091445427692 912.8226401179940694 904.7153392330383213 883.2116519174040832 856.8418141592920847 814.3407079646017337 736.9767699115044479 630.4996312684365876 536.7647492625368386 485.5766961651917200 488.8790560471976505
382.3868471953578592 384.6518375241779495 374.0744680851063890 357.2147001934235959 346.0657640232108179 327.5851063829787222 309.4622823984526008 288.6760154738877873 271.9245647969052015 258.1237911025145308 246.7969052224371467 247.8684719535783358 259.6257253384912929 284.3820116054158689 326.8123791102514701 385.8520309477756314 468.5464216634429135 592.2040618955512628 737.0067698259188091 871.7765957446808898 984.7746615087040709 1040.3907156673114969 1021.2630560928432715 960.8094777562862419
286.6232579508908316 287.3703609168410935 288.1979171984277173 288.5504619939762279 288.7924855786410490 288.4997192301801761 287.5882893460615719 286.1730052580529673 284.3185461228240456 282.5793557608861875 282.0986267803359056 282.5446424013476872 282.8647199959160616 283.4798100975036732 284.0043902190004701 284.3318188779417142 284.1893920057174796 284.6325488794731768 284.2819439481341419 283.5046709888202372 282.0256776762468576 280.3206901832660947 279.1299709020368596 278.2271172596865654
91.1209751609935665 75.2704691812327553 65.5036798528058881 65.9655013799447971 71.1844526218951188 79.1366145354185875 92.4484820607175664 103.8620055197792027 111.8587856485740559 120.6821527138914405 135.6573137074516922 151.2092916283348529 173.8196872125114965 212.4977000919963075 274.0367985280588528 349.3026678932842515 430.6660533578656782 513.3150873965041683 578.5993560257589934 617.8702851885924474 634.1826126954921392 635.0243790248390496 628.4576816927323080 609.8693652253909931
531.9283544756119682 537.3412542433446788 542.0419867786314398 545.6042522780061290 548.8084688225835635 550.4084330891548689 552.4254064677505767 556.3183848490263017 556.9406825084867023 555.1307843487583114 549.2581740217973447 540.7723780596747929 528.3691263176701796 515.7829194211184358 502.8229408611756526 484.5159907093085394 463.7659460425227849 439.4995533321422272 411.1220296587457597 379.5267107378953142 348.7327139539038967 322.1934965159907165 304.1279256744684858 301.6240843308915487
-245.3610567514677143 -252.9109589041095774 -266.0616438356164508 -278.8953033268101649 -279.2671232876712111 -284.7045009784735612 -282.9647749510763219 -281.3835616438356055 -267.2035225048923621 -239.7661448140900120 -193.3757338551858993 -124.1095890410958873 -33.7064579256360091 70.0430528375733843 179.4305283757338429 286.0675146771037021 377.3816046966732074 443.3727984344422453 499.9266144814089898 539.0332681017612231 561.0039138943249100 579.1585127201565228 577.6976516634050540 578.5244618395303178
411.8131073125753687 411.8153769770905797 412.3685367756578444 411.6600468118306253 411.6106106816086481 411.8963047024611797 410.7842400170225119 409.5310305695439297 408.9287183488190749 408.0675225193276106 406.8743882544861208 405.3203773317256378 404.5533016525994867 403.6521029860273870 403.0668132491666142 400.5758564437194309 398.3813745655720027 396.8523299524788968 395.6350095751471940 394.7501241222781800 393.2884601744804627 390.7096247960848245 388.6879920561742097 388.0475920278033755
-82.1382362955396701 -88.6891385767790297 -88.8600612870275768 -88.1297242083758903 -75.9043241402792006 -68.5325161729656145 -60.8318011576438522 -51.7769833163091562 -41.0715015321756880 -26.7466802860061286 -6.6741573033707864 18.1109976166155953 46.9775280898876417 79.3738508682328927 116.6649642492339183 156.9645897173986953 200.3084780388151103 242.6799455226421571 278.3520599250936129 306.9267960503915447 328.8712972420837559 349.9489274770173779 365.2526387470207965 368.6241062308478149
-428.1610867178924309 -434.2557628979143942 -438.8257409440175820 -440.8293084522503023 -443.1849615806805787 -445.7154226125137484 -448.6794731064763937 -451.2982985729967140 -453.1383095499451201 -454.6267837541163317 -454.2801866081229605 -453.5708013172338156 -452.9132821075741049 -452.6437980241493051 -452.1967618002195195 -451.4753018660812245 -450.7601536772777422 -449.5381448957189718 -448.0332052689352622 -446.1380351262349109 -443.9939626783753965 -440.5738199780461173 -437.9379802414928804 -432.3076289791437716
145.6430232558139437 145.3302325581395280 133.8596899224806123 119.2868217054263624 106.9724806201550393 92.9538759689922500 79.7701550387596967 73.8643410852713203 80.8767441860465084 104.0647286821705393 134.4337209302325675 167.2817829457364383 194.0038759689922472 216.4313953488372135 233.3166666666666629 247.0593023255813989 262.2484496124030784 278.8612403100775055 278.4240310077519212 233.5875968992248204 131.2705426356589271 -15.1616279069767437 -143.7209302325581461 -151.5050387596899100
964.3331918866163051 971.8323007722990496 976.9916829330391010 980.1375710769752914 980.8713400661970354 980.5415429007892953 981.1509802257489810 982.1822965288976093 982.9089366035814237 983.4646524654162931 983.1334974115251271 983.4077908851735401 983.2708138844097903 982.7158618348468053 981.7186624798438288 980.3824153441398721 978.3111261987609169 976.4337605024187496 975.1166935415428725 974.1671900195196940 973.5287278282271473 971.2052108970550535 967.5781210218110573 962.7117033013663558
-221.8369441277081080 -249.1676168757126675 -274.7491448118586277 -250.7571265678449208 -237.4971493728620260 -213.7525655644241738 -151.9977194982896265 -68.7217787913340885 41.1094640820980644 164.3933865450399026 278.6704675028506131 375.5883694412771092 464.0581527936145676 534.9156214367160374 587.0000000000000000 620.6316989737741778 636.9270239452679334 647.8198403648802923 649.0114025085518961 636.8232611174457816 617.5496009122007308 593.5678449258837190 567.5302166476625416 541.2690992018243605
805.1869052150742618 816.5964979063570581 823.2775028549676790 821.2287780738485026 819.6463646745337428 813.7141225732774501 800.3913208983631193 784.6692044156833390 764.7460982108869985 745.2843547773125010 727.8583936048725036 716.4438523030072474 716.2782641796726466 714.2508564902931312 719.7125999238675149 743.7232584697372886 790.4015987818804660 852.4845831747239799 929.4861058241340288 1008.1412257327750694 1063.5519604111152603 1091.9649790635705813 1093.1187666539779002 1051.8153787590406409
51.8082453238325513 33.9475760274844163 10.7383891080290113 -4.9111846290876704 -6.0258302583025829 10.0571319506298504 38.4506934724519667 70.0225219493574258 97.6787123043644243 118.4384781778852300 134.5459982186028753 146.4224456037663913 154.8029011324595956 162.2242015523603413 166.4097213385927034 169.2248377656190428 170.3575518513805775 171.9277261738134541 170.6164906476651026 168.0470797811426280 161.9449039317979384 156.2334902659371494 149.5040081435297168 141.6142002799338400
-396.2813664596273497 -410.6434782608695855 -417.2391304347826235 -422.6962732919254790 -423.8055900621117758 -421.9217391304347871 -415.6478260869565133 -406.0577639751552965 -391.9031055900621254 -377.2944099378881901 -364.9850931677018480 -350.7422360248447148 -333.3291925465838403 -314.2763975155279468 -294.7819875776397680 -271.4826086956521749 -250.5776397515527947 -223.3894409937888099 -194.8795031055900608 -163.4981366459627452 -122.3869565217391369 -86.5130434782608688 -50.6335403726708080 -23.0310559006211193
236.9376109087512816 236.5958718595311439 235.2876155785934316 233.7469412533856428 232.7795834500794001 232.7509106192210595 233.2709442420846244 233.8013916129634708 233.8358550480993756 232.8724199122069649 231.2117306435042394 229.9590454842626457 228.9621742785093943 227.9061361725973711 227.2767348463621886 226.8818996917904087 227.1143177360605137 228.1399551695152752 229.8885775660782542 232.0493602316241777 233.6044176706827216 234.6114224339217458 234.8023722798169501 234.3678434668908324
964.2897651750110981 994.3832521045635531 1014.3517944173681826 1024.8187859991139703 1028.3451484271156460 1013.8431546300398622 985.4076207354895587 947.8830305715551958 905.6451041205139063 857.1222862206468562 808.3894550287992615 762.1338059370846167 722.8719539211342635 693.9720868409392551 673.8462560921577733 660.2193176783340505 649.7696056712450172 637.1962782454585295 623.0868409392999183 603.2693841382365463 581.1936198493575603 561.5604785112981290 550.5968099246787233 552.1280460788657365
702.8489385898408273 708.6429112964367505 701.7003411675511870 688.5894617134192686 675.8826762699014807 659.7640257771038250 643.5295678544351858 625.2989006823351019 607.0005686125853117 589.1000758150113370 570.9857846853676620 553.2126611068991906 535.7973843821076798 519.4444655041697843 500.0470053070508243 486.2215693707353807 475.1218726307808993 465.8673237300985761 464.5775208491281205 468.0909780136466907 470.2606141015921253 469.3222137983320863 468.9694844579226469 470.5824488248672992
