11.1915094339622634 6.5377358490566042 13.5166666666666675 7.0254716981132077 -10.3867924528301891 -27.3701257861635234 -41.5468553459119505 -42.1855345911949655 -51.1786163522012600 -69.2069182389937083 -89.0927672955974828 -100.4663522012578625 -107.9880503144654114 -125.5075471698113176 -169.4084905660377274 -212.7025157232704373 -219.0402515723270369 -118.1770440251572296 102.8437106918239010 306.6267295597484122 395.2110062893081590 382.7062893081761104 291.8616352201257769 183.5685534591194994
0.4054252199413489 56.3599706744868030 194.6891495601173006 73.2258064516128968 -118.9266862170087933 -188.0967741935483843 -136.6891495601173006 -65.3585043988269803 -56.8035190615835788 -92.8709677419354875 -124.4699413489736060 -115.1502932551319702 -27.0344574780058657 190.8247800586510152 49.5161290322580641 -3.0828445747800588 102.5769794721407635 5.7881231671554252 -640.3137829912024017 -727.0087976539589363 915.3064516129031745 244.4472140762463255 -57.8892961876832857 70.3489736070381184
1327.3008695652174538 1355.1182608695651197 1379.4295652173912003 1391.3356521739131040 1393.0626086956522158 1377.9026086956521340 1388.5791304347826554 1398.6782608695652925 1424.6869565217391482 1442.9878260869566020 1476.5460869565217763 1488.6226086956521613 1488.4852173913043316 1453.9060869565216763 1417.8678260869564838 1398.4139130434782601 1374.5460869565217763 1369.5199999999999818 1379.0052173913043134 1394.6052173913044498 1409.3791304347826099 1433.5182608695652107 1406.5826086956521976 1348.7652173913043043
-119.5877811346089317 -132.0664652567975850 -120.0738502853306500 -121.8247734138972760 -151.7334676065793815 -191.2460557233971201 -238.2346424974823833 -250.1480362537764393 -138.0513595166163157 131.7015777106411463 336.2557905337361603 320.6743873783148615 202.1836186639812070 38.0892917086270586 -53.7035918093319893 -40.8281302450486763 3.3961060758643842 41.7035918093319893 59.1070829137294425 60.3084927828130262 50.0805639476334363 47.2823094998321594 47.2490768714333669 45.0312185297079566
-481.0349519117992259 -486.8008444757213056 -490.4184846352334262 -491.6195167722261203 -495.7466572836030991 -498.4630541871921423 -500.5679099225897062 -502.9127375087966243 -505.5057471264368019 -507.3903354445226341 -507.6884822894675153 -506.8076471968097394 -506.6605676753459875 -506.8233638282899278 -506.0973492845413944 -504.5972319962467623 -502.8864649307998889 -499.6084916725311018 -495.8449448745015502 -492.9293924466338126 -489.6608022519352517 -487.0680272108843383 -483.8557353976073045 -480.2406755805770331
-257.5631793478260647 -265.9363677536231876 -73.8442028985507193 151.4121376811594075 233.6938405797101552 197.0808423913043441 118.8471467391304373 49.0414402173913047 23.4105525362318829 51.7597373188405783 85.5914855072463752 104.3251811594202962 101.5206068840579690 96.2658514492753596 93.4017210144927503 93.5973731884057969 96.2115036231884062 98.9560688405797038 97.5740489130434838 94.3439764492753596 94.6225090579710155 101.5575181159420310 106.2909873188405783 91.0548007246376869
63.8706443914081134 112.1202863961813847 180.6510739856801990 277.4200477326969008 407.1083532219570316 522.7651551312649190 458.4062052505966562 256.1656324582339153 90.4844868735083594 -28.2276849642004777 -109.0066825775656270 -173.6730310262529713 -220.1909307875895081 -245.8439140811455843 -246.7847255369928519 -212.3431980906921126 -159.9279236276849758 -131.4415274463007108 -128.1799522673030935 -106.7723150357995223 -93.8124105011933125 -83.2243436754176571 -76.8028639618138413 -69.3241050119331703
-230.8179039049431935 -234.0926342504470199 -234.6193112995327965 -234.8581069389167624 -234.8664128741996819 -234.1204360616023621 -234.2857472457749282 -233.9694872238565040 -232.7923516179269825 -232.5348676241564192 -231.4095287535328964 -230.2918613370248693 -228.7838726423256617 -227.0201880371459993 -227.1856145815308423 -228.7706638980215814 -231.0793678260367869 -233.1282805560362306 -234.8132894964526827 -235.2794024341004899 -234.4109707561862024 -232.6142354501932346 -232.2987829497606356 -230.2248947338063090
-45.1811494252873587 -43.2289655172413774 -39.4386206896551741 -23.2455172413793107 -6.7618390804597706 3.9885057471264367 1.8009195402298850 -8.7108045977011486 -10.5296551724137935 -2.2225287356321841 12.7434482758620682 21.0924137931034466 11.2340229885057479 -25.3066666666666684 -67.7278160919540255 -133.3094252873563335 -336.4657471264367814 -684.7793103448275360 -706.7333333333333485 -188.2965517241379416 67.0537931034482710 4.0634482758620694 -20.5043678160919534 -13.0156321839080462
101.4043970686209235 67.4137241838774202 37.3890739506995331 67.4776815456362442 77.0999333777481723 107.8414390406395711 115.7874750166555629 11.3697534976682206 -9.4003997335109926 547.7361758827448739 558.2211858760825862 -220.8081279147235136 -473.1452365089940031 -314.5876082611592324 -117.8054630246502370 -25.9247168554297147 -94.8261159227181878 -177.7528314457028671 -221.8054630246502370 -157.5542971352431607 110.1858760826115855 155.1798800799467131 -30.7041972018654228 122.0339773484343766
-44.9594137542277323 -32.5817361894024771 -64.4098083427282972 -95.7705749718151083 -107.5101465614430651 -55.5907553551296516 121.4019165727170275 78.3618940248027087 -73.3478015783540087 83.0349492671927862 49.7502818489289709 -407.6888387824126312 -907.1133032694475560 729.1629086809469982 431.9272829763247046 -118.4052987598647064 68.9081172491544578 83.1730552423900775 88.8940248027057436 107.8709131905298761 105.2514092446448757 99.5924464487034982 88.6843291995490404 41.9937993235625697
293.7410389610389529 301.2350649350649405 304.4485714285714266 310.8072727272727320 318.9929870129869869 321.7005194805194606 328.4410389610389416 326.8545454545454731 329.0864935064935253 332.7919480519480544 333.0472727272727411 332.1116883116883400 333.1410389610389871 327.0309090909090628 305.3709090909090946 276.6145454545454641 236.3542857142857088 169.5984415584415501 101.4698701298701309 45.3605194805194785 -0.8864935064935064 -34.5041558441558465 -52.9815584415584411 -46.8490909090909113
127.9667896678966770 141.5599630996310054 96.3035055350553506 50.8071955719557167 116.9686346863468600 224.5055350553505491 3.6420664206642068 -202.5987084870848776 -224.5959409594096030 -129.5295202952029570 -54.0009225092250915 -94.1033210332103351 -150.2749077490774994 -176.9520295202952127 -136.6107011070110673 57.5119926199261968 254.7453874538745424 11.4114391143911433 164.9003690036900309 127.9169741697416924 -62.3035055350553506 -902.3081180811808508 4.1356088560885613 922.0756457564575612
-876.9054054054054177 -345.5481786133960327 819.1010575793184216 86.7491186839012869 -45.1833137485311411 43.6709753231492357 59.6363102232667472 50.6169212690951795 78.1310223266744970 62.3537015276145681 63.8913043478260860 40.4512338425381870 11.0710928319623978 28.2949471210340775 17.1468860164512336 30.5240893066980021 31.1545240893066975 6.7638072855464157 28.3278495887191539 105.0881316098707430 33.9136310223266761 -20.1750881316098720 -31.7567567567567579 -42.0499412455934163
87.1289821289821305 188.8500388500388567 155.5843045843045900 -57.2494172494172489 -168.3877233877233834 -155.8484848484848442 -92.4102564102564088 -57.0404040404040416 -97.3613053613053552 -139.1880341880341803 -153.4895104895104794 -95.5135975135975173 134.3745143745143764 139.3644133644133660 -35.6542346542346564 202.7777777777777715 94.3356643356643332 -211.8376068376068417 -1010.2509712509712472 675.7148407148407614 541.1561771561771366 -115.7731157731157765 70.7303807303807304 75.7404817404817408
-20.5430560644924896 -19.9813118358373032 -20.0655917918651525 -18.7636496885305988 -2.4338585562477100 3.9193843898864054 -25.6848662513741282 -107.5100769512641961 -278.9849761817515628 -473.1040674239648069 -377.1212898497618085 55.5071454745327983 279.0212532063026742 208.4100403078050476 95.5877610846463881 27.3360205203371187 5.4210333455478201 22.8006595822645650 48.6976914620740189 54.6335654085745688 51.5470868449981694 54.4613411506046177 50.6258702821546365 33.9413704653719321
-7.8382264829239068 -38.1455961653684810 -64.1893349310964680 -93.0545236668663875 -67.8861593768723850 56.6962252846015602 123.6051527860994668 -89.7100059916117374 32.9790293588975416 35.7986818454164180 -138.6189334931096369 -975.5098861593768333 261.7106051527861155 820.4038346315159060 -98.0862792091072464 27.0898741761533870 66.1875374475733906 110.4194128220491251 104.1132414619532653 115.3487118034751404 91.9904134212103060 89.6470940683043693 51.2354703415218680 34.5296584781306137
128.3230174081238033 162.0232108317214568 169.7765957446808613 116.6450676982591830 104.6054158607350075 222.0125725338491236 236.7272727272727195 -68.7030947775628675 -246.1141199226305503 -229.5174081237911139 -119.5705996131528082 -68.9497098646034772 -109.3423597678916792 -167.7253384912959291 -191.9081237911025255 -125.5174081237910997 158.2446808510638334 225.0841392649903412 -10.9003868471953584 232.7340425531915002 115.4787234042553195 -99.6557059961315304 -1030.2727272727272521 623.6760154738877873
44.4389140271493233 156.2730015082956356 21.7752639517345408 -121.3770739064856770 -152.9389140271493090 -92.6327300150829558 -46.2858220211161395 -67.3401206636500689 -98.8680241327300138 -123.0542986425339365 -94.4645550527903453 40.1244343891402693 178.1576168929110224 -19.5580693815987949 96.2488687782805385 102.1975867269984946 -88.5188536953242817 -991.2843137254901649 -52.1123680241327278 867.1214177978883981 -24.8800904977375552 8.0889894419306181 70.3514328808446407 85.6478129713423897
234.6188898094449087 240.1035625517812662 224.6768848384424189 230.4672742336371130 272.0124275062137258 224.4855012427506153 224.5451532725766413 218.8873239436619826 225.0248550124275084 221.0281690140845114 214.0969345484672601 223.2700911350455613 230.2129246064623089 227.5940347970174003 229.5004142502071147 245.4556752278376166 280.2394366197183331 339.9328914664457102 412.0662800331400035 511.1541010770505409 640.8699254349627381 790.4805302402651250 808.1068765534382692 625.4208782104391275
-781.6518171160610109 -781.3678194607268779 -784.8874560375146530 -789.0052754982415308 -791.7716881594373035 -792.8048065650644958 -792.8648886283704087 -791.9909144196951729 -791.1433177022274776 -791.2124853458382177 -791.5014654161782346 -791.3900937866353615 -790.7523446658850617 -791.0296014067995429 -790.4035756154747787 -790.6409730363423023 -790.7655334114888319 -792.2696365767877751 -792.8270808909730931 -792.3514067995311052 -791.3253223915592116 -788.7798944900351898 -785.5099648300117678 -782.1052168815944015
376.5066334991707890 321.6849087893863839 251.7296849087893804 187.4270315091210648 93.5713101160862379 110.3797678275290224 142.4950248756218798 99.1898839137645041 40.2570480928689918 -16.0290215588723051 -31.7230514096185736 -28.9402985074626855 -60.1401326699834158 9.3756218905472632 90.7993366500829211 -131.8606965174129471 322.6202321724709918 1113.8117744610281079 -27.2545605306799352 -309.3391376451077690 -204.0555555555555429 157.0306799336649988 62.9311774461028222 57.3258706467661696
-56.9219380888290729 -90.5329744279946169 -101.3337819650067360 -41.3405114401076688 152.5006729475100826 78.6197846567967673 -65.1379542395693107 98.1615074024226146 79.8028263795423953 -445.3768506056527485 -922.0995962314939334 839.3331090174966675 363.3627187079407577 -172.6480484522207348 43.3977119784656793 68.3102288021534321 83.7927321668909855 93.4481830417227428 93.6803499327052549 95.9037685060565224 79.7469717362045714 37.2402422611036314 56.4710632570659499 62.7483176312247650
3.3545774943358229 3.6751489468826049 3.0989972308466895 2.4401065704455820 2.5087480070487538 1.9661827641184861 1.0232441050599983 0.0683477385247965 -0.0745363766048502 0.0486489888394730 -0.1476462196861626 -0.3902827892926072 -0.5491944281278845 -0.7375807669715533 -0.8058236133255013 -1.1250104892170849 -1.3706469749097927 -1.5371737853486616 -1.4333724930771168 -1.5965847109171771 -1.6522404967693212 -2.1065284887136024 -2.9999580431316608 -3.4585256356465552
50.5278323510150642 -455.3942370661427503 -933.9115913555991710 769.2619515389652634 380.0137524557956681 -132.8107400130975861 38.1827111984282936 58.7413228552717754 59.1309757694826459 83.0910281597904401 81.9502292075965926 81.7000654878847428 68.3968565815324183 27.8081204977079253 36.8814669286182024 43.6123117223313699 38.9692206941715753 41.5546823837590011 35.6018336607727548 37.1375245579567803 104.1283562540929921 64.6129666011787833 -34.6614276358873639 -45.5586116568434818
-892.3069306930692619 863.8495049504950885 273.5973597359736118 -121.2039603960396050 43.8646864686468660 70.2983498349834974 64.5696369636963681 97.4844884488448855 93.7214521452145277 100.2818481848184859 89.0191419141914224 52.8976897689768961 66.0646864686468689 67.8963696369636978 61.6019801980198025 61.0943894389438924 65.0019801980198082 73.0310231023102290 114.0013201320132055 62.7326732673267315 -36.0435643564356454 -48.9511551155115541 -53.2640264026402619 -44.4475247524752461
63.8914246196403894 38.4073305670816012 72.3589211618257195 91.2503457814661090 135.8796680497925422 110.8188105117565669 -3.5069156293222683 127.2648686030428706 674.2828492392807220 317.0103734439833829 -353.8485477178423366 -455.8948824343015076 -273.0497925311203176 -96.7240663900415001 -44.3388658367911503 -127.7683264177040172 -199.8658367911479843 -226.1473029045643273 -114.9239280774550451 171.9875518672199064 53.8603042876901767 -25.6251728907330580 112.0940525587828489 -74.9612724757952975
275.1737891737891459 292.2177452177452324 311.8449328449328277 341.0842490842491088 370.7948717948717672 406.7761497761497935 456.1876271876271858 511.3988603988603927 534.0468050468050478 475.8347578347578519 335.0488400488400771 159.3764753764753834 47.1237281237281209 17.2087912087912080 -17.4778184778184773 -61.6735856735856771 -100.2901912901912880 -109.5657305657305614 -112.4420024420024475 -102.1501831501831532 -71.0313390313390300 3.0769230769230771 34.7297517297517331 81.8107448107448079
-59.6815703380588900 -77.4969102144674622 -93.5943293347873464 -112.8400581606688462 -125.5536168665939698 -134.0218102508178788 -148.4387495456197712 -161.0923300617957068 -160.9752817157397260 -152.3940385314431012 -144.7986186841148708 -163.9298436932024856 -191.3627771719374664 -208.9880043620501624 -202.1897491821156052 -138.5961468556888292 16.9440203562340983 210.4551072337332016 314.2391857506361248 273.8829516539440192 91.4641948382406440 -127.9138495092693546 -206.9363867684478464 -144.9567430025445276
155.1799323562570407 160.1795941375422672 157.7429537767756358 157.5211950394588598 154.4110484780157719 152.3391206313416149 148.3983089064261662 138.9448703494926747 124.4080045095828666 110.0441939120631361 95.2072153325817396 77.5750845546786962 57.7449830890642630 33.4804960541149939 9.4452085682074411 -13.4917700112739567 -31.2869222096956037 -39.8474633596392351 -35.7487034949267226 -22.6059751972942493 -8.9452085682074411 -0.0837655016910936 -0.9475760992108230 -5.4050732807215329
295.2380446333687587 327.8671625929861762 380.8246546227417753 411.2295430393198785 438.9968119022316841 451.2316684378320701 467.5313496280552386 500.6163655685440972 484.7747077577045616 369.1657810839532203 172.4984059511158421 114.3390010626992535 137.3092454835281728 84.5302869287991427 -1.1902231668437833 -70.2943676939426183 -98.5441020191285872 -161.9479277364505947 -212.9458023379383746 -107.7056323060573817 74.8299681190223112 -23.9171094580233792 361.6429330499468620 1065.3379383634430724
-102.6996763754045361 -175.2692556634304140 -126.8679611650485413 -63.3106796116504853 -58.3106796116504853 -99.6990291262135884 -137.8809061488673251 -130.9035598705501684 -38.1106796116504825 194.3870550161812218 58.6226537216828447 22.7300970873786419 231.9987055016181330 26.0330097087378647 -513.5540453074434026 -773.5313915857605025 908.7883495145631514 222.9003236245954724 -87.3870550161812361 60.5029126213592221 93.8919093851132658 96.5087378640776734 128.9941747572815416 115.5281553398058207
-39.4140845070422543 156.7032863849765363 -11.7699530516431921 71.8169014084507040 270.4300469483567895 29.5859154929577457 -176.0103286384976400 -279.8995305164319234 1227.7361502347416717 -140.9136150234741649 -44.6384976525821600 -11.4863849765258212 264.9004694835680880 163.3943661971831034 196.4075117370892087 185.7014084507042355 243.2347417840375670 221.3492957746478851 199.9755868544600901 219.7042253521126725 251.8046948356807491 263.1399061032863642 248.2140845070422586 287.4460093896713602
91.6252609603340318 9.9697286012526103 156.6805845511482289 1146.0041753653445085 -54.0052192066805858 -126.1534446764091797 -89.3288100208768299 400.9624217118997649 187.5271398747390492 195.9572025052192146 212.5814196242171192 275.1774530271398476 265.8622129436325849 286.2640918580376024 295.5354906054279809 339.3423799582463403 347.7473903966596822 345.6670146137786901 350.3413361169102131 317.7181628392484072 320.5344467640918538 345.4759916492693037 358.8747390396659966 288.5824634655532464
-12.9518324607329838 -7.8129144851657939 -24.1961605584642250 -62.5902268760907532 -121.6404886561954584 -233.2736474694589788 -391.9092495636998024 -579.7410122164048971 -587.8453752181501386 -307.5752181500872666 -73.9308900523560197 -42.7483420593368209 -49.4991273996509591 -54.4080279232111721 -77.6579406631762623 -97.1521815008726009 -103.0397905759162285 -109.1054101221640451 -105.3116928446771396 -97.4474694589877828 -104.8090750436300169 -117.9256544502617743 -111.7242582897033145 -89.9797556719022680
249.5625819134993435 254.1594036697247816 252.2058759283529810 251.8151485364788016 254.0045871559632928 248.3526649191786930 247.0613259065093814 248.9286260375709787 249.5217343818261213 249.6898754914809899 249.9017038007863789 251.2730996068152081 251.2515290519877738 251.9900065530799509 252.4847094801223193 252.2131389252948850 251.8492245522062092 251.4542376583661110 252.0046417649628552 253.0954019222367890 253.8468763652250004 253.5907055482743431 253.2178352992573309 251.6482088248143327
336.8440463645943055 1128.5732349841939595 -337.9536354056901928 -67.3719704952581679 -22.0990516332982097 403.1749209694415299 131.8177028451001149 193.0168598524763013 191.3983140147523727 259.7017913593256253 247.3213909378293067 273.7038988408851310 280.6217070600632155 323.2381454162276100 329.9020021074815645 322.1664910432033935 320.0147523709167672 289.4278187565859071 296.8851422550052916 318.1253951527924073 353.9873551106427954 269.9062170706006327 161.6733403582718722 128.1169652265542709
223.3100371747212023 405.3200743494423932 424.9557620817843713 192.9587360594795484 -107.7858736059479554 -230.3631970260223056 -138.1408921933085594 -12.8126394052044610 36.0353159851301115 39.7081784386617116 45.4323420074349471 39.4308550185873585 44.6208178438661704 57.0520446096654297 68.6353159851301058 87.3137546468401524 85.8338289962825343 90.0661710037174714 86.6680297397769550 92.0724907063196980 100.8992565055762043 106.3427509293680231 97.1070631970260223 76.4501858736059461
102.8455882352941160 101.5067873303167403 93.7222850678733010 95.2139894419306216 90.2711161387632046 90.0478883861236739 92.4673831070889918 98.8007164404223204 104.3306938159879280 102.6881598793363537 95.3499245852187016 90.6510180995475139 97.8097662141779836 118.6142533936651517 135.2473604826546136 149.1943815987933704 147.7937405731523484 122.2550904977375552 122.3983785822021133 138.8548265460030109 50.7739441930618369 -126.5073529411764639 -256.9649321266968514 -249.2424585218702759
38.8046577322296642 39.7431677834712929 38.0150111680462501 36.3281434765471047 36.2454013927210639 36.9487255288398373 37.1624293785310726 36.6550716068847748 36.2623505452634376 35.7694126921560880 35.5210878990934162 35.2931612140323239 34.7865917750624121 34.2299303639469201 34.8227893837866276 35.6553343844435702 37.2855078176323715 37.7472079884377862 37.1558270923663088 35.9379844961240309 35.2712192878728175 35.7426093811588501 36.8146761266587816 36.4089147286821699
-113.2171266233766289 -123.2199675324675354 -128.0531655844155807 -133.8883928571428612 -148.0280032467532578 -161.7857142857142776 -158.0888798701298583 -138.8701298701298583 -139.7232142857142776 -163.7195616883116998 -191.8319805194805099 -220.4809253246753258 -216.6233766233766289 -61.4245129870129887 184.6290584415584419 357.9512987012986969 365.0921266233766005 232.8851461038960906 26.2487824675324681 -111.9963474025974079 -113.3051948051948017 -27.8319805194805205 34.6392045454545467 33.8348214285714306
34.1240517626059798 13.2547969656403399 -8.5354752342704145 -46.0495314591700122 -84.6448014279339560 -135.3632307005800897 -140.4466755912538929 -94.3810798750557751 -7.9357429718875503 106.4417670682730943 197.7568049977688531 290.7237840249888450 419.8634538152610389 437.5604640785363699 329.0339134315037768 264.6394466755912731 303.7135207496653493 294.0307898259705439 295.1731369924141291 307.2405176260597841 321.5493083444890772 322.2771084337349521 326.9522534582775393 326.6662204373047871
168.7413533834586588 -45.2939849624060145 -144.2045112781954970 -130.9075187969924912 -80.4338345864661619 -54.8947368421052602 -98.9639097744360896 -146.6187969924812080 -161.3067669172932312 -100.2172932330827138 138.0864661654135261 141.5406015037594045 -40.8932330827067645 271.9556390977443812 112.1345864661654161 -167.1315789473684106 -1018.3533834586465900 675.7533834586465673 516.3706766917292725 -112.8601503759398526 67.4879699248120346 100.9518796992481242 103.3857142857142861 133.6789473684210634
805.1606299212598969 424.1265091863517114 -151.3065616797900361 -193.6986876640419837 -120.9186351706036788 -63.7328083989501337 -39.5538057742782172 -55.8703412073490782 -79.8173228346456654 -91.9548556430446240 -84.1343832020997411 -39.4083989501312359 -49.1133858267716548 -63.2524934383202080 -28.9469816272965872 -38.1044619422572168 -47.4698162729658790 -31.7968503937007867 -0.7427821522309711 32.1921259842519660 24.6398950131233612 6.6797900262467191 -12.8377952755905511 -10.7748031496062993
12.7012658227848103 32.6916455696202561 43.1225316455696230 37.6749367088607627 30.2131645569620240 34.7250632911392429 43.7665822784810103 48.2369620253164584 35.1858227848101279 4.6653164556962023 -55.7281012658227866 -124.6197468354430384 -254.7311392405063373 -581.6440506329114442 -796.1412658227848169 -236.5235443037974790 185.4703797468354480 63.5382278481012648 6.0673417721518987 36.2734177215189888 39.1635443037974653 37.9027848101265832 45.3169620253164567 29.3539240506329122
76.8766519823788599 17.2208936438011335 -707.0717432347388467 -467.6954059156702215 988.9704216488357815 98.5066079295154253 -85.9981120201384499 41.7086217747010721 75.3650094398993105 69.0308370044052850 92.2831969792322155 76.8162366268093137 88.1856513530522363 61.4625550660792968 29.1667715544367532 58.1415984896161078 53.1887979861548175 48.9383259911894299 58.8942731277533014 46.5538074260541208 53.7262429200755207 132.8388923851478864 57.1384518565135338 -16.7186910006293274
42.2215067611075341 61.2665808113329007 48.8473921442369630 44.0373470701867333 35.6980038634900225 30.7430779137153891 26.3258209916291044 22.0115904700579534 -64.2363168061815770 -143.3734707018673475 -101.3477141017385748 -228.3902124919510754 -947.3026400515132082 -597.2009014810045073 392.5511912427559764 119.0206052801030268 -71.3644558918222742 58.7945911139729560 84.7050869285254322 35.3528654217643279 41.3412749517063745 33.1120412105602071 20.8525434642627161 13.3644558918222796
187.8488862407186843 191.4125034375286418 192.4649830415253575 193.6170134751122873 195.2180768173068088 196.2135851132092625 197.2884315702630715 198.5443212026766844 199.1895224126867845 198.7392978274818915 198.1575763131359338 197.8414611788431614 196.7978274818956947 195.1470345586213284 193.9383078192318237 194.1054633788614865 194.9131451095425689 195.4337244477037245 195.3203776698139222 195.2112475937299507 195.0958382986524953 194.8030066917224303 193.0640297002474881 190.3842698689155668
-968.7975593811287354 -971.7633471344519194 -971.4857267378513370 -970.4981477446066265 -969.7548485508825706 -969.8520374809326086 -970.4933536718239111 -970.9147962519067505 -971.6127696665939766 -971.8224013946393143 -971.7167138810198139 -971.6526476356505100 -971.5441272608411509 -970.9880148180430979 -971.1272608411418332 -970.9529309217693935 -970.8393985617781254 -970.0692961429505203 -969.5264763565046451 -969.0128568315536768 -968.8995423839616024 -968.9697101765090110 -969.1558073654390455 -968.0956635432555686
29.0844667143879754 -1.0379384395132427 92.8532569792412374 34.2362204724409480 -619.5110952040085976 -556.3120973514674006 1039.3278453829634600 97.7158196134574126 -129.6399427344309174 35.9863994273443097 80.5139584824624137 87.4996420901932765 106.5654974946313587 93.9885468861846789 108.8768790264853266 84.0808876163206804 42.4645669291338592 72.4652827487473132 75.8969219756621385 64.4781675017895424 68.3314244810307798 70.8439513242662855 77.2355046528274869 139.5032211882605679
-52.9115646258503389 -103.9727891156462647 -120.3662131519274396 -46.3253968253968225 156.9433106575963848 53.8344671201814080 304.3219954648525913 1128.6609977324262672 -61.3820861678004519 -200.5918367346938851 -132.1950113378684932 390.2789115646258438 186.7074829931972886 173.7789115646258438 196.5555555555555429 244.3435374149659935 227.5056689342403615 251.2664399092970484 274.4138321995465049 327.0850340136054228 333.7732426303854822 322.1507936507936734 322.2494331065759638 319.6666666666666856
-81.7006485610052664 -81.2648966355897784 -84.2952979327117902 -87.4219700040535059 -86.6915281718686686 -91.5654641264693936 -92.6181597081475445 -92.2780705310093197 -95.9282529387920562 -100.6238346169436539 -102.6846372111876775 -105.7010539116335650 -110.6708552898256954 -120.0109444669639203 -136.6445074989866271 -159.1264693960275736 -189.9850020267531363 -230.3775841102553841 -284.1769355492501177 -347.1329550060802376 -393.1104580462099989 -401.8453587353060357 -357.9955411430887580 -288.4631130928252674
7.6867469879518069 -113.2161981258366836 -131.8159303882195559 -73.5615796519411020 -37.5749665327978590 -65.0589022757697393 -94.0066934404283785 -118.9725568942436382 -91.9297188755020045 26.3179384203480602 159.4718875502007904 -30.9926372155287808 76.7610441767068323 126.2971887550200734 -69.3440428380187370 -983.2563587684069262 -146.7804551539491342 818.7014725568942595 3.0595716198125835 17.2965194109772433 96.2858099062918313 103.9779116465863495 109.4036144578313241 128.9518072289156692
-61.7247744052502085 -88.8789991796554517 -153.6017227235439009 -326.6074651353568470 -624.9429860541426933 -670.6312551271533948 -327.5853158326497123 -54.4799015586546318 1.6095159967186219 8.8351107465135357 -12.8761279737489751 -55.6177194421657077 -75.3383921246923762 -70.8691550451189443 -70.9963084495488062 -67.6004922067268268 -71.6977030352748130 -86.1271534044298619 -109.3925348646431530 -109.9655455291222381 -88.0192780968006616 -81.2858900738310126 -98.4380639868744822 -101.2145200984413407
161.2599734042553052 116.8882978723404307 66.7925531914893611 104.1130319148936110 124.7706117021276526 97.9847074468085140 50.0598404255319167 3.0019946808510638 13.0811170212765955 5.0013297872340425 10.1363031914893611 50.3211436170212778 55.0372340425531945 -93.1296542553191529 460.0079787234042783 947.2839095744681117 -109.2300531914893611 -358.6017287234042783 -239.3198138297872219 42.3430851063829792 37.7799202127659584 14.7433510638297864 -50.8025265957446805 -69.9368351063829721
314.4089822927516593 317.1563629679553742 316.9617057778322646 316.5920593100913152 319.4629005575638985 317.7458489063170077 318.1885301145763378 319.1122480240181289 320.5142454506463991 321.9027633110716238 321.8038723117455788 321.2865020525703130 321.4900435022364036 320.7139881134734196 320.4015072605845376 320.0283070890263843 319.9794130261626037 320.5317076159549288 321.8199865204338153 322.1008516635010324 321.3078242754733083 319.8770908645303734 317.5293180564916611 314.6634397402119703
-613.1560647965230828 -637.1785855393125075 -266.7767680758593656 -13.4721453970762539 3.1762149348083764 -12.3749506124061632 -35.3334650335835647 -70.4863690241011511 -87.8743579612801256 -85.5863295140260760 -78.9905175819834113 -74.5535361517186885 -77.8988542078229926 -85.6866851047016951 -95.0414855788226021 -96.8779138680363445 -81.2137495061240600 -80.2342947451600139 -92.3097589885420717 -87.9881469774792606 -85.6918214144606907 -77.7984986171473736 -74.5242986961675200 -65.2508889766890547
-58.8253667770941817 -72.4079507808802703 -66.9162328442972125 -48.0766682442025584 -64.3932796971131154 -53.7004259346900170 -25.1320397539044009 -31.4576431613819203 -34.8679602460955991 -22.7103644107903442 -7.2825366777094178 -1.2934216753431140 -10.5139611926171312 -14.5716990061523894 3.2342640795078088 16.8764789398958825 26.2938949361097976 15.5030761949834357 -28.0970184571699022 -66.6710837671557073 -93.8674869853289096 -230.5953620444865066 -718.8864174159962204 -823.1523899668717377
707.9076549210207077 691.8061968408262601 698.7582017010935260 722.0449574726609399 740.0498177399756514 756.6883353584447605 766.1737545565006258 761.7922235722965070 754.1348724179829333 742.1792223572296052 731.2569866342648766 730.5972053462940039 734.8347509113001479 739.2703523693803618 749.3912515188335419 761.4848116646415974 765.0431348724180225 768.2970838396112185 773.3748481166463762 775.8475091130012515 772.4380315917375128 775.2454434993924224 772.0510328068044146 765.9805589307411537
-85.4514248704663260 -126.7066062176165815 -164.2389896373057070 -184.7610103626942930 -149.6839378238341851 -4.5116580310880829 208.0420984455958546 371.9617875647668370 462.1431347150258944 471.2784974093264054 387.7739637305699603 266.3387305699482113 132.8251295336787621 9.3905440414507773 -98.9332901554404174 -180.1632124352331630 -235.1709844559585463 -255.1146373056994889 -230.9831606217616695 -188.1813471502590573 -148.9546632124352357 -124.1522020725388558 -117.0310880829015474 -125.1010362694300539
70.4965047186298506 66.0461377140859867 56.9970290108353694 49.9900384480950706 58.2621461027612710 63.0326808808109078 73.3336246067808446 93.3423628102062253 108.0263893743446317 118.1114994757077881 127.6246067808458520 116.9561342188046069 118.5248164977280680 125.6387626703949678 141.2056973086333471 154.1399860188745095 166.4851450541768543 186.7200279622509527 216.1275777700104754 242.6356169171618262 267.4713386927647889 299.3222649423278767 319.7102411744145343 297.1964348130024405
-120.0868263473053901 -114.7791916167664681 -4.7604790419161676 196.8323353293413049 13.4505988023952092 90.4535928143712624 201.5741017964071773 8.4932634730538918 -571.7282934131736738 -370.3450598802395461 1123.3128742514970781 -72.0606287425149645 -70.5314371257484964 45.9176646706586808 126.6272455089820426 118.2440119760479007 142.5553892215568794 121.7178143712574894 154.0568862275449078 130.6212574850299291 101.0943113772455035 128.9880239520958014 138.4214071856287376 131.2791916167664681
-59.6314033833690758 -47.9309030259709346 -52.4548487014534217 -67.5966166309268459 -78.8689540147724557 -86.0898260662377908 -102.2015725518227356 -130.2692399332856894 -162.2463664522277895 -203.3173695496783466 -248.5370502740052530 -302.7088396473671423 -360.0069096974029321 -395.7605432451751426 -394.6016202049082722 -367.2268286871574787 -322.9876101977603184 -277.1977603049797381 -243.3364307838932632 -223.1555873242792529 -208.2618537050273915 -202.8191565403859897 -198.6740528949249551 -192.4079104121991861
446.9830903790087291 530.4349854227405103 579.2093294460640891 604.2810495626822558 542.4326530612245278 399.0507288629737559 228.3311953352769592 84.6314868804664684 9.8670553935860053 -15.5440233236151606 -49.2297376093294474 -70.9364431486880420 -88.7994169096209873 -85.7690962099125329 -61.5236151603498556 -28.9201166180758023 -31.3521865889212812 72.2466472303207041 167.1720116618075735 156.6425655976676410 196.4653061224489932 225.1854227405247855 173.3160349854227320 187.1364431486880449
45.6584984358706976 31.1986444212721601 15.9442127215849840 7.1506777893639208 5.7643378519290929 0.4098018769551616 -9.5333680917622523 -30.5724713242961421 -52.2382690302398345 -84.6673618352450461 -123.4426485922836321 -175.5985401459853961 -194.7909280500521447 -135.7424400417101253 42.3576642335766422 279.4155370177268196 412.0062565172054292 457.1824817518248096 477.0933263816475574 465.7106360792492410 388.4921793534932135 279.9692387904066777 185.8743482794577631 102.5484880083420194
-141.7004346372450811 -130.2815112002674596 -20.5008358408559026 108.6750250752256761 153.9110665329321250 246.7445670344366420 384.9893012370444580 282.8411902373787825 279.7442326980942653 270.4369775994650809 329.4536944165830619 285.2714811099966710 296.8448679371447838 298.3403543965229119 311.9130725509862714 323.0040120361083495 331.7492477432297164 338.3142761618187819 353.6873955198930162 355.8839852892009503 345.0742226680040403 336.2363757940487972 329.7529254429956609 320.8151120026747094
8.5445571702769403 8.8371264052646019 4.4217164792980528 5.6854949273375377 6.0929531121469704 8.2204551686317515 1.9942418426103647 -15.7641897449958872 -34.3594735398958022 -50.4184261036468300 -53.9533863449410447 -60.3493282149712087 -80.0759528379490035 -85.6054291198245068 -79.0833561831642413 -87.7957225116534090 -114.3273923772964054 -156.4093775706059830 -206.6857691253084681 -206.8220455168631702 -77.8075130244036188 163.2319714834110300 386.8179325472991650 387.6758979983547988
-97.8211743772241960 -100.3870106761565779 -88.1370106761565779 -140.4893238434163720 -154.4564056939501882 -64.0444839857651260 -21.8318505338078275 -31.0925266903914590 -9.6556939501779357 54.2811387900355840 73.2758007117437700 64.8540925266903940 60.0080071174377210 62.7286476868327370 58.8042704626334540 53.0987544483985801 32.2508896797153000 -56.9421708185053390 -162.8914590747330919 -104.6779359430605041 -175.0418149466192119 -924.1272241992882073 -801.5373665480426553 416.1174377224199361
141.1870061457418899 91.5443371378402162 67.7383669885864776 196.7989464442493386 202.6040386303775165 -55.1202809482001754 -202.9227392449517140 -198.6444249341527666 -108.9736611062335356 -60.0114135206321322 -104.1035996488147504 -155.6110623353819165 -174.9280070237049927 -118.2405618964003509 126.3889376646180835 181.3713784021070978 -36.8683055311676924 197.6180860403863164 109.3266022827041297 -210.7076382791922811 -1003.9727831431080176 631.3845478489903371 614.8156277436347636 -162.0737489025461002
171.4474296701072547 174.9474802671524003 170.7333029751062554 168.6325136612021822 168.0933515482695952 166.2354280510018327 160.9022971058490157 154.2891115158874697 150.7017304189435265 149.3553430479659880 149.0551507791944914 149.2654320987654444 150.4572960939081270 151.3039364501113084 150.1038251366120164 148.5826755717466199 147.7878465897591695 146.7476725359238969 145.9059400930985646 144.5784254199554653 142.8372799028536804 142.5396174863387841 143.8063145112325572 142.0700769075085930
-57.0534738981328573 -63.8794614505271170 -69.6208560904356659 -71.0710021592785495 -74.6664549726914828 -84.4194081036453667 -89.2353613616156451 -75.4282992506033310 -48.4844404928235733 -18.6537533341801094 -6.3875269909818364 4.6916042169439862 29.2584783437063365 66.5301663914645047 89.3354502730852289 99.0330242601295510 101.9527499047377148 102.8270036834751693 112.6226343198272559 124.0633811761717311 125.6698844150895411 122.0858630763368495 119.9462720690969064 113.5154324907913121
108.5436339325508897 110.2035655920368384 110.1869261625315772 111.7319566186302211 112.7814589214084151 114.1359084831377260 115.8642995097310973 117.8054078145892163 118.5461298469766689 118.3825285990194658 118.3292229980686443 118.5740008913980148 118.8766899420591301 119.0591591145446415 119.2420442727677852 118.9842816817709092 119.2561580745802985 118.6774327737334715 116.6766602287921586 114.8534541672856903 114.0199078888723818 114.2331600059426506 113.6403803298172619 111.4023770613578961
-33.8372434017595296 -39.5513196480938447 -52.6385630498533743 -69.1231671554252216 -97.4530791788856305 -145.0337243401759508 -197.1070381231671433 -241.4574780058651129 -295.5175953079178726 -218.8614369501466399 43.8577712609970689 274.5615835777126108 391.7382697947214183 450.4413489736070346 462.5740469208211039 407.9523460410557050 299.5865102639295969 174.4208211143694882 32.0667155425219974 -95.1290322580645125 -189.8790322580645125 -223.5901759530791821 -278.7331378299120388 -291.8995601173020304
-103.6180030257186075 -1097.5431164901663124 366.1459909228441916 699.8177004538578103 -124.1883509833585464 27.7223903177004551 65.4644478063540021 70.0627836611195107 87.2881996974281407 105.4599092284417594 88.2269288956127014 87.3040847201210255 39.9311649016641468 28.1898638426626320 54.1202723146747360 44.8676248108925861 52.5756429652042385 50.9863842662632365 33.1981845688350958 81.0287443267776126 109.0514372163388828 -2.3714069591527989 -59.5529500756429684 -57.9894099848714077
-65.6556603773584868 -104.0196540880503164 -95.8128930817610041 -48.2350628930817606 -37.7468553459119462 -36.3073899371069189 -20.9889937106918225 38.2523584905660385 51.4355345911949655 50.6839622641509422 51.1163522012578611 55.2083333333333357 54.9732704402515751 47.7099056603773590 15.2492138364779866 -53.3294025157232738 -118.6682389937106876 -136.3474842767295456 -396.5039308176100690 -1016.2696540880502880 -595.5283018867924056 265.4693396226414848 66.1124213836477992 -51.8105345911949655
-38.2124352331606190 201.2373056994818512 1131.5927461139897332 -206.7056994818652811 -69.3502590673575128 -31.4694300518134717 415.5419689119170812 165.8062176165803123 205.6839378238341851 214.4943005181347075 283.1637305699481999 272.6341968911917206 299.6797927461140034 301.9886010362694151 342.5544041450777399 348.3471502590673481 340.2808290155440432 351.9917098445595798 320.2186528497409199 322.5440414507772289 345.0777202072538898 362.3678756476683702 271.2911917098445542 169.8424870466321295
-59.2515991471215386 -62.4854299928926764 -113.0660980810234548 -107.2139303482586996 -38.7192608386638213 -23.9161336176261550 -29.8635394456289980 -36.7491115849324785 -9.1855010660980803 11.7754086709310588 10.0767590618336893 9.0575692963752665 11.8201847903340447 16.4847192608386628 25.4562899786780399 27.1030561478322660 -44.1449893390191903 -134.7491115849324785 -89.9879175550817365 -157.5131485429992892 -868.6517412935323819 -685.0142146410803434 518.8429282160625462 254.9665955934612782
-178.8135469774217086 -158.1791697013838416 -81.0218499635833922 -44.5331391114348136 -88.5440640932265097 -129.5892206846321812 -147.2032046613255716 -84.5870356882738577 131.3954843408594400 139.9868900218499732 -69.6249089584850651 162.3022578295702942 146.0837581937363439 -212.8040786598689067 -1025.3889293517843271 638.5120174799708366 524.0131099781500552 -137.9643117261471161 47.5506190823015302 73.3386744355426003 73.1587764020393365 106.9308084486525843 117.9082301529497414 115.5637290604515641
-156.8847481021394117 -83.9924085576259500 -41.1242236024844701 -73.9827467218771631 -110.5093167701863308 -133.9151138716356115 -97.6708074534161454 47.3278122843340228 174.2587991718426395 -32.2601794340924783 85.0697032436162885 100.6839199447895083 -62.6521739130434767 -1025.2836438923395690 -58.5886818495514134 809.6742581090406929 -38.7729468599033851 2.1242236024844718 84.3547273982056538 83.7874396135265727 89.0717736369910256 112.9406487232574250 92.8647342995169112 96.8730158730158735
-190.3093847616460721 -205.3061252206980782 -207.6400923536601795 -202.3946760831182985 -193.2056227081352802 -180.0700801303816263 -166.6623658834714092 -149.5503191633845006 -133.5462447371995154 -123.6582914572864382 -118.2743446964552447 -105.2053510797229450 -84.5736792068450427 -61.8243922314274101 -53.6948254787450736 -53.0001358142061676 -53.1229118565801954 -42.5833220154828211 -21.1127257911177502 2.6878989542306124 28.0783647969577608 44.2861605323916905 48.8072796414504992 33.1879668613336989
-80.9332538736591118 -124.8734207389749713 -194.8383790226459951 -253.5034564958283738 -213.2257449344457712 -36.1456495828367110 163.7289630512514975 252.7868891537544584 218.9063170441001205 113.9737783075089368 44.8581644815256269 13.9203814064362330 37.6824791418355218 78.2526817640047625 98.1544696066746098 99.1575685339690125 95.4784266984505336 94.2193087008343326 91.4672228843861745 91.4326579261025074 91.5058402860548341 91.1427890345649558 94.4736591179976131 102.3668653158522091
-193.1431143114311340 -391.9486948694869284 -693.2578757875787687 -655.6656165616561793 -250.8613861386138524 -28.8532853285328521 -9.4648964896489645 -7.3456345634563460 -25.9608460846084625 -61.3915391539153887 -75.6017101710171033 -75.8897389738973942 -74.8636363636363598 -65.6093609360936085 -66.6836183618361815 -91.2011701170116993 -119.7452745274527501 -99.8109810981098065 -77.5504050405040459 -80.0157515751575090 -87.1593159315931558 -73.4567956795679606 -73.4581458145814565 -72.2799279927992728
70.3982808022922626 101.4634670487105979 125.3638968481375429 118.1167621776504291 81.6368194842406893 79.2779369627507151 106.4111747851002860 33.2256446991404033 -76.3252148997134725 -161.5379656160458524 -162.5401146131805206 -78.6095988538681922 -48.6826647564469894 -107.4935530085959954 -156.8180515759312357 -153.9863896848137585 -75.4742120343839531 123.4942693409742134 167.0150429799427059 100.3660458452722111 225.9871060171919908 256.6726361031518877 -74.5286532951289331 -1052.4269340974212810
87.0378310214375830 131.7988650693568786 134.8675914249684809 112.0970996216897788 62.9823455233291298 44.2408575031525828 79.5113493064312706 88.6355611601513260 124.2269861286254695 97.0517023959646963 -35.4022698612862570 144.8448928121059396 735.3921815889028721 285.7087011349306636 -394.3278688524590052 -411.6576292559898889 -232.5989911727616573 -48.3871374527112224 -33.5447667087011325 -123.0220680958385913 -193.9218158890290056 -199.7383354350567402 -69.4199243379571271 184.5592686002522100
499.7665562913907138 496.4188741721854399 392.7615894039735167 167.1788079470198625 127.6274834437086128 144.8857615894039839 63.4039735099337776 -21.7235099337748352 -82.2930463576158928 -119.6788079470198625 -169.2897350993377472 -239.3940397350993408 -117.2930463576158928 141.4188741721854399 -144.9784768211920607 353.4552980132450557 1219.2268211920529666 -240.1556291390728575 -138.1274834437085985 -126.2317880794701921 478.5397350993377472 87.7682119205298079 145.4917218543046431 157.3195364238410718
-51.1809851088201597 -28.4799541809851071 -9.4438717067583049 23.9576174112256588 50.3316151202749111 48.8688430698739964 40.2623138602520072 48.7594501718213067 60.9851088201603631 62.1546391752577350 44.3361970217640291 6.3150057273768612 -61.4839633447880871 -130.9066437571592303 -280.5567010309278544 -641.9209621993127257 -853.9089347079037680 -269.4587628865979241 135.6609392898052704 17.7462772050400908 -17.4381443298969074 21.3470790378006861 7.2279495990836198 2.5252004581901488
245.4326484018264978 234.1769406392694179 214.8321917808219155 249.5251141552511456 363.4452054794520564 159.3881278538812865 -111.6050228310502348 -178.2933789954337840 -127.8481735159817418 -69.4543378995433756 -75.9429223744292301 -129.5958904109589014 -193.7716894977168920 -198.6392694063926854 -73.6004566210045681 279.6347031963470045 81.9212328767123239 149.5445205479452113 397.8413242009132205 6.9292237442922371 -332.0273972602739718 -698.4691780821917746 1101.5684931506848443 82.6792237442922442
205.3296398891966703 241.1537396121883603 164.5401662049861500 127.5408587257617796 89.6592797783933548 83.8109418282548546 111.5837950138504198 123.5796398891966703 95.1717451523545748 56.9439058171745174 16.3891966759002763 33.3912742382271475 48.0422437673130176 48.3608033240997202 68.6966759002770146 58.6385041551246502 -95.1350415512465304 313.0000000000000000 915.3614958448753214 15.3518005540166200 -358.8767313019390599 -225.4030470914127307 -38.7139889196675924 49.8961218836565124
104.5417048579285080 57.7690192483959635 148.4271310724106456 261.5737855178734890 27.9963336388634296 -162.9376718606782788 -182.2997250229147710 -111.9367552703941300 -52.2538955087076076 -78.0412465627864407 -128.9321723189734143 -170.0082493125572967 -137.0751604032997193 46.5279560036663611 244.3226397800183349 -18.3583868010999076 153.9660861594867072 105.7057745187901077 -18.0623281393217248 -845.7286892758936574 15.0302474793767189 1007.2493125572868848 -96.2144821264894574 -10.2868927589367551
-315.6745856353591080 -338.8143646408839800 -345.9483425414364888 -349.5524861878453180 -348.7911602209944704 -350.9953038674033223 -351.1082872928176926 -345.4306629834254068 -338.0627071823204233 -332.1080110497237570 -318.9953038674033223 -297.3331491712706907 -279.7944751381215269 -264.5395027624309137 -243.9378453038673911 -211.0850828729281830 -176.0389502762430993 -142.2776243093922517 -111.1919889502762402 -72.6657458563535954 -36.4024861878453052 -10.1121546961325972 -15.6392265193370168 -35.9290055248618785
345.2203147353362169 353.0314735336194758 373.1945636623748328 412.6480686695279019 399.9327610872675223 322.1115879828326456 140.1573676680972937 109.2889842632331892 136.3276108726752511 67.4120171673819755 -5.8712446351931327 -59.4120171673819755 -71.4463519313304687 -112.3533619456366210 -149.4878397711015623 -62.1230329041487863 125.5278969957081614 -110.6309012875536411 383.5822603719599329 1262.0000000000000000 -156.5994277539341795 -206.7596566523605190 -141.6938483547925500 379.4992846924177456
-278.9317829457364155 -290.6077519379845171 -299.2781395348837350 -307.0900775193798609 -313.5922480620155284 -316.6052713178294766 -319.7643410852713259 -319.3260465116279079 -318.4908527131782989 -318.4469767441860313 -317.6772093023255934 -316.7203100775194002 -315.7982945736434317 -315.3610852713178474 -316.2471317829457575 -317.3049612403100923 -320.8672868217054202 -327.8412403100775236 -333.2747286821705188 -337.3866666666666561 -339.4874418604651396 -337.7846511627906807 -326.7119379844961031 -308.1443410852713214
159.8949864498644899 183.2330623306233122 195.0365853658536537 210.5508130081300919 212.2642276422764098 223.9302168021680188 239.9810298102981108 277.5691056910569046 315.3536585365853853 349.5399728997289799 387.5189701897019177 454.7357723577235902 585.8956639566395097 738.5013550135500964 735.3360433604335640 482.1178861788617951 199.5006775067750766 69.2296747967479718 38.6876693766937692 5.0562330623306231 -60.2621951219512226 -121.8516260162601696 -169.1226287262872745 -190.5460704607046125
76.8085065061176948 69.2707321810060250 67.6496407069333827 72.7958826956690643 76.6354631967372342 80.8320062147989944 81.3649252281996525 83.5929306661487601 90.7648087007185893 109.3837638376383694 131.0435035929306764 149.1375024276558463 152.2773354049329839 140.6923674499902859 117.0225286463390972 68.8562827733540530 0.4585356379879588 -55.4587298504564004 -147.2645173820159243 -245.2221790638959078 -294.6737230530200122 -260.9850456399300924 -185.1712953971644993 -120.3132647115944849
253.9041850220264394 270.2020925110132339 277.5974669603524490 291.9620044052863364 315.8320484581497567 351.4669603524229160 379.5424008810572900 406.7064977973568034 454.3794052863436264 539.2224669603524490 651.0385462555066169 688.0958149779735322 541.9862334801762245 274.1657488986784301 102.0677312775330421 48.3755506607929533 9.1795154185022021 -48.3733480176211472 -109.6910792951541822 -165.0969162995594672 -200.1949339207048411 -201.3788546255506731 -156.4531938325991121 -87.5704845814977944
155.1521216973578987 -75.2626100880704598 68.1160928742994400 88.4659727782225787 -124.9215372297838229 -1087.4779823859087173 133.1961569255404356 768.4107285828663407 -120.5044035228182508 17.5676541232986381 79.1369095276220946 63.0760608486789422 66.8126501200960803 89.5916733386709438 70.6621297037630143 68.8134507606084895 31.3626901521216972 19.2626100880704563 53.1008807045636502 42.9815852682145731 30.1713370696557242 29.6941553242594090 16.5884707766212962 37.1144915932746216
-39.9630293288360718 -40.1624812248017093 -38.6085272339192045 -37.1785554296555887 -36.9718042636169599 -37.0585786186724278 -36.6829428970460327 -35.6621781865134793 -35.0103560041107826 -34.8506943529473787 -35.3557405992252782 -35.8089804737937740 -35.5478405228069221 -35.2277003346596729 -34.6217291628237902 -34.0994229096945887 -33.5606471843790359 -33.1517563045139525 -32.7031278821576308 -32.6273156077893987 -32.4107091095944568 -32.4340298822103321 -32.8872434056233374 -33.1673298374133694
79.5505084745762758 97.1050847457627100 -121.8488135593220392 -1002.0237288135592735 99.7688135593220409 782.1166101694915369 -68.8183050847457594 5.5457627118644064 56.9620338983050871 61.1233898305084722 68.4379661016949115 90.9552542372881305 71.3620338983050857 74.2501694915254262 36.5742372881355919 25.2101694915254235 55.4291525423728828 51.0969491525423720 47.6318644067796626 44.9749152542372883 31.3200000000000003 68.6535593220338995 106.2949152542372815 -5.4752542372881354
-73.7061729901183327 -72.6584421129681601 -74.6456630474563809 -75.8723313407344193 -76.8652250823471945 -77.6479504696840337 -78.4442173966085221 -78.7080029279004521 -78.8135903379285168 -78.8059655971697026 -78.7577162376479265 -78.3317067219714573 -77.8003232890081762 -77.1928449432719219 -76.0212882761986037 -75.1678662925460515 -75.2789740148834881 -76.3424728559228924 -77.4395815542271606 -78.1606990362327707 -78.7863547639380215 -79.5035683786751264 -79.4744723679394838 -78.3629376601195560
1.8564678086237449 47.0874187832250470 -45.0880094506792659 -98.3561724748966384 -22.7330183106910795 -137.1376255168340208 -922.9427052569403713 -541.9184878913172270 595.6190194920260410 155.2126402835203862 -49.7519196692262256 69.2640283520377977 68.6562315416420574 35.9444772593030137 50.3691671588895460 36.5493207324276455 22.2468989958653296 10.0761961015948014 -13.8653278204370931 -21.0779681039574704 -57.3668044890726492 -45.2988777318369742 -28.1305375073833446 -58.6526875369167158
-83.4494455316373092 -105.8330071754729289 -72.5936073059360751 79.2257012393998679 129.6549249836920978 -93.4670580560991482 72.0645792563600764 78.8545335942596211 -305.4057403783431255 -1080.2870189171558195 342.3776908023483543 630.8545335942595784 -115.2654924983692126 36.0521852576647106 64.8467058056099148 47.3829093281148062 61.4944553163731271 76.7442922374429202 68.8395303326810222 71.9504240052185224 35.4722765818656214 17.8734507501630802 34.1617742987605979 38.0437051532941979
493.7488778054863019 500.6458852867830274 502.6309226932668253 502.8665835411471221 504.9705735660847949 506.9371571072319398 507.7521197007481533 509.6880299251870383 509.6975062344139928 509.0336658354114547 509.2551122194513482 508.1825436408977339 507.6578553615960345 507.7807980049875596 508.7553615960099478 507.2174563591022434 505.5628428927680602 503.5730673316708135 501.2057356608478926 496.3067331670823137 488.3743142144638227 483.3249376558603672 478.6837905236907886 475.4157107231920349
-97.0542437779195950 -46.6981493299298052 121.0274409700063813 71.4677728142948325 -92.6790044671346465 76.4352265475430812 79.2597319719208713 -399.8072750478621629 -989.9942565411614623 699.8704530950861908 399.8436502871729203 -123.8755583918315182 57.7811104020421169 76.0823229100191440 70.0542437779195950 86.0797702616464591 87.2227185705169177 88.1940012763241867 77.8028079132099606 36.0325462667517584 44.8391831525207394 52.3580089342693071 46.9023611997447318 43.8647096362476034
1182.9610073111291513 -265.5434606011372694 -93.2103980503655549 -8.1868399675060921 345.5036555645816634 125.1527213647441101 168.2388302193338632 154.3363119415109566 223.3200649878147885 215.5215272136474312 227.6125101543460687 237.1746547522339483 266.0576766856214590 265.8643379366369004 272.9748172217709339 278.8919577579204088 242.7855402112103889 241.5158407798537894 252.7619821283509225 264.4102355808286120 205.9650690495532217 117.8480909829407040 97.3566206336311950 74.3168155970755464
75.4504992624531923 75.5394587541132410 73.8398388743901108 73.4990638829002592 74.8453988426188630 74.7401282196754835 73.6676216952229623 73.5564223306479050 74.6037955293316628 75.6750822648360355 76.2197038465902637 77.3196130715987806 77.5466640190627459 77.8412004992624560 77.8110745489617557 78.0823215704073590 78.0929025303528874 78.9534210824917722 78.8914955179847937 78.6662033359809385 79.0752014070123721 80.3155565641665703 80.8715533870418710 79.7505673436968152
156.4390832328106171 75.0802171290711726 35.1067551266586264 44.9710494571773225 108.0856453558504171 139.4843184559710494 130.5000000000000000 101.4234016887816665 59.6055488540410110 62.5349819059107332 92.6326899879372689 113.0066344993968670 132.2297949336550005 54.6755126658624846 -46.8106151990349844 319.7225572979493222 691.2623642943304958 54.1483715319662267 -402.5844390832328372 -356.7171290711700635 -168.9921592279855247 -38.5096501809408949 -71.3021712907116978 -153.8763570566948147
-41.8936622713738842 -45.3977031050616731 -36.4963845172267085 -25.9119523606975761 -22.7056571671629079 -34.6125053168864341 -60.9829859634198215 -112.3849425776265463 -187.2913653764355502 -369.2330923011484742 -655.3687792428753482 -645.9183326244151431 -242.8834538494257629 -20.6524883028498500 -16.2590387069332216 -17.7354317311782204 -36.7596767333049783 -61.1144193960017006 -72.1675882603147585 -68.2096980008507074 -67.3845172267120347 -55.0046788600595491 -53.6018715440238225 -72.1658868566567406
170.0332020258863395 204.7799662352279029 224.1581316826111561 218.9741136747327062 214.8970174451322350 220.1817670230725810 231.1164884637028649 243.4226223972988237 247.3472144063027542 255.5604952166573014 273.0230725942599861 291.7957231288688718 321.1980866629150455 359.8255486775464078 428.4130557118739375 554.0596510973550721 683.5807540799099797 691.4530106921778270 526.6567248171074880 307.7940348902644701 161.5582442318514325 68.6178953292065330 -2.0877884074282500 -35.6561620709060207
-103.4926350245499123 -61.5867430441898520 -68.4001636661211165 -111.1014729950900204 -164.6080196399345255 -161.1546644844517289 -36.3281505728314258 244.4026186579378077 74.2307692307692264 127.6783960720130864 320.8797054009820044 16.4042553191489375 -366.8862520458264953 -583.6587561374794859 1110.9124386252046861 40.0220949263502490 -65.1407528641571218 65.3543371522094958 120.8494271685760992 127.0147299509001613 164.7962356792143908 150.0834697217675853 189.0310965630114595 162.3600654664484466
130.6498269896193847 132.4968858131487934 102.9058823529411768 56.7031141868512094 65.9820069204152304 95.4512110726643641 115.3647058823529363 140.0899653979238622 58.2020761245674763 -45.6394463667820034 355.6761245674740621 700.1868512110726215 18.1169550173010379 -431.4477508650518871 -376.9771626297577996 -196.6103806228373685 -57.5750865051903133 -81.8283737024221409 -173.1238754325259492 -230.5944636678200652 -214.1238754325259492 -1.5148788927335639 186.3411764705882376 -29.9446366782006912
-107.0613154960981035 -10.3868450390189526 161.8795986622073713 60.5451505016722393 412.9476031215161811 1070.8684503901895368 -98.8171683389074644 -222.6711259754738137 -122.2842809364548486 416.1170568561872756 162.0914158305462536 182.3612040133779146 200.7959866220735705 248.6243032329988978 233.8762541806020181 266.3288740245262147 284.7045707915273169 333.8929765886287555 339.6633221850613040 325.5217391304348098 322.7179487179487296 317.8952062430323053 336.0958751393533817 341.8450390189520363
-115.2787581934740331 -115.5764964344882202 -116.5197363682201228 -118.4621479507311079 -119.8192393574875751 -120.7652884823165067 -121.7816033998415293 -123.1122595980695849 -123.5671324641647999 -123.9628322408701280 -124.0781891522005367 -124.5168911618526266 -125.5775048620615166 -126.2369804797233996 -126.3703810415616289 -126.3203918461427691 -126.2703306201829605 -126.4666858748109206 -125.9269970467478146 -125.3237052510264391 -124.8124684866383376 -123.9587265000360219 -123.8796369660736190 -124.0968090470359471
341.5377258235919271 390.6025504782146527 404.7715196599362457 419.5621679064824434 444.1413390010627040 495.5090329436769139 541.2486716259298873 506.8958554729011894 295.7311370882040364 116.5037194473963922 125.8916046758767209 111.3453772582359136 32.3219978746014860 -65.2306057385759885 -99.4888416578108377 -149.1328374070138238 -215.4176408076514235 -200.0403825717322093 4.2911795961742829 34.2996811902231684 58.1498405951115842 809.5228480340064152 672.9851222104144881 -257.8459086078639757
53.3869703389830477 56.1730932203389841 50.7738347457627128 43.6060381355932236 37.8541313559322035 36.2990466101694906 33.2744703389830505 27.6219279661016941 16.9495762711864408 3.6848516949152543 -19.6593220338983059 -51.4354872881355902 -80.4389830508474546 -104.6376059322033854 -127.6333686440678008 -139.9488347457627242 -139.2620762711864302 -132.9224576271186322 -132.3586864406779569 -134.4818855932203405 -139.0180084745762770 -148.5879237288135641 -155.3126059322033825 -141.0036016949152611
131.4579911560328469 92.6487681617182517 -63.9197725837018353 92.6184459886291904 63.3025900189513564 -418.0372710044219957 -935.0947567909033751 735.9393556538218490 431.8787113076436981 -140.1705622236260353 36.2627921667719519 64.8104864181933067 68.5862286797220406 87.1010739102969040 87.9797852179406163 84.2653190145293678 72.6544535691724604 27.5382185723310187 44.6317119393556538 57.4497789008212223 48.9311433986102315 42.5514845230574892 39.1200252684775762 29.6689829437776389
223.9220467032967008 300.8904532967032992 347.2833104395604664 341.3719093406593288 235.3320741758241752 61.1280906593406570 -90.4718406593406570 -190.1744505494505404 -236.3471840659340728 -240.3973214285714164 -229.1895604395604380 -211.0762362637362628 -178.3489010989011092 -135.2599587912087884 -113.6696428571428612 -109.0594093406593430 -97.4107142857142918 -89.6212225274725256 -90.9155219780219710 -75.0995879120879124 -69.7719780219780290 -70.6225961538461604 -52.5154532967032992 -35.6043956043956058
282.2302158273381565 296.6824254881809111 273.0277492291880890 313.1654676258992822 347.2846865364850828 324.5775950668037240 284.4224049331962760 154.2065775950667899 109.9578622816032833 138.7903391572456258 90.4326824254881814 30.2240493319630019 -18.5405960945529280 -34.6002055498458390 -60.5560123329907469 -90.8406988694758439 -41.7841726618705067 106.2374100719424490 -61.2158273381294933 321.3257965056526473 1181.3206577595067301 74.8324768756423424 -300.1582733812949755 -205.4131551901336081
-40.8318936877076410 -78.4777408637873748 -122.4079734219269113 -109.8405315614617876 -7.8405315614617939 180.9388704318936902 7.9667774086378733 35.1774086378737536 122.4664451827242573 41.3348837209302360 -721.9362126245847548 -423.7694352159468281 1030.9395348837208530 -6.9681063122923588 -50.9867109634551525 67.8232558139534945 124.1880398671096373 104.9209302325581348 128.1813953488372135 108.5754152823920293 128.5156146179402015 99.8099667774086328 61.2631229235880426 80.9794019933554807
-73.3094198378041142 80.0043668122270759 64.5839051777916353 -372.4460386774797485 -986.3611977542108207 647.1085464753587075 481.6406737367436222 -144.8378041172800863 27.4435433562071118 50.0729881472239526 56.5583281347473488 72.7816593886462897 81.4504054897067959 74.0661260137242721 68.1478477854023765 28.2064878353087956 40.3774173424828433 47.7654398003742955 44.0505302557704326 40.8047411104179645 33.1540860885839024 35.7230193387398600 97.5533374922021181 78.7467248908296966
94.4727030625832214 39.7203728362183739 -23.9560585885486006 -55.9920106524633852 -65.2729693741677721 -106.8721704394141199 -124.5099866844207668 -26.3235685752330220 156.1478029294274279 5.8055925432756323 388.9826897470039739 1160.7856191744340322 -247.0679094540612653 -161.6231691078561994 -55.2237017310253009 430.9214380825566195 141.6964047936085080 173.9973368841544641 183.8575233022636439 244.4434087882822837 227.6045272969374196 256.7909454061251608 270.4860186418109151 322.1091877496671145
-173.4846957148001536 -175.2852798783659409 -176.9615892449886019 -177.6017284839755064 -177.2581922938422849 -176.9269395430720522 -176.2397471291961608 -175.1337174408834585 -174.6473412555515665 -175.2008962509502794 -174.7470491737686586 -174.1763693834273568 -174.5427119593486225 -174.6265354299203807 -174.1690873444564431 -174.0326091305565512 -173.7411275157043917 -172.8168687232425214 -171.1006281758892555 -169.9464249989997313 -169.0443724242788051 -169.4155163445764742 -170.1395990877445570 -170.5016604649301826
993.3094117647058283 998.6704411764706038 998.2392647058823059 995.7317647058823695 993.4388235294118203 991.5872058823529187 989.8095588235294144 990.8619117647058374 991.7329411764706038 993.4450000000000500 993.4886764705881887 992.9323529411764184 992.3161764705882888 993.5311764705882069 993.4772058823529051 992.1473529411764503 992.8744117647058829 992.1319117647059329 989.4805882352941353 987.4663235294117385 985.1373529411764594 979.5472058823529551 980.1280882352941717 982.1835294117646527
241.9537658463833054 116.4809843400447420 -92.0715883668903814 -158.0641312453392970 -109.1021625652498130 -61.4757643549589829 -63.2774049217002243 -108.5212527964205833 -153.5741983594332680 -147.9627143922446066 -48.5413870246085040 210.5428784489187137 58.8642803877703216 46.9209545115585414 271.5108128262490936 31.0581655480984331 -539.4966442953019623 -755.1304996271438768 973.3489932885905773 183.1804623415361561 -64.0611483967188633 79.4116331096196859 102.8053691275167836 105.4929157345264770
29.8691588785046740 51.2990654205607441 112.0808136338647643 125.8603628367234677 113.4392523364486038 72.5112699285321582 36.9846069268829041 59.3221550302363951 68.1489829576690482 95.3380978559648185 112.7306212204508000 25.3875755909840564 6.0412314458493679 551.3914238592633410 565.1061022539856822 -205.1198460692688172 -443.0351841671247826 -316.2402418911489690 -107.9191863661352357 -28.8081363386476070 -84.1962616822429908 -165.4271577789994581 -194.7135788894997290 -145.8900494777350332
382.3114384488200699 385.2348564557342456 385.4262738614158934 385.9609950398316300 388.4694874492710142 384.8178265444160502 384.9900796633097571 385.0006763865924881 385.8202314745227568 386.2565008266947189 385.7298962873891242 385.7354576882609081 385.6626333984668804 386.0517811513602737 386.5474973696076972 387.8374417555990021 387.2535698181271755 387.0749286036374315 388.3537501878851685 389.3765218698331410 387.6920937922741359 384.7291447467308103 382.8411243048249162 380.3839621223507947
-37.2303102625298337 -67.7100238663484504 -65.2935560859188513 -109.5680190930787603 -127.7076372315035826 -43.5560859188544143 149.3365155131264999 30.8078758949880651 373.4439140811455786 1135.1264916467780495 -119.1443914081145579 -180.6539379474940290 -112.4045346062052460 423.9367541766109753 152.8245823389021609 177.4307875894988058 188.6431980906921240 241.1109785202864089 221.0883054892601365 256.5369928400954791 279.4486873508353142 326.9307875894988342 335.1324582338901905 317.0584725536992892
-62.5321354526606754 83.0677263303386297 165.8230822391154220 -45.8783690393918420 82.6226675881133446 91.3876986869384922 -128.7553559087767781 -1051.8265376641327293 152.0884588804422890 760.2467173462335950 -93.1734623358673133 10.0932964754664827 81.1472011057360021 76.1243953006219698 75.0138217000691014 95.6703524533517680 74.4823773324118861 69.3158258465791306 29.3759502418797496 20.9889426399447139 53.2895646164478265 40.6883206634416013 36.3842432619212133 32.7892190739460929
28.7786811201445332 56.6766034327009933 76.6115627822944845 116.1860885275519450 54.4859981933152682 -23.9945799457994582 357.5013550135501532 749.4164408310749650 40.1228545618789525 -460.8455284552845796 -412.5654923215898862 -228.9241192411924146 -85.9512195121951237 -78.0072267389340510 -159.7226738934056129 -229.3775971093044177 -232.4164408310749650 -29.4146341463414629 186.6702800361337040 -75.7461607949412894 7.4914182475158082 20.1147244805781398 -157.2728093947606283 -262.6242095754290631
