-410.8121951219512198 -411.8731707317073187 -407.3902439024390105 -400.0463414634146488 -396.0536585365853739 -411.4878048780487916 -434.5682926829268240 -467.2585365853658459 -520.4780487804878248 -608.9926829268292749 -731.3292682926829684 -904.1390243902438897 -1094.1146341463413592 -1255.5780487804877339 -1346.2682926829268126 -1357.4268292682927495 -1236.8609756097559966 -1022.5536585365853171 -753.0195121951219335 -448.9804878048780665 -237.2073170731707421 -103.6024390243902502 -54.9926829268292678 -71.5756097560975633
-349.1455696202531840 -344.6265822784810098 -337.6162255466052784 -328.6012658227847965 -315.4685462217107670 -305.4936708860759609 -296.6843114691216101 -287.0072880705791931 -276.7665899501342324 -268.9835059455312489 -265.6802838511699179 -264.6952435749903998 -268.5255082470272328 -276.3885692366704916 -289.5519754507096195 -310.8960490985807610 -341.5397008055235801 -378.9459148446489962 -421.1463367855773186 -465.4413118527042457 -507.0784426543920063 -535.7061756808592463 -549.3561565017261046 -541.8573072497123349
-608.0476067715046611 -607.4020795737733351 -606.9457764028529709 -606.6763770731288332 -606.7347254447022351 -606.6654636074589462 -607.5477356707054923 -608.8425711093924519 -611.0287015553836909 -613.5406032482599130 -615.1048380166710103 -616.3157171092205999 -617.1156655495402674 -618.2322763598865549 -618.8100885107845670 -618.1808885451576998 -617.7735670705508255 -617.6218956775801416 -618.6001546790409975 -618.7349832431038976 -619.1812322763598786 -619.0537080003437040 -619.5521182435335277 -618.0705508292514878
-991.8199753390875912 -1079.2774352651047138 -1148.2367447595561316 -1192.8421701602958365 -1210.1122071516645065 -1178.1578298397041635 -1102.5351418002467199 -1014.6547472256473839 -902.4463625154130568 -793.8705302096177547 -698.5067817509248016 -617.3514180024660618 -562.3908754623921595 -527.6189889025894217 -515.6929716399506560 -503.9099876695437956 -496.0604192355116879 -498.3551171393341406 -510.2120838471023490 -514.4623921085079701 -515.4401972872996112 -523.4932182490751984 -529.2811344019728494 -526.3810110974105783
-407.6745825602968694 -398.1771799628942290 -375.3573283858997911 -345.2534322820037005 -315.9974025974025835 -285.3220779220779377 -249.8662337662337620 -213.5489795918367406 -181.0530612244897952 -157.0495361781076156 -146.3116883116883002 -150.4354359925788458 -164.7634508348793929 -184.5228200371057596 -207.5569573283858915 -230.9949907235621538 -256.2712430426716423 -279.8628942486085407 -296.3170686456400631 -303.7447124304267163 -305.1667903525046199 -306.8782931354359675 -311.5836734693877474 -314.7213358070500817
-389.2887259395050137 -414.1086159486709448 -436.3542621448212913 -456.0568285976168568 -469.9963336388634048 -475.5270394133822265 -464.9729605866177735 -437.0307057745187649 -400.4028414298808229 -355.7919340054995700 -302.5953253895508510 -234.9184234647112817 -154.3441796516956970 -63.0655362053162207 14.3441796516956916 51.4170485792850585 46.7511457378551754 10.5595783684692943 -41.5380384967919341 -106.0481209899175070 -168.7914757103574743 -229.3281393217231994 -286.9372135655361831 -325.9958753437213659
-947.1672131147540767 -977.5508196721311833 -957.3108196721311742 -905.5770491803278901 -832.4990163934426164 -749.5449180327868817 -676.1180327868852373 -603.5495081967212627 -532.8026229508196820 -471.5140983606557370 -423.8629508196721076 -389.7363934426229548 -368.7422950819671996 -354.7685245901639064 -347.1881967213114990 -342.5986885245901590 -349.0400000000000205 -355.4432786885245719 -358.0740983606557393 -355.9534426229508313 -358.3652459016393550 -360.7980327868852441 -362.0865573770491892 -370.5390163934426369
-463.5621399176954469 -475.8617283950617320 -483.2322633744855693 -483.5032098765432238 -470.8080658436214208 -446.3601646090534700 -417.1644444444444275 -388.2079012345678848 -363.2755555555555702 -340.0500411522633613 -317.8525102880658437 -297.2355555555555497 -276.7074897119341585 -259.9611522633744585 -246.5486419753086409 -237.4416460905349879 -231.7693827160493925 -230.8689711934156321 -233.4967901234567762 -237.0442798353909382 -243.6426337448559707 -252.3127572016460931 -261.4169547325103053 -271.3071604938271548
-755.2227629285299599 -755.6418506682161933 -757.4166182452062230 -758.8666472980825120 -759.8102847181870629 -760.6193346891342344 -760.5067547937245536 -760.0465572341661300 -760.5446687972108748 -760.2917635095874402 -759.6390180127832537 -758.5768448576409355 -757.9243172574084610 -758.3004793724578576 -759.9376815804764647 -760.7333672283556325 -762.1155578152237240 -763.1687245787333040 -763.2828297501453108 -763.0019610691458638 -761.8052004648460525 -761.1333527019174880 -760.4967315514236361 -759.1005229517721773
-413.7543136356695754 -407.6949152542372872 -402.3272255306153511 -397.4728966254389775 -392.4825164147197825 -390.3218812032371261 -388.5103069170865524 -386.5029775538250192 -385.1600244312108998 -388.1751412429378547 -394.1517788975415897 -404.9054817529393517 -418.2253779202931696 -435.2585127500381645 -455.6796457474423505 -477.2879828981523929 -498.3895251183386677 -522.8277599633531736 -549.0003053901358498 -573.4499923652466578 -590.6730798595204988 -599.1806382653840046 -595.6626965949000123 -583.3008092838600760
39.0493713584789930 52.7687825820300489 60.9477154247163426 64.5840233057344335 62.0985893897577412 53.1358478994173566 41.6284881938055804 26.7746090156393741 12.4553817847286101 -3.1629868138607788 -19.8373198405397133 -34.6583869978534196 -49.1570070530512098 -63.4282428702851888 -76.7910150260656224 -90.8195338853112588 -105.2675559644280838 -121.5944495553511189 -137.7252376571603918 -149.7129714811407553 -155.5275988960441680 -154.3590923029745454 -151.5709904937135946 -148.0754369825206993
-436.9342896807033867 -429.3984266543267267 -417.9254974548820201 -402.6453031004164700 -392.6513188338732334 -392.7269782508097933 -401.2251272559000199 -417.4888940305414167 -444.1492364645997100 -477.6837112447940967 -513.2346136048125800 -551.4467838963443000 -590.5386395187413200 -626.4187875983341200 -649.9833410458121534 -666.9976862563628401 -673.6702915316982399 -656.6818602498842665 -623.9049051365108198 -584.3072651550207866 -540.1612679315131800 -497.0696436834798533 -462.6145303100416299 -438.5608514576584867
-825.4285833194605857 -827.5724987514565782 -829.4277509572166309 -830.0289662060929459 -830.8107208257033562 -831.0131513234559861 -831.4201764607956875 -832.0193108040618881 -831.3262027634426659 -830.4171799567171774 -829.3092225736641012 -827.7517063426003006 -826.6278508406858236 -825.8491759613783643 -825.6722157482936382 -825.8163808889628399 -826.0417845846512819 -826.1435824870983424 -825.3684035292159251 -824.0683369402363496 -821.9454802730148231 -820.2676876976860285 -818.9183452638587823 -817.4388213750623891
-14.8669064748201443 -7.2553956834532372 -18.5280575539568346 -59.3244604316546784 -122.0956834532374131 -199.4553956834532471 -281.2151079136690441 -353.4697841726618890 -416.0402877697841859 -471.9748201438848696 -517.6654676258992822 -551.5762589928057196 -552.8791366906474423 -522.0496402877697619 -481.4611510791366982 -436.5841726618705252 -384.1625899280575709 -323.9402877697841632 -238.8446043165467643 -131.8834532374100661 -37.9971223021582745 27.4431654676258994 40.3784172661870500 19.6043165467625897
1.5956593709766416 3.2845319109803199 3.8356446569799520 4.0855251057568509 3.7680706271841089 3.2793084421556005 2.5932683465146220 1.9696523818282141 1.5241493470663969 1.4088283980136105 1.1753540555453375 0.7316902703696891 0.4006989148427442 -0.4898289497884863 -1.3743240757770829 -1.6550671326098951 -1.5719698363067869 -1.3936729814235791 -1.4430384403163510 -1.3388265587640242 -1.2976641530255655 -1.6482986941327937 -2.8460548096376677 -4.6381092514254183
-231.8646034816247550 -233.5195357833655692 -226.7520309477756371 -219.9733075435203205 -210.1644100580270731 -201.7497098646034885 -197.7837524177949717 -194.6611218568665436 -195.9106382978723389 -197.4765957446808500 -206.4955512572533962 -216.5338491295938184 -229.5392649903288316 -242.6309477756286128 -258.5141199226305844 -265.6970986460348172 -265.2642166344293742 -260.4978723404255447 -230.9907156673114059 -159.4379110251450697 -40.4228239845261115 89.3628626692456436 170.6263056092843442 157.9001934235976705
593.5393184796854484 608.2686762778505454 616.8787680209698010 622.9397116644822745 628.0137614678899354 630.3617300131061256 632.6474442988204601 633.1422018348623624 633.4318479685451848 634.9482306684141122 635.3958060288335901 635.1808650065530628 636.0858453473132386 635.2719528178243991 633.8505897771952959 632.4488859764088602 631.3191349934469372 629.0393184796854484 625.7431192660550323 621.5190039318479194 613.1815203145478108 604.4397116644822745 596.6749672346002171 585.4515072083879659
-343.4210920281116159 -343.1771530752276931 -342.2881024660040907 -341.5410654135650930 -340.3557616334678073 -338.6629101343202706 -337.0647897866678022 -336.2550422090073425 -335.4482471826007668 -334.7486172911382027 -333.7781012184472047 -332.6164178483802516 -331.7682455191915665 -331.9364161849711081 -332.0416683993845481 -332.0314384330685584 -332.1292468915041241 -332.5936291429284211 -333.0939410321453806 -333.6117603027404925 -334.2224393895288586 -335.3958497941530936 -336.5273422880192697 -338.1067076974258612
-422.7968362282878161 -420.3734491315136665 -429.0967741935484128 -445.4202853598014826 -470.4047766749379775 -502.5037220843672685 -540.2400744416873977 -578.1616004962779698 -615.6696650124069947 -650.4311414392059305 -685.8452233250620793 -714.1519851116624977 -735.0434243176179052 -751.3967121588088958 -766.1597394540942787 -780.8995037220843187 -790.0927419354839003 -795.9469602977667364 -796.1662531017369702 -793.0214019851116518 -783.2050248138957613 -775.0226426799007413 -760.2776054590570993 -746.4447890818858014
379.1986917416189726 412.8225674570727506 434.7555192150449557 442.8520032706459801 443.5846279640229000 443.9599345870809657 442.6647587898610254 437.0310711365494853 418.1193785772690035 394.6279640228945027 377.7882256745707537 352.3834832379395152 320.4333605887162548 293.3614063777596357 266.4529844644317222 233.4546197874080065 201.1717089125102120 165.0874897792313902 123.8111201962387611 85.5494685200327041 39.7187244480784969 -4.7367130008176614 -42.6745707277187236 -62.3107113654946829
-426.1120177341760495 -426.9112347891708055 -427.8749646259786914 -429.2239883029902785 -430.2105933402509095 -431.4312800679181237 -432.2135647580416844 -433.0715026884255963 -433.3409584001509529 -432.7862465805112606 -432.7908687859635961 -432.6559758513348015 -432.6797471936610009 -432.8174228846335154 -432.7286576738043777 -432.3532213942081057 -431.6553155362701659 -430.4752853504386394 -429.1161211206489838 -428.0651825299499933 -427.3341665880577125 -427.4205263654372402 -427.4675973964720583 -427.8930289595321028
249.1206185567010323 325.4494845360824797 386.6649484536082468 404.5762886597938177 346.9474226804123873 240.4381443298969145 119.7206185567010266 14.3618556701030933 -81.7639175257731949 -147.5257731958762975 -190.1938144329896829 -212.4030927835051443 -218.9350515463917475 -221.1886597938144234 -209.6948453608247291 -192.0690721649484658 -171.2020618556701095 -146.9257731958762747 -120.6567010309278345 -89.3577319587628836 -76.1577319587628807 -70.8371134020618598 -76.2226804123711332 -82.2329896907216522
-1014.3221661312528568 -1052.7108765488756035 -1032.9086737035336228 -985.2592932537861543 -918.6562643414409877 -842.9568609453878025 -774.6163377696191219 -722.1161083065626372 -684.2491968793024171 -665.4483708122992311 -663.3579623680587929 -670.5534648921524195 -690.4134924277191203 -717.6236805874253832 -741.3864157870582403 -762.7030748049563726 -772.4745296007342859 -776.2859109683340648 -778.6470858191830757 -778.3721890775584598 -777.6737035337310999 -770.5745754933456055 -757.1220743460303311 -749.6447911886186830
-112.2536714480874309 -112.1428022540983562 -112.1605191256830665 -112.9627732240437155 -115.1170167349726796 -117.4921448087431628 -118.5075563524590194 -118.9305840163934391 -119.2355703551912569 -119.7359545765027349 -120.3143357240437155 -120.9745133196721270 -121.9503927595628454 -122.6944586748633839 -123.2350580601092958 -123.1945013661202211 -123.5823514344262293 -123.9005720628415332 -124.5175887978142129 -124.9464224726775967 -125.9217896174863398 -126.3736338797814227 -126.2123036202185773 -125.4620047814207595
-420.9922084246408645 -427.6727538349160227 -444.1015339663988470 -468.4431458485512394 -494.3793523252982709 -522.0445580715851293 -546.9240321402483005 -574.1059167275383288 -601.2174336498660523 -629.3109325541757926 -658.0182615047480112 -681.3496469442414991 -680.9946432919406334 -662.4175797419040919 -627.6135865595324503 -575.5025566106646693 -515.7879230581933143 -465.8015583150718157 -425.8909179449719886 -398.8531775018261669 -381.1512052593133717 -366.7789140491843227 -360.1370830289749279 -353.1473094716337755
-328.6848381601362803 -339.0976717773992277 -408.9318568994889347 -524.2913117546847843 -653.8580352072685855 -779.8637137989778694 -854.5894378194208230 -886.6683702441794139 -881.7069846678024305 -851.6706416808631275 -803.2498580352072395 -757.9596819988643119 -724.7620670073821429 -693.5604770017035889 -670.6178307779670149 -649.9488926746166726 -625.4145371947756757 -611.6331629755820813 -611.5224304372516144 -608.2118114707552650 -608.8665530948325113 -617.0227143668370218 -624.9557069846678132 -635.4980124929018075
-717.0462130937098664 -744.7978177150192778 -766.1277278562258743 -789.3973042362002843 -800.1906290115532556 -805.4441591784338925 -812.1765083440308217 -816.1238767650834234 -814.7284980744544782 -804.3639281129653682 -780.2509627727856696 -742.1103979460847313 -698.2041078305519477 -640.4794608472400341 -566.9152759948651692 -483.9473684210526585 -410.8318356867779357 -352.4037227214377594 -307.6861360718870628 -279.1123234916559568 -257.7130937098844470 -247.3677792041078192 -251.5898587933247654 -269.1983311938382712
461.5259533898305335 468.9337923728813280 469.5240995762711691 471.7081567796610102 474.5251588983051079 475.9504766949152668 475.7118644067796822 476.4107521186440408 477.2799258474576050 475.7425847457627128 474.8951271186440408 475.0691207627118615 474.4623940677965948 473.9804025423728717 474.5799788135593076 474.0990466101694665 472.7878707627118615 471.8278601694915437 469.5206567796610102 466.7870762711864359 462.9406779661017026 458.1212923728813280 453.4947033898305335 447.7560911016948921
-971.0499999999999545 -1035.6235294117645935 -1095.5617647058822968 -1140.6441176470589198 -1175.0764705882352246 -1194.0000000000000000 -1206.7176470588235588 -1194.3294117647058101 -1188.7382352941176578 -1193.3882352941177487 -1191.2205882352941444 -1171.6382352941177487 -1123.0029411764705856 -1046.1264705882354065 -946.4735294117647300 -839.4470588235294599 -724.4117647058823195 -597.9205882352940762 -458.9323529411764753 -319.3852941176470495 -207.0058823529411711 -140.9029411764705912 -122.9970588235294144 -143.1088235294117510
-139.4113557358053299 -131.0552888594603473 -127.1277934116868096 -130.8159245158086321 -135.7131269657341477 -139.5072007945704229 -136.4255917894388404 -128.5706008938917364 -118.9937096507200778 -107.2365502400264887 -96.8917397781824263 -90.6954146664459557 -92.0345969210395651 -98.8892567455719274 -109.5143188213871923 -125.8993544115212728 -148.3512663466313484 -178.7166032113888434 -215.4293991061082636 -258.8942228107929395 -301.7963913259393962 -330.7846383049164274 -346.2120509849362406 -341.9726866412845538
64.7605196272239425 69.6237409394709630 71.8971100442436182 72.0536571589946391 70.8459004047820713 68.7012143462298752 67.5518215193448128 67.1155982302551024 67.3386049138661349 67.7230537512943584 68.3265555869340062 69.3081050550691913 70.0259813611973954 71.3459474724654115 73.3723995104960949 74.5935234867739752 75.7174997646615822 76.9732655558693466 78.2352442812764792 78.0004706768332881 78.6632777934670031 76.9135837334086432 74.0501741504283189 68.8920267344441299
-666.4529411764706310 -672.0029411764705856 -681.1499999999999773 -681.5941176470588516 -671.4117647058823195 -655.6941176470588744 -589.1029411764706083 -443.7794117647058556 -253.7323529411764582 -52.8882352941176492 180.6794117647058897 349.0647058823529392 422.9117647058823763 468.5205882352940989 497.3117647058823536 479.9088235294117908 477.2058823529411598 467.8558823529411939 462.5529411764705969 464.6911764705882320 464.8029411764705969 456.5382352941176691 434.2500000000000000 387.0794117647058670
-668.6392405063290880 -694.4493670886075734 -693.6715893108298587 -677.0632911392405049 -626.0225035161744245 -540.7172995780590554 -431.1694796061884745 -319.9170182841069163 -217.4395218002812840 -145.7215189873417671 -102.9789029535864984 -82.9367088607594951 -90.3938115330520446 -107.3790436005625821 -113.9922644163150522 -117.7848101265822720 -103.8481012658227911 -91.2201125175808727 -75.5351617440225027 -65.9205344585091382 -58.0379746835443058 -60.5091420534458493 -61.2524613220815723 -70.6877637130801730
-382.4127444987774993 -390.7535146699266306 -402.4595048899755625 -417.2217298288508687 -435.2483190709046426 -457.1502139364303048 -478.9243581907090288 -499.5482885085574480 -515.1978911980439761 -520.0926039119804045 -508.5077933985330105 -484.0096271393642837 -451.2137836185818855 -416.8415342298288238 -386.6094132029339789 -361.9827322738386215 -344.3212102689486755 -329.7574877750611222 -316.8944070904645400 -309.4295537897310737 -304.4879278728606096 -301.3760696821515808 -302.5574572127139277 -309.1479217603911707
-88.4783532536520596 -90.4687915006640111 -99.8749003984063677 -112.8169986719787516 -127.2369189907038560 -144.2082337317397105 -158.5179282868525945 -171.9375830013280222 -185.4491367861885749 -199.0297476759628239 -202.7739707835325476 -190.9147410358565651 -147.8098273572377082 -66.3484727755644030 31.0467463479415677 93.7628154050464815 89.5694555112881829 34.5978751660026589 -35.2403718459495323 -95.0573705179282911 -134.1051792828685336 -154.9936254980079582 -163.0656042496679845 -163.8446215139442188
-170.2167517262083436 -170.9078855198638962 -170.7657360152106492 -171.0212648854197823 -171.5681477033923841 -171.3434404082858009 -170.0439807865505770 -169.3066646652656857 -169.0404282998098608 -169.3074652256579498 -170.3413389372560687 -171.2772440708496049 -171.4191434003802783 -171.2892024417091932 -171.5393275292704800 -171.5422295606924763 -171.9804863404383184 -172.2076453517462085 -170.9679775843090113 -169.4632742920043995 -167.8213249274492114 -167.4638747122986047 -166.3228760132092532 -165.6241368958270925
153.8065310662641139 156.3719211822660213 158.2246941045606263 158.5734943588113879 158.9543937708565124 158.6165580804068043 158.1410297155569822 157.5693627840457793 156.8750198633402135 155.6514381058318861 155.0119974574924413 154.4389798188463487 154.4049737803909181 154.4403305259812385 153.8837597330366975 154.1191005879548754 154.3712855553789893 155.0412362942952598 155.4872874622596441 154.9465278881296797 153.5547433656443559 152.3797076116319715 150.5070713491180641 147.3255204195137367
-430.5004124278251538 -428.1253780588397149 -430.3277426450371195 -434.8878196315644686 -441.4492713775089214 -441.2834753918064621 -440.9837778388782112 -443.8138575749243842 -446.8221061314270059 -455.2378333791586442 -471.6087434698927723 -492.8699477591421783 -514.6491613967555168 -544.0921088809458297 -578.3937310970579802 -613.5320318944184237 -648.8682980478416766 -683.1800934836403485 -714.1121803684354745 -740.3049216387132674 -763.3472642287599683 -777.2697277976353689 -775.4855650261204119 -753.7959857025020938
-638.9970741222366541 -664.8101430429128413 -672.9310793237971211 -653.3384265279584042 -609.8114434330299218 -559.7207412223666552 -513.4876462938881332 -474.2526007802340473 -446.1342652795838717 -424.4934980494148249 -408.8130689206761872 -393.9993498049414598 -384.1167100130039103 -382.6687256176853111 -389.1589726918075485 -406.3293237971391250 -437.9902470741222373 -477.9856957087126261 -529.1300390117035022 -582.3569570871261476 -626.2516254876462654 -656.3712613784135783 -662.1953836150845518 -641.9210013003901167
-277.6843749999999886 -254.5875000000000057 -221.0382812500000114 -181.9093750000000114 -136.8636718749999943 -89.2121093749999972 -45.6457031249999972 -16.0757812499999986 -19.7933593750000014 -64.1113281250000000 -132.0863281249999943 -215.1312499999999943 -304.5132812499999773 -392.7726562500000114 -445.1499999999999773 -444.4660156250000114 -404.7027343749999773 -360.9773437499999886 -328.9191406250000114 -312.6953125000000000 -304.6179687499999886 -296.7812500000000000 -287.7218750000000114 -278.3996093750000114
-68.4792180055856790 -63.0111713487760809 -66.2230984064399593 -76.2784622966978816 -94.3624116970593008 -119.5483817972728815 -154.4420896993592862 -193.8230655495317762 -231.4315754887465175 -264.3957614588467209 -289.6351240348283227 -304.2561195991457339 -308.9796287169377251 -306.5145391818629719 -297.2280269426647124 -286.7913586331526403 -275.5245605388532795 -265.5868243798258845 -255.9553146048956762 -245.4583538689009288 -231.1325776244455312 -213.8462296697880731 -195.0974207327090539 -183.8539510432068482
-810.5398148148148039 -787.4842592592592609 -590.0879629629629335 -306.3388888888889028 -116.2750000000000057 -46.6842592592592567 -72.7000000000000028 -135.6175925925925867 -187.4907407407407334 -220.3120370370370438 -234.2166666666666686 -239.7740740740740648 -242.9481481481481353 -231.6259259259259125 -212.6212962962962933 -196.9027777777777715 -197.9555555555555486 -193.3249999999999886 -180.5518518518518647 -174.6277777777777658 -173.9870370370370267 -177.8333333333333428 -188.0185185185185048 -199.5388888888888914
-709.7730986800754636 -716.4462602137020895 -736.8001257071024384 -758.2275298554368419 -774.2897548711501940 -783.2199874292897448 -790.1426775612821984 -788.4688874921432671 -775.1571338780640872 -737.5279698302954330 -701.4720301697045670 -659.5499685732244188 -614.0527969830295660 -564.4695160276555725 -520.8497800125707045 -505.2099308610936532 -529.2677561282212082 -604.3607793840352542 -697.4808296668761614 -799.4022627278441178 -889.4538026398491866 -956.9968573224387001 -992.8183532369579325 -973.0584538026398604
-73.6711777615215766 -60.3204096561814183 -46.3141916605705930 -34.0746159473299173 -24.6872713972201900 -13.8716166788588158 -2.7260424286759326 10.9166057059253845 24.8946598390636424 35.8346744696415485 47.7750548646671547 56.2278712509144114 59.3079736649597677 63.2721287490855886 59.7640819312362837 47.4052670080468204 26.7681053401609361 -5.8098024871982448 -52.9367227505486468 -114.4776883686905649 -192.0662033650329192 -269.7699341623994087 -315.6196049743965091 -313.6433796634967166
-874.9863883847549459 -915.0480943738657515 -955.6270417422867922 -997.9950090744101772 -1038.8992740471869638 -1071.6075317604356769 -1094.2545372050817605 -1101.5004537205081760 -1091.3774954627949683 -1056.0648820326678106 -1004.6674228675136646 -944.8656987295826184 -884.9274047186933103 -824.4854809437387075 -775.7463702359347053 -746.3294010889292167 -735.1869328493647799 -747.5784936479128646 -772.6991833030853059 -803.1361161524500858 -834.1619782214155521 -860.5408348457350485 -886.2037205081669526 -898.7191470054445972
-319.3758169934640705 -326.6732026143790790 -319.8823529411764639 -289.6127450980392268 -238.0833333333333428 -170.4090413943355031 -93.0190631808278852 -10.2592592592592595 70.4776688453159039 143.5484749455337692 188.5294117647058840 205.9852941176470722 197.7516339869281126 173.5620915032679648 146.2941176470588118 112.4515250544662308 74.1748366013071916 43.2265795206971646 16.1672113289760340 -5.3344226579520697 -23.4782135076252736 -35.9607843137254903 -44.2080610021786526 -53.2009803921568647
-528.3500113713895416 -530.5752406944128552 -534.2261390341899414 -537.2826169357895196 -539.6369494352210268 -541.5372602532029305 -542.5484800242589927 -543.8460313850353032 -544.7907664316579712 -544.5693275718292625 -544.2083238571754009 -544.0291865665984687 -543.8699113031613024 -542.9529224471230009 -543.1588962171177855 -544.0818740050034421 -545.5911606398301501 -547.0965051929346146 -548.1438101736032422 -548.1701917974376101 -548.7022970206959371 -549.0288075202789742 -549.3252217420969146 -548.8440603441740677
-197.5354949643822238 -188.3741095553917830 -187.7121100466715689 -192.7180054040776156 -202.2979611888970908 -215.2444116924588684 -231.2321296978629448 -249.0147383935151026 -273.8086465241955239 -306.9042004421518186 -344.3016457872758451 -384.8803733726356882 -424.4077622205846296 -457.8626873004175764 -486.3628101203635197 -512.1675264062884025 -533.0034389584868677 -548.6507000736919508 -566.0088430361090559 -578.9481699828052115 -585.4387128469663821 -590.9960697617293590 -585.4713829525915116 -564.6246622451485564
377.5559105431310059 432.8115015974440780 472.9840255591054188 496.7156549520767044 516.8753993610223461 536.2332268370606698 551.2492012779553079 559.7284345047922898 569.9392971246006709 582.4313099041534088 575.2076677316293853 539.6773162939297208 489.4472843450479331 407.9776357827475977 276.0511182108626258 113.3003194888178911 -47.4472843450479260 -210.1916932907348325 -366.5303514376996645 -506.6581469648562575 -615.0798722044728493 -671.2076677316293853 -707.1821086261981009 -702.0990415335463695
-594.5077881619937443 -623.5295950155763194 -645.9096573208722702 -676.5202492211838035 -700.5638629283489536 -721.0654205607476115 -731.4859813084111693 -754.3395638629283440 -751.5264797507787762 -741.0872274143301865 -722.4049844236760691 -624.8566978193146042 -440.7414330218068699 -207.5327102803738342 46.0311526479750768 323.9439252336448476 447.6573208722741697 477.9719626168224522 488.2710280373831893 459.5482866043613512 433.1806853582554595 408.5576323987538672 383.0809968847352138 341.6791277258566879
-239.0456553755522862 -237.7460972017672987 -260.8397643593519888 -300.6895434462444996 -353.6827687776141147 -412.0662739322532957 -469.4963181148748390 -522.0559646539028336 -562.9876288659793317 -580.7419734904270854 -577.9484536082474051 -559.6371134020618001 -542.4550810014727631 -530.9425625920471248 -527.2524300441825744 -529.7042709867452004 -538.2144329896907493 -543.8044182621501932 -546.4506627393225244 -548.8668630338733010 -548.8209131075110463 -552.0845360824741874 -556.1879234167894310 -554.9440353460971664
-21.4058336334173553 -4.0374504861361178 5.8370543752250628 6.2671948145480734 -0.8712639539070940 -12.2882607129996391 -26.7562117392870000 -41.9022326251350350 -58.6859920777817763 -81.9598487576521393 -108.6544832553114901 -137.2520705797623464 -166.9216780698595528 -194.7385667987036300 -220.0640979474252674 -244.3714440043212051 -266.6863521786100364 -284.4052934821750114 -293.8109470651782544 -296.8734245588764793 -295.0448325531148726 -290.8028447965430132 -284.7104789341015589 -274.4377025567158626
-768.6454463072043382 -780.3518350702311182 -785.0251472587221997 -783.9062075215224468 -772.8942002718622462 -760.2777526053466772 -742.6859990937924749 -721.5294517444494886 -699.8565926597191265 -678.3645219755323978 -655.7424105120072682 -633.6295876755776817 -613.0888083371091852 -598.0131400090621128 -588.5894879927503780 -581.7424105120072682 -574.0024920706841840 -568.4080199365654380 -563.4542365201631355 -563.9145899410965512 -564.2258722247394189 -565.7224739465337962 -570.2424105120072682 -572.1449932034436188
-634.8874709976797703 -654.0481438515081436 -669.0261020881670220 -673.1194895591647764 -671.5742459396751656 -671.6026682134570365 -661.1972157772621586 -638.9448955916473096 -613.7958236658932947 -564.8486078886311361 -495.3665893271461869 -416.8045243619489497 -333.6763341067285182 -260.6276102088166908 -201.2778422273781871 -152.1020881670533527 -121.5678654292343452 -107.7035962877030215 -103.9216937354988346 -102.8399071925754100 -107.9825986078886331 -115.1009280742459424 -121.9298143851508058 -135.4808584686774964
-278.7837006960556891 -279.6877030162413007 -280.8310904872389528 -282.2238979118329212 -283.7395591647331798 -285.2509280742459623 -286.4873549883990904 -287.4738979118329212 -287.5483758700696058 -286.7297563805104232 -284.3214037122969557 -281.4443155452436258 -277.7083526682134789 -274.4464037122969557 -271.7724477958236662 -270.2591647331786362 -269.6264501160092664 -270.5201276102088173 -272.9358468677494329 -276.4550464037122879 -280.2098027842227452 -284.4450116009280691 -288.0781902552204201 -289.4513341067285523
-965.7670257791457971 -969.4898999615236335 -972.2958830319353183 -974.0779145825317755 -975.1730473258945722 -976.0986918045401808 -977.7465371296652847 -978.5830126971911795 -979.0429011158137200 -980.4369949980762158 -980.7495190457868830 -980.4896113889957405 -980.3486918045401808 -979.6253366679492274 -979.1598691804540522 -979.6671796844940445 -980.9263178145440634 -982.3979415159676591 -982.8043478260869961 -982.9163139669103657 -982.3397460561754997 -981.0486725663716925 -978.7016160061562005 -972.9022701038860532
-484.4921710466074387 -485.0976558923175617 -485.6552055672557344 -486.0481183041845838 -486.2924640600677435 -485.9309587034154561 -485.6359765589231756 -484.9791227909532267 -484.1314440069590432 -483.3276256753044322 -482.9369563226810556 -482.4500045783353244 -482.3040014650673015 -482.1506272319384721 -481.6574947349143940 -481.0712846808900167 -480.8338979946891527 -480.4344382382565755 -480.1693984067393330 -479.7609651130848647 -479.3755608460763824 -479.1190825016024064 -478.8471293837560552 -478.2420108048713701
197.3038472339230509 210.2951418140971498 208.0513900589722027 200.1221566975568749 186.9053636618927214 175.5998315080033763 162.4055040718899079 152.9062061218758686 144.3159224936815406 136.3942712721145654 123.4175793316484118 110.2069643358607181 96.0659926986801480 77.6321258073574825 59.9817467003650648 42.4810446503791042 23.7360292052794151 2.4133670317326592 -18.5068800898623991 -35.9255827014883451 -53.4526818309463607 -68.2401010951979714 -78.8312271833754608 -84.7627071047458571
-432.4136752136752193 -415.5367521367521135 -405.2393162393162243 -405.9675213675213854 -406.5162393162393073 -404.1299145299145152 -399.6239316239316395 -392.5589743589743534 -385.7931623931623903 -391.3760683760683605 -419.9487179487179560 -499.3692307692307963 -625.6153846153846416 -784.7811965811965820 -971.9794871794871369 -1149.5282051282051725 -1292.3059829059830008 -1386.3504273504272533 -1378.9777777777778738 -1341.5435897435897914 -1241.6581196581196309 -1095.8615384615384301 -941.7487179487179674 -824.6136752136752648
490.3323615160350073 547.5335276967930440 581.6588921282798310 590.0408163265306030 572.3265306122449374 522.3615160349854705 459.3061224489795791 369.6938775510204209 267.2827988338192426 144.4810495626822160 0.3265306122448979 -168.8571428571428612 -346.3965014577259467 -502.2274052478134081 -606.5743440233236470 -674.5655976676384853 -722.7055393586006176 -729.7142857142856656 -706.1895043731778969 -668.2682215743440111 -632.4139941690962132 -576.1720116618075735 -522.3148688046646839 -459.2623906705539412
-277.2301241735203803 -286.1762618932430087 -294.4787937429446742 -303.3230124173520608 -310.7522980164489468 -321.6734397677793709 -331.7319787131107773 -341.4376713433317150 -350.9632317368166241 -358.7111756168359875 -365.8158361554587827 -371.8309950008062970 -371.1541686824705835 -362.2191582002902805 -349.2069021125624886 -330.8292210933720412 -309.6436058700209628 -284.0972423802612639 -254.0454765360425711 -220.3863892920496710 -188.9185615223350965 -161.1162715691017695 -141.5840993388163156 -135.5162070633768678
8.6899293286219077 49.4452296819788018 69.0406360424028236 71.2897526501766805 53.1674028268551240 15.4540636042402824 -44.7712014134275620 -128.6364840989399170 -223.7848939929328651 -315.0680212014134440 -390.4863074204947111 -434.4315371024734986 -451.1965547703180164 -457.0865724381625341 -467.2495583038869427 -472.5768551236749317 -466.8378975265017630 -446.4478798586572452 -420.4474381625441879 -396.4284452296819836 -375.8144876325088148 -351.1550353356890355 -320.7040636042402753 -295.5207597173144904
-953.8219584569733343 -1092.2551928783382209 -1231.8367952522255564 -1338.6617210682493351 -1399.4955489614242197 -1349.6468842729971129 -1182.0207715133531110 -899.5548961424332219 -577.7833827893175567 -341.7833827893174998 -150.1691394658753609 -26.8427299703264097 38.0267062314540070 35.1127596439169167 14.7566765578635017 -26.0830860534124618 -56.6023738872403541 -95.9554896142433194 -134.4688427299703335 -181.9940652818991111 -222.9762611275964446 -244.3175074183976392 -250.8160237388724170 -256.4569732937685558
-530.7047487955952647 -556.6077081899518362 -566.2739160357880337 -554.2388162422573714 -515.9449415003441572 -454.3289745354439333 -383.3709566414315191 -319.0309704060564400 -248.7412250516173344 -171.6964900206469338 -88.8802477632484482 -3.2319339298004128 50.0516173434273881 45.2353750860289026 -3.4342739160357882 -70.8671713695801770 -153.8527185134205126 -229.0371644872677166 -311.1589814177563653 -387.7715072264280707 -444.8375774260151161 -474.7205781142463934 -476.8389538885065235 -457.6937370956641189
-320.8225559301256453 -344.2862396567575729 -371.4223107569721378 -398.0165491878639159 -425.8201041985902293 -451.8541219736438848 -473.0830524057615776 -487.2206558381857349 -493.1483297578915312 -485.3420165491878606 -464.0631320870364789 -432.4023904382470391 -396.5013790989886502 -354.0907140668097099 -303.2129941771376025 -245.5491878639288927 -180.3368066196751442 -116.1814281336193631 -67.6490959239963274 -39.8866074164878981 -39.8250076616610471 -55.9665951578302199 -80.2007355194606220 -107.5507201961385277
-485.5709107385591210 -500.5613955595831612 -514.4218396012687435 -516.5382872677843125 -507.7942908926144128 -492.5206162211146079 -486.1889442682374352 -488.0657000453103933 -491.5736293611237215 -495.1341187131853303 -502.0357951971001285 -511.4544630720434952 -514.5718169460806166 -512.7444494789306191 -498.6665156320797223 -467.1073855913003854 -430.7371998187584836 -393.2125056637970033 -340.2478477571364124 -260.8545536927956618 -164.2016311735387433 -73.2890801993656567 -19.4707748074309031 -25.4612596284549149
-165.9173989455184426 -167.8187296008034082 -169.8551343208636695 -173.3414511674617131 -172.0979161436103482 -153.6110971629425137 -99.8119507908611610 -14.0015064022093902 74.2078835048958041 119.1830278684408739 101.1463720813457172 38.6324378609088654 -33.4238011549083609 -90.8342957569671086 -127.7336178759728824 -146.6587998995731823 -153.6653276424805483 -153.0000000000000000 -148.5084107456690958 -140.8511172483052860 -132.9201606829023490 -129.3032889781571555 -131.5947778056741129 -134.4135074064775210
91.8093869731800822 104.9722222222222285 121.0555555555555571 135.8582375478927133 151.3783524904214630 174.5699233716475192 199.2662835249042246 224.0909961685823646 252.3812260536398355 284.8955938697317833 312.6321839080459881 344.8697318007662602 380.9961685823755033 411.4396551724137794 425.2825670498084492 443.4262452107279842 466.6408045977011625 480.0622605363984690 496.1772030651341083 511.3256704980842642 516.0067049808428692 510.3879310344827331 504.2710727969348454 489.6455938697317833
-72.6508201278843444 -66.1203780928551623 -67.6736169029747003 -76.7784264664998659 -93.1170419794272988 -111.9410619961078623 -131.2460383653044289 -146.6324715040311446 -165.0903530720044614 -177.2493744787322782 -186.6944676118988014 -186.9813733666944700 -177.1770920211287148 -160.3547400611620901 -138.2121212121212182 -111.8123436196830625 -78.5187656380316952 -28.5757575757575744 36.3375034751181545 102.8918543230469851 145.4025576869613587 153.3861551292743854 130.8070614400889724 89.4976369196552639
-351.3875278396436670 -347.7394209354119994 -369.1670378619153894 -410.3518930957683892 -491.7973273942093329 -594.9755011135857785 -734.7327394209354452 -893.2271714922048886 -1055.1893095768373314 -1197.4543429844097773 -1303.2939866369711126 -1332.5077951002226655 -1267.2962138084633352 -1117.2360801781737791 -897.9287305122494445 -626.0534521158128882 -423.6815144766147228 -273.5412026726057775 -180.2561247216035554 -148.4922048997772777 -158.4320712694877500 -169.5389755011135833 -193.3585746102450003 -235.4855233853006666
-560.5673076923077360 -562.1634615384615472 -445.3141025641025408 -270.5256410256410504 -45.5032051282051313 181.0929487179487296 356.4166666666666856 433.8493589743589496 482.7403846153846416 509.4423076923076792 535.7147435897435344 562.6987179487178992 567.7916666666666288 558.9262820512821008 551.9423076923077360 547.4038461538461888 535.2403846153846416 530.2596153846153584 504.9358974358974592 466.4230769230769056 414.6378205128204968 346.7788461538461320 266.1314102564102768 202.4903846153846132
-393.0042972392265028 -394.5714922771313695 -395.9152308752584304 -396.2614829529330791 -395.9461223496979869 -394.4947906109376845 -392.1533627923947165 -389.2863339684598714 -386.3440223780759766 -383.4531154984392174 -380.8153808732314474 -378.5701139173795013 -376.5486277212469872 -374.9123930757692733 -373.3779948919608955 -372.2363886974500247 -371.1887947460169244 -370.7785300198646041 -370.5402359427575334 -370.8443264280212475 -371.7517736246807658 -372.9537844083188247 -374.2377265172092393 -375.4855880325941371
-121.1286250426475561 -120.8203684749232281 -115.4832821562606568 -109.3706925963834919 -102.6402251791197529 -93.9609348345274640 -83.4535994541112274 -69.2760150119413112 -53.5453770044353448 -38.2076083248038216 -20.8012623677925639 -3.7453087683384512 11.9042988741044020 25.9396110542476954 39.8454452405322428 51.6102012964858403 60.8959399522347340 65.5411122483793918 66.3621630842715859 65.3476629136813330 65.2161378369157347 63.4044694643466400 59.4970999658819508 51.4832821562606640
-70.6109880372175525 -63.1236154186973835 -54.2910943730615827 -41.0292423571112082 -23.1710234824988923 -0.9844926894107222 25.1395657953035006 57.1475409836065609 87.3052724856003550 121.0070890562693791 153.3393885688967657 179.4807266282676039 201.2662826761187489 219.1537439078422551 230.3633141338059431 235.2857775808595591 236.1143110323438066 234.3610988037217453 229.7447939743021834 227.0212671688081514 225.1315906070004473 220.9268941072219832 218.9251218431546420 212.9592379264510384
-339.6261440025917295 -332.2872762614400131 -327.4614886207176028 -325.9135822466996046 -326.9260549121244139 -329.5167247104560033 -334.6611322588482835 -342.9903620312626344 -353.3226694743662506 -365.1555033611403474 -377.7915283064712071 -391.3841418968170274 -403.6323803353041058 -413.8146108366404974 -421.7938770551551215 -426.6152911638454839 -428.1827974406738235 -429.1061796387786558 -430.7654490969466110 -432.9964363813072055 -432.6694743662428095 -429.4133797683647913 -424.5998218190653688 -419.0000000000000000
-293.8125546806649027 -292.7423447069116378 -296.9590988626421790 -305.3501749781277113 -316.7276902887139158 -330.0271216097987690 -348.2438757655293102 -370.7497812773403325 -402.6517935258092962 -441.8285214348206296 -487.6758530183727203 -534.3849518810148993 -572.2858705161854687 -589.2631233595800495 -580.2344706911635512 -542.2994313210848532 -485.4890638670166254 -430.5242782152230916 -387.3337707786526494 -359.4698162729658861 -336.8923884514435940 -318.1054243219597311 -299.6067366579177360 -287.2712160979877467
-750.0255047821466405 -720.4553666312433506 -669.5398512221041756 -610.2699256110520309 -563.0132837407013540 -524.7205100956429078 -530.8777895855472480 -580.9670563230605467 -667.3443145589798178 -767.1073326248671265 -865.3937300743889409 -921.8963868225292799 -939.2529224229542706 -930.4176408076514235 -900.5244420828905731 -858.9357066950053650 -818.1253985122210679 -778.3591923485653297 -741.5090329436769707 -713.7550478214665191 -697.2539851222104517 -684.8103081827842971 -683.8565356004251043 -685.0132837407013540
-649.5449172576832098 -640.5581560283687850 -582.8933806146571897 -508.9879432624113633 -442.0018912529550903 -389.1094562647754174 -353.5250591016548469 -328.9212765957447004 -314.0042553191489105 -307.2765957446808329 -307.2408983451536528 -313.8321513002364327 -325.2721040189125574 -337.2122931442080471 -352.7680851063829550 -375.0926713947990265 -399.0872340425531775 -423.0245862884160601 -443.0234042553191216 -454.3099290780141928 -450.8534278959810990 -437.2706855791961971 -425.4420803782505800 -423.3780141843971592
-1286.2544910179640283 -1375.1407185628743264 -1318.4341317365269788 -1113.5329341317365106 -782.0868263473054185 -426.5000000000000000 -167.0119760479041986 15.5269461077844309 96.1347305389221560 88.6736526946107801 43.7934131736526950 -46.2065868263473050 -106.8862275449101844 -161.3682634730539007 -226.3143712574850213 -275.1796407185628937 -311.4730538922155461 -344.1916167664670638 -357.7544910179640851 -364.4610778443113759 -370.7574850299401419 -379.7574850299401419 -376.7005988023952341 -372.4161676646706383
0.9462143152668597 6.1911460488208521 -38.5031030202730662 -116.2813405047579636 -212.4178733967728476 -309.9275961936284602 -386.0889532478278738 -431.9946214315266957 -434.8340918494000675 -408.9706247414149516 -381.3086470831609631 -364.6727347952006539 -362.7273479520065962 -363.2341745966073745 -362.8696731485312625 -358.0372362432767659 -354.6206040546131817 -352.7856847331402719 -354.3293338849813949 -354.3123707074886397 -355.7579644187008512 -354.7281754240794385 -350.0066197765825677 -344.9689697972693239
-139.8063266623628067 -140.2278889606197652 -139.4118786313750888 -136.1794706262104455 -129.1949644932214198 -131.2737249838605464 -140.9483537766300856 -153.6049063912201404 -164.7591994835377704 -179.3789541639767720 -196.2240154938670003 -220.9909619109102721 -257.1530019367334035 -286.6868947708198903 -277.1956100710135615 -187.8347320852162738 -23.7869593285990959 163.7753389283408580 228.3905745642349814 143.4435119431891508 -14.7682375726275019 -155.3795997417688852 -222.5480955455132346 -236.3305358295674523
-224.6320960698689930 -232.8464337700145563 -229.4287967006307554 -217.5033964095099464 -201.6917758369723401 -182.9418971373119973 -166.8453420669577838 -155.4483260553129469 -144.4155749636098847 -135.3840368753032521 -127.4152110625909700 -119.7901504124211556 -113.3248423095584627 -104.7905143134400845 -93.0870936438622039 -80.7960941290635617 -68.4125424551188814 -55.7211305191654560 -43.5625909752547287 -33.8396409509946636 -26.7521834061135380 -23.3514070839398364 -27.3989568170790889 -40.5274138767588568
-679.8325823223569842 -681.2520797227036837 -681.6740901213171355 -681.5330155979203255 -681.4485268630849077 -682.0440207972270628 -684.6782495667243893 -686.1922010398614020 -686.3142980935874675 -688.1485268630849532 -690.3603986135182140 -691.4855285961871232 -692.7442807625650403 -692.9292027729635493 -692.6036395147314124 -692.7668110918543789 -692.9549393414210954 -692.4982668977469302 -691.9619584055459427 -692.3631715771230120 -693.8012131715771602 -694.4407279029462643 -694.1134315424610577 -692.9392547660312403
-656.9656728128677514 -663.8630835621812594 -655.6041584935268247 -641.8622989407610930 -627.3485680659082391 -612.5547273440564595 -599.8093369948999225 -584.3742644174185443 -570.7693213024715533 -558.9929384072185030 -549.2597096900744873 -541.8381718320910068 -534.8316987053746061 -524.2324440957238494 -514.3099254609651325 -504.6255394272263857 -492.7483326794821323 -480.0635543350333592 -465.2026284817575288 -453.3964299725382716 -441.9223224794037037 -432.1180855237348055 -426.1294625343271605 -423.1167124362494860
-597.3180778032036642 -611.5926773455377088 -614.9748283752860516 -617.5675057208237604 -634.2265446224256493 -651.1967963386728115 -655.1350114416476345 -644.1212814645308526 -651.3455377574371141 -655.9519450800914910 -671.8489702517161959 -694.4553775743706865 -703.1624713958809707 -690.8421052631579187 -673.4599542334095759 -650.1762013729977525 -481.4118993135011237 -221.2334096109839834 40.4416475972540042 276.6453089244851071 396.9542334096109926 380.9862700228832750 319.2356979405034281 255.3043478260869676
-338.4675134342940623 -320.8700537371763630 -288.7689301416707508 -242.9706888128969240 -182.6033219345383429 -114.2677088422081084 -43.4855886663409876 22.9394235466536394 70.8114313629701968 89.7767464582315569 82.8436736687835804 56.3619931607230100 13.0234489496824626 -48.2110405471421615 -126.4274548119198869 -213.8666340986810042 -294.0327308255984349 -354.4455300439667553 -390.1714704445529946 -409.3790913531997830 -419.8158280410356724 -426.7914020517831091 -425.2730825598436581 -416.8685881778212092
354.9211618257261307 357.6765461371270476 360.3926101560956567 362.0353685042481970 362.1033392610156056 362.0405058288875466 361.1144042679312633 361.3554633471645730 360.4011065006915828 360.3777909504050854 358.8423236514522614 358.2523216755581643 356.9083185141276431 356.1248765066192732 354.5479154317328607 353.6328788776921783 351.7354277810709391 349.4783639596917624 348.1126259632483766 346.7464927879865400 346.8693934005137294 347.6006718039913039 346.5085951393005530 342.1952183362971596
-260.6778021978021798 -274.2830769230769192 -285.9859340659340887 -294.6531868131868350 -300.8360439560439659 -299.7349450549450580 -292.5424175824175563 -274.8549450549450626 -239.8725274725274801 -188.6307692307692321 -126.7780219780219824 -54.0668131868131852 27.0874725274725279 101.1463736263736308 150.8562637362637417 176.6369230769230683 176.1353846153846234 154.6465934065934107 124.3705494505494471 91.1107692307692361 56.9415384615384639 26.1890109890109883 -0.8914285714285715 -27.5991208791208784
-638.8398800599700280 -634.6356821589205310 -644.6350824587706256 -667.0590704647676148 -694.5748125937032000 -724.0371814092953855 -749.2881559220389818 -768.3349325337330811 -782.5934032983508359 -793.6095952023988502 -803.6179910044977532 -816.1211394302848703 -827.1889055472263408 -841.0350824587706029 -856.1913043478260761 -869.4677661169415614 -884.5778110944527270 -902.0044977511244042 -917.8650674662668507 -930.5817091454273395 -939.5814092953522731 -947.8635682158920872 -945.0071964017990922 -925.2296851574212724
-418.7582205029013380 -396.7582205029013380 -391.3423597678917076 -374.1586073500967018 -374.8568665377176217 -420.4332688588007727 -488.4332688588007727 -601.4448742746615153 -737.9516441005803244 -897.1682785299806255 -1073.2707930367505469 -1204.3655705996131928 -1270.4294003868471918 -1297.8955512572533735 -1307.0174081237910286 -1267.7504835589941194 -1203.8800773694390500 -1135.2785299806575949 -1091.5435203094777989 -1047.2978723404255561 -984.2940038684719184 -921.4719535783365245 -856.6789168278529587 -814.6731141199226158
-222.4113141141762924 -222.2865793695978596 -222.7632110139226711 -222.9096320066249177 -222.1573417524972740 -221.5177268257336607 -221.7138346876455728 -221.0009316287976731 -220.1746286424098002 -219.8370167175611982 -220.5250763418042652 -221.6339733968221140 -223.1977123337301521 -224.7330883494643103 -225.9391853423735768 -227.3551058433828587 -227.9250038817866653 -227.6029191035660801 -228.5417939030070897 -228.7264634335696769 -229.7219088038921484 -230.0360747373324273 -230.2513845039076728 -229.5534910201335208
-363.4534589749482620 -363.0951505401057489 -356.7242013330268833 -337.1199724201333083 -309.6959319696621264 -272.8607216731786025 -227.3438290048264889 -176.6846701907607553 -128.3688807170765358 -86.5817053550907900 -52.3157894736842124 -30.9446104343829020 -22.0404504711560563 -23.1834061135371172 -30.7329349574810387 -41.1641002068489996 -57.2112158124569063 -79.3247529303608303 -108.0055159733394561 -139.7168467019075990 -169.9494369110549314 -195.4461043438290062 -214.9678234888531279 -225.1310043668122205
-1031.3017296604741659 -1083.5355541319665917 -1114.2101217168481071 -1117.0775144138372070 -1095.5080076873798589 -1049.7687379884689562 -987.1998718770018968 -919.4830237027546218 -855.8577834721332920 -798.6617552850736956 -756.6937860345932449 -738.9051889814221568 -744.0525304292120836 -769.7264573991030829 -810.7796284433055689 -857.0691864189622038 -908.1281229980781973 -955.8725176169122051 -1000.8270339525945474 -1043.5868033311978706 -1070.4766175528507119 -1072.6130685458040261 -1061.3209481101857818 -1028.5663036515054500
-78.9392090395480182 -91.9796610169491515 -131.7780790960451895 -184.0074576271186402 -235.5552542372881248 -279.8594350282485834 -310.7401129943502838 -329.6363841807909694 -336.6216949152542384 -331.2027118644067514 -315.5651977401129784 -290.8788700564971919 -264.4106214689265357 -240.4225988700565040 -217.7733333333333405 -192.4108474576271135 -166.0445197740112917 -136.5755932203389875 -109.3355932203389784 -89.0187570621468893 -77.7916384180791027 -78.7346892655367299 -85.8635028248587560 -97.8632768361581924
-252.3304093567251414 -239.3138401559454280 -224.1423001949317779 -206.9434697855750471 -189.1569200779726998 -169.2670565302144325 -146.0974658869395739 -122.4873294346978554 -108.6910331384015649 -96.0253411306042892 -94.1101364522417185 -113.1617933723196927 -152.3762183235867553 -213.9980506822612085 -317.3820662768031298 -461.1666666666666856 -622.1617933723197211 -776.6306042884990575 -909.4171539961013195 -968.5428849902533557 -957.6569200779726998 -904.1754385964911762 -842.6286549707601807 -777.1725146198830316
-178.1519553072625683 -192.1005586592178815 -272.6256983240223235 -417.4044692737430182 -614.4513966480446925 -790.3821229050279271 -836.8301675977653531 -722.5586592178771070 -511.6569832402234397 -309.1284916201117312 -199.2625698324022210 -190.4480446927374260 -216.9575418994413383 -244.1385474860335307 -261.8581005586592028 -275.9050279329608770 -288.7083798882681549 -308.9005586592178929 -301.5005586592178588 -294.2893854748603530 -291.4067039106145103 -287.9977653631285079 -286.3932960893855011 -301.0078212290503075
21.4971558589306042 55.3481228668942009 54.6734926052332213 14.1865756541524455 -63.6666666666666643 -168.2855517633674651 -320.0864618885096888 -482.8657565415244335 -642.9840728100114120 -782.8282138794083949 -869.1342434584755665 -895.5779294653015086 -877.1114903299203434 -850.8065984072810579 -818.5255972696245408 -780.5233219567691094 -745.7201365187713691 -710.0511945392491953 -675.5881683731513476 -645.4630261660978476 -617.9044368600682446 -594.7770193401593133 -579.2957906712173326 -571.6564277588167897
-499.7197096594081245 -518.1490787269681277 -543.7024008933556161 -573.1415410385259293 -604.0759352317140838 -639.7049134561697201 -672.2685650474595604 -690.6532663316583012 -685.5290340591848235 -655.9782244556114392 -607.5731434952540440 -542.5904522613064955 -482.5834729201563391 -432.3997766610831945 -395.0907314349525450 -367.5924064768286144 -349.0480178671133444 -333.6817420435510826 -325.1130653266331478 -322.6957007258514523 -328.4790619765494171 -340.2730318257956696 -357.1342825237297802 -379.2741485203796969
-384.8644067796610102 -389.4515738498789119 -386.6065375302663369 -392.3523002421307524 -394.8486682808716637 -395.7118644067796822 -399.1610169491525539 -405.8753026634382763 -412.3111380145278417 -412.2348668280871493 -410.2021791767554646 -398.1295399515738609 -377.9406779661017026 -352.8922518159806145 -311.8123486682808903 -282.9043583535108723 -270.8583535108958813 -296.4104116222760013 -371.9842615012106535 -522.9564164648910491 -746.0835351089588130 -971.4503631961258634 -1125.1924939467312470 -1133.9733656174335010
-666.2890322580644806 -680.5000000000000000 -682.7909677419354466 -676.3006451612902765 -676.7412903225806531 -682.4935483870967801 -685.1296774193548345 -682.7825806451612607 -681.8400000000000318 -680.9090322580644852 -689.1709677419354421 -709.9083870967741632 -726.3877419354838594 -749.1974193548387575 -779.4019354838709432 -787.3148387096774741 -781.0864516129032609 -751.8909677419354693 -701.2174193548387393 -610.9129032258064171 -491.5703225806451542 -347.3825806451612834 -220.5277419354838742 -200.7800000000000011
240.7747169173567556 244.2195369274970460 247.0030420821362043 249.1875950650667448 249.8132499577488659 249.0545884738887992 248.9604529322291739 248.0552644921412764 248.8029406793983469 249.3873584586783920 249.5857698157850280 249.0086192327192975 249.0567855332093927 249.1480479972959188 250.3190806151766026 250.6788913300659090 249.9362852797025596 249.1706946087544452 249.7662666892006200 249.3369950988676749 249.7228325164779505 248.4432989690721740 245.4351867500422486 241.4404258914990749
-800.7169981916816823 -814.7118746232670219 -825.7833031946955771 -836.8004822182036833 -847.9957805907173451 -857.3767329716696395 -863.8487040385774662 -868.6332127787824220 -873.1965039180229269 -874.3465943339360820 -866.8649789029535668 -854.5437010247136413 -831.7977697408076665 -800.8369499698613936 -765.3685955394815892 -730.2561784207354094 -693.1983122362869381 -653.5518384569016916 -622.3722121760096115 -604.4421338155515286 -592.0563592525618333 -587.3794454490656562 -592.5241109101868915 -603.0409885473176246
-170.8170790103750960 -161.2799680766161146 -155.3819632881085511 -150.3733439744613065 -150.7979249800478954 -156.0662410215482794 -165.3974461292897047 -176.3422186751795664 -190.2207501995211487 -203.7519553072625627 -214.8596967278531622 -225.9232242617717361 -236.4440542697525984 -248.4924181963287992 -265.7939345570630394 -289.0964086193136495 -313.7082202713487504 -338.9961691939345769 -361.8367118914604816 -381.8849162011173348 -396.7541899441340547 -408.2178770949720388 -414.9399840383080686 -412.0384676775738058
-458.0205128205128062 -454.4017094017094109 -443.5589743589743534 -446.2478632478632221 -442.1880341880341803 -447.0512820512820440 -435.2495726495726558 -428.0700854700854734 -426.1230769230769511 -426.3350427350427481 -411.2700854700854620 -395.6700854700854961 -390.8495726495726217 -395.0888888888889028 -423.5264957264957388 -510.3196581196581292 -657.1572649572649425 -839.2495726495726558 -1056.1350427350428163 -1241.7572649572648515 -1370.9008547008547794 -1426.3247863247863734 -1412.0769230769230944 -1290.6324786324785237
-83.3343283582089498 -51.7920398009950276 -23.5537313432835838 -2.4452736318407959 12.0741293532338307 17.2393034825870650 15.3796019900497516 1.7512437810945274 -24.2512437810945265 -58.0517412935323378 -100.2223880597014869 -156.2796019900497413 -221.1741293532338375 -291.5970149253731165 -357.2044776119403195 -420.1547263681592312 -472.9975124378109399 -511.6014925373134474 -532.6582089552239268 -535.1407960199004492 -527.5990049751243305 -511.1641791044776255 -492.6208955223880821 -470.2626865671641667
-228.0557228915662620 -191.1927710843373518 -168.9367469879518069 -165.3493975903614341 -194.8268072289156692 -263.5933734939758892 -395.5933734939758892 -581.9066265060240539 -772.7289156626505928 -897.9081325301204970 -852.3659638554216826 -669.0873493975904012 -445.0451807228915868 -253.1912650602409656 -163.7786144578313383 -140.9111445783132410 -158.7153614457831452 -189.6731927710843308 -223.4954819277108413 -258.6596385542168832 -282.3795180722891587 -304.4879518072289102 -307.8900602409638623 -309.3524096385542066
-1158.7249999999999091 -1274.7249999999999091 -1377.5499999999999545 -1486.1749999999999545 -1593.0999999999999091 -1714.0750000000000455 -1889.4000000000000909 -2155.1750000000001819 -2181.9250000000001819 -2154.6999999999998181 -2073.4749999999999091 -1917.0250000000000909 -1941.4000000000000909 -1867.7500000000000000 -1836.0000000000000000 -1793.9000000000000909 -1763.1500000000000909 -1717.9249999999999545 -1629.7249999999999091 -1505.0750000000000455 -1334.3750000000000000 -1155.8499999999999091 -1039.4249999999999545 -969.7500000000000000
-204.5824493731919063 -185.6817743490838950 -156.8611378977820721 -125.4474445515911327 -93.6721311475409806 -69.5920925747348065 -64.8254580520732873 -90.6200578592092540 -139.5660559305689503 -225.3789778206364645 -351.3741562198649717 -503.5901639344262435 -661.7232401157184540 -796.7058823529412166 -885.0800385728061883 -914.7020250723239769 -900.8794599807135910 -877.5149469623914911 -846.8563162970106077 -811.5766634522661889 -769.5660559305689503 -737.3365477338476239 -686.1321118611379006 -643.2401157184185649
-68.5269486794073401 -43.2409276358170516 -6.4404122825853554 24.1200343568821118 34.1561090831007093 17.0631307708825410 -15.3725574404122831 -52.5061198196263703 -86.9308567747476957 -118.9561949753059906 -144.5930856774747610 -172.5464891561090894 -200.0307064633884409 -217.9527592870946933 -226.8638608546274327 -227.7487652995490635 -216.6085462744256063 -193.6736096199269923 -158.5209362250375875 -115.2407129053038375 -73.6214301052179536 -43.2140863216663078 -29.4187245007515585 -32.8196263689070236
-129.6262513904338221 -135.1768631813125694 -142.4591212458286975 -148.6095661846496228 -155.9218576195773096 -164.6996662958843274 -179.8776418242491673 -188.5330923248053523 -180.6585094549499502 -135.5297552836485124 -47.4260289210233594 52.0931590656284769 117.4746941045606263 110.4796996662958861 46.0203003337041139 -36.2082869855394875 -99.4646829810901068 -140.8353726362625196 -157.3743047830923274 -157.8859844271412669 -149.3971078976640854 -139.9799777530589608 -133.5002780867630747 -131.8617908787541637
-493.5171717171717205 -490.6020202020201850 -538.5363636363636033 -621.5767676767676448 -734.3010101010100925 -868.0414141414141795 -988.7626262626262132 -1096.4505050505049439 -1165.3616161616162117 -1189.8838383838383379 -1176.9141414141413406 -1137.2424242424242493 -1078.9959595959596754 -1009.2272727272727479 -945.2383838383838111 -890.3424242424242721 -844.3818181818181756 -800.1020202020201850 -774.4040404040404155 -761.8686868686868365 -758.1707070707070670 -758.4434343434343191 -760.1434343434343646 -760.0373737373737413
-880.3681043129388399 -879.8851554663991692 -878.6955867602808894 -882.6639919759277291 -887.8440320962888563 -895.1980942828485013 -907.8655967903711144 -924.5917753259778920 -947.9227683049147117 -976.7397191574724502 -1009.5315947843530466 -1044.5807422266800586 -1074.7111334002006515 -1092.4322968906719780 -1087.6349047141425217 -1051.2402206619858589 -994.6093279839518573 -928.5055165496489735 -856.3771313941825838 -785.8485456369107851 -736.0175526579739653 -702.9553660982949168 -682.2402206619859726 -691.8114343029087649
-536.4585152838427575 -555.2190684133915966 -578.6748544395924228 -598.6388282387190429 -606.2913027656477425 -587.3635371179038884 -549.5180131004366331 -502.1926855895196695 -457.6781295487627403 -422.5440320232896738 -392.4419577874817833 -370.3280567685589517 -353.8453420669578122 -341.6431950509461331 -331.0203784570596781 -323.9350436681222618 -319.9075691411936191 -321.1282751091703176 -332.8844614264920097 -350.4432314410480558 -374.3402474526928927 -402.1935953420669421 -428.0656841339155676 -441.3384279475982339
-72.3768790808321114 -70.6927165055423359 -69.6006478716404331 -69.1339272156703970 -68.2786354203573467 -67.0708103457002522 -66.3357797236422471 -66.2380928278584804 -66.4406539454370630 -66.3198866224629313 -66.8146479728703753 -66.9485245735688608 -66.6656374955711897 -66.6472642607683383 -66.2926557675760506 -65.8769043883180672 -65.0222199726679122 -64.1589310117932854 -63.2749405274080061 -62.9075264463228194 -62.5239661891987666 -62.4033000961684436 -63.1067975907273393 -65.0535506402793970
127.9496000000000038 150.4399999999999977 171.5519999999999925 180.6456000000000017 188.8943999999999903 199.8392000000000053 206.2152000000000100 195.9327999999999861 177.1544000000000096 157.8000000000000114 127.1008000000000067 85.6632000000000033 34.5688000000000031 -25.6023999999999994 -88.6320000000000050 -155.9071999999999889 -223.5391999999999939 -282.8808000000000220 -333.6272000000000162 -373.1152000000000157 -383.2400000000000091 -387.7799999999999727 -379.5224000000000046 -365.3303999999999974
-626.2952853598014826 -693.8064516129031745 -791.3200992555831590 -909.4342431761787111 -1041.5136476426798708 -1169.1290322580646261 -1270.1042183622828361 -1331.2977667493796616 -1330.1786600496277515 -1218.5384615384614335 -1033.7295285359800801 -773.0967741935484128 -502.1439205955334728 -303.5781637717121839 -142.8089330024813819 -63.2828784119106729 -40.1066997518610435 -35.2580645161290320 -55.0124069478908169 -103.6625310173697301 -139.6426799007444117 -172.9057071960297662 -224.2357320099255560 -257.4094292803970347
-321.6401953225391708 -332.1155230017990334 -335.5956052428681460 -334.5929067077872219 -327.2325880236443254 -315.9658185556412491 -305.3397584168594108 -293.8045489591364685 -279.9769982009765954 -261.1986635826265797 -240.8730403495245298 -219.3717553328193333 -198.0570547417116529 -178.2784631200205467 -161.0977897712670313 -148.3689282960678497 -138.9362631714212171 -131.1380107941403139 -125.8293497815471653 -124.8271652531482943 -125.1878694423027554 -126.4744281675661739 -128.7334875353379573 -133.7780776150089821
-893.0659750201450606 -894.0279008863819854 -894.3669419822723512 -895.2043714746172327 -896.2295527800160926 -898.9228444802578224 -900.3080177276390259 -901.3341055600321852 -901.6178485092667643 -902.9066277195810244 -902.8463940370668297 -902.9478243352135678 -902.8810435132957082 -903.8141619661563482 -903.1030419016922224 -903.0479452054794365 -903.0635576148267774 -902.6542103142627411 -903.5397864625301736 -905.1406124093473409 -905.6888597904915059 -906.2486905721192443 -905.3986704270749897 -903.6389000805801288
-223.4318964329982009 -218.5993664784464841 -220.5069549648808618 -225.5185236193361789 -229.9674975898636546 -236.1368957443878287 -246.2864619198457490 -260.0429692879768595 -279.0132213193775215 -301.2123674425010336 -322.9523481614102707 -340.9307257953449835 -356.5490979203966617 -367.8984988293623246 -375.5696185098471460 -380.2167745489601884 -380.8950557774411436 -379.8920258917504498 -374.5496488087040348 -366.7846026718082726 -356.6018454758297480 -344.8022310976449489 -332.5787081669191707 -323.3938851397879262
-335.7735567970204897 -350.2577281191806264 -358.4316573556797039 -362.2335195530726537 -364.2711359404096925 -361.6648044692737471 -356.4141527001862073 -350.6186219739292369 -338.0428305400372437 -325.1605214152700114 -306.1329608938547722 -278.5739292364990547 -241.8119180633147209 -198.0458100558659282 -142.0096834264431891 -79.7121042830540034 -17.5448789571694590 38.4957169459962785 80.6759776536312785 107.6562383612662899 111.9675977653631236 99.6729981378026082 74.7180633147113582 43.5329608938547494
-250.1481173864894743 -251.8253045404208308 -218.3499446290144022 -145.0179955703211476 -40.5249169435215961 57.6389811738648916 100.3920265780730858 65.6065891472868259 -3.6661129568106312 -64.4465669988925782 -105.1805094130675542 -126.0096899224806180 -130.4083610188261275 -129.0310077519379774 -130.6492248062015449 -139.0301771871539245 -151.4952934662236999 -165.4327242524916812 -181.8839977851605738 -193.6420265780730858 -197.1276301218161677 -188.2746400885935714 -173.5672757475083188 -163.1032668881506140
-369.3739172281039487 -357.4210779595765075 -351.1366698748797148 -346.3508180943214825 -341.9018286814244334 -334.5245428296439059 -326.0967276227141269 -315.6977863330125160 -302.6256015399422381 -287.1366698748797148 -287.3537054860442481 -295.6564003849855453 -330.1780558229066287 -386.2295476419634497 -465.0404234841193443 -569.4797882579402994 -669.6799807507218247 -712.3176130895091092 -659.5202117420597006 -528.1077959576515468 -403.2098171318575623 -321.5563041385947827 -292.9975938402309907 -300.2555341674687384
-731.8339264531435902 -733.3060498220640966 -725.2977461447212590 -710.1725978647687043 -690.7906287069988593 -654.2301304863582345 -605.7615658362989279 -555.0604982206406248 -498.4300118623962135 -461.1975088967971601 -440.5065243179122376 -472.9934756820877624 -545.9033214709371578 -633.2627520759193658 -716.7876631079477647 -800.3718861209964643 -858.5000000000000000 -882.0154211150652372 -873.0427046263345119 -849.1814946619217608 -822.3766310794781020 -791.3291814946619525 -768.4430604982206887 -750.2556346381969661
143.1993525762071897 161.5907742109522474 95.5875370919881249 -0.1362287564067980 -79.6236849204208283 -133.9357971405449064 -157.5716212570812047 -162.8707850013487928 -160.7785271108713232 -156.2239007283517651 -151.0029673590504444 -147.5578635014836664 -144.0601564607499370 -142.8527110871324624 -145.6676557863501387 -143.0860534124629169 -133.8214189371459497 -118.5055300782303789 -106.8554086862692145 -101.0075532775829572 -102.1327218775289936 -109.6131642837874267 -121.4167790666306956 -127.6080388454275720
-218.8298355076574069 -194.7175269427112880 -123.8167895632444697 -27.8990357345433928 79.6874645490640887 179.0947249007373898 243.3159387407827694 257.2047646057856127 228.7220646625070799 178.4583096993760591 122.4509359047078902 73.4435621100397071 34.6364152013613165 12.1730005672149737 -2.4049914917753830 -11.9188882586500284 -13.4486670448099837 -13.5791264889393073 -12.3255813953488378 -5.7339761769710718 4.5195689166193986 14.3953488372093030 18.2081678956324460 13.2677254679523546
-140.4680851063829721 -141.8446808510638277 -139.4765957446808500 -132.8776595744680833 -129.5329787234042556 -134.4627659574468055 -138.3319148936170109 -144.7031914893617000 -145.4361702127659441 -146.1872340425532002 -136.1234042553191443 -109.2170212765957444 -67.6202127659574472 -12.9744680851063823 56.7734042553191500 131.4510638297872447 207.4223404255319281 273.5382978723404221 340.7691489361702111 391.3372340425531775 417.3808510638297662 425.7053191489361552 411.3361702127659782 364.9468085106382773
-928.3571007660577834 -906.8703594578668117 -870.4401885680613304 -831.1526222746022086 -789.8662345315261746 -757.7130229817324789 -737.4401885680613304 -731.5898644667059898 -746.1225692398350020 -775.9552150854449337 -822.4531526222746152 -877.6865055981143087 -933.5845609899823785 -985.9163229228049659 -1039.0795521508543970 -1087.4390100176783562 -1119.4578668238066257 -1125.4036535061873110 -1109.0689451974071744 -1065.2639952857985008 -1012.0542133176193147 -950.4843842074249096 -893.5780789628756793 -846.7377725397760742
-119.6583407671721631 -120.9250669045495101 -128.6752899197145439 -133.6369313113291639 -137.1052631578947398 -141.7760927743086654 -144.5040142729705508 -144.5557537912578141 -141.6413916146297822 -135.6074933095450490 -124.7065120428189147 -112.5450490633363074 -100.5396966993755541 -81.8519179304192619 -75.9803746654772567 -82.8537020517395177 -114.3782337198929469 -180.6592328278322839 -283.5227475468331590 -421.9455842997323884 -587.2827832292596213 -746.0044603033006752 -841.1864406779660612 -829.7457627118643586
