148.8803106441297359 188.8095020557332191 479.4550022841480086 -592.7939698492461957 -1267.7729556875285652 -210.2092279579716774 59.7761534947464597 -106.0000000000000000 9.8684330744632245 -36.6870717222476017 -2.0383736866148925 0.9689355870260393 -6.3896756509821833 5.5783462768387393 -2.5714938328003654 8.1676564641388758 5.9314755596162634 -4.8524440383736867 0.4970306075833714 -2.5162174508908177 -14.4248515303791685 -14.0488807674737330 -20.2731841023298323 -37.7825491091822769
-69.9078278549644239 -35.4151135208403929 -23.5340562521179244 -16.9847509318874970 -16.3236191121653675 -12.1460521856997623 1.1880718400542190 11.6360555743815652 20.7028126058963053 16.5879362927821070 19.7573703829210423 -1.8017621145374449 -29.1572348356489321 -32.7963402236529973 -261.1084378176889231 -702.7993900372755434 -1114.9274822094205319 -593.9549305320230133 783.6994239240934803 1200.1860386309724618 856.6472382243307493 581.9535750593018975 195.9942392409352863 -84.0928498813961340
-5.7426900584795320 -6.9749373433583957 -12.0676691729323302 -18.9005847953216382 -25.9624060150375939 -39.3625730994152079 -58.7426900584795320 -218.2773600668337508 -666.9540517961570458 -921.2740183792815287 -246.9507101086048522 775.9732664995823370 1092.1487050960736269 891.1988304093566740 615.1921470342523435 287.8788638262322479 -22.1461988304093573 -278.3767752715120878 -583.0100250626566094 -836.8379281537175984 -852.1311612364244183 -92.5597326649958205 1441.7443609022557212 1594.1829573934837754
-37.3390201224846905 -103.5695538057742766 -67.1513560804899328 -49.1255468066491687 -34.1382327209098833 -19.6964129483814538 -16.4632545931758543 -10.3070866141732278 -10.2200349956255465 -5.1076115485564308 -3.8092738407699036 4.7344706911636045 12.2410323709536311 -1.3289588801399825 -0.5118110236220472 1.8342082239720034 8.2878390201224850 7.5109361329833773 -28.0879265091863530 -123.3346456692913335 -770.6006124234470462 -1370.2707786526684686 -513.8578302712161303 617.1806649168853482
-7.4241809220063786 -27.6222093360394325 -29.2006378660481296 -33.8025514641925184 -27.6967236880255143 -16.4598434328790937 -13.9069295447955934 -10.5758190779936214 -10.4062046970136279 -8.3989562191939697 -6.1667149898521307 -0.4523050159466512 0.4859379530298638 -5.1249637576109013 -9.6830965497245582 -24.6155407364453467 -7.2389098289359231 -16.6343867787764559 11.9446216294578136 38.5894462162945757 25.2058567700782845 177.9443316903450238 -389.8092200637865972 -1085.3879385329080378
-18.3279642247180163 -19.5852257982752072 -20.4541342538669042 -20.5683550491548033 -20.3272128713767586 -20.2423340836808485 -20.2127899047078792 -19.7834925558687047 -19.6596821986590307 -19.8679277735197743 -20.0235031774099141 -20.3494215484517298 -21.1548723302816519 -21.7006505693990981 -21.0553587485893274 -20.0422990808745887 -20.1720357752819837 -20.7139908630605731 -20.4816567190300596 -20.6301199147862704 -20.8255260982130466 -19.8387909547920636 -20.6052166251259798 -22.6411880435241777
-634.9237113402061823 -949.4185567010309796 -1087.2474226804124555 1088.5134020618556860 3219.8288659793815896 2467.5938144329898023 1785.5567010309277975 541.7711340206185469 -823.8288659793814759 -316.6371134020618570 -42.3237113402061880 -87.5154639175257785 9.7731958762886606 -50.5731958762886578 -10.6144329896907212 -30.7608247422680421 -48.3113402061855695 -8.0886597938144327 14.0680412371134018 18.2618556701030919 -1.4804123711340207 -6.1979381443298971 4.2000000000000002 12.4103092783505158
-30.4271604938271594 -58.2296296296296276 -46.3111111111111100 -100.1925925925925895 -185.3876543209876502 -209.7703703703703582 -94.9308641975308660 101.0123456790123413 243.0395061728395092 295.2049382716049308 256.9382716049382793 161.6074074074074076 100.6469135802469168 47.6864197530864189 -119.5999999999999943 -85.7703703703703724 -210.2716049382715937 8.1999999999999993 330.3506172839506121 92.6345679012345613 1160.6543209876542733 -560.9728395061728179 -3272.7086419753086375 -948.4938271604938791
-84.7764633897613749 -99.5284519681827504 -93.6169692025290630 6.4336120742402612 237.7907403630430281 514.1468488680400242 557.2429125025494159 104.5725066285947378 -282.4289210687334162 -175.0626147256781451 -70.5771976341015659 -67.8415255965735327 -24.3089944931674502 -18.0438507036508256 -11.7844177034468700 -9.2104833775239641 -14.1605139710381405 -10.7836018764022032 -5.9314705282480116 -1.7913522333265348 -4.3308178666122785 -7.3271466449112790 -9.7581072812563736 -10.8268407097695292
97.3076923076923066 103.5788461538461576 89.4759615384615330 54.5798076923076891 15.9365384615384613 0.4932692307692308 -81.1413461538461576 -39.5644230769230774 -86.4663461538461604 14.8057692307692310 253.0250000000000057 86.1269230769230774 673.5471153846153811 -375.7721153846154039 -2313.8855769230767692 -838.5721153846153584 212.9153846153846246 -209.4028846153846075 66.7153846153846217 32.1701923076923109 21.7759615384615373 54.9519230769230802 -2.2192307692307693 18.7317307692307686
-1014.8605714285714612 -1010.7325714285714184 -27.1211428571428570 789.9222857142857492 997.0399999999999636 810.6331428571428432 415.4377142857142644 75.7222857142857180 -227.4217142857142733 -598.1977142857142553 -946.8479999999999563 -1199.0868571428570704 228.8605714285714328 2249.7188571428573596 2034.3199999999999363 1459.1245714285714712 519.1942857142856838 -803.8731428571428523 -482.2548571428571336 -89.3977142857142866 -107.5748571428571410 16.1600000000000001 -18.2537142857142847 11.6708571428571428
-137.1572629051620709 -438.5246098439375828 -868.3181272509003747 -1027.3097238895559258 -602.2256902761104129 1662.7659063625449107 2758.8931572629053335 -515.2653061224490330 -1925.3709483793518302 -466.9639855942376698 -315.2196878751500435 -211.8775510204081627 -11.1872749099639854 -73.6278511404561868 3.9795918367346941 -24.1260504201680668 -3.5630252100840338 21.9735894357743113 17.1404561824729882 17.3529411764705870 3.8139255702280912 -4.2076830732292914 -11.7731092436974798 -31.7082833133253317
40.7109111361079883 106.5793025871765991 111.4015748031496003 102.5376827896512992 63.5950506186726656 29.2924634420697423 19.5950506186726656 -68.9583802024746859 -28.4083239595050614 -86.3532058492688464 15.9662542182227227 249.1349831271091091 76.9538807649043832 705.9651293588301542 -484.3723284589426044 -2531.3948256467942883 -916.4218222722159908 173.0641169853768417 -231.0393700787401485 85.7435320584926899 29.7907761529808788 24.3318335208098979 53.2137232845894275 -13.1282339707536551
139.4133725820016707 155.8195962994112733 126.7056349873843573 62.6753574432296077 -24.4167367535744333 -101.9095878889823439 -235.3103448275862206 -474.2119428090832685 -659.4486963835155393 -421.4638351555929603 380.0513036164844607 1071.9566862910007785 1064.6387720773759611 645.0025231286795133 276.3708999158957340 53.1703111858704816 -125.3633305298570235 -228.9680403700588727 -225.6379310344827616 -154.3338940285954664 -62.7926829268292650 3.6505466778805720 54.7809083263246421 59.3965517241379288
-193.4913941480206461 -143.9909638554216826 -103.5520654044750444 -61.2370912220309833 -26.5813253012048207 -20.5176419965576606 -16.3261617900172133 -19.2560240963855414 -16.1290877796901881 8.3489672977624778 21.1901893287435463 17.6703958691910508 4.8820998278829606 17.0447504302925985 -1.8820998278829604 -27.5563683304647142 -34.7271944922547320 -317.9716006884681860 -845.6699655765920625 -1286.9130808950085338 -678.3644578313253533 773.4027538726334114 1155.9040447504303302 767.3971600688468016
-70.4676569238140900 -64.1998083373263029 97.9774796358409219 103.7177767129851418 437.4753234307618754 242.6018207954001014 -1045.9990416866314717 -827.4058457115477268 69.9286056540488801 -58.5016770483948250 -37.2467656923814090 19.8279827503593680 -26.9381887877335906 14.0421657882127455 -9.0397700047915670 -2.3047436511739341 -1.8821274556780068 -3.4964063248682318 6.8667944417824627 2.3818878773358887 -6.3253473885960707 -7.8049832295160515 -8.2194537613799721 -9.2942022041207473
-224.2698412698412653 -738.7947845804989129 -952.5170068027210846 -388.3877551020408418 413.2414965986394577 934.0612244897959044 914.4160997732426495 589.6768707482992795 204.7777777777777715 -124.1530612244897895 -437.9603174603174693 -886.5952380952380736 -1089.2732426303855391 -543.8231292517007205 1748.3526077097506004 2598.0102040816327644 -594.8253968253968651 -1909.3866213151927695 -548.9886621315192770 -318.1201814058956643 -185.3866213151927411 -6.8730158730158726 -69.2120181405895636 -2.4036281179138324
-37.5191570881226042 -53.1522988505747094 -89.4789272030651404 -301.0756704980842642 -740.2030651340995746 -723.3160919540230225 98.9070881226053586 870.5756704980842642 1008.5124521072797279 791.0871647509578679 503.9262452107279842 210.3687739463601645 -76.5900383141762404 -344.0498084291187979 -601.0162835249042246 -810.0249042145593421 -643.5057471264367450 198.0421455938697193 1251.7136015325670542 1487.5727969348658917 476.9022988505747094 -517.8093869731800396 -485.5363984674329458 -243.9137931034482847
-25.3448275862068968 -37.0893997445721553 -50.6232439335887605 -120.8033205619412485 -623.0038314176244967 -1064.5031928480204897 -746.5619412515964086 69.3077905491698658 857.1111111111110858 998.0893997445721197 678.3614303959132030 299.3346104725414989 -50.4240102171136684 -361.5376756066411303 -788.0727969348658917 -1067.8582375478927133 -807.0459770114943012 1437.7228607918264061 2914.4329501915708533 82.7151979565772706 -1592.0574712643679050 -501.4406130268199036 -337.2707535121328419 -225.3946360153256592
-15.1286627276015917 -15.6224526709272880 -17.9606897383335351 -17.0968286506692380 -16.7079464608706125 -18.2316411431327623 -19.1078017605209212 -16.2416495839864936 -11.7414687085493785 -5.9233088146629687 -3.8106837091522969 -7.0957433980465456 -10.6393343783914140 -16.2995297238635004 -23.6090678885807321 -32.6018328710961072 -55.8565054865549229 -89.1264922223562053 -123.1840106113589712 -151.7484625587845244 -95.6401784637646273 79.2277824671409689 339.6874472446641562 462.0331604968045554
-2.0312500000000000 -17.1358695652173907 -31.8111413043478244 -26.3342391304347814 -47.1222826086956488 -56.8111413043478279 -226.9714673913043441 -798.4375000000000000 -1023.8301630434782510 -429.2894021739130608 446.7513586956521863 1013.8002717391303804 944.0923913043478706 560.9279891304347530 153.9932065217391255 -166.8260869565217490 -527.0040760869565020 -988.6820652173912549 -1167.5706521739130039 -239.8831521739130324 2344.3614130434784784 2219.8125000000000000 -1330.6372282608695059 -1882.9728260869565020
7.4689440993788816 17.7515527950310563 36.6568322981366492 54.9565217391304373 55.9813664596273313 33.0388198757763973 -24.0357142857142847 -128.4223602484472053 -295.1273291925465969 -529.6972049689441064 -769.5031055900620913 -870.8618012422359698 -702.9161490683229658 -282.1785714285714448 225.0559006211180133 612.2577639751552852 848.2810559006211406 998.5931677018633081 1017.9549689440993916 961.0372670807453233 872.1925465838509126 710.1413043478261216 581.7422360248447148 416.7593167701863308
-13.9218750000000000 -9.5919117647058822 -8.6047794117647065 2.2026654411764706 7.9080882352941178 4.9742647058823533 -5.3754595588235290 -5.9806985294117645 -11.7178308823529420 -32.7389705882352970 -2.7876838235294117 -179.6704963235294201 -715.9618566176470722 -1253.1999080882353610 -781.4852941176470722 665.9191176470587834 1235.6263786764704946 916.2964154411764639 630.0914522058823195 244.0363051470588118 -106.5243566176470580 -417.6553308823529278 -804.3648897058823195 -1025.1590073529412166
-147.5342237061769595 -129.2637729549248888 -65.9449081803005015 40.6978297161936595 138.9248747913188708 188.6076794657763003 175.1419031719532597 103.9565943238731194 53.8864774624373979 18.9048414023372295 -90.8731218697829775 -59.6043405676126881 -148.6627712854757988 75.0350584307178679 267.1803005008347327 144.5141903171953288 897.5158597662771172 -965.8297161936560542 -2962.4223706176962878 -685.9198664440734774 201.4874791318864879 -246.5208681135225390 126.2954924874791374 -22.4490818030050079
3280.6610169491523266 3209.7627118644068105 2415.0677966101693528 1430.4237288135593644 595.9661016949152099 254.6949152542372872 -76.3898305084745743 -656.0677966101694665 -1083.6779661016948921 -1428.6440677966102157 -1819.5423728813559592 -1873.4237288135593644 -1376.9322033898304198 -653.6779661016948921 -113.2881355932203320 280.6440677966101589 655.4067796610169125 1009.2711864406779796 1800.3220338983051079 2942.9491525423727580 3737.4067796610170262 4001.4067796610170262 3634.0508474576272420 2569.5593220338982974
87.6834600760456340 89.4049429657794690 57.7661596958174925 18.3336501901140672 5.6825095057034218 -72.4705323193916371 -29.5389733840304167 -74.1758555133079795 22.4904942965779462 254.4610266159695868 66.1758555133079795 611.6045627376425955 -411.6644486692015334 -2335.1121673003804062 -896.3650190114068437 204.8269961977186426 -181.6102661596958114 71.5817490494296607 36.0000000000000000 24.0361216730038016 66.1321292775665341 14.8650190114068437 34.8070342205323229 30.9477186311787058
-135.1406858924395920 -115.0218238503507422 -73.1800467653936124 -35.3912704598597045 -20.6578332034294618 -14.6009353078721738 -7.6773187840997661 -1.9162120031176928 0.1652377240841777 1.3460639127045986 0.9563522992985191 -8.7295401402961801 6.2486360093530786 -9.0097427903351512 -26.6699142634450510 -26.5463756819953218 -293.3168355416991631 -786.6683554169914032 -1221.2318784099766162 -607.4130943102104538 834.5452065471550895 1161.9937646141854657 783.9395946999220541 535.6052221356196696
-19.0597964376590348 -20.9107597237368239 -22.2041075972373676 -20.7175572519083957 -15.4996364958197024 -6.3704107597237369 0.5663395129043984 4.9801890221737546 2.4620138131588511 -2.4940021810250816 -8.7626317702653580 -19.1417666303162477 -36.2719011268629572 -57.0210832424572871 -85.0668847691748482 -138.3069792802617144 -179.1401308615049004 -159.1739367502726168 -8.3042529989094866 327.4503816793892952 610.0223555070883776 539.6788440567066800 238.4332969829152944 6.1379498364231191
877.3704433497537138 908.7763546798029211 596.3369458128079259 225.4650246305418761 -105.8798029556650278 -402.7527093596058876 -842.0669950738915759 -1054.6492610837437951 -686.5093596059112997 1364.7635467980296653 2700.0571428571429351 -117.5142857142857196 -1854.2226600985220557 -610.9192118226601451 -316.4157635467980185 -234.5694581280788213 -8.3931034482758626 -70.5724137931034505 5.3940886699507393 -12.6216748768472904 -12.6995073891625623 16.6078817733990149 10.8256157635467982 8.8719211822660107
-12.9865319865319861 -8.5574795574795584 5.3116883116883118 9.1038961038961030 6.7763347763347763 1.3448773448773448 -4.1895141895141892 -12.9427609427609429 -29.4482924482924489 -14.6950456950456942 -134.1361231361231319 -605.2741702741702738 -1175.9942279942279129 -721.2049062049062513 688.7667147667148129 1222.4189514189513375 938.6349206349206042 678.2770562770563174 300.9028379028379163 -17.2429052429052412 -313.9894179894179729 -651.2741702741702738 -949.9187109187108717 -670.2770562770563174
-81.4929742388758740 -269.8770491803278446 -786.9496487119438370 -929.5913348946136239 -325.8407494145199053 480.1451990632318712 961.6861826697892184 882.4156908665105448 541.7927400468383894 153.1733021077283468 -158.7751756440281099 -497.2997658079625012 -939.9789227166276078 -1098.0011709601874372 -282.7377049180327617 2209.1416861826696731 2299.3946135831383799 -1145.8021077283372051 -1760.9426229508196684 -424.2763466042154619 -330.3758782201405211 -129.6170960187353671 -32.2622950819672099 -55.6323185011709569
-6.6594533029612757 -27.6879271070615047 -34.4111617312072866 -45.6640091116173110 -63.6025056947608221 -230.3189066059225638 -764.6116173120728945 -976.0558086560364472 -393.6571753986332851 425.9886104783599308 958.2425968109339465 925.9829157175398677 582.6628701594532913 192.5683371298405575 -122.5797266514806410 -443.2471526195899969 -894.0603644646924977 -1079.6059225512528883 -516.9020501138952568 1769.4840546697039372 2440.0444191343963212 -736.0102505694760566 -1828.6981776765376253 -532.5455580865603906
-24.8698979591836746 -27.6900510204081627 -38.0459183673469354 -41.9017857142857153 -125.0178571428571388 -669.5395408163265074 -1098.5510204081633674 -697.8086734693877133 178.7525510204081627 912.3239795918367463 994.2589285714285552 675.5829081632653015 285.2525510204081911 -73.7500000000000000 -383.6645408163265074 -846.2436224489796359 -1112.0446428571428896 -736.3877551020408418 1514.3507653061224119 2806.4910714285715585 -232.7397959183673493 -1955.1135204081633674 -688.9846938775509670 -344.8903061224489761
227.1212938005390924 91.9101527403414167 -33.0031446540880538 -178.5548068283917473 -425.5840071877807986 -696.3629829290206317 -708.9973045822102904 103.8634321653189545 1123.4550763701706728 1147.9348607367476234 640.9330637915543321 220.1752021563342225 -53.3548966756513892 -136.3140161725067401 -192.2771787960467123 -201.3009883198562306 -129.6540880503144706 -46.6329739442946973 -3.0444743935309972 54.3805031446540852 100.0049415992812243 36.5323450134770908 -2.1621743036837375 -3.4775381850853551
1.1003134796238245 4.9435736677115987 9.0932601880877737 9.7954545454545450 -9.7711598746081503 -27.5603448275862064 -27.3197492163009414 -30.3636363636363633 -53.4451410658307182 -483.5768025078369874 -1133.2139498432602522 -978.7750783699059411 37.1536050156739819 904.0689655172413950 1039.9702194357366807 749.8628526645768488 340.0626959247649097 -3.5721003134796239 -334.2586206896551744 -709.9326018808777690 -1096.7805642633229581 -1101.1959247648903784 1136.4067398119123027 2910.6332288401254118
1.2309644670050761 4.2677664974619294 -0.0253807106598985 -23.7474619289340119 -26.5012690355329958 -41.1116751269035561 -47.6941624365482255 -294.8439086294416143 -866.5228426395939323 -949.8819796954314825 -347.1421319796954208 463.8324873096446481 997.3274111675126505 901.3451776649745852 526.2373096446700629 121.4454314720812249 -156.4340101522842588 -549.5076142131979395 -923.9936548223349746 -1079.6941624365481402 -169.7296954314720949 2466.1560913705584426 1653.8832487309643966 -1676.8730964467004014
-216.2502951593860701 524.4061393152302344 973.2384887839433532 860.7827626918535771 527.8524203069657688 130.8193624557260932 -179.8347107438016508 -513.3978748524202729 -948.2243211334119906 -1068.2739079102716460 -296.0602125147579500 2137.3636363636364877 2178.1641086186541543 -1325.4675324675324646 -1843.4344746162928459 -418.2916174734356787 -341.3234946871310740 -124.7626918536009413 -24.4793388429752063 -58.0000000000000000 1.1180637544273908 -29.5903187721369534 13.3057851239669418 30.7213695395513575
2566.3445887445886910 -1.8406926406926407 -1158.0216450216450994 29.9670995670995666 -211.4753246753246856 -178.5601731601731501 23.5307359307359292 -69.5359307359307337 26.6562770562770552 -13.3428571428571434 -0.3454545454545455 17.4380952380952365 1.3965367965367965 8.4095238095238098 2.5956709956709956 -6.5255411255411255 -7.5463203463203463 -23.3870129870129873 -49.2000000000000028 -101.5601731601731643 -204.2155844155844022 -329.8069264069263795 -383.1047619047619150 -232.4735930735930651
-3610.3996282527882613 -2069.3327137546466474 32.5520446096654297 -256.6022304832713985 -1.6821561338289963 9.9553903345724901 -37.0055762081784394 50.9293680297397771 -1.1672862453531598 48.6189591078066883 41.2286245353159870 45.8847583643122690 46.4944237918215606 16.1059479553903344 -4.8475836431226762 -16.0947955390334556 -30.8252788104089213 -107.9144981412639339 -252.3680297397769436 -423.7546468401487232 -406.2397769516728658 -54.8122676579925638 268.0669144981412728 421.6802973977694933
-2096.7566024268380716 -120.0399714489650194 175.7109207708779479 -214.7094932191292003 76.8822269807280492 -39.9785867237687356 10.5546038543897218 16.4296930763740185 -3.7994289793004996 33.0927908636688102 14.3654532476802288 26.6174161313347604 24.1834403997144882 -1.4867951463240543 -1.6131334760885081 -9.1156316916488223 -31.9693076374018545 -32.9207708779443280 -37.4468236973590294 -74.6630977872947881 -132.8708065667380538 -174.8101356174161367 -122.3233404710920809 -1.6902212705210564
58.3478260869565233 14.2099907493061988 -92.1026827012025961 -64.8889916743755748 -137.8168362627197041 -8.2627197039777975 258.1905642923219375 122.9222941720629052 708.9565217391303804 -418.6327474560591781 -2312.0397779833488130 -809.8760407030526949 193.9306197964847343 -207.3339500462534772 41.8982423681776126 -16.7058279370952825 -12.8501387604070310 24.0166512488436616 -17.8011100832562441 14.7742830712303430 -7.0573543015726177 0.1036077705827937 2.9602220166512487 1.0832562442183165
-74.7774798927613915 -69.2332439678284146 -125.7104557640750642 -255.6648793565683775 -418.5361930294906188 -385.2707774798927858 -39.8632707774798902 397.3243967828418022 645.8498659517425722 639.7935656836460794 490.7131367292225264 283.6890080428954661 -60.6005361930294910 -255.8820375335120616 -531.2761394101876249 -674.0616621983914456 -179.9919571045576276 211.4155495978552324 1701.5120643431635017 555.1420911528150555 -3458.3565683646111211 -2196.4048257372655826 106.6863270777479897 -326.3780160857908754
478.0611353711790343 942.4770742358078905 889.0764192139738498 565.5054585152838627 171.2816593886462897 -146.4181222707423444 -457.7914847161571856 -898.2936681222707875 -1058.5917030567686652 -526.8340611353711438 1751.2434497816593648 2509.3810043668122489 -749.7085152838427575 -1910.1080786026200258 -507.3777292576419313 -329.6157205240174903 -183.6768558951964962 -15.1462882096069862 -65.4399563318777240 -2.2052401746724892 -27.4126637554585137 6.8984716157205241 32.3602620087336277 25.3024017467248896
-954.1237499999999727 -445.9262499999999818 1912.9287500000000364 2531.9825000000000728 -884.9662499999999454 -1812.1199999999998909 -373.9662500000000023 -325.5799999999999841 -163.4975000000000023 -17.2662499999999994 -60.8849999999999980 15.9487500000000004 -20.6262499999999989 5.0112500000000004 14.6862499999999994 9.0099999999999998 9.0262499999999992 1.8100000000000001 -1.3750000000000000 -7.9500000000000002 -23.8750000000000000 -51.8412500000000023 -85.9099999999999966 -203.4749999999999943
5.0068965517241377 0.4017241379310345 -27.4051724137931032 -14.2982758620689658 -42.2155172413793096 -21.5741379310344819 -274.8344827586207089 -1015.0689655172413950 -1112.5499999999999545 -223.3344827586206804 622.3758620689654890 941.1017241379310008 784.2293103448275815 375.9103448275861865 59.0258620689655160 -264.2862068965517324 -624.3396551724138135 -962.7258620689655118 -1188.4310344827586050 828.6706896551723958 3113.6189655172415769 2141.4982758620690220 1253.8241379310345565 653.3793103448275588
458.9643157010914933 -810.6036943744752534 -967.0277078085642870 -43.9298908480268651 -25.8081444164567593 -63.2422334172963900 17.5453400503778347 -30.4139378673383725 8.3354324097397150 -8.8484466834592777 -5.8790931989924431 3.0457598656591101 -2.6662468513853903 9.7397145256087327 3.0491183879093198 -7.9076406381192275 -1.1847187237615449 -5.1889168765743072 -14.5881612090680104 -16.3702770780856426 -26.8912678421494533 -37.3224181360201541 -53.7514693534844668 -69.5264483627204015
759.9976359338061229 916.3841607565011600 693.5413711583923941 308.3002364066193763 12.5780141843971638 -323.0319148936169995 -648.4905437352246054 -1004.9787234042553337 -1087.6134751773049629 900.9113475177305190 2614.7115839243497248 1922.1252955082741209 1339.6867612293144703 174.8936170212765830 -832.8841607565011600 -278.6737588652482032 -86.1075650118203271 -85.0567375886524815 13.5874704491725762 -32.7777777777777786 18.3085106382978715 7.8617021276595747 -1.0780141843971631 17.7765957446808507
-1187.4939485627837712 -1949.2178517397881023 -468.7133131618759307 -84.0960665658093802 -176.6633888048411620 23.2420574886535540 -24.9493192133131636 27.7791225416036305 27.2677760968229954 14.8903177004538581 34.9538577912254169 28.6936459909228425 48.9561270801815454 54.8245083207261743 18.0484114977307115 1.1006051437216340 -3.9841149773071103 -25.8918305597579419 -31.2344931921331330 -41.3078668683812396 -81.4848714069591580 -152.0022692889561142 -185.8245083207261814 -96.0030257186081712
3.2830930537352554 -17.2739187418086502 -21.5412844036697244 -41.5032765399737897 -48.8217562254259505 -427.7706422018348462 -1094.5294888597641147 -885.9095674967234118 133.5923984272608038 824.0681520314548152 958.4102228047182734 733.9108781127130214 331.5203145478374722 27.1258191349934457 -298.6435124508519152 -642.6382699868938744 -996.0956749672345723 -1137.5806028833551409 786.5190039318479194 2710.0445609436433188 2002.7758846657930007 1304.7719528178242854 314.4901703800786095 -764.3984272608125821
-359.4586288416075490 -637.0992907801418141 -236.2127659574468055 40.2340425531914860 1370.5035460992908156 1422.9621749408984215 -2773.7966903073283902 -3057.0141843971632625 -202.0614657210401788 -228.2482269503546206 -137.9598108747044876 54.9669030732860548 -102.7990543735224520 20.5011820330969279 -25.6713947990543723 29.1749408983451524 53.8794326241134769 36.1182033096926745 27.9621749408983469 20.5460992907801412 10.6784869976359342 -20.4184397163120579 -34.1276595744680833 -44.1371158392434992
-26.3593406593406598 59.7659340659340685 114.0703296703296701 138.0769230769230660 122.4208791208791212 68.0835164835164903 30.4296703296703299 9.8010989010989018 -85.7999999999999972 -54.3637362637362642 -111.2010989010989022 16.9120879120879124 248.2835164835164790 111.2461538461538453 763.2395604395604778 -506.3626373626373720 -2510.7406593406594766 -830.8373626373626166 193.5175824175824175 -225.4076923076923151 96.9681318681318629 25.3340659340659329 19.8549450549450555 42.2934065934065941
-73.9093851132686126 -141.1715210355987153 -186.2459546925566372 -219.4886731391585784 -96.2491909385113331 86.5404530744336569 213.6925566343041965 313.5501618122977447 312.4142394822006281 267.2265372168284898 196.1165048543689409 -64.9902912621359263 -88.7411003236245932 -225.0809061488673137 -170.0614886731391664 294.7993527508090779 144.5566343042071082 1046.4757281553397661 -714.4498381877023121 -4005.5987055016180420 -1610.0938511326860407 281.0194174757281758 -325.3818770226537254 111.5177993527508136
403.5136116152449972 -3320.3030852994556881 -2021.4192377495462551 115.4301270417422813 -302.8475499092559176 2.0562613430127041 25.8402903811252251 -49.2196007259528159 50.4174228675136149 -2.7277676950998186 59.9382940108892939 50.1978221415607990 43.9854809437386578 42.4573502722323042 17.3085299455535377 0.4537205081669691 -27.8239564428312143 -43.0544464609800386 -62.0889292196007290 -166.3448275862068897 -336.0471869328493426 -365.0762250453720412 -120.1560798548094340 135.9292196007259577
30.5806159420289845 105.7708333333333286 109.6485507246376869 97.3301630434782652 67.8428442028985472 17.4968297101449259 -41.8419384057971016 -99.6598731884057969 -285.6562500000000000 -624.4583333333333712 -796.7332427536232444 -194.7998188405797180 865.1947463768116222 1196.0733695652174902 869.1046195652173765 497.3509963768116222 177.0865036231884062 -49.0149456521739140 -221.8940217391304373 -344.5135869565217490 -379.0326086956521863 -311.4832427536231876 -122.6671195652173907 243.3822463768115938
-25.7672462142456524 -15.8951205832865963 1.1104879416713405 15.3595064498037015 16.9220415030846887 18.2198541783510919 23.1132922041503086 13.3438025799214799 -8.8670779584969157 -19.1183398766124526 -38.4862591138530590 -53.8496915311273128 -30.0706674144699946 -36.4570947840717920 113.0633763320246743 135.8631519910263705 263.0252383623106880 366.8586651710600108 -836.1985417835109047 -1196.9579360628154063 -107.7347167694896228 -18.0319685922602346 -107.3180033651149756 92.8586651710600108
960.7100977198697365 684.5124864277959205 307.0575461454940296 -52.7687296416938096 -350.8175895765472205 -775.8599348534202136 -1061.5059717698154600 -845.9739413680781581 984.3474484256242931 2808.7318132464711198 479.0922909880564475 -1921.5559174809989145 -916.4104234527687822 -326.4766558089033879 -283.8251900108577388 -11.3137893593919650 -63.4234527687296392 -8.0597176981541807 -11.3116178067318138 -22.3702497285559190 28.4234527687296428 26.0966340933767640 22.5722041259500550 13.9891422366992408
127.0123339658444053 81.8320683111954423 29.5313092979127134 -1.6062618595825426 -98.7191650853889939 -61.1385199240986736 -104.7296015180265698 28.9677419354838719 301.6195445920303655 98.7960151802656554 654.2362428842504869 -382.8747628083491463 -2349.7277039848195272 -882.4098671726754901 220.4440227703984760 -185.4677419354838719 61.8690702087286510 8.4155597722960156 -1.2381404174573054 44.6669829222011359 0.8557874762808350 26.1005692599620502 9.0815939278937385 25.3614800759013299
-21.3340643274853790 -67.1045321637426895 -54.4495614035087740 -17.1125730994152043 18.6089181286549703 47.4502923976608173 54.6257309941520433 54.0423976608187147 37.8866959064327489 5.9071637426900585 -11.2295321637426895 -29.6885964912280684 -74.4956140350877263 -29.6169590643274852 -55.4305555555555571 95.9722222222222285 161.7595029239766120 192.8669590643274887 579.0263157894736423 -767.6783625730994345 -1717.6856725146199096 -281.0036549707602376 51.7470760233918128 -126.9100877192982466
-33.7489532449406866 -70.4256803907885569 -107.0420446615491983 -137.9305652477320336 -131.3318213538032069 -29.3529309141660839 189.6545708304256834 450.1114794138171646 562.5068039078855691 362.1348569434751994 35.7295882763433355 -113.6407885554780250 -114.2006280530355866 -88.3335659455687363 -60.5219818562456382 -40.0069783670621106 -26.0481507327285406 -18.9691207257501731 -12.8473482205164000 -8.3682833217027213 -3.4884856943475229 2.6652128401953941 1.6856245638520586 -3.9038729937194696
198.1870669745958367 1606.2471131639722444 721.7759815242494597 -3370.8429561200923672 -2447.5542725173208964 35.6304849884526575 -281.3487297921478216 -32.4572748267898419 13.9191685912240182 -78.7829099307159311 41.7459584295611990 -18.0207852193995386 45.3602771362586594 42.5773672055427284 29.5612009237875277 24.3117782909930717 8.9168591224018474 1.2494226327944573 -32.2078521939953788 -47.7875288683602761 -52.8545034642032334 -98.6327944572748265 -185.7644341801385792 -306.8244803695150154
5.1012048192771084 -2.7111876075731498 -9.3798623063683308 -18.1803786574870898 -27.9149741824440625 -41.9361445783132538 -58.2228915662650621 -75.7593803786574824 -87.7962134251290820 -71.6249569707401008 24.6925989672977622 227.0278829604130806 443.3290877796902123 439.6462994836488747 93.5123924268502549 -203.6567986230636791 -164.9020654044750529 -76.3168674698795115 -56.2449225473321874 -31.5882960413080909 -24.8113597246127355 -18.3530120481927703 -14.1817555938037874 -10.0201376936316695
-308.0346907993966852 -646.9049773755656361 -994.0045248868777890 -1159.6862745098039795 900.6003016591251935 2845.4630467571641930 2079.1975867269984519 1481.1417797888386758 315.2307692307692264 -897.0874811463046399 -323.5173453996983426 -74.2081447963800969 -98.0648567119155388 8.8325791855203626 -41.6244343891402693 38.1463046757164435 13.4660633484162897 -24.4766214177978867 17.0573152337858218 20.0392156862745097 12.2971342383107096 2.8069381598793361 -5.8989441930618405 -12.3333333333333339
-908.2213500784929465 1408.7708006279435722 3014.5698587127158135 2139.2386185243326508 1439.3673469387754267 115.2543171114599687 -762.3563579277864619 -214.6671899529042378 -91.4364207221350114 -63.5682888540031428 1.4756671899529041 -26.8257456828885417 49.6373626373626351 32.8492935635792804 -0.9466248037676609 5.3563579277864992 8.3343799058084773 8.3908948194662472 -3.4929356357927785 -12.7158555729984304 -15.3861852433281001 -42.3971742543171146 -196.0282574568288965 -508.3453689167974971
-23.3269754768392374 -29.8637602179836499 -104.0667574931880068 -633.3773841961852895 -1162.2029972752043250 -700.3201634877384549 304.4754768392370465 867.4155313351498080 899.9700272479564092 618.0422343324250960 230.7384196185286100 -58.9972752043596742 -420.9564032697547873 -741.5544959128064875 -1126.4741144414169867 -690.2983651226157917 1681.2152588555859438 2701.6948228882833973 1916.8460490463214683 1432.3678474114442452 8.3324250681198908 -698.5408719346048656 -155.8010899182561388 -104.2356948228882771
306.4044715447154204 255.2723577235772439 724.2723577235772154 285.9898373983739930 -2989.6910569105689319 -2486.1016260162600702 44.1138211382113852 -139.1626016260162544 -42.1199186991869894 87.8983739837398304 -41.6605691056910601 77.5406504065040707 14.4573170731707314 45.4166666666666643 52.4146341463414629 28.7235772357723569 60.8943089430894275 64.9024390243902474 16.5020325203252050 -9.6422764227642279 -19.0833333333333321 -38.8963414634146361 -82.2398373983739788 -134.3556910569105582
-121.7487795719113848 -73.9230191513330794 -38.9703342095381160 -24.7116034547502821 -20.4889222681186638 -26.3079233946676680 -15.5805482538490416 19.6763049192639876 31.9027412692452117 28.2981599699586930 15.9279008636875705 17.7149831017649255 -4.2902741269245208 -32.0142696207284985 -31.7949680811115272 -278.2170484416072327 -766.5538865940668529 -1203.6729252722493584 -611.8708223807735749 838.0484416072099521 1209.7555388659407072 830.0247840781073592 583.0187758167480752 202.9301539616973287
-607.1939759036145006 -986.9072289156626994 -626.1192771084337210 156.2433734939758949 844.6698795180723209 980.0493975903614228 684.9771084337348839 298.7698795180722868 -59.4361445783132538 -363.9325301204819425 -799.3228915662650707 -1070.5120481927710898 -860.1385542168674192 1238.5891566265061101 2894.2686746987951665 83.8987951807228853 -1909.6228915662650252 -675.0927710843373006 -316.8481927710843138 -243.7120481927710784 -3.9506024096385541 -74.6192771084337352 -9.0734939759036148 -23.1843373493975911
-122.5100433241433677 -139.7593540764080444 -83.1146120519889706 -61.6317447814100063 -43.3588026782197744 -24.5679401339109873 -26.3442300118156751 -24.0342654588420643 -16.7388735722725492 -2.4147302087435998 7.2575817250886177 9.3146908231587240 15.3863725876329269 -0.3426545884206381 12.6750689247735338 3.8645135880267820 -26.3119338322174094 -37.7195746356833368 -301.8215833005120317 -699.9074438755415031 -1044.9137455691216019 -601.0212682158330608 767.3899172902717964 1225.2414336352894679
884.0336669699727281 2531.7379435850771188 961.0964513193812309 -1146.0245677888990485 -363.7497725204731296 -135.6314831665150109 -253.4840764331210323 24.6824385805277515 -63.9353958143767045 4.0127388535031852 7.2702456778889903 -9.6078252957233854 19.6060054595086442 -1.0363967242948136 4.4240218380345766 5.9526842584167428 0.3039126478616925 -7.7215650591446767 -22.6487716105550483 -41.6687898089171966 -64.6833484986351266 -175.5468607825295635 -403.7206551410372981 -451.7397634212920821
-1009.0868924889543905 -993.6583210603829457 208.1855670103092848 2675.1148748159057504 1800.4050073637702098 -1752.0103092783504053 -1657.7555228276878552 -371.0957290132548110 -341.4241531664212062 -63.8807069219440322 -35.4845360824742286 -35.0677466863033871 7.2783505154639174 -33.9057437407952875 9.4477172312223860 16.1413843888070687 19.8247422680412377 21.4300441826215007 3.1546391752577319 -6.0648011782032398 -25.1251840942562588 -40.0633284241531697 -51.4388807069219425 -149.8807069219440393
-68.6176470588235361 -77.7911764705882405 -70.0029411764705856 -118.5735294117647101 -130.0000000000000000 -95.2176470588235304 -0.2176470588235294 105.4147058823529477 150.7147058823529449 173.8029411764705969 164.4000000000000057 142.2617647058823422 128.5911764705882376 -50.4470588235294102 -52.7147058823529377 -166.6058823529411654 -43.3117647058823536 373.8176470588235247 13.4617647058823522 1056.5029411764705856 -236.2588235294117567 -3595.2617647058823422 -1516.0382352941176123 373.6911764705882320
-111.6858271171566486 -350.0324703817464069 -656.0359806932865467 -781.3102237823607084 -226.8815269855199688 875.5322509872751198 1258.7564721369021754 839.2632733655111679 410.8683633172444161 57.5401491882404557 -144.8709960508995209 -214.0329091706888960 -265.4528301886792292 -231.9640193067134817 -127.4831066257130345 -10.4221149627029401 121.5629662132514284 171.0724001755155825 76.6985519964896838 -8.8012286090390521 -39.2057920140412435 -46.4330846862659072 -35.3111013602457220 -28.1158402808249228
-896.7305315203955161 45.0716934487020993 796.3807169344870545 953.5686032138441988 760.2200247218788718 355.6415327564894824 34.4598269468479614 -284.0420271940667476 -640.2793572311495609 -980.7478368355995144 -1169.1248454882570513 681.0321384425216138 2653.7799752781211282 2014.5339925834364294 1352.1606922126081827 311.7280593325092468 -839.0679851668726315 -357.4857849196538950 -79.8541409147095180 -86.5475896168108818 26.6872682323856623 -19.6081582200247233 17.7453646477132274 15.3980222496909764
-24.0851224105461377 -18.5065913370998132 -25.5834274952919003 -21.1521657250470803 9.0681732580037657 25.1627118644067806 28.1280602636534844 22.2120527306967972 20.5977401129943516 3.5661016949152544 -25.4922787193973619 -16.9020715630885121 -216.7438794726930382 -678.2414312617702308 -1149.6436911487758152 -688.1295668549905713 743.4708097928437383 1247.4572504708098677 882.4052730696798790 590.8485875706214756 199.8531073446327753 -96.5679849340866241 -360.6406779661016913 -665.2915254237287854
-2.1985494106980963 -0.6282864913871260 0.8050770625566637 -2.9709882139619221 -2.9374433363553942 -18.4814143245693572 -15.0888485947416147 -33.7153218495013576 -28.1695376246600198 -53.5693563009972777 -600.7289211242067495 -1180.5593834995465841 -918.0326382592928667 30.4079782411604711 924.3445149592022290 1065.9963735267451739 691.2175883952855884 286.2393472348141472 -48.6047144152311859 -432.5131459655485173 -784.5929283771532710 -1296.5231187669990049 -807.5883952855847383 1776.4424297370806016
167.4056895485466896 329.1113172541744234 -1048.3364254792825250 -1573.2925170068026546 -193.9715522572665520 25.1205936920222648 -110.2826221397649959 59.4978354978354957 -12.3778602350030926 41.1379097093382811 38.5095856524427944 23.5794681508967230 35.8410636982065540 26.4885590599876330 41.4211502782931333 38.0519480519480524 9.2251082251082259 3.9789734075448360 -1.6307977736549164 -23.0037105751391451 -22.6079158936301781 -26.0191713048855888 -31.7019171304885603 -42.2331478045763760
512.7959814528593370 182.8995363214837653 -80.7465224111282822 -432.8392581143740472 -713.4451313755796491 -1043.1066460587326219 -452.5564142194745045 1969.8469860896445880 3035.5208655332303351 2272.1391035548685977 1394.8129829984543449 -135.6893353941267435 -648.8902627511591845 -143.6862442040185499 -80.3029366306027867 -18.1236476043276653 0.3925811437403400 -11.4544049459041730 20.5656877897990711 -14.3013910355486864 -12.1545595054095834 15.7928902627511594 20.6676970633693955 6.0494590417310663
337.8720770288858262 655.6973865199449847 847.7551581843191570 909.7716643741403004 1006.5997248968362783 1154.6121045392021642 1083.0151306740026484 814.2833562585969958 600.1994497936726702 453.3081155433287677 336.7400275103163949 218.0220082530949242 95.5295735900962910 35.0137551581843169 22.5116918844566705 25.3493810178817043 38.0055020632737310 33.8294360385144444 27.5447042640990354 39.9642365887207731 51.9436038514442942 45.7826685006877554 16.6850068775790916 -3.7001375515818431
9.2459589340323287 15.6941896024464835 12.9034512887723896 11.8656618610747060 5.4196155526430756 -11.3475316732197467 -27.2044560943643496 -45.4379641764962869 -73.1428571428571388 -116.2341633901266960 -160.2833114897335065 -156.6308431629532549 -27.9639580602883342 290.2584097859327130 634.4497597204019712 609.8944954128439804 199.5259938837920402 -91.9159021406727845 -94.8392311052861459 -69.8737439930100521 -76.6004805591961571 -52.3973350808213212 -25.6677588466579287 -21.2431192660550465
-29.4746136865342159 -61.7373068432671062 -116.3487858719646795 -550.9337748344370311 -994.7373068432671062 -657.4238410596026370 166.3587196467991305 838.7339955849889748 977.2947019867549443 700.9569536423840646 339.1699779249448170 -31.6302428256070627 -306.1975717439293589 -709.5618101545253467 -1057.1247240618101841 -881.2836644591611730 750.4801324503310980 2735.0485651214125937 1024.3267108167769948 -1610.9337748344371448 -1049.5066225165562628 -341.2362030905077290 -299.2350993377483519 -38.8708609271523144
-987.4744645799011096 -1135.3443163097199431 1035.5848434925865149 3019.4316309719933997 2156.6836902800660027 1515.3723228995056616 347.3607907742998577 -877.0510708401976672 -313.7199341021416785 -72.9736408566721622 -98.5156507413509104 14.7001647446457984 -36.1927512355848435 21.5387149917627667 10.6210873146622742 -10.7380560131795715 11.3673805601317959 14.5123558484349253 10.8682042833607913 -1.1416803953871499 -8.7742998352553538 -15.0889621087314669 -33.9258649093904481 -146.7084019769357610
-39.9521550019770686 -24.2024515618821674 -16.8695136417556348 -18.1613285883748503 -10.5349940688018986 13.6089363384737059 19.8442071965203652 19.0941083432186645 12.1652827204428622 13.1795175958877024 -6.5330170027678927 -33.0858046658758411 -24.2313167259786475 -250.6982997232107664 -743.5579280347964186 -1236.2463424278371349 -702.0941083432186360 788.6694345591142792 1215.7026492684856294 840.1431395808619982 605.6247528667457800 233.7473309608541001 -76.8026888098062415 -360.3020956899960652
-232.2837988826815661 -874.6100558659218223 -1052.3050279329609111 -194.8234636871508485 701.7094972067038725 987.3608938547486105 836.6804469273743052 483.3508379888268109 122.6558659217877079 -174.3988826815642597 -540.0480446927374487 -879.0670391061452165 -1193.3441340782123916 -132.7005586592178759 2061.3530726256981325 2230.0078212290504780 1555.0569832402234169 820.2603351955307289 -602.4089385474860592 -593.8491620111732345 -90.1162011173184396 -112.3005586592178702 3.4715083798882680 -8.4391061452513974
-43.0165929203539790 -174.0929203539822936 -799.7179203539823220 -1122.3517699115043342 -404.5896017699114964 572.8661504424778741 989.5884955752212591 872.1769911504425181 528.7964601769911042 166.4944690265486713 -125.9325221238938042 -488.1991150442477760 -818.9911504424778741 -1180.2323008849557482 -390.9623893805309649 1890.4026548672566150 2355.5320796460177917 1534.5409292035399176 922.5398230088495666 -408.9546460176991332 -654.5918141592920847 -125.3152654867256643 -108.8384955752212448 -13.7533185840707972
109.1613095238095212 66.5973214285714334 8.1250000000000000 -51.2339285714285708 -111.3964285714285722 -207.5636904761904873 -302.1642857142857110 -311.8372023809523625 -30.8199404761904745 558.7999999999999545 958.1785714285714448 767.9797619047618582 212.8116071428571558 -101.6410714285714221 -115.9500000000000028 -139.8672619047619037 -128.3889880952380906 -73.5035714285714334 -31.0747023809523810 -4.9098214285714290 -14.1922619047619047 -12.3160714285714281 7.0732142857142861 13.3824404761904763
22.9646896313562969 21.3139850547257943 19.6944948056059168 20.2561800339578113 20.8243210835803438 20.7173156062044939 19.5747407599259446 20.2330234922827508 20.9200936237973281 21.5805634694523576 23.1154949303097439 22.1876696691511519 19.1020173242395472 17.7046821491265938 19.4137960804627454 21.7972315750093522 22.8974167122315286 23.1772137327692889 22.5153337745930351 21.5951921877847788 21.0019952612545211 20.1612900131418655 19.3246520283557324 16.7544677544677540
-19.3677746847879497 -14.6048796463075163 -15.8523006386114300 -17.3353528737514324 -15.6007859832978557 -14.4296708694940232 -17.5521532667430833 -19.0741771737350589 -18.6659570984116598 -15.8714589814966427 -14.1185524807597833 -16.0502701817586377 -18.6530211233011300 -20.2703455051580157 -9.7419354838709680 2.1270672998198790 4.0419191092189291 13.5811364008514825 8.6374652038644175 9.4489929588996233 -111.8631079089569340 -431.7347306369739499 -419.9891927296545191 -42.9785492058293741
2.2629569012547734 161.1587561374795428 150.4189852700490917 554.0305510092744044 -249.2498636115657291 -1365.3769776322967573 -412.6082924168030672 118.2171303873431469 -130.5739225313693339 12.8767048554282599 -32.2793235133660659 -21.2667757774140753 6.4833606110201858 -18.1167484997272226 1.4517184942716859 -4.1794871794871797 -0.1036552100381888 0.7763229678123296 -5.3147845062738677 -2.6497545008183305 -6.4975450081833062 -16.9590834697217687 -15.3098745226404809 -30.5324604473540653
-43.7894736842105274 -36.8425402348847300 -25.3197042192257520 -36.4910830795998251 -44.0073945193562395 -41.3153545019573727 -40.5041322314049594 -7.7181383210091346 44.4784688995215305 74.6842105263157947 74.1735537190082681 62.5480643758155708 36.1752936059156127 1.0461070030448021 -44.8273162244454113 -87.4275772074815194 -132.3410178338407945 -211.7364071335363178 -232.7203131796433127 -140.0878642888212369 176.8668986515876327 791.4388864723792949 1235.8869073510222734 926.4058286211396762
-503.9627519719544466 -757.1577563540753317 -563.6345311130587561 438.3970201577563444 1226.9075372480281203 1007.5197195442593738 547.2874671340929353 216.1928133216476908 -41.6003505696757259 -173.8939526730937644 -253.8028045574057785 -261.6415425065731597 -188.8637160385626714 -80.1161262050832619 43.1161262050832619 155.6595092024539895 143.9794040315512689 27.3466257668711670 -31.2997370727432092 -40.4224364592462777 -46.6691498685363726 -38.2453987730061371 -25.2826468010517083 -19.8470639789658208
131.4848143982002284 -176.6456692913385780 -505.8492688413948031 -937.3475815523059964 -1081.8672665916760707 -302.7412823397075385 2082.1946006749158187 2406.6906636670414628 -943.3723284589426612 -1899.1023622047243862 -535.9493813273340947 -312.7840269966254141 -152.6040494938132781 -24.9437570303712022 -51.2238470191226085 2.2980877390326211 -27.9977502812148487 5.7851518560179978 23.9066366704161979 13.4499437570303719 13.6186726659167601 4.0798650168728905 -3.5568053993250843 -14.6771653543307092
-20.0080041311644727 -7.7619416473018328 5.4908339788277818 18.6052155951458822 20.7849212496772537 18.6762199845081334 13.9865737154660472 -0.5819777949909630 -21.8133230054221521 -42.3581203201652485 -79.1714433255874042 -156.2770462174025283 -241.2933126775109827 -253.5249160857216566 -13.0562871159308038 489.8458559256390572 830.0100697134004122 670.4014975471210391 259.9359669506842465 13.1236767363800677 -68.5499612703330712 -118.4061451071520850 -129.7903434030467338 -116.5228505034856710
-10.5034843205574919 -24.6036585365853675 -30.2796167247386769 -44.7996515679442524 -59.5609756097560989 -204.8536585365853568 -662.9076655052265323 -886.9520905923344571 -232.2351916376306633 696.6428571428571104 1033.8545296167246761 877.7717770034843170 590.4895470383274869 282.6524390243902189 -16.5182926829268304 -281.5130662020906129 -535.7804878048780211 -764.7168989547038791 -716.8623693379790893 -83.6533101045296235 984.0531358885017426 1458.8484320557490719 608.2926829268292295 -418.7517421602787522
2057.9135802469136252 2944.4497354497352717 2432.4708994708994396 1401.5396825396826443 -281.0194003527336690 -647.2469135802468827 -138.1746031746031633 -79.3509700176366835 8.4215167548500887 28.9118165784832435 9.1781305114638450 35.0617283950617278 29.0864197530864210 15.9276895943562611 16.4320987654320980 15.9488536155202816 0.4867724867724867 -6.1340388007054676 -8.7001763668430332 -18.5308641975308639 -86.2204585537918859 -383.7001763668430385 -778.3315696649029860 -602.2927689594356480
152.7043147208121923 812.3807106598984547 942.5989847715735550 723.4885786802030907 328.9784263959390955 14.4352791878172582 -316.9289340101522612 -655.3540609137055526 -990.2766497461929021 -1131.9758883248730399 841.3997461928934172 2729.1345177664975381 1986.0647208121827134 1331.1967005076141959 216.7994923857868059 -873.9213197969543216 -312.3197969543147110 -75.8946700507614196 -90.2791878172588866 20.6142131979695442 -22.3680203045685282 23.4809644670050766 12.0951776649746190 3.9961928934010151
-25.1570135746606347 -22.5407239819004523 -16.0932126696832576 -5.1676470588235297 4.4726244343891404 10.5529411764705880 7.8868778280542990 1.6081447963800906 -2.3839366515837104 -11.9011312217194565 -28.6805429864253405 -50.4542986425339350 -88.1522624434389144 -158.5972850678733153 -221.6248868778280610 -181.0128959276018179 36.3570135746606340 423.3201357466063541 718.3461538461538112 595.0542986425339222 227.0975113122171933 -1.1000000000000001 -78.4583710407239749 -127.6253393665158313
-78.2515432098765444 -108.4104938271604937 -195.1512345679012412 -162.1157407407407334 284.9074074074073906 89.3101851851851904 773.0169753086420315 13.4737654320987659 -2817.7314814814812962 -1504.2037037037036953 282.2067901234568126 -239.7222222222222285 17.2021604938271615 22.4753086419753103 -40.2685185185185190 50.4351851851851833 -18.1080246913580254 28.2885802469135790 14.6635802469135808 10.3595679012345681 22.8487654320987659 17.3626543209876552 4.4814814814814818 -6.3379629629629628
1.4474074074074075 -85.4637037037037004 -54.2123456790123441 -40.6009876543209884 -29.6972839506172832 -11.1264197530864202 -10.8582716049382721 -10.6646913580246920 -11.1007407407407399 -7.8093827160493827 1.3664197530864197 0.9535802469135802 -4.1333333333333337 -5.9160493827160492 -13.9491358024691365 -10.6306172839506168 -18.6953086419753092 -12.8533333333333335 -0.8567901234567902 -40.1639506172839518 -190.0395061728395092 -834.7185185185185219 -1416.4903703703703286 -857.1456790123456813
-566.4786324786324485 -857.1794871794871824 -1031.6666666666667425 -1002.6752136752136266 -768.3675213675213627 -469.5811965811965933 -160.2393162393162527 98.7692307692307736 291.5982905982905891 582.9059829059829099 968.6837606837607382 1638.8461538461538112 2486.2393162393163948 3248.8717948717949184 3803.7948717948715966 3233.4188034188032361 1995.9230769230769056 1269.1965811965812918 770.7350427350427253 407.9401709401709581 223.7606837606837473 32.5555555555555571 -148.7863247863247977 -250.1025641025641164
1.9816933638443937 -8.4576659038901596 -13.2540045766590389 -27.3157894736842088 -80.8169336384439418 -133.7894736842105203 -168.1693363844393616 -141.9954233409611106 -15.5423340961098404 118.9885583524027481 188.0526315789473699 190.8878718535468977 136.7070938215102842 94.2311212814645245 56.2540045766590424 -73.7643020594965719 -34.0823798627002290 -151.5469107551487298 66.3752860411899377 281.3798627002288413 112.4302059496567523 1100.6086956521739921 -874.6796338672768343 -3354.0617848970250634
864.2482946793996916 671.3942701227830412 290.5866302864938575 2.6725784447476126 -353.9467939972714703 -667.5334242837653846 -1035.1568894952251867 -983.8526603001364492 1247.0395634379262901 2900.8594815825376827 2092.1950886766712756 1404.1773533424284324 152.6507503410641107 -759.3015006821282213 -231.5648021828103822 -85.4679399727148734 -65.7012278308321953 7.0300136425648025 -29.4815825375170526 30.3001364256480201 6.2264665757162350 -8.0654843110504775 20.1541609822646670 20.5443383356070939
716.3457076566124897 366.8944315545243740 -10.6972157772621816 -290.4837587006960575 -669.1380510440835678 -1003.7053364269141866 -869.0614849187935533 489.8979118329466473 2702.4883990719258691 1355.5011600928073676 -1770.9617169373550496 -1282.2691415313224752 -286.1879350348027629 -324.4141531322505898 -32.2761020881670504 -51.7714617169373525 -29.4396751740139209 2.5696055684454757 -37.4918793503480288 19.8016241299303957 23.8341067285382842 19.0962877030162410 15.2331786542923435 -3.2146171693735499
57.2585616438356197 -262.5873287671232674 -623.5993150684931834 -925.5856164383561691 -1147.5291095890411270 723.0770547945205635 3092.8167808219177459 2521.5873287671233811 1736.7226027397259713 755.3253424657534651 -746.6421232876712111 -436.5085616438356055 -44.7585616438356197 -98.9845890410958873 10.3253424657534243 -53.8373287671232887 -20.2500000000000000 -14.4606164383561637 -42.3133561643835634 -9.9828767123287676 15.2311643835616444 12.1147260273972606 -8.3818493150684930 -5.4263698630136989
18.2043378995433791 7.8458904109589040 13.3344748858447488 13.4634703196347036 -33.0456621004566244 -25.8321917808219190 -39.0867579908675822 -9.1324200913242013 -273.8675799086757934 -1026.5091324200914187 -1196.2146118721461789 -373.3710045662100470 618.3401826484018784 1036.8390410958904795 834.7796803652968265 421.0844748858447701 52.4691780821917817 -286.4885844748858403 -656.7796803652968265 -1071.6655251141553435 -1178.6312785388126940 980.3002283105022343 3253.4509132420089372 1655.3515981735160949
-49.9938800489596105 -84.6878824969400199 -367.7270501835985215 -892.2631578947368780 -861.0563035495715667 -181.8665850673194484 595.9804161566707990 993.3512851897185101 823.0599755201958487 464.4369645042839920 78.6119951040391669 -211.1407588739290020 -586.1052631578946830 -983.5201958384333238 -1056.2888616891063975 42.2986536107711117 2584.7833537331703155 1845.2447980416156952 -1538.5581395348838214 -1431.3378212974296275 -325.3965728274174012 -340.9791921664626670 -56.8567931456548337 -53.5410036719706213
120.2309102015882729 -39.2675626145387895 -292.0415394013439254 -599.3891264508247332 -865.3078802687844018 -734.8778252901649921 679.9425778863775349 1766.5571166768479543 1088.5974343310933818 427.8839340256566857 76.4984728161270624 -296.6493585827733455 -230.9535736102626799 -189.2296884544899171 -166.0904092852779570 -18.6945632254123382 21.5595601710445948 22.4129505192425178 36.5094685400122145 3.6908979841172878 -13.6566890653634694 4.8766035430665848 -3.7367135003054366 -20.8784361637141096
-779.0960384153661380 -95.1860744297719066 666.7623049219687346 986.8571428571428896 790.6878751500599947 438.7911164465786555 53.4321728691476565 -229.3445378151260456 -596.9891956782713578 -1001.8979591836734926 -1018.8727490996398046 157.6518607442977213 2527.8583433373350999 1671.4657863145257579 -1609.6974789915966539 -1498.8991596638654755 -353.4021608643457171 -319.8883553421368333 -59.7346938775510239 -41.3877551020408134 -39.5102040816326507 2.7515006002400959 -29.1356542617046834 7.6002400960384158
-722.5718864468864240 -218.3832417582417520 922.3534798534798256 1305.9349816849817216 854.3118131868131968 329.0760073260073000 -17.7646520146520146 -150.6991758241758248 -224.0540293040293136 -252.1607142857142776 -206.9597069597069492 -106.2999084249084234 -0.1936813186813187 101.0517399267399270 153.5439560439560580 59.2751831501831532 -24.3814102564102555 -32.7271062271062263 -38.0984432234432262 -35.4116300366300365 -29.6543040293040292 -22.6570512820512810 -23.6776556776556788 -37.7532051282051313
-29.9943289224952743 -33.1266540642722092 -35.8241965973534988 -21.8241965973534988 -344.8204158790169913 -1112.3345935727788856 -1096.3705103969755328 -123.2722117202268493 666.8941398865785004 924.9111531190926598 759.4952741020794065 361.7315689981096511 51.9073724007561452 -313.1285444234404736 -662.0869565217391255 -1049.0926275992437695 -1118.2155009451796559 1198.7542533081284546 3111.6635160680530134 2185.1493383742908918 1549.9962192816635707 343.9508506616257364 -822.2570888468809471 -261.4650283553875170
95.6729622266401520 49.9751491053677910 17.3379721669980107 -79.3956262425447363 -47.7823061630218717 -109.8926441351888599 4.1769383697813121 243.6013916500994014 71.2554671968190831 681.8260437375745369 -425.4801192842942328 -2379.2534791252483046 -830.7117296222663754 226.9801192842942328 -201.9294234592445321 49.3091451292246532 -15.8230616302186871 -17.6620278330019893 28.1441351888667981 -13.0954274353876734 20.3608349900596437 3.6411530815109345 11.0457256461232607 18.0705765407554679
-7.6784090909090912 -0.8522727272727273 6.7579545454545453 -15.7806818181818187 -23.3431818181818187 -44.8397727272727238 -50.8306818181818159 -383.5284090909090651 -1060.1329545454545951 -921.1840909090908553 150.9000000000000057 894.6227272727272748 982.2852272727272975 752.9795454545454731 361.7977272727272862 42.6147727272727295 -278.6772727272727366 -610.6420454545454959 -1015.7602272727273203 -1179.2249999999999091 613.4102272727272975 2542.7465909090910827 2153.5374999999999091 1149.4795454545453595
-643.3405797101448798 1388.9214975845411573 2992.0181159420289987 -4.8176328502415462 -1847.1159420289855007 -480.8514492753623131 -307.2717391304348098 -242.1340579710144993 13.3176328502415462 -70.5929951690821298 17.2850241545893724 -9.0579710144927539 -2.9251207729468600 20.3212560386473413 7.3840579710144931 10.9722222222222214 6.7258454106280192 2.6630434782608696 -3.3115942028985508 -21.8719806763285014 -52.3550724637681171 -86.8719806763285050 -220.2826086956521863 -433.9553140096618336
-985.5717674970344433 -734.3238434163700958 48.2028469750889670 788.8208778173191149 1012.0367734282325500 748.4400948991695941 373.1613285883748290 0.1281138790035587 -293.8457888493475707 -702.4958481613285812 -1049.7200474495848539 -974.4175563463819572 713.9596678529062501 2831.7580071174375007 921.1482799525504106 -1806.7651245551601278 -1097.7224199288257296 -359.3143534994068773 -313.2396204033214531 -36.0925266903914590 -59.6014234875444870 -28.6868327402135215 -14.3084223013048639 -22.3867141162514827
767.7463543968183330 1253.4255413168359610 1126.7569597878921286 672.8700839593459477 107.1997348652231494 -153.8281042863455639 -207.9085285019885134 -284.1944321696862517 -255.0653999116217392 -152.9544851966416275 -26.0468404772425970 89.0357931948740600 118.2249226690234138 57.2174105170128158 -21.4193548387096762 -50.0000000000000000 -37.9602297834732667 -30.0486080424215629 -31.0976579761378709 -20.8559434379142736 -17.2845779938135209 -25.5033141847105611 -46.0318161732213866 -89.1100309323906288
1781.7403651115619141 -830.6328600405679481 -3561.5314401622717924 -1274.8438133874240066 40.9614604462474645 -299.0689655172413950 56.7707910750507097 -61.5963488843813423 -19.7281947261663291 20.1277890466531453 -12.8296146044624741 43.9492900608519292 15.0831643002028404 7.5638945233265718 18.4137931034482776 12.6531440162271807 0.9979716024340771 -22.2048681541582162 -69.2271805273833678 -143.3711967545638970 -241.6430020283975750 -277.5821501014198702 -166.2860040567951216 13.5476673427991887
43.9157796451914066 304.9904761904762154 507.4554621848739657 466.9193277310924373 252.9839402427637651 35.4971055088702130 -47.8100840336134425 -52.6003734827264253 -55.4821661998132569 -38.1622782446311888 -22.2102707749766566 -21.1191409897292246 -19.6268907563025223 -15.9781512605042018 -11.5049486461251167 -3.5559290382819793 0.6472455648926237 -1.0334267040149394 -4.3848739495798323 -8.9142857142857146 -9.0214752567693743 -8.3146591970121388 -9.0018674136321195 -18.0336134453781511
2132.2967213114752667 2119.7688524590162160 -1790.3524590163933681 -2355.3196721311473993 -330.3639344262294912 -299.2377049180327617 -129.1557377049180388 9.6278688524590166 -73.5655737704918096 25.8508196721311485 -21.3639344262295090 11.3131147540983612 22.0049180327868861 14.7262295081967221 12.1704918032786882 1.5868852459016394 -5.4262295081967213 -20.8475409836065566 -25.7065573770491795 -47.2540983606557390 -131.9786885245901544 -325.5213114754098456 -571.6704918032786509 -473.6868852459016352
37.4419568822553899 -64.6417910447761130 -52.7686567164179081 -128.8640132669983416 -46.1276948590381437 176.7645107794361650 60.6932006633499199 708.9867330016584219 -231.9842454394693334 -2120.0787728026534751 -782.8681592039800989 218.8747927031509164 -182.5621890547263604 46.1028192371475924 -11.0406301824212267 -15.9270315091210612 29.7429519071310118 -14.0472636815920406 17.5978441127694865 -0.9676616915422885 6.0804311774461031 10.9825870646766166 1.0456053067993367 5.5820895522388057
-62.0739957716701909 -6.2505285412262159 56.3350951374207156 104.5200845665961964 101.4672304439746284 91.3234672304439812 49.4471458773784320 17.3784355179704022 -0.9408033826638478 -84.2082452431289710 -33.2325581395348806 -89.7928118393234627 52.0253699788583504 236.1649048625792773 91.2684989429175459 726.4820295983087135 -572.1638477801268436 -2394.4735729386893581 -702.6638477801268436 181.4619450317124745 -222.3784355179703880 97.2875264270613087 20.1458773784355181 26.0306553911205079
-628.5271983640081999 -363.8020449897750268 -11.5664621676891617 -9.5280163599182011 11.5560327198364003 1.0110429447852760 -13.6298568507157469 -2.5985685071574642 -11.4760736196319026 -9.3419222903885473 -7.1556237218813905 -3.7010224948875257 -2.5881390593047033 -9.0723926380368098 -8.3323108384458084 -4.7670756646216770 -7.8627811860940700 -10.2245398773006126 -9.8169734151329244 -11.9713701431492847 -16.0384458077709624 -20.3670756646216766 -21.6316973415132914 -26.9368098159509195
-725.5490654205607370 -935.5303738317757052 -821.1121495327103048 948.3691588785046633 2877.0280373831774341 596.6261682242990219 -1531.8329439252336215 -527.0735981308411056 -280.9602803738317789 -267.6553738317757052 0.6822429906542056 -80.5268691588785117 5.4275700934579438 -9.2266355140186924 -20.2394859813084125 16.1600467289719631 11.9661214953271031 16.8551401869158894 10.1214953271028030 -0.3750000000000000 -5.0619158878504669 -18.5771028037383168 -38.2359813084112119 -46.5175233644859816
-118.5234899328859086 296.1174496644295573 237.0134228187919518 240.5050335570469713 526.3422818791946156 -2009.0402684563757703 -2730.7936241610736943 -259.9681208053691535 -1.9765100671140940 -146.8087248322147786 135.8036912751677789 -13.9882550335570475 94.7919463087248317 67.7315436241610769 63.3003355704697981 88.4916107382550337 60.9077181208053702 80.4899328859060432 89.9563758389261778 46.4446308724832235 5.4882550335570466 -9.2097315436241605 -32.8624161073825505 -51.1593959731543606
484.1294871794871710 91.5294871794871767 -200.1243589743589837 -562.7461538461539021 -974.1717948717948730 -1047.1294871794871142 -136.6717948717948730 2449.6705128205126130 2193.9538461538463707 -1473.2987179487179219 -1759.6935897435896550 -385.6205128205128290 -358.4499999999999886 -95.5166666666666657 -38.0871794871794904 -36.8128205128205153 22.2961538461538460 -38.1820512820512832 16.8628205128205124 33.0153846153846189 22.2371794871794854 18.6089743589743577 -1.0756410256410256 -14.0615384615384613
-382.4845679012345840 -797.0216049382715937 -1032.9269547325102394 -656.6388888888889142 1242.7870370370369528 2800.0092592592591245 344.3395061728394921 -1811.7860082304525804 -753.6327160493826796 -286.0637860082304655 -255.2407407407407334 -2.1111111111111112 -66.2222222222222285 -2.3559670781893005 -11.0246913580246915 -25.4012345679012341 15.0390946502057616 12.6121399176954725 12.7263374485596703 9.6903292181069958 0.8487654320987654 -9.4547325102880659 -22.0534979423868300 -33.1553497942386812
805.6263991552269772 582.0498416050686501 5.5776135163674763 -137.1833157338965066 -90.6901795142555471 -113.1100316789862745 -86.1607180570221800 -47.9611404435058049 -17.3854276663146763 1.4779303062302007 -4.3079197465681096 -11.1560718057022168 -15.2359028511087651 -11.5009503695881730 -7.5966209081309399 -7.5231256599788807 -10.5311510031678992 -13.0908130939809926 -10.9271383315733903 -14.6986272439281951 -19.7357972544878564 -23.6863780359028517 -23.4726504751847926 -32.7425554382259776
-19.1909042834479102 14.6472765732416708 31.3754627181385501 29.4071919619249087 20.5113696456901096 18.4775251189846657 -3.2797461660497094 -33.9825489159175049 -59.2786885245901658 -198.2083553675304017 -551.5129561078794040 -975.9375991538868220 -480.2072977260708626 789.5600211528292220 1165.7308302485457716 897.2845055526177021 697.2644103648863165 352.2622950819672383 45.3818085668958204 -204.2654680063458557 -470.7736647276573194 -610.5616076150184881 -647.6790058170280417 -268.6832363828661983
-54.1370235934664237 -50.9174228675136149 -43.5362976406533591 246.9310344827586334 80.6851179673321184 396.0735027223230418 182.6324863883847627 -1905.2513611615245281 -1477.5689655172413950 126.5308529945553602 -106.9809437386569897 -23.8275862068965516 74.1769509981851201 -16.6978221415607990 68.2168784029038164 18.3820326678765866 31.7949183303085299 31.3548094373865709 20.4709618874773156 47.2268602540834834 40.8339382940108919 2.8366606170598909 -6.7803992740471868 -5.3430127041742290
3072.2814285714284779 2223.2314285714287507 56.5600000000000023 -444.1885714285714357 -427.4814285714285802 -297.2842857142857156 -15.0142857142857142 -32.1985714285714266 7.5114285714285716 18.4842857142857149 12.1357142857142861 34.6914285714285739 24.7028571428571446 26.8857142857142861 25.2528571428571418 12.9471428571428575 -1.3242857142857143 -7.6085714285714285 -56.5157142857142887 -209.0242857142857247 -531.4628571428571604 -708.6814285714285688 -235.6999999999999886 317.3657142857142617
