136.7373505059797480 142.8063477460901538 137.2074517019319160 126.5924563017479301 109.1292548298068112 87.6490340386384474 61.6596136154553847 29.9029438822447098 -2.1393744250229991 -43.2138914443422237 -90.2088316467341258 -135.2792088316467414 -179.8840846366145456 -219.9356025758969508 -249.5124195032198600 -272.9816007359705736 -277.2276908923643077 -273.0597976080956641 -266.8831646734130914 -258.9305427782888955 -244.4434222631094826 -226.5413983440662378 -214.4121435142594407 -207.3997240110395524
706.0390920554855256 750.7440100882723755 809.3310214375787837 882.3423707440100543 943.6765447667087301 982.7843631778057443 991.6122320302648632 971.5662042875158022 931.0138713745270707 881.5983606557376788 823.3978562421185643 751.5989911727616573 671.5945775535939219 584.0056746532156922 502.2610340479192814 425.0952080706179004 360.8549810844892818 317.4129886506935918 295.7490542244640324 287.3587641866330387 295.3335435056746405 313.7162673392181773 336.7761664564943089 368.3915510718789506
651.7364885496183433 686.9059541984732959 724.3267175572518681 772.0198473282442819 815.7129770992366957 846.3654961832061190 854.1841221374045290 840.5838167938931065 799.8546564885496082 738.5807633587786540 660.5700763358778431 576.6867175572518818 508.8439694656488541 471.7276335877862721 464.9685496183205942 486.4027480916030299 536.5218320610687215 604.1273282442748496 689.9774045801526654 755.8714503816794377 806.6204580152672179 834.6656488549618871 842.6632061068702342 836.0290076335877529
490.5606494746895692 519.8992359121299387 559.8560171919771165 607.2297039159503811 647.6685768863419526 672.1814708691499618 674.5785577841452323 657.0119388729704042 623.3529130850047295 576.3402578796561784 523.9524832855778413 471.6136580706781274 420.4047277936962814 384.1874403056351639 359.4880611270295958 345.3006208213944888 353.5778414517669717 376.1468481375358124 413.1521012416428107 462.3634192932187261 513.6215377268385964 566.9381566380134245 606.3075453677172391 617.9288443170964911
245.7675486551497954 226.0726000437349796 211.9860048108462820 206.1364530942488500 206.0599169035644138 217.8718565493111612 240.1312048983162128 270.3630002186748129 313.3538158757926908 362.9486114148261322 416.1926525256943137 471.2280778482396499 521.4246665208834202 556.0924994533129393 578.5477804504700998 585.2322326700196982 582.5248195932648514 571.6437787010714828 557.4633719658867221 536.0415482178001412 510.1878416794227178 486.2291712223923241 473.2987098184999013 463.6971353597201073
486.2480620155038764 861.3798449612403374 1249.1937984496123590 1548.4263565891471899 1644.3255813953487632 1480.8449612403101128 1160.8759689922480902 767.8914728682170789 319.0387596899224718 -146.5581395348837077 -424.0697674418604493 -449.4883720930232585 -264.7596899224806180 37.0077519379844944 455.9689922480620226 964.7519379844961804 1386.6279069767442707 1595.5116279069768552 1525.0697674418604493 1293.3875968992247181 995.4651162790697754 657.8914728682170789 291.9457364341085395 98.1627906976744242
-181.4532163742690045 -230.0950292397660917 -28.7938596491228083 179.5350877192982466 463.2733918128654977 771.7207602339180994 926.8245614035088238 933.5190058479531672 878.3786549707601807 784.2222222222221717 704.4956140350876694 636.4269005847953622 619.6257309941520361 606.3406432748538464 622.9663742690058825 643.5219298245614254 653.3991228070175339 650.6783625730994345 637.6900584795321265 609.0862573099415158 592.3435672514619910 573.6856725146199096 550.5204678362573532 543.3918128654970587
56.6435506241331481 47.9708737864077648 8.5644937586685153 -56.4153952843273245 -143.7760055478502181 -226.5166435506241385 -312.8273231622746380 -383.2884882108182865 -442.3717059639389504 -484.2163661581137148 -513.0887656033287385 -527.4646324549237306 -535.9431345353675624 -534.8349514563107050 -524.9798890429958647 -508.5950069348127727 -480.0159500693481505 -453.4542302357836547 -437.7947295423023775 -417.4535367545076383 -405.9632454923716978 -400.6241331484050079 -395.1907073509015049 -390.5097087378640595
774.6933333333333849 803.6599999999999682 793.8385185185185264 744.1192592592592518 665.4385185185185492 557.1348148148148312 455.0474074074074338 348.2207407407407231 260.2259259259259352 181.9733333333333292 131.7807407407407538 111.7348148148148113 108.6592592592592581 111.5125925925925969 117.5111111111111057 126.6525925925925975 131.7496296296296237 123.8459259259259255 118.7896296296296299 114.5370370370370381 105.7029629629629568 100.3244444444444383 99.5444444444444514 103.4037037037036981
697.4820402298850013 656.7902298850574425 613.6293103448275588 585.1156609195402325 557.0330459770115112 530.8362068965517437 520.0739942528736037 517.5876436781609300 528.9877873563218600 555.5847701149425575 603.4798850574712787 690.4346264367816275 821.4339080459769775 947.2169540229884888 1079.4080459770113976 1193.8182471264367450 1261.9633620689655800 1266.9044540229886024 1203.6508620689655800 1102.2011494252874400 978.7435344827586050 862.6458333333333712 762.9762931034482563 687.6027298850574425
159.3648542159180579 139.5630417651694302 131.1252955082742346 135.3985421591804652 147.0721040189125404 166.9745862884160772 198.9655240346729670 243.2819148936170279 296.8177698975571275 356.3951930654058060 416.7842789598108766 467.3453506698187425 493.2529550827422895 486.6847911741528492 457.8914499605988908 420.3211189913317298 384.6546493301812575 357.8089046493302021 333.7939322301024276 316.2212371946414464 307.3165878644601889 308.9304570527974647 317.5839243498817837 328.2547281323876973
743.0558309418210001 774.9047743282025067 786.1252282807200800 780.2608922515000813 752.4677798069396886 703.1056613618575284 637.7732846334463375 565.5147404122097896 493.9366031828854489 436.1434907383250561 396.6086616227498212 382.1004435168275677 391.1140099139055337 418.1925384816070732 465.9264283850769743 524.8719019045133791 577.5533524654317716 616.4156013566397405 640.5995303939472478 654.1223584659535391 659.9465170884424197 645.4941299243412232 623.0232194103834900 595.2940255674405989
496.2182539682539755 576.9325396825396410 743.6230158730159019 988.5701058201058231 1234.0291005291005604 1395.7433862433863396 1422.2486772486772679 1309.8055555555556566 1076.5383597883596849 817.9960317460316901 536.9417989417989929 414.2738095238095184 426.5052910052909851 562.5952380952380736 715.4682539682539755 865.7288359788359458 943.2010582010582311 970.0013227513227321 942.3571428571428896 871.3253968253968651 836.2248677248677495 812.1891534391534151 798.5251322751322505 779.8121693121693170
758.6589785831960171 789.9621087314661736 766.8764415156507539 677.6688632619440114 552.2635914332784068 392.6144975288303272 217.8764415156507539 57.4497528830313016 -91.7248764415156472 -204.5716639209225605 -257.3278418451400285 -223.1943986820428449 -132.6029654036243812 16.3459637561779232 196.8665568369027881 363.1120263591433286 530.9341021416803414 670.0016474464580369 773.3212520593081081 820.3014827018122332 800.7512355848434709 746.4843492586491038 667.1598023064250356 562.6688632619440114
357.8697220737573730 360.2736504543025262 365.1867985034740514 371.1326830571886717 379.1547300908604825 380.8885622661678099 371.3992517370390374 355.8204168893639689 341.2389096739711363 333.7295563869588477 331.4150187065740170 334.5259219668626542 341.3711918760021149 353.5921966862640033 373.2617584179583332 397.6941475146980451 427.0245857830037153 455.8281667557455989 483.3913682522714907 510.4037947621592934 534.8610368786745539 551.6203901656867856 557.7922234099412435 553.4414751469802241
1037.6318813516716091 1038.1920853233741582 1038.1302294681652256 1038.4162387330770798 1038.4616475742450348 1038.2278521923367407 1037.8802923115595149 1037.7870327144755720 1037.8638452975185373 1037.7077063956619440 1037.3746184508206625 1037.0797572449455402 1036.9987610873702124 1037.0535066613997515 1037.0854849714512511 1037.2645886450964099 1037.5613710633101618 1037.7599202786655042 1037.9365999928179463 1038.1591733400366593 1038.0845872086758845 1037.8983373433404722 1037.5205767228067089 1036.7291808812440195
-53.4847999999999999 -109.5520000000000067 -106.7263999999999982 -55.9808000000000021 30.2864000000000004 142.5680000000000121 287.3775999999999726 458.4207999999999856 652.7791999999999462 819.9968000000000075 944.3759999999999764 959.2175999999999476 880.0367999999999711 710.7183999999999742 507.1424000000000092 288.7887999999999806 98.7999999999999972 -43.6432000000000002 -112.4463999999999970 -123.6975999999999942 -119.0176000000000016 -82.2703999999999951 1.5488000000000000 122.1808000000000050
-193.6516736401673597 -200.0889121338912275 -211.2845188284518940 -217.5889121338912275 -219.7866108786610937 -228.6453974895397607 -235.4393305439330675 -245.4822175732217602 -266.2060669456067217 -275.0491631799163201 -298.9361924686192538 -322.9110878661088009 -339.0805439330544004 -352.2165271966526916 -329.6244769874476788 -291.0794979079498148 -219.2824267782426659 -115.5711297071129735 16.1820083682008367 169.3577405857740530 307.1600418410041584 410.8002092050209058 448.3870292887029336 421.1705020920501852
336.5092465753424449 319.2640410958904340 305.5243150684931379 297.5102739726027608 300.3904109589041127 308.4654109589041013 323.3948630136986253 346.7106164383561691 381.7777397260273915 422.2517123287670984 470.7448630136986480 528.6376712328767553 589.3390410958903658 656.0020547945205180 721.8191780821917973 772.3938356164383094 811.2469178082192229 831.1941780821917973 836.2876712328767326 826.3383561643835264 804.1092465753424676 780.2188356164383549 754.8479452054795047 729.9626712328766871
572.0864055299539359 572.6065668202764982 585.8815284178186857 614.6966205837173902 653.6486175115206834 698.8982334869431270 734.5637480798770866 769.1539938556068137 791.6747311827956537 810.9865591397849585 825.3218125960061116 832.6931643625191555 839.5902457757296133 843.3342933947773190 839.7503840245775564 836.6084869431643938 830.8051075268816703 821.8166282642089300 811.6367127496159810 801.5625960061444175 796.9733102918586383 792.0643241167434780 790.3444700460829608 786.6155913978494709
928.5581506196377859 945.3848903717826033 938.8658245948522563 918.5510009532888489 882.7776453765491169 839.0519542421353663 789.5374165872259482 739.2645376549094181 693.3643946615824234 659.3310295519542024 641.6372735938989535 639.8453288846520763 652.3398474737845163 671.9363679694947677 702.7774070543374592 733.2399904671115110 753.5707816968541692 764.4103908484270278 766.7061487130600881 766.0550524308865761 763.9418493803622141 752.0550524308865761 740.3622497616778446 727.2530981887512098
571.6240254114928803 555.5402829916257588 542.1715275772451150 525.1293676003465407 516.5642506497256363 515.9408027721628969 523.0846087207623896 536.7860236788911834 555.6453941669072947 584.7017037250938074 625.6494369044181667 676.2073346809124814 731.2067571469823406 786.0479353161998688 831.0724805082298872 859.3260179035518149 859.7917990181923642 821.1334103378572991 750.7655212243719234 673.2344787756280766 594.4083164885937549 533.6731157955530307 489.8879584175570585 474.2278371354316846
800.2090592334494659 817.9763066202090158 829.4592334494773240 836.4968641114982120 823.6933797909407531 821.7365853658536707 843.1560975609755815 859.4613240418118494 879.9874564459930752 914.4794425087108038 940.6404181184668687 952.6578397212543905 943.9198606271777408 895.7372822299651034 791.9686411149825744 674.2745644599302750 525.4306620209059702 418.0655052264808091 417.0689895470383135 555.2968641114982802 755.5310104529617092 993.0627177700348511 1176.2648083623694220 1206.9630662020906584
76.3820384889522472 78.8317890235210257 77.0306486101211618 74.8132573057733481 76.5445473984319307 78.2337847469707839 84.3321454027084769 95.1952957947255811 102.8111190306486122 105.1553813257305734 114.4155381325730616 128.6208125445473911 144.9080541696365003 147.5481111903064857 138.6764076977904381 111.7099073414112667 62.7626514611546682 -11.3955808980755524 -103.5459729151817498 -211.8360655737704974 -324.4062722736992441 -405.2102637205987321 -441.3043478260869392 -434.7761938702779503
1040.9041032733978227 1087.7897648686030152 1089.1092669432919138 1055.2736284001844069 1004.7300599354541646 948.3649147072383130 887.5348086675887771 840.2634854771783921 808.1726602120793359 801.2733978792069820 813.8139695712309276 846.9741816505302268 884.5910557860764811 920.3709082526510201 947.6413093591517054 965.3158137390502134 971.3819732595666210 974.7517289073305164 970.1339326878745624 966.4163208852005482 960.0018441678192858 956.5405716920239456 948.4702627939142303 935.1804979253112151
570.5016207455429367 552.2277147487844786 598.4274716369529870 704.0457860615883874 831.9173419773095475 957.6175040518638752 1042.3922204213938585 1075.7560777957860410 1074.3123987034034599 1051.8399513776337244 1014.9627228525121154 989.0020259319286424 971.0332252836304860 956.6276337115073147 944.3051053484603017 930.7418962722852029 928.4363857374391955 931.1203403565640428 931.0656401944894469 929.0283630470016760 921.5903565640194302 916.7317666126417635 911.2196110210696816 908.3176661264182030
457.9351896303408580 462.2997279564730206 476.6108177308369136 498.5381661065770800 522.1222595615298587 544.5812129940790101 565.4891982717234669 582.8505360857736832 591.4578332533205867 589.1571451432229196 574.6282605216835009 545.1872299567930895 507.8146903504560896 465.0854536725876187 421.8305328852616185 383.0825732117138500 345.7231557049128128 311.6226596255401091 287.2163546167386698 273.0454472715634324 267.0508881421027354 270.7498799807969476 282.6383421347415492 298.8718194911185719
753.0625000000000000 752.6283723021582546 756.8372302158273897 757.2200989208632791 761.0950989208632791 761.8882643884892332 765.0006744604316964 765.6681654676259541 765.1848021582733281 768.5957733812949755 773.4757194244604079 781.8938848920863620 794.6148830935252363 811.1987410071942577 833.7659622302157914 863.0654226618704570 899.4838129496403099 938.5236061151078957 975.1659172661870798 1008.9795413669064601 1032.6578237410071779 1041.3248651079136380 1031.9658273381294293 1002.6504046762589724
68.7407006920415284 65.9677768166090033 67.9839965397923862 69.6154844290657451 70.4366349480968807 67.5802335640138381 59.0975346020761236 46.6425173010380618 31.0125432525951545 13.0361159169550174 1.7789792387543253 -3.6494377162629759 0.2733564013840831 11.9450692041522490 29.7807093425605522 56.6435986159169573 91.0207612456747341 132.2597318339100241 175.2986591695501772 213.0296280276816674 248.5875865051903020 270.6371107266435843 275.6511678200691904 265.1312716262975755
481.6701195219123406 477.5569721115537618 419.8541832669322957 320.9525896414342583 206.1733067729083757 102.3486055776892414 32.1693227091633460 -5.5123505976095615 -1.8466135458167330 31.3968127490039848 69.1533864541832628 106.2609561752988014 136.0908366533864466 163.5621513944223011 177.2346613545816751 187.8231075697211168 191.0788844621513931 187.7653386454183249 181.7661354581673265 163.3378486055776762 144.4776892430278963 130.0247011952191372 122.9573705179282825 123.1019920318725127
-860.9746659242762234 -874.7733853006681102 -885.1208240534521110 -892.7113028953228877 -896.0453786191536665 -898.6556236080177769 -899.1069042316258901 -900.3630289532294455 -900.8783407572383339 -901.0448218262806677 -900.9635300668151103 -899.1428173719376673 -897.7647550111358896 -897.9159242761692212 -899.1550668151447780 -899.3254454342984445 -898.3454899777283345 -898.0011135857461113 -897.7060133630290011 -896.2622494432071107 -895.5927060133629993 -890.0186525612472224 -878.7179844097995556 -862.9226057906458891
581.8580323785803330 602.2789539227895830 612.1270236612701865 630.9053549190535932 647.4906600249065605 651.8219178082191547 654.1320049813200512 654.8667496886674826 658.3536737235367582 664.6239103362390779 684.4806973848069447 702.4458281444582326 704.9452054794520564 689.6737235367372705 651.4533001245330297 588.5877957658780133 485.1245330012453110 325.3947696139476875 141.1755915317559129 -27.3088418430884197 -154.1955168119551729 -230.0373599003735876 -237.1245330012453394 -193.4769613947696030
-276.5623036649214441 -271.1424083769633739 -256.0732984293193795 -228.2115183246073400 -210.0178010471204288 -189.0774869109947645 -171.4492146596858504 -169.0282722513088913 -148.3643979057591764 -111.0178010471204146 -66.3539267015706855 -0.8921465968586387 70.2293193717277546 160.4010471204188377 254.1570680628272214 348.4314136125654500 436.7801047120418616 502.0586387434555036 548.5801047120419298 573.3214659685863808 579.6910994764398311 565.3308900523560396 536.3947643979057602 504.1099476439790692
443.7197391137540876 441.5342413197774931 445.2213696527911111 476.1411854977939697 515.6842509111835398 549.7799731440628648 584.8714751582582494 616.5891041626701963 642.9760214847497082 659.6556685210051683 670.0573566084788126 673.1375407634759540 674.1509687320161675 678.9823518127757325 678.9462881258392599 685.0943794360252923 694.4068674467677056 704.5451755227315971 711.5965854594282973 718.0565892959907615 723.0661807020909464 729.1431037790140408 731.8920007673125383 731.2054479186648450
4.7864341085271320 3.0806201550387597 2.3677863910422050 1.9321705426356590 1.8379414298018950 1.6387596899224806 1.7758828596037899 2.0088285960378984 1.8863479758828596 2.0229543496985358 2.2333333333333334 1.9819121447028423 1.8461240310077520 1.5188630490956072 1.2673557278208440 1.0327304048234280 1.3629198966408269 1.5217484926787253 1.6451335055986218 2.2302756244616710 2.4761412575366064 2.6840654608096468 3.4859173126614986 4.5521102497846684
889.7946877683720004 889.7408906882591282 889.7483130904183781 891.1668506931664524 891.2145748987853722 891.7735860630597244 892.8021101705312503 892.5282173966384107 893.0083425346583681 893.1894246104772037 892.6818795239847759 892.7629125260704086 892.3819776714514092 892.1847012636486625 892.5070543491596027 893.0818917924181051 895.1326217642007350 896.3707520549626224 897.5347196662986562 897.5287694761378816 897.7724205618942506 896.8954729481044978 895.2858544963808072 893.3648632069684936
930.6937544357700745 939.7686302342086719 946.8798793470546116 954.1948190205819174 960.0251951738821390 964.3564584811923623 972.9819020581973064 982.5030163236338012 991.4964513839602205 999.0782469836764221 1005.3092618878637268 1006.5782469836764221 1006.6792051100070466 999.5537615330021026 982.6101845280340967 956.2828246983676763 923.0825053229240211 882.2384669978708871 840.7088360539389669 799.0141944641590044 772.7899219304471217 765.9481902058197420 776.0503903477643917 792.0880056777856453
-616.5033003300329710 -756.6683168316831143 -783.9966996699670290 -691.5759075907591296 -476.3597359735973669 -244.1270627062706353 -11.2788778877887790 171.7739273927392674 285.3019801980198054 297.8465346534653690 263.0726072607260448 204.1666666666666572 155.8019801980198054 122.9620462046204636 118.5231023102310246 118.5396039603960361 111.2953795379537922 84.4867986798679880 68.1369636963696337 62.0000000000000000 66.5429042904290498 52.1204620462046222 58.5396039603960361 88.7425742574257441
109.9772727272727337 162.1988636363636260 209.1250000000000000 235.7670454545454675 235.3579545454545325 198.7784090909090935 155.3465909090909065 133.7727272727272805 86.9488636363636402 43.3806818181818201 -7.8806818181818183 -50.5454545454545467 -122.4431818181818130 -203.4431818181818130 -265.7670454545454390 -303.6022727272727479 -260.6079545454545610 20.9886363636363633 584.6590909090908781 1422.0227272727272521 1916.8579545454545041 2125.4829545454545041 1748.8352272727272521 1525.2727272727272521
426.7179627901871299 428.4467372811591304 431.3421875857526970 434.3181493880687185 435.5569946764721863 435.1054826848142056 434.3399923165578116 434.0740903353273552 434.8698205367433047 435.9941276549037070 435.9725591350639320 436.2590417649964252 436.2629383678173554 436.1292464738488661 436.4274737939740021 436.8058284397123998 436.9650952198013556 437.0001646451896136 436.2992700729927265 435.1979035179188600 433.4066736183524426 431.8822786894243109 429.9534054113385650 427.1670599857307593
393.3609621793942779 398.5938269815968624 401.9530502825677445 397.6985944066077536 388.0334734096507532 372.1380959281263472 341.8123460368062752 305.7222141718591502 267.9256629473989051 238.0407187364150161 212.8223445877409006 194.6846833792204166 185.2737284451528694 181.9218953774815191 182.2698159687001862 187.2614113896536594 195.9220402840168163 205.0570931749021781 213.2954644254456014 221.9176930879582699 227.4951456310679703 231.4254455875959877 235.9589914505144179 244.3903782060570791
624.4732394366196786 589.7549295774647362 560.9415492957746210 548.8239436619718390 572.5049295774647362 661.0950704225351728 801.2873239436619315 962.3500000000000227 1135.3169014084508035 1255.2725352112674955 1299.5323943661971953 1281.5971830985915858 1181.2521126760564130 1046.2929577464788053 909.3683098591549196 784.7683098591548969 673.5669014084506898 585.8845070422535173 535.5028169014084369 524.7422535211267132 534.8281690140845512 569.2049295774647817 621.1866197183098848 692.3507042253521604
-555.0906585436611067 -560.0204525674499791 -564.3143313025819907 -567.5707861908906580 -567.4646069045546710 -565.7911227154047538 -565.2396286626051278 -565.5117493472585011 -563.8814911517260953 -561.0007252683492425 -560.2023498694517230 -561.1510008703220365 -561.6285175514940420 -562.4239918769944779 -563.5295909486510482 -564.1067595010154037 -566.4004931824774758 -567.8111401218450283 -568.7033652451407306 -569.8070786190891113 -568.6624601102407723 -566.0929794023788872 -562.3024369016536639 -558.3991876994488166
694.8161256906076915 686.0561118784530663 669.8796616022099215 643.8810428176795995 615.9737569060773694 593.0005179558011150 573.4535566298342246 556.0650897790055751 547.6424378453039026 553.5198549723756969 570.3798342541437023 596.0889157458562977 630.7165055248618728 664.8689571823204005 701.2708908839779269 734.5264157458562977 763.7807320441988850 792.1876726519336671 818.0422997237568552 831.9154005524861759 837.3989986187845034 832.0476519337016725 815.7462016574585277 788.7132251381215156
252.6176737846433298 255.5429350295320319 256.1542480690595198 249.9815992730576966 236.8414357110404467 217.7071785552021765 190.8393911858246383 160.1422080872330866 128.0649704679691183 97.2294411631076798 67.9213993639254880 43.1094956837800964 19.1955929123125841 0.6388005452067242 -12.4095865515674699 -20.5904134484325319 -23.3768741481144922 -23.8314402544298041 -18.9875056792367118 -12.9820536119945480 -1.9911403907314857 5.7444343480236260 18.4036801453884600 28.7853248523398442
358.5642545771577829 348.3265911072362542 348.9469921534437731 356.1075850043591799 370.8965998256321086 390.2045335658239082 413.1642545771578057 440.4238884045335567 473.2774193548386847 505.9539668700958828 535.9494333042720200 556.5886660854403090 570.6911944202266795 576.2643417611159293 566.9039232781168494 542.5581517000871372 506.6800348735832813 462.2111595466434437 417.6312118570182861 378.5319965126416832 342.6697471665213470 311.5954664341761031 287.9030514385353285 279.2319093286835141
883.3881401617251186 920.5642407906558446 981.0476190476190368 1029.1194968553459148 1063.2039532794249226 1062.3728661275831655 1045.3557951482480348 996.1500449236298209 932.2452830188678945 863.4725965858041263 780.6765498652291626 699.1419586702605784 616.1931716082659705 533.5534591194968925 466.7699910152740586 484.7520215633423390 614.0521114106019240 838.3584905660377444 1076.0215633423181316 1251.8481581311768878 1276.3495058400719699 1237.3845462713386496 1166.9595687331536737 1060.5840071877807986
540.3346994535519343 558.6748633879781210 569.2336065573770156 568.6475409836065182 563.5150273224044213 557.4453551912567946 537.0000000000000000 504.7937158469945302 475.5136612021858014 438.4781420765027065 377.8661202185792263 277.5887978142076236 160.3948087431693921 46.6366120218579212 -73.2677595628415332 -189.3374316939890605 -294.8005464480874593 -360.0560109289617685 -412.3114754098360777 -459.3087431693988947 -488.5628415300546408 -504.5355191256830381 -512.4357923497267393 -483.9480874316939776
430.3834745762711691 391.7637711864406924 360.6161723163841657 348.6218220338982974 361.2482344632768445 393.9106638418078887 448.5060028248587400 531.4495056497174801 628.9134887005649261 730.2425847457626560 804.8524011299434733 848.0522598870056754 860.7238700564971623 829.8170903954802498 774.8467514124293984 692.8064971751412031 608.4661016949152099 537.5745056497174801 489.5430790960451759 462.2906073446327468 451.9424435028248581 456.2266949152542566 467.9110169491525539 490.9961158192090238
946.0150615061505732 948.4119411941194357 952.0052205220522410 955.1905790579057793 959.1421542154215558 963.4231023102310019 967.6592259225922135 971.3425742574257811 973.0528652865286858 972.0128412841283989 969.9842784278428098 965.7338733873386900 960.3100510051004903 956.8484848484848726 955.6331833183318167 956.2262826282628794 957.4230423042304210 961.1555955595559908 965.2458445844584958 969.5966396639663571 971.8304230423042327 971.4456645664566850 968.1362736273626979 962.1769576957696017
450.7369281045751563 377.9362745098039227 281.3382352941176237 190.5000000000000000 98.5359477124183059 19.2990196078431389 -43.4003267973856239 -77.0947712418300597 -82.6323529411764639 -41.6617647058823550 44.2009803921568647 163.1715686274509665 341.5522875816993746 568.4591503267973849 800.7794117647058556 1012.4934640522875497 1069.1601307189541785 1010.0375816993464468 878.2630718954247868 705.0212418300653781 525.9836601307189312 349.9477124183006254 191.6862745098039227 106.1879084967320210
733.2574120254918171 733.4366860626212201 729.1033527292878489 729.1055694098088225 724.3779440288168416 722.8802992518702695 729.0714879467997207 740.2055971183152678 754.5020781379884056 768.3557772236076744 782.6414519257411939 795.4369631476863560 803.7628151842615125 805.2859517871986554 785.4497090606815846 751.1596009975062316 699.7625380991964903 632.6431144361318957 562.3615960099750737 490.2549182599057644 433.7459129952895296 395.4788029925186947 388.1233028539761563 406.3992795788307149
310.7259311645450452 308.9181046676096116 307.9611504007543772 308.1750589344648574 307.4376709099481104 307.9519094766619673 308.0727958510136659 308.4466289486091455 308.0317303158887512 307.6397925506836373 306.5229137199434035 306.2168788307401996 305.6957567185289690 306.0023102310231025 306.4130598774162877 306.8450730787364478 307.0792550683639774 307.5214992927864159 308.7348892032060235 309.9523338048090295 310.7328618576143526 312.3900047147571968 314.1928335690711833 316.0487977369165264
289.8464603125957524 264.3116763714373292 241.9469813055470411 219.3708243947287713 200.2376647257125342 184.1313208703647035 177.2589641434262830 176.9232301562978762 184.8458473797119268 201.6058841556849472 227.2948207171314721 261.8029420778424878 305.3775666564511084 357.4463683726631871 410.3420165491878606 455.9241495556236714 482.1158443150475250 484.9813055470426093 468.1538461538461320 442.0756972111553864 419.5173153539687405 395.3962611094084991 374.7873122893043387 361.4429972418020043
48.4513513513513487 31.3143451143451159 17.8688149688149700 11.4068607068607069 9.6469854469854468 20.1939708939708957 34.7979209979209969 55.8542619542619576 81.1072765072765094 112.2997920997921000 146.8424116424116335 181.9806652806652778 217.1787941787941918 250.4852390852390727 276.7397089397089189 292.5054054054053836 295.4507276507276288 285.7767151767151859 266.5619542619542699 241.0494802494802400 212.2330561330561238 190.0981288981288913 179.3902286902286960 177.3941787941787993
551.8441314553990651 535.6291079812206135 563.0507042253520922 636.5004694835680539 760.0206572769952800 919.1924882629108424 1087.8281690140845512 1250.4854460093897615 1318.5042253521125986 1280.2441314553991560 1167.4967136150235092 983.7586854460093946 791.7380281690141146 562.4507042253520694 440.9145539906103295 401.5746478873239198 468.6291079812206704 564.5239436619718845 677.3464788732394481 793.2413145539906054 918.6713615023473949 993.1455399061032949 996.3812206572770265 978.7126760563380685
233.7455061494796666 229.9885209713024210 229.4637023021128925 230.4777672658467225 231.9431094292021385 234.3609586881109976 238.8749290444654605 243.6459791863765361 248.0346263008514711 250.6823714916430106 252.7619678334910134 253.5199621570482407 252.8111005991800653 251.5094922737306717 249.8980763166193526 247.5898454746136963 244.5793755912961274 241.5680857773573109 239.0877956480605349 236.1918637653737107 234.8518448438978226 234.2160832544938387 234.7081677704194362 236.3886471144749351
1442.1437908496732234 1488.3986928104575327 1392.0784313725489483 1153.1568627450981239 847.5751633986927800 455.0980392156862990 -32.3594771241830088 -516.8431372549019898 -777.8888888888889142 -726.2287581699346219 -405.7320261437908471 70.9019607843137294 554.8954248366012507 941.2941176470587834 1163.4575163398692439 1182.8431372549018761 1020.1830065359476976 769.7712418300653781 492.7450980392156907 210.8562091503268050 -40.8888888888888857 -149.4705882352941160 -94.7712418300653638 44.7843137254901933
-106.7845303867403288 -112.2469613259668506 -115.5690607734806576 -117.4000000000000057 -117.0640883977900586 -113.6480662983425418 -108.5441988950276198 -102.7077348066298299 -104.1773480662983360 -100.8546961325966862 -101.1071823204419928 -115.6784530386740357 -135.4878453038674024 -167.6950276243094038 -207.8198895027624360 -260.3801104972375811 -341.7033149171270452 -412.5342541436464217 -487.4629834254143930 -537.2464088397789510 -573.7685082872927751 -593.6320441988950734 -602.1066298342541359 -590.6348066298342019
396.9797979797979792 510.6195286195286371 631.1717171717172050 756.4696969696969973 815.0016835016834875 831.9848484848484986 768.1717171717172050 637.7710437710437645 466.8367003367003463 281.1346801346801385 95.9292929292929273 -58.8114478114478132 -143.9764309764309758 -190.6952861952862008 -195.3636363636363740 -134.9023569023568996 10.0673400673400675 176.8787878787878753 363.2659932659932451 520.4377104377103933 659.5925925925926094 754.8350168350168587 799.0387205387205540 757.4040404040404155
161.1203273200669628 158.4935837827785008 159.6228380137623333 161.6987167565557115 167.2058768830202666 171.6326948112330228 173.4387204761019063 176.7119211456202379 177.2665054863306580 178.0429607587874159 179.4035707643667479 180.5157150827598969 183.3539148223916584 189.5651850474242224 200.4703366189324925 217.9739631764924752 242.6326948112330228 276.5841547331225456 314.6931374372326786 362.0334759159382543 408.8086293472196644 448.7424214245862117 473.7115491909987099 480.0730890831318334
1224.3584738243123411 1142.2821650399289410 993.3309671694764802 774.2102928127773112 534.2422360248447148 350.8047914818101276 312.3664596273292204 440.6637089618456002 658.0825199645075827 837.0905057675244052 956.6468500443655785 989.7089618456078597 948.9094942324755948 895.5696539485359153 855.7027506654835634 828.3655723158829005 810.7701863354037641 808.4401064773735470 801.4010647737355839 789.7151730257320423 796.4436557231588267 797.2120674356699510 787.6752440106477025 792.8713398402838948
-244.0905743740795231 -253.5824742268041234 -286.3873343151693689 -351.4889543446244602 -433.9801178203239829 -510.3880706921943897 -586.8674521354934086 -649.8188512518408970 -706.9366715758468445 -747.3637702503681339 -776.1406480117819910 -794.6111929307805894 -804.5147275405007576 -809.8129602356406167 -812.8932253313696492 -813.6192930780559891 -815.4690721649484431 -809.3100147275405334 -808.7488954344624972 -807.5552282768777559 -804.6067746686303508 -794.2128129602356239 -775.8188512518408970 -757.0699558173785135
171.8149996918715772 172.8443335182103908 173.5414432735564105 174.5948727429592680 175.7361804400073879 175.4382818758858775 173.1021137610156018 169.6688851913477549 166.4547975596228468 163.1565292413878012 160.0707462870524296 158.1263326554507955 157.1400751833364211 157.0446786220496733 157.3409132926603888 157.5378073581068463 158.1532014543661830 158.4459234608985128 158.9673383866395397 160.1169039255561586 160.8088987489985868 161.9958710790657506 162.3157700129413854 163.5527823997041992
753.6658841940532056 753.4291079812206817 753.0682316118935660 752.2283255086072131 751.9473135106937889 750.4147104851330141 749.8583202921231532 749.1093375065206601 749.5946791862285181 750.1278560250391365 750.8239958268127339 751.5840375586853952 752.1575378195096846 752.6418362023995314 753.5804381846635351 754.7339593114240870 756.6894105372978174 758.2226917057903393 760.0699530516432105 761.6300469483568349 763.0519040166927880 763.5672926447574582 764.4894105372978856 763.9834637454355288
336.6925162689804552 338.0645336225596793 335.6404555314533695 332.9959327548806982 329.6957700650759193 329.1675704989153814 328.0894793926247530 327.7171908893709542 322.1960412147505508 310.7058026030368865 294.6637744034707111 270.8863882863340677 241.5482646420824153 207.2171908893709258 172.0940889370932894 138.2866052060737445 103.8774403470715839 71.6263557483731006 41.7491865509761411 17.7272234273318858 2.3527657266811279 0.8077548806941431 4.0520607375271149 18.3739154013015167
152.5426356589147190 88.4031007751937921 13.0852713178294575 -64.2015503875968960 -141.3255813953488484 -226.2635658914728651 -302.1317829457364610 -385.2403100775193820 -433.9612403100775282 -465.3410852713178087 -292.6279069767442138 177.5348837209302246 1153.0852713178294380 1807.0620155038759549 2167.8837209302323572 2048.6976744186044925 1825.9534883720930338 1617.1240310077519098 1334.0775193798449436 1127.3643410852712350 991.0310077519379774 908.3720930232558430 839.2325581395348308 699.7751937984496635
-640.8805555555555884 -660.9416666666667197 -684.3999999999999773 -712.5888888888888459 -725.4138888888888914 -759.6111111111110858 -788.8083333333332803 -808.9555555555555202 -825.3388888888888459 -848.5694444444444571 -845.3250000000000455 -831.7805555555555657 -775.7250000000000227 -687.5638888888888687 -539.1361111111110631 -332.3027777777778056 -99.1472222222222257 166.4000000000000057 404.6138888888888800 574.5111111111110631 661.0583333333332803 661.3722222222222626 625.8194444444444571 565.6666666666666288
455.0626702997275288 477.9180084220956246 495.2769383205350664 494.3819668070349280 475.3373792420114228 434.8404756006935941 394.9707703740401143 354.6086202625712076 314.5073074064899856 275.4850136239782046 238.2321030468169454 205.1733960862026152 176.8801089918256082 158.0277433737924184 152.5538766410701044 158.4431508545949896 175.5670052018825800 209.3874163983155938 255.4136735199405450 317.3581867723557366 390.8345305920237820 473.5509041367351983 535.5350507802824040 559.6938320535050480
804.7380869565217836 804.6386086956521240 811.1772173913043389 817.8427826086956429 828.8980869565217517 841.2267826086956575 856.1053913043477905 863.3513043478260442 867.8031304347825881 865.4638260869564874 861.1213913043478669 852.2497391304348184 838.2359999999999900 814.7720000000000482 791.6427826086955974 767.9970434782608208 744.8085217391304695 722.5930434782608245 700.3311304347826081 678.6041739130434962 662.9613913043477851 656.5478260869565474 654.9300869565217909 660.3796521739130867
13.5270700636942678 70.5207006369426779 167.1863057324840725 296.2531847133757879 493.3710191082802794 685.8757961783439896 871.6353503184712963 966.3503184713375731 952.7707006369427063 830.7340764331210039 631.4108280254777128 416.6894904458598603 207.1082802547770711 29.5875796178343933 -64.9570063694267503 -99.5796178343949094 -104.1289808917197490 -92.8853503184713389 -50.3073248407643305 35.8296178343949023 146.8168789808917154 252.3487261146496792 352.2834394904458577 443.7324840764331384
639.1292901955960133 639.5014146881535453 640.2528601303973801 640.6654570057817182 639.8771066551851163 639.4880059047853820 638.9077377291180255 637.3607454791487044 635.5095337679911154 634.3499815475457808 634.3045270020912767 635.4704760733177409 634.6784967400664073 633.4138270389961463 632.6412842908106313 631.6848320826669578 630.0686431295362127 628.8945134702915993 629.0161766514946748 630.2531061631196962 631.8251322425882108 631.5552343461680493 631.2432648542255720 631.4781645958912577
507.2002029573789628 507.8732241229341753 508.6113366193099523 508.2609452015076954 506.7743548854740538 505.0577703682226911 501.9741954189620401 500.2587706581617795 498.4348361844012629 497.0853145839373610 496.5337054218613844 496.2201362713830122 497.2070890113076302 498.2083212525369618 499.1188750362424003 499.0884314293998045 498.8717019425920398 499.3336474340388236 499.6362713830095572 498.9978979414323135 497.3554653522760418 494.9442592055668229 493.4795592925485721 493.1212670339228907
-209.7685758513931944 -226.3599071207430313 -235.6509287925696583 -231.0897832817337587 -216.9682662538699560 -212.1091331269349780 -204.2763157894736707 -209.7492260061919467 -225.2345201238390189 -268.9760061919504892 -331.1609907120742946 -412.4628482972136112 -497.2422600619195237 -569.1284829721362257 -635.1168730650155112 -695.7352941176470722 -724.4287925696594357 -748.5356037151702822 -758.2995356037151851 -776.6950464396285270 -775.2546439628482631 -766.8761609907120373 -749.8831269349844888 -726.0549535603714730
709.8498862774829377 675.6300227445034352 633.9188779378316667 600.8726307808946103 575.8248673237301318 548.6679302501895563 533.7194844579227038 565.8544351781653177 663.8248673237301318 814.4571645185747002 983.4965883244882434 1150.3025018953753715 1264.8627748294161393 1312.8347232752084892 1285.4283548142532254 1179.0606520090977938 1022.1622441243366666 862.9188779378316667 708.7293404094010612 576.1159969673994965 506.6133434420015078 490.9097801364670204 529.6573161485973742 584.2479150871872662
697.8055975794251253 698.9117498739284429 700.5005673222390215 701.4785678265254774 701.4505799293998507 702.0542738275340753 701.8790342914775238 703.2756555723650536 705.0037821482602567 705.6461800302571419 705.8238149268784127 705.5695284921835082 705.1972390317700956 704.7805093292990932 703.3976928895613128 701.2037947554210859 698.9863212304588842 697.7793746848209366 696.4479954614221242 695.4241679273827685 693.6429021684316467 693.1536812909732816 691.5358673726676670 690.9345057992940156
824.6964324441553345 825.2774343960095393 826.2035350249403791 826.0162112340055955 825.1023639123834528 823.4655172413793025 822.1872695727607834 822.4389503361526295 822.5396334851442361 823.3896660160486363 824.7812838863586649 825.4420949902407756 826.2797657774885920 827.1419973975276889 828.0798091520277922 827.6553350683149120 827.9273476469312527 827.9427998265018687 827.2838321405334909 825.6879201908479899 824.6970830622424273 824.1206354369984410 823.1387985252656563 822.2907720667967624
-62.0163734776725306 -65.5464140730717162 -68.6634641407307242 -71.5294993234100076 -73.4301759133964822 -75.1345060893098804 -75.8967523680649521 -76.5675236806495292 -76.0027063599458756 -76.6472259810554846 -77.1738836265223256 -75.9887686062246246 -76.4035182679296412 -76.1104194857916099 -76.1213802435723892 -78.1465493910690157 -79.9188092016238159 -82.9506089309878263 -83.2818673883626559 -82.2966170500676526 -81.1355886332882221 -79.7492557510148856 -77.4270635994587337 -75.4893098782138026
-296.3645184475323617 -296.3830857690464882 -295.7986344034499098 -295.3120507906085095 -294.5114997604216569 -292.8761379971250562 -292.4185433636799303 -293.0728318160038270 -294.7888116914231205 -296.3137278390033771 -297.9755630091039507 -299.0069477719214319 -300.0213224724485030 -301.1140392908480976 -301.9674173454719721 -301.5330618112122920 -300.5495927168183812 -300.3107331097268684 -298.0104216578821479 -297.5483948251078345 -296.6825586966938317 -297.0618112122664343 -295.8466698610445746 -294.1790848107331158
234.3900543900543880 223.2649572649572747 214.7086247086247113 207.7657342657342667 202.9724164724164837 199.5761460761460739 196.7389277389277424 198.4809634809634815 204.2882672882672921 212.8554778554778579 229.1837606837606813 249.2362082362082276 273.3958818958818711 306.5878010878010969 354.1825951825952075 417.3601398601398387 495.1410256410256352 577.8523698523698613 653.6375291375290999 714.9673659673659358 754.5749805749806001 772.2055167055167431 762.5975135975136254 736.5924630924630492
-416.7911280446319324 -419.7841883249421926 -422.1455980405497144 -422.4800653150088579 -421.0038100421826357 -420.6032113212681907 -420.2974554361137507 -419.9907470404136802 -421.7943937950741429 -422.6883929786365570 -421.8358960402775892 -420.7598312695604932 -419.6279765954551522 -418.7391481834263232 -418.6683902571778617 -418.7968431079058291 -418.6204925840250439 -417.8695060552456084 -417.0080283031704766 -415.1587971152537762 -413.1642400326575171 -410.9157708531773210 -407.8489590420465447 -402.1363450809633946
-384.0642201834862135 -416.8807339449541018 -378.4587155963302507 -252.5321100917431068 201.1376146788990695 1122.6788990825687051 1753.2201834862385113 2114.9082568807339158 2128.5412844036695788 1856.5045871559632360 1675.3669724770641096 1485.9266055045870871 1292.6697247706422331 1147.6972477064221039 1028.5779816513761489 920.6697247706422331 782.5412844036696924 563.0550458715596278 225.4403669724770509 -169.5229357798165211 -479.0091743119265857 -586.8165137614679452 -481.3027522935780098 -234.8165137614678883
838.7325714285714184 864.2685714285714766 866.7272380952381354 840.5264761904761599 799.4217142857143017 751.8544761904761344 701.0819047619047524 645.7798095238094902 586.9310476190476038 531.3619047619047251 484.1859047619047374 441.4700952380952117 406.4080000000000155 375.3127619047618850 349.5493333333333226 330.7874285714285634 320.6236190476190586 319.7851428571428301 319.9965714285714284 324.1466666666666470 328.6685714285714539 330.9878095238095170 333.3051428571428687 341.7885714285714016
-674.6177944862155300 -694.9649122807018102 -714.0889724310776501 -717.4035087719298645 -727.9448621553884777 -739.1453634085213480 -748.9511278195489012 -763.5501253132831607 -769.1491228070175339 -781.5062656641604235 -800.3822055137844700 -819.9987468671679380 -841.8057644110275533 -858.6390977443609245 -864.1716791979949903 -857.2280701754385746 -824.1203007518796539 -743.9598997493734487 -608.8483709273183422 -441.8859649122807127 -256.7807017543859729 -85.2042606516290704 31.7944862155388464 69.9598997493734345
-728.3279279279279308 -759.7207207207206920 -777.0774774774774869 -789.5423423423422946 -809.3369369369369224 -798.7891891891891873 -773.3711711711712269 -727.6792792792792852 -630.3243243243243796 -501.9297297297297291 -338.8054054054053950 -160.9531531531531527 35.3297297297297277 216.6720720720720692 331.7567567567567721 398.0540540540540633 418.5189189189189278 411.0810810810810949 379.4918918918918962 345.6684684684684612 311.5261261261261438 294.1261261261261097 288.0216216216216480 291.0144144144144320
949.3174544101227639 974.5969482694455337 996.3606252326013646 1005.0911797543728881 1012.2739114253814705 1017.7141793822106592 1008.0007443245254990 995.1243021957573092 978.4026795682917736 957.7208783029400365 931.0096762188313733 897.9274283587644732 859.2266468180126822 817.3293636025307478 762.7540007443245713 709.4097506512839573 660.2218087085969955 615.2765165612206602 583.7949385932266750 568.6814291030889308 564.8954224041682437 570.3416449572013107 586.4138444361741449 612.2359508745813628
436.7027410207939511 406.0869565217391255 384.3950850661625509 390.3979206049149298 410.4059546313799842 456.3875236294895785 527.3946124763705257 615.9333648393194380 705.4711720226842999 798.2547258979205935 863.4829867674858406 906.2500000000000000 924.9914933837428634 932.5538752362948571 927.0396975425330766 912.5146502835539195 896.9744801512287040 890.9267485822306298 893.9243856332702762 903.5978260869565020 906.6597353497164704 905.1668241965973039 897.7320415879016764 886.2008506616257364
433.1968351364443492 460.5740352010334391 488.3731632488293144 513.4897464879702511 530.6006781850476273 541.1842402712740068 537.0219602777328873 516.6198934280639605 484.4085257548845220 442.5160665267237050 394.8262554497012502 345.8819635071855600 300.6119812691748621 258.7059583400613860 223.9725496528338340 197.5091232036169799 180.1065719360568380 173.6215081543678309 175.9657678023575045 184.8306152107217883 201.1865008880994594 222.9626998223801024 247.8646859357338883 276.3306959470369861
309.3276975099907986 303.7800491853673748 306.4628035659391116 316.7629880110666818 336.0980633261604567 361.6713802643713507 392.3061789117737703 421.8735013833384642 447.8719643406086561 464.1982785121426218 470.3533661235782120 464.1610820780817903 442.7062711343375554 407.8126344912388390 362.5587150322779166 315.8973255456501761 270.9397479249923322 231.2892714417460809 199.9126959729480575 174.9892407008914859 158.6025207500768488 152.5261297264063955 158.2513064863203169 172.7754380571779791
1036.3017656500803696 1075.1484751203852284 1079.3113964686997406 1041.9004815409309685 982.0955056179775511 911.3210272873194526 827.5224719101123583 730.2110754414125040 640.6934189406099449 559.8996789727126497 494.2375601926163995 445.3330658105938937 454.3691813804173307 570.5995184590690315 764.6621187800963071 985.4398073836275671 1155.9438202247190475 1205.2391653290528666 1198.3563402889244571 1161.3242375601926142 1085.4855537720707161 978.9357945425360867 878.1468699839485907 786.2985553772070944
-704.2735519888345834 -727.3984647592462807 -742.2442428471737230 -755.3175157013258740 -762.7669225401256199 -761.3517096999302112 -749.5205861828331990 -734.0704815073272584 -720.2337752965805748 -696.7732030704814861 -659.7732030704814861 -611.3907885554780250 -549.9776692254012005 -479.3900907187718303 -411.9727843684577806 -351.2979762735519671 -298.3196092114445150 -262.9783670621074521 -243.8108862526168821 -234.1053733426378187 -229.9169574319609239 -233.5422191207257470 -239.9309141660851310 -240.1723656664340467
-35.3235294117647030 -123.4117647058823479 -212.8529411764705799 -298.2450980392156907 -379.9803921568627629 -434.1862745098039227 -477.9313725490196134 -322.4901960784313815 257.7352941176470722 1233.6470588235295054 2087.5490196078430927 2387.2450980392154634 2030.5196078431372371 1874.8823529411765776 1628.9215686274510517 1368.1274509803922683 1152.0980392156861853 997.4117647058823195 886.8333333333333712 787.9607843137255259 615.9215686274509380 352.9901960784313815 25.8333333333333321 -241.7549019607843093
1027.3569292123629566 1104.1216350947158844 1143.9880358923230688 1144.1375872382850503 1073.9032901296111504 919.2801595214357349 721.8404785643070909 502.9770687936191393 320.7956131605184282 301.8344965104685684 460.2851445663010850 682.5024925224327035 930.9700897308075582 1138.2791625124625625 1208.8045862412761835 1137.9122632103687920 1028.3389830508474461 943.9750747756729652 829.9322033898305335 763.0777666999002804 708.3728813559322361 690.3120638085742939 704.3708873379860052 719.1605184446659678
1045.2958015267174687 1200.3826335877863585 1292.7843511450382721 1277.5181297709923456 1200.6221374045801440 1075.3234732824428193 927.2595419847327776 794.4637404580153088 682.6202290076336112 581.0858778625954528 516.8540076335877984 485.2566793893129784 480.4370229007633384 495.1020992366412088 521.1440839694656688 543.7872137404580144 578.4599236641221296 605.0324427480916256 635.2958015267175824 657.2681297709923456 671.5467557251907920 690.2681297709923456 689.3883587786259568 687.5286259541984464
574.0304198800342874 560.4693658954583952 529.8459725792630479 486.7118680377035389 437.5499143101970958 393.2264353041987874 361.7390745501285210 342.2266495287061048 336.7994858611825180 348.2135818337617934 375.3856041131105599 413.1422450728363174 460.1491002570693922 509.4419451585261527 553.5004284490145210 593.9601542416452276 622.7600685518423234 639.2302913453298743 640.4672236503855629 628.8706083976006767 607.0642673521850838 580.7904884318766108 555.8029134532990838 534.8029134532990838
1819.8901098901098976 1937.3956043956043231 1750.7802197802197952 1626.5769230769230944 1459.1923076923076223 1264.9780219780220705 1084.8241758241758816 943.8901098901098976 760.7582417582417520 520.3736263736263936 201.9120879120879124 -130.6098901098901024 -397.1428571428571672 -504.5219780219780432 -430.5274725274725256 -238.2692307692307736 -7.6923076923076925 175.0714285714285836 259.0879120879121160 265.5109890109890216 218.3351648351648464 152.0274725274725256 99.7802197802197810 66.3736263736263794
594.5243851018974510 604.6289529163738052 598.4052002810963131 577.2635277582571689 543.8115249472944015 504.8085734364019572 467.6427266338720869 432.5510892480674556 401.0802529866479063 375.0754743499648498 354.8290934645115726 340.8955727336612540 334.9266338721012062 334.7668306394940032 339.2678847505270596 349.1329585382993628 361.0961349262122440 373.2534082923401115 386.3991567111735890 397.2202389318341602 399.9359100491918753 397.0794096978215180 395.4244553759662608 393.3929725931131429
123.2947368421052659 -104.5526315789473699 -296.4157894736841854 -356.3157894736842195 -261.1736842105262895 -69.4315789473684220 304.1578947368420813 904.4631578947368098 1462.8421052631579187 1769.7999999999999545 1645.3421052631579187 1424.9736842105262440 1112.9210526315789593 693.2473684210526699 320.6263157894736651 31.3736842105263172 -100.4842105263157919 -49.6421052631578945 123.3684210526315752 313.9368421052631675 560.2789473684210861 785.2315789473684617 931.5526315789473983 979.7736842105263122
327.4650418075075891 324.9114036648282990 338.1416118128447010 360.1533534958192604 389.9391567336772937 424.3979718911225518 461.1353851627824270 497.3625689379114192 523.2995908201387465 541.4323074186088434 552.2051236434798511 557.7190891300480189 558.3773349937733883 555.2549368439779300 552.4803415762320355 553.9254581035403362 554.0485678704857264 557.3912115281978004 564.9886141256004066 572.5370930439423773 580.3803593666607412 583.2700587084149220 587.7434620174345810 587.1707881159935596
-503.7893607893607850 -513.5688545688545901 -515.6036036036035739 -513.0347490347489838 -502.0840840840841111 -489.0759330759330510 -462.4015444015444132 -428.8352638352638451 -390.1372801372801291 -349.7537537537537560 -310.6048906048906133 -273.7657657657657637 -246.3148863148863086 -222.0321750321750187 -196.8519948519948457 -171.7580437580437547 -150.2998712998713131 -132.5834405834405914 -120.3281853281853273 -114.8721578721578709 -109.2303732303732318 -100.2839982839982866 -93.2290862290862350 -82.8974688974688974
-29.9825958702064881 -36.8890855457227147 -23.5259587020648979 13.1522123893805318 64.0678466076696225 125.2578171091445398 185.8250737463126825 237.4356932153392279 272.2955752212389484 288.6920353982300753 282.7339233038347857 254.4994100294985344 212.0575221238938184 165.9221238938053204 122.8250737463126825 88.0471976401180001 65.0404129793510322 60.0056047197640083 63.2651917404129804 70.3563421828908560 86.3492625368731552 101.9811209439528028 117.7486725663716811 128.3498525073746350
868.2263665594855411 881.8057877813504319 892.5774919614148075 897.6379421221864732 895.8855305466238406 893.7819935691318278 888.7845659163987193 881.9324758842443543 866.7755627009646560 858.2475884244372537 860.1627009646301758 874.1106109324758791 902.0514469453376023 947.4392282958199303 1001.0778135048230979 1047.3993569131832828 1064.9324758842444680 1041.3807073954983480 973.2610932475884056 853.1266881028939224 686.9549839228295696 496.7993569131832601 340.6147909967845635 345.6205787781350409
565.7049780859554176 563.8138287433766891 563.5027801399882037 563.0241381566036125 563.2685942303918409 563.9447242755281877 564.9639563027409395 566.1456793353829653 568.2907699352390409 569.1500621443055934 570.7816445345719103 571.5570746385817529 572.0756852227382296 572.0667233597174572 572.5100412114868504 573.1549682736965678 574.1730882449139699 575.7743834630731499 576.7474324589520620 577.0650879832537612 577.4021063648851850 579.8802250278014299 582.4187872048145209 584.0241381566036125
799.7701007245095752 812.7494256935854082 820.1069093479413823 820.1263474112033691 813.1309418625198759 797.5976320904753720 781.1422512811450360 757.9577663898214723 731.7798197561406823 701.9059904576780582 670.0936561229899553 638.9482240678564722 610.5769570595512050 587.8086234317016761 564.6702597632090601 547.9443364552040521 539.2495140484184049 537.1995052129351507 538.9005124580314714 541.9452200035342457 544.7577310478883419 549.4649231312953361 555.9491076161865521 563.3993638452022878
1395.4591836734693970 1661.9489795918366326 1716.4795918367346985 1432.4795918367346985 1061.8775510204081911 731.0408163265306030 530.6224489795918089 525.3979591836734926 642.3979591836734926 854.6224489795918089 1312.6020408163265074 1741.1836734693877133 1880.7448979591836178 1619.5612244897959044 1233.9693877551019341 842.7448979591836178 563.3265306122449374 472.4387755102040956 591.3877551020408418 877.0918367346938567 1321.5408163265306030 1628.4591836734693970 1757.3469387755101252 1495.0612244897959044
1149.9013157894737560 971.6250000000000000 678.3355263157894797 234.1578947368421098 -332.2697368421052602 -819.0789473684210407 -955.0328947368420813 -623.4210526315789593 -148.3157894736842195 345.3947368421052602 773.6447368421053170 1033.1907894736841627 1047.3486842105262440 895.1644736842105203 638.6513157894736423 382.0065789473684390 144.0921052631578902 -54.7631578947368425 -128.1118421052631504 -40.7302631578947398 104.5921052631578902 230.3289473684210407 349.9407894736842195 434.1447368421052602
486.6971938220578409 463.1205133782901839 419.2355884272351432 373.4631281270393970 326.9371329127691865 284.7665869045029581 245.0519904285403641 210.5764629105938752 185.6345442680008659 166.4183162932347102 157.8958016097454902 159.3347835544920486 174.6808788340221952 205.2442897541875197 241.8890580813574047 285.0989775940831237 337.5507939960843942 399.3358712203611276 458.0659125516641552 500.8133565368718791 506.3813356536871879 482.5671089841200683 450.1470524254949055 423.8274961931694520
373.4714518760195574 373.2768928125899492 373.4955858362920935 373.9670377123116509 375.0590154495729962 374.1936954227041383 373.1330006717205379 372.0761443239612163 371.0391037328471384 370.4001535361289825 370.3453603301026646 370.0832933499664250 369.9878130697629786 369.0568563477593216 367.9855100278284112 366.4704442951731949 365.3747241147682416 364.8785625179925205 364.5315708665195302 363.6447078015545458 363.5636695134824095 363.4540351213894951 363.6746953267440858 363.9858938681508675
30.9937888198757747 37.2857142857142847 77.9068322981366492 150.4658385093167681 208.0621118012422244 239.0248447204969011 243.6149068322981464 222.5962732919254563 180.3850931677018536 154.9875776397515494 122.9813664596273242 79.5031055900621055 65.5527950310558936 31.0372670807453410 -15.4161490683229818 -91.6024844720496958 -182.4409937888198669 -246.0248447204969011 -294.4720496894410076 -259.0745341614907034 64.8198757763975095 602.8322981366459317 1740.4782608695652470 2188.9254658385093535
927.8332003192338107 919.7094972067038725 846.6975259377494467 745.5083798882681094 634.1939345570630167 530.9780526735834201 441.9090183559457046 398.0458898643256020 404.0734237829209974 440.5047885075817931 500.5802075019952326 569.8475658419793035 645.9405426975259843 696.5011971268954767 715.4201915403032217 708.9616919393455419 692.3248204309657012 663.1799680766160918 628.9832402234636675 583.6420590582602017 537.8635275339186137 497.7561851556264969 479.4389465283319964 482.6592178770949886
505.8076514346440149 509.6886291179596356 514.7359192348565102 519.8937300743889409 518.8060573857598001 514.9622741764080729 502.8836344314559028 491.1995217853347526 480.9734325185972352 468.4784803400637543 452.4309245483528343 443.2739107332624826 436.8945270988310199 438.2651434643995572 450.5587141339000823 475.0244420828905163 509.3788522848034290 554.5725292242295836 622.8060573857598001 698.7824123273113628 775.3113708820403644 840.1381509032943313 873.4617428267799824 871.1238044633369100
555.8368759268413442 539.1272862086010491 492.3460207612456543 435.3410776075135686 386.1344537815126046 352.6065249629263576 328.3818586258032610 313.0835392980721963 312.6431043005437687 328.4142362827483907 355.3850716757291366 390.8922392486406352 430.1371725160652773 461.8166089965397987 487.1794364804745214 494.1809194265941869 484.7352941176470722 444.2815126050419963 388.1062778052397562 325.3776569451309797 270.4246169055857649 220.5795847750865164 181.0084033613445342 170.5239742956005955
96.6599764863957063 93.5658380920389590 89.2714141753443045 85.6671985220020105 81.5941383943567331 78.9413839435673452 77.1855055424924359 76.3134027544507916 77.2783003023177741 80.0385455156197452 83.8119751427611703 88.0954820288881422 92.1446926436009335 94.9734632180046958 95.4396204232448753 93.8569868995633243 90.5197346321800467 85.2958515283842758 79.7662075915351068 75.3850352704064477 71.7678031575411524 69.5662579778300341 70.1760161236143745 74.0482028888142452
-158.3906250000000000 -107.8203125000000000 82.6718750000000000 419.7656250000000000 853.0078125000000000 1309.9296875000000000 1624.3671875000000000 1722.1718750000000000 1547.0468750000000000 1216.6640625000000000 817.8359375000000000 338.2578125000000000 -140.3125000000000000 -421.7031250000000000 -460.4140625000000000 -308.2031250000000000 -13.1250000000000000 402.3203125000000000 854.1093750000000000 1245.2265625000000000 1468.0078125000000000 1467.4765625000000000 1299.4453125000000000 1061.7343750000000000
655.8301459130188960 651.1867119988667127 641.9399348349625143 629.7090239410681534 620.0167162487604173 611.2487604476555134 605.4407139821504416 601.2963592576852534 596.7798555036124526 594.6134013316333267 591.8064881711291036 589.8295792605184715 580.8236294092647540 568.3204419889502788 553.2044198895027876 534.7155404448221816 513.7530811729707239 490.7839637342399897 463.8377957217736025 437.2037115738773423 413.4360390990225369 396.9322850262076940 387.2277943051423676 385.6687916135430214
845.7228783902012310 822.6332020997375594 798.7644356955380545 777.2412510936133003 766.5505249343832475 774.1303587051618251 799.5089676290464240 831.6062992125984010 871.0072178477690841 917.7156605424321469 965.0682414698162574 1003.5378390201225329 1029.7718722659667492 1045.1576990376202048 1051.4472878390201913 1046.7532808398950692 1033.9757217847768516 1015.0126859142607145 997.1734470691163779 977.3278652668416271 955.4632545931758614 934.8372703412073861 917.2738407699038135 900.2607174103237639
-194.4845744680850999 -193.9299645390071021 -192.0343971631205591 -189.4760638297872219 -189.0748226950354649 -188.5079787234042499 -189.8632978723404392 -190.8382978723404335 -190.7835106382978836 -190.8079787234042612 -189.1897163120567313 -187.9039007092198688 -187.2015957446808443 -185.1221631205673646 -182.8274822695035482 -181.4604609929077981 -180.5115248226950371 -179.7498226950354479 -181.7193262411347519 -181.4505319148936167 -181.9250000000000114 -180.9689716312056760 -180.3714539007092128 -180.9234042553191557
481.8200725513905809 486.4357920193470477 508.1180169286578234 549.5700120918984339 611.8701330108826824 685.9649334945586361 756.7259975816202768 812.1131801692865793 848.6103990326481608 853.2665054413542975 831.0665054413542521 782.8570737605804197 711.1119709794437540 643.1076178960096286 581.0517533252721023 532.1371221281741555 501.7438935912938405 492.1898428053204384 491.3148730350665119 500.3925030229746085 527.3073760580410863 564.0648125755743649 600.9516324062877857 628.0415961305925521
-243.3069883527454351 -249.9929284525790365 -249.4168053244592329 -244.4197171381031524 -233.2462562396006547 -219.2254575707154629 -204.0099833610648830 -180.6173044925124884 -155.5278702163061553 -125.6118968386023340 -88.2366888519134704 -49.8781198003327759 -9.0012479201331121 28.1077371048252900 57.1647254575707180 83.0353577371048317 100.2620632279534050 109.3053244592346118 108.4026622296173059 100.2728785357737138 93.8722961730449299 87.7483361064891909 79.4862728785357717 82.5291181364392656
-719.4011075949366614 -727.8589794303796907 -729.6928401898734364 -726.2517800632911076 -721.8773734177215147 -718.1784018987341369 -714.6736550632911076 -709.3332674050633386 -703.9220727848100978 -701.7217167721519218 -699.9679588607594951 -696.3829113924050489 -695.6795886075949511 -696.9133702531645440 -698.2191455696203093 -699.6827531645569707 -701.9756724683544462 -706.0144382911391858 -709.3142800632911076 -713.1928401898734364 -714.9297863924050489 -715.4899129746835342 -713.9169303797468729 -703.8243670886075734
585.7314201618837615 586.0743193524650678 586.8660779985283398 581.2494481236202546 567.8307579102281579 546.6585724797645298 527.7071376011773509 513.7277409860191710 506.0132450331125824 489.9565857247976624 482.7174392935982610 479.4591611479028757 485.9470198675496704 514.5172921265636887 556.8807947019867015 649.1685062545989240 760.8395879323031750 902.1398086828550049 1033.7998528329653709 1141.6181015452539214 1205.6666666666667425 1205.0809418690214443 1165.8668138337011442 1084.9102281089035387
911.2009214230868110 945.9088814947530182 983.5293063731763823 1017.0094701817250780 1043.0517020732020228 1052.9055541336063015 1047.0529818274890204 1029.8313283849499840 997.8871256718709901 958.4092654210392084 907.6168415664192253 850.5039672382902154 796.1085231635526043 759.2388021499872366 740.9836191451241802 743.6767340670591011 762.6836447402098429 795.1899155362170859 832.4430509342206506 869.6360378807269171 895.6524187356027369 911.0954696698233874 916.8108523163552945 912.6119785001279752
145.5813953488372192 536.2713178294574163 1298.0620155038759549 1782.5348837209303383 1957.2480620155038196 1819.9302325581395507 1734.3178294573642688 1601.4341085271316842 1439.8604651162791015 1238.9612403100775282 1090.1705426356588760 942.9922480620155056 774.9069767441860677 574.7596899224806748 257.9612403100775282 -143.2093023255814046 -513.4883720930232585 -689.2248062015503365 -603.5736434108526964 -320.9612403100775282 3.0852713178294575 250.8449612403100843 355.6434108527132025 357.3178294573643257
-456.8549783549783569 -490.8441558441558641 -507.3095238095237960 -496.3961038961039094 -441.2510822510822663 -346.2294372294372238 -144.0411255411255524 43.6839826839826841 244.7056277056277054 468.4177489177488951 652.1277056277056090 765.0000000000000000 833.9220779220779605 813.1103896103895750 790.7164502164501982 754.4913419913419830 726.3787878787878753 718.2402597402597166 705.3008658008658358 704.5129870129869687 710.3333333333333712 704.7489177489177337 694.6017316017315579 671.8722943722943910
459.3359253499222632 483.0513219284603679 488.6936236391912871 466.0077760497667327 398.8289269051322208 296.4276827371695049 170.3250388802488260 31.2348367029548974 -109.9206842923794767 -240.6096423017107213 -353.6547433903576803 -419.8227060653188119 -460.2006220839813295 -498.9020217729393494 -530.8506998444789815 -563.6407465007775954 -589.2659409020217254 -616.6578538102644416 -627.5163297045100990 -624.0948678071539462 -625.8631415241057994 -628.3032659409020653 -621.1990668740279489 -601.6034214618973692
160.3807280513918556 166.7970021413276243 189.1323340471091967 229.9293361884368210 287.0546038543897112 356.7012847965738729 434.2209850107066131 497.0096359743040466 527.4886509635974789 521.6314775160599311 490.1177730192719650 446.1229122055674452 404.5668094218415263 376.8246252676659651 358.9706638115631563 348.8528907922912481 344.5126338329764621 358.2344753747323125 380.7811563169165083 408.5850107066381156 433.5702355460385320 459.3299785867237688 477.4334047109207972 490.7271948608137109
222.7202380952381020 203.9345238095237960 168.9642857142857224 122.4226190476190510 75.0773809523809490 26.6369047619047628 -28.1309523809523796 -79.2797619047618980 -125.9880952380952408 -191.6428571428571388 -255.5297619047618980 -297.0000000000000000 -333.2202380952380736 -233.1369047619047592 82.6488095238095184 728.0833333333333712 1485.4345238095238528 1934.4583333333332575 2071.4821428571426623 1824.7321428571428896 1624.1785714285713311 1358.0714285714286689 1090.8333333333332575 877.0892857142856656
243.8670212765957501 151.5478723404255277 46.1063829787234027 -47.4698581560283657 -100.2251773049645323 -98.8386524822695094 -59.7322695035460995 11.5620567375886516 121.2304964539007130 262.5620567375886480 440.4521276595744439 672.1258865248227039 879.1879432624112951 1021.6595744680851112 1042.3014184397163717 949.9609929078013693 738.9007092198581859 520.1312056737588136 269.8723404255318883 52.9450354609929050 -89.3049645390070879 -130.0248226950354535 -123.3741134751773103 -82.4042553191489304
