554.3695219123505922 -1906.5358565737051322 -3052.7031872509960522 -4057.2749003984063165 -4916.5199203187248713 -5344.2788844621518365 -5617.8137450199201339 -5764.7948207171311878 -5787.4083665338648643 -5491.4800796812751287 -4114.5239043824703913 -1557.5547808764940783 960.3157370517927802 2711.6344621513944730 3271.6195219123505922 2501.9023904382470391 1311.3097609561752961 499.2450199203187253 168.4093625498007896 88.1235059760956148 81.4501992031872533 99.5836653386454174 124.3774900398406373 137.9462151394422449
-255.4015927189988702 -197.4391353811149088 -129.0870307167235467 -58.6348122866894172 75.5005688282138863 305.2736063708759957 580.8242320819113047 865.7229806598406867 1152.5005688282137726 1441.1860068259386480 1741.7514220705347725 1990.4721274175199142 2058.8156996587031244 1823.4829351535836395 1133.2155858930602790 29.2474402730375438 -1219.2730375426622231 -2201.8816837315130215 -2381.7599544937429528 -1804.2650739476678154 -1099.0136518771330429 -577.3293515358361674 -275.0290102389078584 -151.1541524459613299
-57.5138554216867490 -158.2391566265060305 -325.2373493975903784 -619.9367469879517785 -1177.5855421686746922 -2074.5271084337350658 -3386.6024096385540361 -4336.6566265060237129 -3648.2060240963855904 -1610.4554216867470586 382.9686746987951551 1500.4981927710844047 1990.4126506024097125 2267.7198795180725028 2261.2536144578311905 2023.9963855421685821 1676.0710843373494754 1283.7180722891566802 920.2228915662650479 635.8204819277108300 469.4024096385542180 393.6192771084337210 364.7620481927710898 206.8608433734939638
-5376.7909002904161753 -5155.3039690222649369 -3442.2226524685383993 -27.3475314617618572 2875.6795740561469756 3551.0106485963215164 3802.7115198451115248 4211.3572120038725188 4252.6969990319457793 4079.4017424975800168 3757.8247821878026116 3472.4307841239110530 3358.0348499515971525 3030.9157792836399494 1907.9612778315586183 355.3155856727976811 -1194.0522749273959562 -2563.2545982575024937 -2753.6456921587609941 -1811.9709583736689638 -991.7434656340755055 -587.7870280735721735 -321.7725072604065986 -180.9399806389157845
3509.9216342933691521 3508.8918285331546940 2734.2009377093099829 1648.4156061620897162 552.5847287340924368 -100.4802411252511689 -277.9474212993972060 -216.9511051574012015 -106.4135967849966562 -18.7006028131279294 83.6895512391158718 151.9467515070328147 159.0375083724045453 116.2692565304755590 44.1835231078365709 -7.1982585398526453 -37.2652377762893536 -46.7906898861352971 -45.2307434695244481 -46.0542531815137295 -42.8871399866041543 -51.9728734092431353 -66.0328198258539913 -106.9172806430006659
138.9868804664723143 146.2463556851311921 143.3279883381924265 202.8381924198250772 347.8323615160350073 622.6618075801749228 1124.1428571428571104 2072.7011661807578093 3491.2827988338190153 5755.0422740524782057 8331.8979591836741747 8896.4737609329440602 6219.6632653061224119 1544.3979591836734926 -1831.9927113702624411 -3051.9752186588921177 -4134.8833819241981473 -5077.6428571428568830 -5516.5379008746358522 -5812.1472303207001460 -5999.1107871720114417 -6132.1472303207001460 -5849.6020408163267348 -4216.5889212827987649
28.5670705630791169 30.5873129009265874 33.2313613684960814 33.7275837491090513 31.3808980755523876 35.1020669992872385 42.7773342836778312 62.5540983606557361 116.1190306486101207 225.3573770491803145 433.8240912330720107 712.9739130434782055 952.4878118317890312 1036.5485388453314499 907.9187455452602080 652.7180327868852601 381.5767640769778950 161.2972202423378576 37.9228795438346395 -6.9086243763364221 -11.0560228082679970 -0.3294369208838204 11.7622238061297217 14.2286528866714193
80.6787878787878725 1244.2060606060606460 1877.4521212121212557 1736.3648484848483804 1127.4787878787878981 508.0109090909090810 122.2642424242424255 12.2751515151515154 46.3599999999999994 108.8945454545454510 144.5660606060606028 163.9042424242424261 194.8933333333333451 241.7684848484848601 409.1745454545454663 707.6254545454545450 1301.6242424242423112 2335.1454545454544132 3925.1345454545453322 6457.2654545454543040 8537.8909090909091901 7919.4763636363632031 4234.1381818181816925 13.3115151515151506
102.1584836720712559 264.1571134962320002 503.8761132678693571 769.4783055492121093 977.4067138616122747 1007.2581639643753988 859.9648321534597244 633.6536880566338823 405.4063713176524288 229.3141128111440992 116.5866636218314625 53.1501484357159200 24.4175610870061668 9.1555149577529118 -1.3907284768211921 -8.9059145923726870 -15.1202329298926692 -22.1325645124457644 -31.9310344827586192 -35.5046814341173800 -29.3431148664078556 -23.3127426353048648 -17.3092030143868456 -10.4055720484128802
1929.1368038740920383 299.6452784503632074 -893.0932203389830875 -1713.6283292978207555 -2461.6392251815982490 -3126.8970944309926381 -3666.1682808716705040 -4013.2663438256658992 -4149.7082324455204798 -4089.4176755447942924 -3837.5254237288136210 -3433.3474576271187289 -2808.9818401937045564 -1842.6489104116221824 -640.9854721549636452 495.8680387409200989 1258.6694915254238367 1471.4443099273607913 1243.9019370460048322 887.4285714285714448 573.0569007263922003 330.3498789346247122 197.0472154963680396 127.1150121065375345
3433.9240321402485279 1110.0664718772827655 -1576.1928414901387896 -4158.3739956172385064 -4415.0124178232290433 -2223.4558071585097423 -796.4411979547114697 -338.9985390796201727 -163.8173849525200865 -205.8867786705624496 -164.0000000000000000 -179.2103725346968588 -212.9013878743608359 -216.6077428780131413 -209.5646457268078962 -200.2001460920379827 -266.3528122717311817 -457.2571219868517005 -828.3097151205258797 -1501.7479912344776949 -2546.5814463111760233 -4180.9875821767709567 -6219.4565376187001675 -7034.9780861943027048
-3129.8914664457333856 -4561.0521955260974210 -5168.4705882352936896 -4412.7415078707535940 -2262.4424192212095477 975.7241093620547190 2920.5965202982602023 3298.7953603976802697 3719.0314830157412871 3997.8748964374481147 3946.9734879867442032 3731.4987572493787411 3387.8782104391052599 3121.7705053852528181 2959.9229494614746727 2514.3156586578293172 1442.6951118475558360 61.4540182270091151 -1231.3529411764704946 -2133.7448218724107392 -2128.3769676884840010 -1471.3479701739850043 -918.0903065451532257 -547.2253521126760916
995.5643712574850497 1864.6167664670658723 3127.4565868263471202 5069.4835329341312899 7719.0898203592814752 9034.5583832335323677 7445.1197604790422702 3291.5898203592814752 -896.2140718562874326 -2795.1257485029941563 -3886.5928143712576457 -4918.4715568862275177 -5366.1047904191618727 -5724.7065868263471202 -6083.7694610778444257 -6404.3278443113767935 -6424.2365269461079151 -5128.4610778443111485 -2258.1886227544910071 661.6017964071855886 2645.8428143712576457 3552.9610778443116033 3095.8817365269460424 1897.6811377245508083
-93.2106879606879630 -118.6916461916461856 -145.0724815724815642 -186.2174447174447209 -270.6891891891891646 -443.4576167076166939 -667.2542997542997227 -1122.3501228501229434 -1982.3464373464373693 -3155.2414004914003272 -5335.7524570024570494 -7028.6640049140050905 -6872.4183046683046996 -4765.9680589680592675 411.7604422604422325 4226.9993857493855103 4456.1486486486483045 4692.1855036855040453 5000.4926289926288518 5059.7156019656022181 5019.4729729729733663 4517.5085995085992181 4313.4914004914007819 3951.5337837837837469
382.5931198102016424 82.4922894424673814 25.4436536180308437 66.3724792408066406 115.2289442467378393 157.2348754448398438 173.8078291814946681 209.0344009489917028 304.2953736654804402 532.0640569395018247 910.0367734282325500 1663.9632265717675637 2879.3855278766309311 4808.3368920521943437 7464.9679715302490877 8761.8790035587189777 6918.8469750889680654 2610.2016607354685220 -1144.8220640569395528 -2580.2538552787664230 -3559.5077105575328460 -4608.7129300118622268 -5105.0972716488731749 -5392.7319098457892323
4328.7271825396828717 4669.6865079365079509 4913.4280753968250792 4889.4632936507932754 4696.4042658730159019 4359.4052579365079509 4248.0198412698409811 3606.3323412698414359 1437.7767857142857792 -1032.9459325396826443 -3527.9265873015874604 -4596.2832341269840981 -2661.1096230158732396 -866.3323412698413222 -424.6160714285714448 -172.4588293650793673 -166.3115079365079225 -155.9246031746031633 -138.5218253968253919 -181.2356150793650897 -183.3035714285714164 -178.3273809523809632 -174.5535714285714164 -218.1651785714285836
-108.7287087912087884 -137.4532967032967008 -182.9320054945054892 -281.2355769230769056 -474.7657967032967008 -725.9553571428571104 -1212.1119505494505120 -2071.0899725274725824 -3286.6861263736263936 -5543.2149725274721277 -7159.6820054945055745 -6911.3921703296700798 -4656.8255494505492607 695.7554945054945392 4394.7500000000000000 4511.3543956043959042 4772.1215659340659840 5082.3578296703299202 5162.0192307692304894 5119.4876373626375425 4623.5934065934061437 4454.0460164835167234 4057.7142857142857792 2193.2664835164837314
-304.4923076923076906 -216.0006410256410163 -184.7525641025640937 -171.2538461538461547 -173.2128205128205138 -174.0057692307692321 -176.4192307692307793 -190.1346153846153868 -218.2698717948717899 -368.5980769230769170 -618.8467948717948275 -1083.6660256410257261 -1942.8826923076921958 -3109.1967948717947365 -5299.3826923076921958 -6975.0269230769226851 -6877.9237179487181493 -4922.1852564102564429 400.7993589743589951 4361.4544871794869323 4496.3089743589744103 4715.0115384615382936 4958.7262820512823964 4909.6262820512820326
-1009.0369230769231308 3454.2892307692309259 4423.2723076923075496 4512.6084615384615972 5042.5646153846155357 5178.5669230769226488 5226.8715384615388757 4865.7946153846150992 4578.9538461538459160 4472.9215384615381481 2887.6999999999998181 179.4284615384615336 -2547.4115384615383846 -4671.5769230769228670 -3931.7823076923077679 -1665.6600000000000819 -613.8846153846153584 -251.0076923076923094 -157.5976923076923129 -181.9223076923076974 -156.9569230769230899 -191.0676923076923117 -205.6146153846153766 -205.9415384615384710
-4647.1008403361347519 -5281.3470588235295509 -5619.2529411764708129 -5870.1268907563026005 -5952.8226890756304783 -5777.1915966386550281 -4817.5100840336135661 -2417.9050420168068740 407.9352941176470608 2400.8882352941177487 3308.7638655462183124 2862.0647058823528823 1629.6705882352941899 653.9924369747899391 214.4310924369747795 102.9319327731092386 83.2554621848739487 95.2067226890756331 115.9033613445378137 133.5369747899159734 155.5386554621848632 199.8840336134453821 320.5462184873949809 576.5941176470588516
-685.8231622746185394 -1088.2649098474341827 -1893.8488210818306925 -2990.1761442441052168 -5025.1081830790571985 -6822.2364771151178502 -6811.6934812760055138 -4988.0443828016641419 -116.2947295423023633 3991.8814147018028962 4414.3710124826629908 4599.7947295423027754 4993.8550624133149540 5024.7350901525660447 5011.3210818307907175 4524.4348127600551379 4286.9271844660197530 4143.9348127600551379 2559.1678224687934744 208.3765603328710085 -2246.9639389736476005 -4037.6969486823854822 -3334.7253814147015873 -1696.7392510402219159
-4710.8170926517568660 -2940.4656549520768749 81.2563897763578211 2242.0015974440893842 2949.2196485623003355 3493.1253993610225734 3865.7124600638976517 3817.1365814696487178 3484.4129392971244670 2978.0039936102234606 2407.2771565495208961 1811.0503194888178768 1218.7507987220446921 578.9808306709264798 31.7468051118210859 -366.9592651757188264 -657.3594249201278217 -645.6709265175718429 -500.0982428115016205 -445.5375399361022346 -329.1501597444089384 -196.6980830670926537 -149.6054313099041622 -127.0830670926517598
-245.8124436429215507 -334.2064923354373036 -438.6771866546438332 -479.2164111812443821 -452.7330928764652640 -376.2254283137962148 -267.0504959422903539 -149.5121731289449940 9.1523895401262401 258.8422001803426724 609.6311992786294240 1080.0261496844002522 1704.0847610459873067 2481.0856627592424957 3266.1839495040576367 3817.2218214607755726 3867.0171325518485901 3240.5455365193870421 2119.4400360685303895 815.6023444544634913 -414.5275022542831493 -1544.0243462578901017 -2451.3146979260595799 -2639.2813345356175887
76.6289308176100690 1000.9056603773584584 1392.4327044025158102 1542.3257861635220252 1130.3371069182389874 513.6465408805031529 164.6490566037735732 6.7383647798742139 17.7421383647798727 68.0452830188679201 93.7811320754717030 120.1597484276729517 127.2427672955974884 141.1635220125786248 200.1396226415094475 338.3018867924528195 582.3119496855346142 1055.6830188679246021 1893.0880503144653630 3220.8993710691825072 5283.3345911949681977 7490.2918238993706836 8135.0691823899369410 6021.2641509433960891
991.9836136265631694 1683.9760672703750970 2175.1216041397156005 2215.6060802069855526 1872.8057352307027941 1300.7304872789995898 748.2912893488572763 355.8691246226821931 136.2846054333764414 52.8055196205260913 27.5452781371280722 31.5573523070288928 35.8329021129797312 38.6075894782233746 34.2076326002587336 10.9659335920655447 -3.3214747736093142 -13.0211297973264344 -20.6509271237602405 -19.9335920655454935 -7.4264769297110824 7.4672272531263477 14.1129797326433799 4.5314790858128502
-146.8065716057036525 -175.4389336639801513 -232.6720396776193525 -408.3050216986980558 -688.3205207687539087 -1163.0309981401117057 -1992.6962182269064670 -3177.8729076255426662 -5324.4135151890886846 -6881.9863608183504766 -6608.2337259764417468 -4422.5362678239307570 633.4438933663980151 4166.1562306261621416 4304.5734655920641671 4593.2746435213884979 4912.9900805951647271 4932.2548047117170427 4857.5722256664603265 4349.4711717296959250 4148.5833849969003495 3862.1258524488530384 2300.2126472411655413 100.7675139491630460
-138.9547657512116245 -2762.8707592891760214 -4766.4588045234249876 -3651.6397415185783757 -1410.3610662358642003 -550.0541195476574785 -236.8667205169628573 -174.3360258481421567 -186.1122778675282632 -148.0993537964458824 -189.6954765751211767 -204.8327948303715687 -202.7641357027463584 -190.7859450726978991 -191.7156704361873949 -308.2996768982229128 -547.6680129240710357 -994.5977382875605599 -1770.8505654281098032 -2900.0710823909530518 -4941.9943457189010587 -6942.3513731825523791 -7148.6252019386110987 -5231.7124394184165794
12.0401234567901234 255.8703703703703809 399.9367283950617207 417.8449074074073906 304.5925925925926094 153.6466049382715937 24.8225308641975317 -27.6805555555555571 -33.6033950617283921 -47.9429012345678984 -44.7546296296296262 -28.7145061728395063 -0.8865740740740741 37.8695987654321016 63.8850308641975317 80.6921296296296333 99.1844135802469111 185.9043209876543301 410.1404320987654160 908.9567901234568126 1768.9421296296295623 3001.2044753086420315 4566.2885802469136252 5436.6311728395057798
-3673.5774021352312957 -4452.2998220640565705 -2672.9919928825624993 -1085.4288256227757756 -460.3629893238434079 -190.7517793594305999 -187.3389679715302520 -155.0373665480427121 -157.5720640569394959 -187.2055160142348882 -189.5693950177935960 -186.4217081850533759 -174.3016014234875399 -194.8345195729537238 -353.0907473309608804 -614.2784697508897125 -1130.1120996441281932 -1983.7304270462634577 -3250.5880782918147816 -5535.4190391459078455 -7153.5533807829178841 -6811.4777580071176999 -4312.1619217081852184 572.5017793594306568
2417.7691342534503747 3929.0828105395230523 6257.2082810539523052 8423.5897114178169431 8293.7490589711414941 5245.2434127979922778 841.0388958594729729 -2034.8971141781680672 -3250.0614805520704067 -4358.0978670012545990 -5054.7415307402761755 -5381.7967377666245739 -5718.1982434127976376 -6033.3789209535761984 -6240.6461731493100160 -5770.6675031367631163 -3913.4265997490588234 -1093.1141781681305929 1385.3249686323713377 2984.3186951066500114 3337.8895859473022938 2487.7641154328734956 1400.2936010037640244 684.0276035131744266
3065.6729396495779838 3792.4347826086955138 3892.0694354315378405 4034.9857235561325979 3874.8105126541208847 3577.4328358208954342 3286.4639844256976176 3025.0019467878000796 2869.2829331602856655 2375.2731992212848127 1131.4503569110966055 -198.8987670343932450 -1602.3822193380922272 -2830.2861778066189800 -2593.1447112264763746 -1526.1174561972745778 -818.4938351719662251 -435.2770927968851424 -241.5256327060350543 -149.8708630759247171 -108.6885139519792318 -100.9688513951979303 -94.5918234912394524 -87.9240752757949338
0.2581177765547606 -2.2322509631260319 -12.1827187671986792 -22.3037974683544320 -39.1177765547605958 -68.9471656576774876 -94.5850302696752863 -114.0759493670886116 -147.0935608145294395 -237.4105668684645138 -419.6648321408915763 -747.4232250963126489 -1364.1634562465603722 -2301.0434782608695059 -3680.7523390203632516 -4838.8420473307651264 -4355.7226197028066963 -2389.1953769950468995 -114.0605393505778693 1520.1342872867364804 2257.2168409466153207 2727.8860759493672958 2999.5751238304897015 2917.9268024215739388
-23.5070011668611443 -26.3830221703617269 -47.0872228704784135 -70.2394982497082907 -87.3462660443407231 -112.3628938156359425 -143.2876312718786380 -158.7575845974328956 -151.5186697782963847 -93.5592182030338364 57.3512252042007020 331.6610268378062756 746.8984830805134152 1306.9191948658110505 1845.5352975495916326 2075.9218203033838108 1923.1175612602100955 1536.7380396732789904 1107.7788798133021828 787.9471995332555707 617.7724620770128467 520.8060093348891542 432.6050175029171783 309.2981330221703615
4911.6050566695730595 4577.1665213600699644 2716.5292066259808053 7.9354838709677420 -3003.4934612031388497 -4707.4298169136882279 -3334.4472537053184169 -1401.5152571926764722 -591.7445510026154807 -247.1944202266782895 -218.2955536181342495 -200.7506538796861264 -181.2467306015693111 -226.7523975588491680 -248.3740191804707820 -260.4176111595466523 -252.7977332170880516 -305.3836094158674541 -491.3417611159546823 -861.1578029642545289 -1563.5614646904969050 -2645.7541412380123802 -4299.0418482999129992 -6235.1438535309498548
-394.8619420156465480 957.7013345605154200 1919.2687528762080547 2622.1905200184078240 3248.8550391164289977 3431.7183617119189876 3145.5536125172570792 2555.9098021168892956 1798.4974689369535099 1018.3364012885411967 467.1845375057524166 170.0193281178094935 -2.9581224114127935 -41.5324436263230581 -31.1615278416935126 -16.5080533824206164 -3.9300506212609294 -20.9940174873446850 -36.4652554072710515 -58.9797514956281645 -83.4450069028992232 -104.4703175333640104 -128.8683847215830554 -144.2710538426138953
-80.8613366645846412 -85.2267332916926961 -100.3279200499687676 -129.0324797001873947 -214.7395377888819610 -400.2186133666458545 -722.6595877576514795 -1328.5640224859462251 -2282.0911930043721441 -3751.4809494066207662 -5140.1811367895061267 -5010.2092442223611215 -3174.1199250468457649 -418.8525921299187758 1825.7276702061212745 2677.6689569019363262 3124.8575890068705121 3495.9181761399127026 3436.9406620861959709 3148.2941911305433678 2734.3722673329170902 2283.1093066833227567 1847.7970018738287763 1375.2236102435977045
1177.4100257069408144 562.5179948586118144 147.0141388174807275 2.8663239074550129 33.1773778920308473 94.1362467866323840 148.3958868894601437 171.2480719794344566 188.2442159383033413 250.3457583547557874 430.8521850899742844 737.4575835475578742 1328.3187660668379522 2374.0732647814911616 3976.6940874035990419 6533.9832904884315212 8700.5295629820047907 8165.1979434447302992 4429.7686375321336527 -117.5141388174807133 -2332.6478149100257724 -3240.0976863753212456 -4366.3457583547560716 -5023.9254498714653892
5239.8018193632224211 5029.8706952566599284 4895.7257959714097524 4150.3651721897340394 1693.7888239116309705 -1271.0311890838206637 -3886.8830409356723976 -4732.7400909681609846 -2764.2001299545158872 -977.7823261858349042 -500.0760233918128392 -230.8037686809616673 -187.8706952566601558 -180.2768031189083899 -194.8583495776478287 -253.1448992852501760 -247.0129954515919337 -225.1942820012995412 -214.4191033138401679 -266.4398960363872675 -425.8096166341780417 -747.1903833658219583 -1265.7673814165041222 -2077.4223521767380589
-222.3667711598746166 -420.1606583072100420 -699.2233542319748949 -1132.1967084639497898 -1940.5666144200627059 -3087.6363636363635123 -5279.8534482758623199 -7103.9326018808778826 -7057.1496865203762354 -5026.8056426332286719 173.7625391849529706 4199.7758620689655800 4517.7507836990598662 4764.7766457680254462 5107.4514106583073954 5148.8369905956114962 5163.2805642633229581 4651.9521943573663521 4471.6630094043885038 4206.8416927899688744 2259.7742946708463023 -333.2280564263322731 -2964.0344827586204701 -4503.5901253918491420
126.1814516129032313 112.8252688172043037 121.1088709677419359 143.4166666666666572 176.4637096774193594 203.4811827956989134 238.9341397849462396 389.7002688172042895 678.2956989247311412 1213.6814516129031745 2213.4637096774195015 3714.6115591397847311 6156.8548387096770966 8577.1465053763440665 8653.5161290322575951 5539.7231182795694622 849.1868279569891911 -2077.5483870967741495 -3137.2392473118279668 -4269.7419354838712025 -5120.5793010752686314 -5531.1572580645160997 -5795.2943548387092960 -5918.9516129032253957
-37.1181818181818173 -63.3669856459330134 -71.1071770334928175 -87.4511961722487996 -142.3866028708133911 -257.7588516746411642 -432.1272727272727252 -707.3837320574162959 -1104.9253588516746731 -1656.5449760765550309 -2333.0325358851673627 -2749.2086124401912457 -2491.2186602870815477 -1423.4559808612439156 -11.3928229665071772 987.7387559808612423 1495.3406698564592716 1721.0344497607654830 1728.3023923444975480 1587.1325358851674991 1346.5952153110047220 1082.5459330143539773 803.7861244019138667 538.1722488038277561
-5331.7938230383970222 -5799.8063439065108469 -6109.8163606010020885 -5954.1427378964945092 -5009.2771285475791956 -2644.8238731218698376 339.3706176961602523 2360.5033388981637472 3264.5893155258763727 2943.1878130217028229 1750.2487479131887085 745.7746243739566125 256.4924874791319098 117.3013355592654392 86.6919866444073506 107.6644407345576013 152.0250417362270525 150.2646076794657688 162.1126878130216937 198.9490818030050150 280.8338898163606245 493.7111853088480871 878.6469115191986248 1518.9457429048413815
23.5132955261499674 23.9513547574039052 23.9504725897920601 23.1366099558916183 16.4069313169502209 6.8143667296786390 3.0805293005671079 6.7962192816635163 5.4591052299936988 3.6115942028985506 7.9412728418399494 7.4829237555135473 4.2694391934467548 -1.2094517958412099 -16.8930056710775034 -37.5981096408317583 -61.7758034026465026 -68.8593572778827934 -15.3891619407687461 163.3274102079395220 534.9759294265910512 1039.8399495904222931 1494.0131064902332128 1644.4027725267801543
1700.5796915167095449 2082.9460154241646705 1722.5115681233933174 1018.8431876606683772 410.6915167095115748 93.4267352185089948 46.5964010282776329 82.3624678663239109 137.8997429305912590 166.9935732647815030 172.4717223650385733 207.6568123393316228 282.5218508997429581 501.3611825192801916 852.9704370179948683 1587.6362467866324550 2795.5488431876606228 4696.5758354755780601 7459.1233933161956884 8906.1709511568114976 7161.2853470437021315 2852.3341902313622995 -1044.7287917737789940 -2511.7069408740358085
30.0013992537313428 74.4416977611940354 26.4804104477611943 -6.7271455223880601 -36.5167910447761201 -43.8031716417910459 -20.9589552238805972 1.3208955223880596 -3.9930037313432836 -14.8274253731343286 -20.5862873134328375 -40.5732276119402968 -111.6268656716417951 -267.5713619402985159 -543.3362873134328765 -1064.6114738805970319 -1859.8698694029851595 -2978.1907649253730597 -4021.3236940298506852 -3759.9580223880598169 -2123.3292910447762551 -323.8572761194029681 928.1189365671641553 1555.3591417910447490
924.8193548387097280 1178.8625310173697471 1389.1682382133994906 1568.7205955334986811 1737.9062034739454248 1840.2486352357320811 1779.3012406947891577 1401.4794044665011370 625.1870967741934919 -426.0784119106699563 -1715.2863523573200837 -2860.4803970223324541 -2782.4794044665013644 -1628.8962779156327088 -745.4104218362282381 -346.8555831265508687 -139.6590570719602908 -79.5508684863523570 -26.8411910669975171 -7.6004962779156324 -17.6471464019851112 -28.9990074441687362 -50.8342431761786600 -84.9513647642679928
-25.3273755947023282 -28.3431914620033432 -23.5135656422785146 -14.0340748360550336 -14.3259611675453264 -2.4897775491834899 7.6722386524366719 8.4463160601774465 6.2990870515622994 0.0789507522180790 -5.6191333419056191 -7.9720972097209719 -10.3473061591873474 -12.9921563584929913 -15.9206634949209214 -23.4901633020444898 -36.7565899447087574 -73.4032403240324101 -154.5575414684325608 -316.2882859714542860 -582.0959238781020986 -932.1302558827311486 -1304.5997171145686480 -1489.6778963610647679
-158.7489855072463740 -147.4828985507246273 -149.6179710144927526 -161.4776811594202854 -169.8597101449275328 -188.7118840579710195 -222.7681159420289987 -364.8104347826086951 -606.4626086956521931 -1048.7292753623187309 -1896.6081159420289168 -3013.7495652173911367 -5118.1797101449274123 -6829.1710144927537840 -6703.7547826086956775 -4854.4226086956523432 112.2388405797101427 4057.0330434782608791 4327.0121739130436254 4560.1785507246377165 4867.4979710144925775 4848.7559420289853733 4777.6255072463764009 4245.3675362318836051
3349.7787519339867686 3855.5714285714284415 4028.7715317173801850 3914.0041258380606450 3471.9907168643630939 2812.4796286745745419 1972.4744713769985083 1068.4440433212996595 377.3068592057761634 -22.8855079938112418 -259.6807632800412762 -334.2129963898917140 -219.6761217122227947 -67.1077875193398654 -17.0149561629706021 -43.6132026817947391 -70.0458999484270208 -102.9360495100567334 -134.4543579164517837 -131.3589479112944787 -134.6642599277978434 -147.6854048478597292 -147.3285198555956583 -160.9927797833935017
-14.3289138194798564 185.5471698113207424 464.3074961754206811 755.5053544110147641 1033.8261091279960056 1290.0397756246813969 1520.1157572667007116 1699.6981132075470668 1731.6134625191230043 1515.7057623661396519 929.8332483426822819 -67.8648648648648702 -1297.1443141254462716 -2383.0244773074959994 -2631.8398776134627042 -1875.3309535951045746 -1004.6731259561448724 -512.6430392656807271 -245.5165731769505442 -146.1529831718511048 -86.4538500764915909 -27.1978582355940830 -9.2784293727689953 -5.3748087710351857
22.1378998968008247 14.7280701754385959 14.3670020639834881 17.8516511867905052 24.4425954592363261 31.9260835913312704 38.9142156862745097 40.4160216718266270 35.7169762641898885 27.1728586171310624 15.0979102167182671 5.9360165118679049 14.8628740970072233 56.0095459236326079 142.5901702786377712 303.5706914344685288 538.6142930856552766 812.7186532507739685 1051.8116615067078783 1125.8757739938080249 996.4411764705882888 739.0607585139318871 423.5405056759545914 158.8894478844169385
48.8188775510204067 97.6173469387755119 215.2155612244897895 432.3711734693877702 789.9872448979591582 1467.4630102040816837 2588.1033163265306030 4245.7385204081629126 6767.2066326530612059 8663.8418367346930609 7866.5408163265310577 4187.8864795918370874 -127.6377551020408134 -2310.8596938775508534 -3325.1492346938775881 -4461.7589285714284415 -5119.7015306122448237 -5476.3405612244896474 -5722.6683673469387941 -5892.5982142857146755 -5961.2806122448982933 -5323.9362244897956771 -3320.0573979591836178 -651.5012755102040956
-390.2900958466453858 -132.3469648562300449 -121.6031948881789191 -110.2587859424920111 -121.9329073482428072 -101.3584664536741258 -87.7999999999999972 -96.2645367412140587 -92.1821086261980867 -102.9610223642172571 -113.9661341853035168 -129.2824281150159607 -168.4140575079872235 -287.9086261980830841 -487.5124600638977768 -855.0977635782747939 -1566.9750798722045602 -2617.4587859424918861 -4495.9680511182104965 -6169.0249201277956672 -6171.8594249201278217 -4245.0485623003196451 -10.7859424920127793 3181.5118210862619890
101.5491183879093171 124.0528967254408030 133.6498740554156086 139.9080604534005090 175.2795969773299873 256.1612090680100664 480.7015113350125830 854.9433249370276826 1588.3929471032745369 2787.1901763224182105 4635.2090680100754980 7291.0705289672541767 8866.1234256926945818 7471.2430730478590704 3378.0642317380352324 -741.1423173803526652 -2529.8979848866497377 -3513.5188916876572875 -4625.1775818639798672 -5219.0176322418137715 -5573.2833753148615870 -5776.6133501259446348 -5929.2896725440805312 -5870.0440806045344289
-7005.1051693404633625 -7303.4616755793222183 -5921.9313725490192155 -1235.0713012477717712 3733.5811051693403897 4613.4696969696969973 4692.6711229946522508 5168.3092691622105121 5219.1853832442066050 5289.6042780748666701 4838.3787878787879890 4520.9741532976822782 4401.7566844919783762 2654.1871657754008993 -95.7540106951871621 -2835.4919786096256757 -4736.4358288770054060 -3600.7673796791445966 -1424.1470588235295054 -592.2834224598930177 -317.8360071301247558 -301.8262032085561373 -293.8065953654189002 -194.1221033868092718
-249.5557441992077088 -150.7787209960384871 -6.0684776457272216 243.0877192982456165 647.3200339558574115 1272.7159026598753826 1993.9555744199208220 2353.7325976230899869 2123.6420486700621950 1594.0639501980758723 1027.1955291454441976 570.3016411997735986 324.0911148839841758 206.6975099037917403 140.0840407470288653 108.4586870401811041 97.9626485568760614 104.7212790039615129 112.1887379739671786 88.3763440860215042 40.4340690435766845 -1.4694397283531409 -39.3406904357668381 -101.1046972269383133
-65.6612903225806406 -22.5714285714285730 -80.4637919684002583 -46.0052666227781444 46.9809084924292293 86.6362738643844636 74.7132982225148083 13.2741935483870961 -42.5348913759052039 -57.7448979591836746 -50.1346280447662949 -30.7811059907834093 -16.1603028308097443 -13.8439763001974985 -19.6658986175115196 -38.4924292297564179 -59.9009216589861779 -128.4565503620803213 -272.5967741935484128 -579.0987491770902125 -1207.8061224489795222 -2141.0734035549703549 -3534.8225806451614517 -4535.3143515470701459
-685.1993833504625400 -410.6978417266187193 -173.4964028776978466 189.1500513874614455 702.0298047276464786 1311.9218910585816502 1961.0277492291879753 2653.7810894141830431 3347.2949640287770308 3739.5457348406989695 3565.8622816032889205 2899.5344295991776562 1741.6115107913669817 234.3268242548818137 -1126.8818088386433374 -2193.3730729701951532 -2647.6670092497429323 -2208.7245632065773862 -1451.6690647482014356 -812.7471736896197854 -358.9383350462487101 -133.9342240493319593 -83.4707091469681330 -138.8427543679342193
-95.1227173119064986 -130.9233016800584437 -181.2929145361577810 -235.8655953250547839 -268.6252739225712389 -303.2527392257122187 -283.8480642804967147 -151.7633308984660232 1.9006574141709276 113.6800584368151874 165.7881665449233139 200.1636230825419887 312.8553688823959078 538.3126369612856479 944.2972972972972912 1601.2279035792548711 2462.0650109569028245 3331.6391526661795979 3840.1307523739956196 3716.5887509130752733 2943.9013878743608075 1744.2549306062819596 603.1205259313367151 -206.5149744338933431
-142.5483221476509925 -146.0315436241610598 -163.0651006711409536 -175.9040268456375884 -203.7738255033557095 -254.8718120805369267 -395.2583892617449806 -635.2362416107382614 -1098.2429530201343368 -1961.0194630872483685 -3091.7436241610739671 -5272.7838926174499647 -7089.6033557046976057 -7034.1389261744961914 -5146.7684563758393779 93.3469798657718144 4295.1570469798662089 4574.5644295302017781 4756.0838926174492372 5056.9006711409392665 5083.7046979865772300 5069.6409395973150822 4566.5724832214764319 4324.9832214765101526
4819.7325285895803972 5181.9434561626430877 5299.9510800508260218 5163.0489199491739782 4860.1632782719188981 4693.7465057179160794 3493.7935196950443242 790.5044472681067873 -1990.0324015247776970 -4450.9002541296058553 -4516.8202033036850480 -2078.1550190597204164 -681.1963151207115743 -358.5889453621346661 -156.2700127064803155 -188.1639135959339342 -163.5730622617535062 -194.0813214739517036 -226.5044472681067305 -218.3094027954256546 -222.2407878017789074 -239.4034307496823430 -333.8627700127065054 -540.5844980940279356
-1409.0565167243366886 -2284.1176470588234224 -3495.9855824682813363 -4292.7606689734720931 -3881.1459054209917667 -2296.7918108419839882 -116.6776239907727728 1515.1897347174162860 2269.4209919261820687 2752.1799307958476675 2939.4555940023069525 2741.5449826989620306 2366.5617070357552620 1866.8454440599768986 1286.0403690888119854 734.9596309111880146 359.1182237600922917 202.5011534025374829 118.5536332179930810 21.8356401384083050 -19.5547866205305638 -45.3096885813148802 -108.9492502883506404 -130.2191464821222553
-1.7335841024992624 -1.9328955409449151 -1.1426908163695368 -0.7495363931386184 -1.1665823745100519 -1.6220866523370001 -1.7541224132844440 -1.5601608926539385 -1.3946690479200909 -1.3396025624815611 -1.2588348716651916 -1.1649992624436296 -1.0597315294811818 -0.7263455135499641 -0.1336136047540776 0.5548504867872045 1.1059631432545203 1.3102083069920345 1.4403949087537404 1.5393986808277489 1.5372861086525900 1.5287620643149156 1.8684357483036202 2.9928746786361531
5114.4759389671362442 5214.5088028169011523 5017.2863849765253690 4782.8427230046945624 4450.0340375586856680 2604.5140845070422984 -226.5258215962441284 -2876.6197183098593086 -4732.1232394366197695 -3677.8345070422533354 -1389.7611502347417627 -566.2588028169013796 -290.0698356807511686 -166.3491784037558716 -193.8890845070422415 -173.8849765258215996 -224.7012910798121936 -244.5545774647887356 -226.2940140845070403 -209.5287558685446072 -229.0592723004694733 -338.3873239436619542 -583.3438967136149813 -988.6907276995304983
-435.3613518197573740 -731.6135181975736259 -1132.9150779896012864 -1922.3899480069323999 -3073.5701906412477911 -5259.7435008665506757 -7171.7521663778161383 -7202.2478336221838617 -5255.3353552859616684 -86.5935875216637783 4139.1906412478338098 4567.6915077989597194 4796.2045060658574585 5173.6880415944542619 5242.6568457538996881 5278.2183708838820166 4763.9896013864818087 4556.1707105719233368 4294.1516464471405925 2274.1360485268633056 -460.0502599653379434 -3119.5259965337954782 -4660.3483535528594075 -3304.3578856152512344
-239.2318295739348457 -147.6378446115288341 -11.1315789473684212 83.0413533834586417 140.6015037593984971 162.6453634085212911 238.0676691729323409 437.5238095238095184 763.7669172932330639 1260.2330827067669361 1998.9223057644110213 3000.6140350877194578 4052.1015037593983834 4573.1892230576440852 3997.0062656641603098 2383.1691729323306390 573.0175438596490949 -720.0213032581453945 -1686.1027568922306727 -2615.8696741854637366 -3302.8170426065162246 -3535.0939849624060116 -3416.6290726817042014 -3085.1052631578945693
-2837.8860016764460852 -4882.3302598491200115 -7003.6345347862534254 -7229.1332774518023143 -5710.3327745180222337 -926.5901089689857599 3862.8700754400670121 4606.6387259010898561 4708.6730930427493149 5151.0704107292540357 5179.9790444258169373 5243.6789606035208635 4780.2975691533947611 4493.5984911986588486 4358.8290025146689004 2604.1785414920368567 -38.3235540653813942 -2715.6244761106454462 -4596.6311818943840990 -3525.6119027661356995 -1485.8549874266554980 -641.8868398994131894 -331.8876781223805779 -314.2338642078793214
-4837.1724683544307481 -6927.0537974683547873 -7161.0245253164557653 -5697.2064873417721174 -992.9825949367088924 3791.6756329113923130 4557.9517405063288606 4642.4738924050634523 5091.6463607594932910 5139.8481012658230611 5199.0245253164557653 4743.4754746835442347 4436.1898734177211736 4315.9454113924048215 2681.3607594936706846 93.7120253164556942 -2494.5300632911394132 -4354.4295886075951785 -3530.0854430379745281 -1589.7365506329113032 -668.1297468354430293 -336.2207278481012622 -293.3979430379746987 -255.2507911392405049
-183.1310679611650585 -256.2419093851132743 -434.1237864077669997 -718.7993527508090210 -1279.3074433656956899 -2136.0566343042069093 -3490.4231391585758502 -5181.4377022653725362 -5655.8090614886732510 -4639.7726537216831275 -1964.2872168284789041 1687.7532362459546675 3324.7904530744335716 3541.9110032362459606 4013.3260517799353693 4169.6399676375403942 4009.0647249190938055 3677.8673139158577214 3226.3373786407764783 2881.7944983818770197 2577.1488673139160710 1952.6472491909385099 993.7475728155339993 -291.8770226537216672
-190.7447413303013093 -163.1711199545196109 -151.6657191586128590 -155.8953951108584306 -162.6913018760659497 -170.8806139852188721 -186.0181921546333115 -216.2689027856736743 -363.7339397384877770 -608.1802160318362667 -1059.7680500284252503 -1904.4354747015349858 -3044.6765207504263344 -5160.2768618533254994 -6803.3621375781694951 -6681.4877771461060547 -4772.6895963615688743 268.6156907333712525 4080.2382035247301246 4287.7475838544623912 4547.3797612279704481 4836.1381466742468547 4813.5105173393976656 4716.7509948834567695
-469.7093235831810034 -270.9396709323582968 -205.6002437538086554 -176.0188909201706338 -166.4131627056672755 -167.6014625228519321 -168.2187690432662919 -173.9159049360146128 -186.4283973187081074 -215.7861060329067584 -370.3083485679463820 -617.4887263863497537 -1084.1499085923217081 -1934.6252285191956162 -3105.1145642900669372 -5299.4509445460089410 -6908.9823278488729557 -6749.4716636197445041 -4756.7068860450945067 493.5734308348568220 4288.2431444241319696 4393.4576477757464090 4633.0700792199877469 4858.7397928092623260
3422.1146974063399284 3324.8720461095099381 3170.4126801152738153 2931.8858789625360259 2647.6409221902017634 2202.6524495677231243 1089.4927953890489789 -155.5025936599423630 -1671.2680115273774391 -3322.1919308357350928 -3143.1585014409220094 -1736.9538904899136469 -853.7665706051873258 -406.6985590778098185 -217.7135446685879003 -157.9625360230547528 -108.0593659942363161 -91.8899135446685875 -73.0530259365994254 -61.3463976945244980 -49.1550432276657077 -41.4420749279538896 -53.0420749279538910 -84.3544668587896211
-1836.5919583023082851 -2913.0960536113179842 -4943.2002978406553666 -6911.8495904690989846 -7031.6701414743110945 -5352.3596425912137420 -535.8212956068502990 3912.0543559195830312 4500.6232315711094998 4649.8443782576323429 5076.6306775874909363 5096.2963514519733508 5120.6567386448250545 4650.1116902457188189 4393.6165301563660250 4264.4489947877882514 2573.5212211466864574 31.9724497393894254 -2560.5755770662694886 -4399.8518242740137794 -3480.8473566641846446 -1575.0171258376767582 -670.7900223380491980 -328.4906924795234318
20.5534074432092808 -20.3252779120347995 -70.7713871435476136 -118.7941034316094715 -141.3890768487191849 -152.3175447075882118 -144.1788303528274469 -59.5379410343160913 101.8289028516191337 304.0304494925084668 542.0415659739004468 814.3794103431609983 1126.8221362977283206 1465.6288061865634518 1732.7945867568873837 1801.4630256162397473 1493.5717738037699291 646.0362493958433561 -551.9125181246979537 -1610.1532141130981017 -2083.0463992266795685 -1884.2677622039632297 -1375.9047849202513589 -928.4722087965200217
8.2374631268436573 229.5265486725663777 506.4292035398229928 1001.8480825958702098 1899.7300884955752736 3204.9306784660766425 5236.5486725663713514 7908.0648967551624082 9036.5176991150437971 7129.2522123893804746 2775.9070796460177917 -1186.3303834808259580 -2829.5501474926254559 -3942.1342182890857657 -4954.5988200589972621 -5363.9188790560474445 -5698.2020648967554735 -5976.6755162241888684 -6236.3598820058996353 -6203.6401179941003647 -4817.3274336283184311 -1968.7979351032447539 789.5427728613569798 2606.7418879056049263
-424.4808823529411939 -155.0551470588235361 -174.2617647058823422 -131.6801470588235361 -100.7272058823529477 -100.1316176470588175 -66.4470588235294173 -55.2897058823529406 -51.2588235294117638 -53.3933823529411740 -81.4647058823529449 -129.1132352941176578 -168.4286764705882433 -202.8176470588235247 -322.5220588235293917 -537.5213235294118022 -904.3022058823529505 -1613.5558823529411256 -2653.8904411764706310 -4464.2713235294113474 -6252.6220588235291871 -6374.8507352941178397 -4576.1308823529416259 -880.3573529411764866
44.0948766603415550 39.1087919038583181 29.5147058823529420 21.9524035420619867 16.6136938646426309 15.2473118279569899 15.7931688804554078 14.8542061986084750 10.9840290955091717 7.9165085388994312 4.7898481973434537 -8.5909234661606586 -42.1070524984187244 -118.3464579380139128 -249.0970904490828559 -434.5045857052498377 -680.7558507273877240 -936.4585705249842249 -1108.1774193548387757 -1099.6973434535104843 -886.8259013282732894 -539.8648007590132920 -140.3085072738772965 143.1035736875395230
-4887.1567644953474883 -3767.2856120257692965 -843.9105225483177719 1444.0415175375806029 2333.3514674302077765 2382.1345740873298382 1858.4545454545454959 1164.6614173228347227 656.4617036506800787 339.2276306370794714 144.8088761632068611 82.1961345740873242 115.3872584108804631 210.7902648532569856 299.8224767358625513 310.6964924838940760 273.5726556907659415 213.1130994989262604 170.4631352899069441 176.0529706513958388 208.5640658554044364 291.1460272011453299 424.9871152469577851 650.4216177523263696
30.7940455341506123 -22.2686514886164630 -41.7649737302977258 -11.5908931698774076 27.2189141856392283 65.2150612959719780 93.9404553415061230 111.2336252189141845 134.7541155866900056 148.2021015761821445 128.5537653239929909 30.1464098073555178 -238.4416812609456997 -714.7281961471103386 -1443.3723292469351236 -2261.1485113835378797 -2508.9908931698773813 -1874.9292469352014905 -830.6998248686514899 69.3264448336252173 546.1243432574431154 699.5821366024517829 756.9933450087565916 769.9036777583187359
90.4785077047850734 83.0709651257096482 70.7262773722627713 62.0109489051094869 55.0733982157339810 42.8268450932684530 21.5356853203568548 6.9894566098945665 1.2579075425790753 -11.2015409570154088 0.3175182481751825 61.8860502838605058 148.3244120032441060 297.5287915652879178 557.4647201946471569 962.0628548256285058 1525.7234387672344837 1942.0227088402270965 1872.9995944849958960 1230.3921330089212915 142.6500405515004104 -876.2575020275750148 -1409.0206812652068038 -1412.4038929440389438
123.7842565597667601 185.5131195335276857 256.1559766763848529 338.1355685131195514 454.6122448979591582 702.4912536443148383 1137.0758017492712497 1817.8309037900874046 2738.7784256559766618 3779.9825072886296766 4534.1661807580176173 4193.8090379008745003 2569.4096209912536324 669.0860058309037868 -625.1618075801749228 -1521.8906705539359336 -2414.2274052478132944 -3189.6632653061224119 -3717.4314868804663092 -4035.4052478134112789 -4080.6107871720114417 -3888.8775510204081911 -3501.9970845481047945 -2902.9037900874636762
336.4205729166666856 487.2812500000000000 737.1458333333333712 1225.4726562500000000 2036.5716145833332575 3106.7369791666665151 4344.8463541666669698 5125.5338541666669698 4430.6966145833330302 2354.6080729166665151 232.3398437500000000 -1036.6263020833332575 -1881.1328125000000000 -2728.9062500000000000 -3386.5130208333334849 -3793.6080729166665151 -3953.7968750000000000 -3877.7539062500000000 -3650.6835937500000000 -3280.6484375000000000 -2836.2213541666665151 -2226.6523437500000000 -1290.9947916666667425 -259.9335937500000000
887.2351664254703110 -537.8379160636758343 -2915.3589001447176088 -4996.5455861070913670 -3406.1960926193924024 -751.6490593342981583 -209.6374819102749711 -105.5774240231548475 -5.8972503617945007 -72.4797395079594793 -37.0940665701881329 -71.7496382054992807 -60.0274963820549914 -31.4876989869753992 -27.9674384949348784 -6.5101302460202604 15.6548480463096968 20.6599131693198252 -19.0803183791606372 -124.2496382054992807 -283.3169319826338892 -511.1309696092619674 -838.9254703328509777 -1394.6837916063675493
-56.1378151260504197 -72.6358543417366889 -113.8677871148459388 -210.8100840336134354 -399.9865546218487111 -769.3820728291316300 -1432.1697478991595744 -2475.9378151260502818 -3872.2952380952378917 -4588.3602240896361764 -3636.7843137254903922 -1532.6521008403360611 605.6795518207283067 1819.1893557422968115 2324.0408963585432502 2701.4711484593835849 2745.2285714285712857 2519.9232492997198278 2207.1361344537813238 1822.1820728291315845 1413.2336134453780687 1019.4879551820728238 718.5686274509804434 443.0106442577030634
-1030.5138121546960974 -538.5863259668508363 -296.0006906077347821 -219.2941988950276198 -179.8024861878453180 -169.2720994475138241 -169.8915745856353681 -169.5303867403314939 -177.2368784530386847 -189.2120165745856468 -217.6761049723756969 -374.5227900552486062 -620.0642265193370122 -1097.8611878453039026 -1976.4502762430938674 -3166.4564917127072476 -5416.0669889502760270 -7085.7189226519340082 -6982.9122928176793721 -4884.7534530386737970 660.2189226519336671 4510.5614640883977700 4517.2382596685083627 4724.9143646408838322
2623.7852579852578856 1582.8004914004914099 -22.8206388206388198 -1706.4879606879605944 -3964.4550368550367239 -3901.5351351351350786 -1543.1906633906633033 -545.6329238329237796 -297.7714987714987842 -44.6481572481572471 -92.9056511056511027 -61.0142506142506136 -80.0452088452088475 -91.8638820638820590 -73.3434889434889499 -73.6796068796068795 -60.0471744471744486 -54.1356265356265354 -68.4545454545454533 -119.2176904176904202 -204.6201474201474184 -375.7469287469287451 -643.7336609336609854 -1080.3095823095823107
8280.8279430789134494 8477.6752910737395723 5634.8654592496768601 1140.7567917205692538 -1924.0620957309185997 -3139.7128072445020734 -4278.8486416558862402 -5144.1785252263907751 -5544.0530401034930037 -5822.2276843467016079 -6002.3040103492885464 -6092.8900388098318217 -5671.4204398447609492 -4012.0413971539455815 -1252.4566623544631057 1313.0232858990943896 2913.3596377749031490 3247.2652005174645637 2352.1073738680465794 1154.5912031047864730 398.0983182406209835 134.0866752910737318 98.2664941785252211 101.1190168175937885
2690.6609302325582576 2547.6013953488372863 2358.4800000000000182 2114.2311627906974536 1233.5176744186046562 34.3348837209302360 -1400.7790697674417970 -3288.0320930232560386 -3417.8320930232557657 -1791.5958139534884594 -788.1711627906976219 -389.5093023255814160 -185.0232558139534831 -158.3711627906976673 -92.5051162790697674 -67.3413953488372101 -56.1790697674418595 -48.5553488372093014 -53.4339534883720901 -44.4860465116279045 -55.7083720930232573 -93.3065116279069713 -158.7730232558139676 -284.1255813953488314
1114.5909090909090082 1794.3512396694213749 2799.0661157024792374 4010.2672176308537928 5039.0812672176307387 5043.5619834710741998 3402.2465564738290595 1026.6804407713498222 -614.9338842975206489 -1577.9214876033058772 -2513.0785123966943502 -3323.3829201101930266 -3855.7162534435260568 -4144.9435261707985774 -4164.4201101928374555 -3961.6005509641872777 -3547.9517906336086526 -3008.9297520661157250 -2406.4986225895318057 -1501.5000000000000000 -392.8925619834710687 511.7589531680440587 1024.6721763085399743 1095.3898071625344528
-1413.6418473138548961 1855.5315739868049150 3422.2789820923658226 3695.1583411875590173 4061.7860508953817771 4180.3044297832229859 4074.4062205466539126 3820.8906691800189037 3511.7012252591894139 3344.5183788878416635 3199.1988689915174291 2548.9377945334590549 1220.3817153628651795 -255.1564561734213044 -1818.0028275212064273 -2946.7672007540054437 -2619.7832233741751224 -1577.3345900094250283 -918.3232799245994329 -524.5730442978322117 -273.7540056550424197 -178.3496701225259073 -134.7540056550424197 -117.8143261074458081
292.6274268104776297 363.4557781201849025 461.1984591679507162 546.0921417565485854 558.8681047765793437 393.5263482280431617 -6.2135593220338983 -683.6579352850538953 -1600.3306625577811246 -2230.0283513097074319 -2032.9198767334360127 -1192.3688751926040368 -346.1722650231124589 89.3331278890600942 203.6653312788905907 187.2172573189522211 125.6224961479198754 81.7565485362095501 36.7029275808936859 4.5704160246533130 0.2640986132511556 -8.4508474576271180 -18.5898305084745772 -47.5278890600924484
7877.1519174041295628 3906.5678466076697077 -616.8274336283185448 -2629.9306784660766425 -3583.2286135693216238 -4782.0678466076697077 -5440.7743362831861305 -5799.9011799410027379 -6034.3761061946906921 -6176.5471976401177017 -6124.5530973451323007 -5154.0014749262536498 -2722.7920353982299275 261.0383480825958600 2388.4660766961651461 3295.6474926253686135 2913.1268436578170622 1682.7743362831859031 662.5339233038348539 203.5339233038347970 86.7005899705014684 99.5471976401180001 117.9041297935103216 147.7566371681415944
-8.1542857142857148 88.5620168067226956 115.9858823529411751 120.4430252100840306 88.0457142857142827 49.5536134453781543 27.9653781512605057 29.9095798319327741 49.3862184873949559 59.6063865546218494 43.9489075630252088 0.9028571428571428 -60.4702521008403338 -132.6752941176470699 -245.0557983193277209 -430.7122689075630433 -731.6010084033613339 -1190.2114285714285415 -1800.2440336134454810 -2569.8030252100838879 -3171.0695798319329697 -3052.0695798319329697 -2178.2299159663866703 -982.7112605042017321
-773.4832509610104125 -408.5030203185062874 -172.4914881933003983 -78.1515650741350925 1.3860516199890169 5.3893465129049973 -17.1548599670510704 -37.8951125755079659 -49.9297089511257539 -49.7188358045030228 -53.1581548599670484 -49.9884678747940683 -55.2591982427237767 -92.6985172981878094 -154.1411312465678236 -230.5145524437122333 -370.7479406919275107 -636.8698517298188335 -1164.2690829214716359 -2036.3503569467325178 -3487.2564524986269134 -5414.7210323997805972 -6355.1718835804504124 -5191.4003294892918348
-4502.6360544217686765 -3213.7539682539681962 -1425.9875283446710910 -675.5839002267573505 -271.8117913832199406 -222.3503401360544274 -189.2460317460317469 -168.5170068027210846 -209.4671201814059032 -214.0827664399093067 -223.2369614512471685 -219.4557823129251801 -246.9138321995464764 -436.9319727891156617 -724.8061224489796359 -1337.1122448979592718 -2283.1349206349204906 -3746.2222222222221717 -6275.5408163265310577 -7591.9977324263036280 -6870.7936507936510679 -3772.8492063492062698 1891.5623582766440904 4728.0430839002265202
313.8653594771241728 712.0091503267973394 1404.4130718954247641 2501.6366013071897214 4058.9686274509804207 6470.4653594771243661 8582.8352941176472086 8247.2300653594775213 5029.4888888888890506 605.6483660130719500 -2145.2444444444445253 -3333.3281045751632519 -4460.9189542483663899 -5102.6013071895422399 -5400.5359477124184195 -5723.9228758169938374 -6049.7777777777773736 -6300.1058823529410802 -5817.8575163398691075 -3806.1934640522877089 -867.3372549019608186 1579.3503267973856055 3103.9725490196078681 3353.2470588235291871
1593.5333410780669965 1342.8973048327136439 762.8087825278810215 295.2064358736059262 17.3465381040892197 -87.1841310408921970 -95.9550418215613377 -84.3970724907063214 -61.6736756505576196 -39.1499767657992592 -21.5834107806691442 -15.6266263940520442 -20.7621979553903344 -26.7605715613382884 -25.5985130111524164 -21.3316682156133837 -17.6222118959107803 -13.9502788104089213 -12.6728624535315983 -10.8924256505576214 -9.4344795539033459 -11.7917053903345721 -16.2462825278810392 -25.1845957249070622
3924.8457997698506006 4516.1277330264674674 4721.5604142692745882 5074.3193325661677591 5131.5926352128881263 5046.0713463751435484 4692.9798619102421071 4537.1237054085158888 4162.4919447640968428 2170.9338319907938057 -432.5788262370541020 -3111.5845799769849691 -4894.7554660529340254 -3422.6052934407366592 -1203.8826237054086050 -492.4856156501726332 -217.7876869965477624 -175.3170310701956396 -179.4907940161104705 -149.0932105868814688 -189.6403912543153183 -202.1116225546605278 -203.1576524741081755 -201.6248561565017212
-34.6446280991735520 -10.5885478158205437 3.0259740259740258 -5.1475796930342383 -9.0678866587957501 -20.6694214876033051 -41.4403778040141688 -66.4386068476977556 -84.6322314049586737 -105.7290436835891398 -151.1782762691853463 -279.3158205430932526 -500.8193624557260932 -914.9598583234947000 -1633.4321133412042855 -2748.8087367178277418 -4355.9858323494690922 -5123.4533648170008746 -3907.7296340023613084 -1625.6109799291616582 627.0749704840613958 1967.1162927981110897 2491.8429752066117544 2902.5265643447460207
-1920.3377376732194080 -1551.0501127940701735 -797.2742507251047073 -288.1899774411859312 31.6498549790525310 162.4850145020947423 174.7615211086045690 144.0310989365130467 91.3644859813084054 54.4392523364485967 16.4631002255881391 -0.3870447953593297 5.0847566870770224 1.6247180148243636 -5.6184337737673218 -13.1920721882049623 -18.3976796648404779 -18.6817595874959714 -23.7632935868514323 -28.7346116661295525 -34.8391878826941692 -54.2757009345794401 -81.0037060908797883 -131.0107960038672275
-1285.1553994732221327 -2119.4776119402986296 -3336.2423178226513301 -4828.7392449517119530 -5367.2309043020195531 -4480.1782265144865960 -2063.3915715539947087 1399.1448639157156322 3254.1413520632131622 3531.3090430201932577 3926.5724319578575887 4138.9640035118527521 4049.5188762071993551 3821.3845478489902234 3497.4143985952591720 3268.0561896400349724 3095.8507462686566214 2524.0983318700614291 1320.7629499561019202 -159.4047410008779764 -1555.8244073748901428 -2361.2949956101842872 -2177.8674275680423307 -1463.9569798068480395
190.5452302631578902 142.8536184210526301 73.8157894736842053 -24.3363486842105274 -174.4975328947368496 -405.2228618421052602 -667.0559210526315610 -918.7195723684210407 -1180.1307565789472847 -1428.4449013157893660 -1643.1537828947368780 -1839.7598684210527153 -2001.8898026315789593 -2111.3273026315787320 -2132.5485197368420813 -2039.8963815789472847 -1884.3667763157893660 -1696.2368421052631220 -1471.5748355263158373 -1214.4851973684210407 -915.3100328947368780 -584.3799342105263577 -248.3577302631578902 46.4679276315789451
-209.3205145565335101 -645.7402843601895484 -1092.6808395396074047 -1308.8997968855787803 -1211.1279620853081269 -904.1215978334462307 -530.5389302640487585 -219.9714285714285609 -58.1344617467840195 0.9570751523358159 26.3883547731888974 29.7386594448205805 22.5784698713608663 12.3409614082599859 4.5230873392010835 3.0648612051455655 0.5886255924170616 -6.5761679079214623 -11.1071090047393373 -14.9282329045362214 -21.9234935680433303 -27.1420446851726460 -36.4911306702775917 -61.2426540284360215
17.0332789559543230 4.2296900489396414 -14.3934747145187600 -37.0978792822185994 -40.7774877650897238 -31.0104404567699845 -23.9973898858075039 -32.4078303425774905 -60.1363784665579146 -71.6358890701468169 -49.8734094616639467 -21.5778140293637861 -16.1066884176182725 -36.6401305057096280 -15.6880913539967377 93.4884176182708018 340.0769983686786304 782.2871125611745811 1404.5794453507342041 2142.0619902120715778 2662.1092985318109641 2633.4760195758562986 2098.9200652528547835 1312.7517128874387708
526.2931618144888262 402.5222297449785742 169.4680658993455324 -192.5486346197246803 -706.0293387497179083 -1381.7862784924395783 -1866.5851952155269373 -1780.9334236064094057 -1271.9652448657188870 -689.1676822387722723 -261.1631685849695259 -28.9144662604378233 80.7099977431731048 112.7659670503272338 111.5332881967953114 93.3694425637553564 63.7535545023696670 47.6707289550891460 36.9968404423380761 18.8284811554953748 1.4102911306702777 -11.1110358835477321 -26.6646355224554270 -49.1202888738433785
-5908.1210691823898742 -3849.3569182389937851 -727.9685534591194482 1663.0723270440250872 3113.7405660377357890 3368.1792452830186448 2305.1682389937104745 1050.5959119496856147 292.0188679245283083 64.1682389937106876 99.1462264150943327 139.7374213836477850 173.2327044025157363 209.9591194968553509 221.6493710691823935 232.6808176100628884 345.5833333333333144 606.6823899371069047 1146.0943396226414279 2135.6981132075470668 3730.4150943396225557 6095.2672955974840079 8222.7625786163516750 7991.0817610062895255
1787.6960784313725981 1343.8700980392156907 711.4754901960784537 258.3651960784313815 30.5330882352941160 21.7303921568627452 75.3308823529411740 121.9620098039215748 154.5796568627451109 164.3284313725490335 201.2990196078431495 337.4546568627450824 608.1629901960784537 1052.7095588235295054 1946.1176470588234224 3322.1703431372548039 5542.2230392156861853 8076.9264705882351336 8550.3921568627447414 5825.1041666666669698 1292.5980392156861853 -1775.1482843137255259 -2836.4350490196079591 -3899.9497549019606595
-130.7862796833773018 -227.7431838170624587 -456.4520668425681720 -740.6394019349164637 -1136.0369393139842487 -1934.1222515391380057 -3073.0941072999121388 -5301.6121372031666397 -7267.3623570800355083 -7306.3843447669305533 -5390.8223394898859624 -139.6147757255936597 4183.0624450307823281 4591.2409850483727496 4821.5039577836414537 5205.9129287598943847 5292.3773087071240298 5308.9208443271763826 4775.2629727352687041 4545.8038698328937244 4188.3218997361473157 2137.1970096745822048 -740.3834652594547379 -3211.4441512752860035
-1483.7785588752196873 -2101.1441124780317296 -2571.6215582893964893 -2935.8564733450498352 -3098.5922671353250735 -3047.5940246045693129 -2703.7076742823669520 -2106.4299941417693844 -1474.4270650263620155 -912.1570005858230843 -434.6883421206795788 -47.8816637375512570 221.1991798476859969 356.5248974809607603 399.0497949619215206 377.4827182190978192 303.7088459285295698 214.9226713532513315 154.5916813122437077 124.2647920328060991 107.0931458699472785 126.2302284710017517 172.2396016403046417 205.2360867018160491
3534.4511698880978656 3349.2543234994914201 2547.6917599186162988 608.4048830111902362 -1158.4974567650051540 -3423.4623601220750970 -4609.9033570701931239 -2561.7431332655137339 -858.2395727365208131 -506.8652085452695815 -174.1897253306205471 -152.1495422177009118 -131.5946083418107833 -119.9638860630722235 -144.2945066124109985 -111.8514750762970493 -100.1078331637843348 -74.2761953204476129 -63.7726347914547276 -96.6993896236012205 -169.3087487283825112 -323.2502543234995187 -598.5951169888097638 -1025.9684638860630912
-2813.2859728506787178 -3897.0796380090496314 -4799.9565610859726803 -5384.1773755656104186 -5683.0380090497737910 -5895.3954751131223020 -5972.6814479638005650 -5778.7484162895925692 -4719.2524886877827157 -2223.9882352941176578 603.7230769230769738 2562.6470588235292780 3404.0045248868777890 2844.8597285067871780 1553.8045248868777435 599.8561085972850151 193.7909502262443482 98.0018099547511383 89.4389140271493233 104.1511312217194529 124.8959276018099587 144.8733031674208007 162.2950226244343810 209.5628959276018008
-4146.2782122905027791 -4790.2296089385472442 -4403.0536312849162641 -2680.5681564245810478 -66.7072625698324089 1826.5581005586591345 2621.8899441340781777 2965.7234636871507973 2796.9027932960893850 2308.3284916201118904 1814.6195530726256493 1328.5966480446927562 856.5782122905028473 465.5452513966480410 253.0955307262569818 196.0921787709497153 161.8642458100558770 105.2229050279329670 85.5290502793296099 72.4324022346368679 22.2223463687150833 13.1262569832402232 56.8999999999999986 107.0547486033519533
3864.2660687593424882 4521.5695067264578029 4241.4872944693570389 2679.3079222720480175 687.6980568011957757 -709.4828101644245635 -1609.6412556053812750 -2471.2959641255606584 -3279.6307922272048927 -3852.9910313901345944 -4221.8221225710012732 -4382.6412556053810476 -4318.7040358744397963 -4047.5560538116592397 -3578.0029895366219534 -2884.9103139013454893 -1826.6128550074738541 -567.8908819133034740 582.3258594917788287 1318.4678624813154784 1436.9252615844543470 1162.7653213751868861 790.6756352765321481 515.7144992526158376
-1131.0924821002386125 -519.0017899761336366 -301.8675417661098095 -195.5602625298329258 -179.2744630071599090 -147.0137231503580040 -146.3770883054892522 -156.6610978520286324 -151.1742243436754052 -154.3681384248210122 -167.5560859188544214 -207.8335322195704009 -374.1306682577565539 -621.2219570405727609 -1112.4940334128878021 -1965.7434367541766278 -3197.0310262529833381 -5415.2702863961812909 -6839.5560859188544782 -6526.8579952267300541 -4285.3031026252983793 914.1258949880668752 4205.5906921241048622 4177.2923627684967869
-65.5805849408836394 -73.0379589296826452 -82.4424393279402636 -88.6384567517112600 -107.8232731798382105 -152.1300560049782291 -272.8556316116988114 -485.2283758556316116 -900.1997510889856358 -1606.5737398879900866 -2690.7965152457995828 -4224.7573117610454574 -5105.7722464219041285 -4372.3341630367140169 -2268.9004355942752227 405.4038581207218499 2087.5177349097698425 2696.2993154947107541 3211.9850653391413289 3444.6378344741756337 3318.5942750466706457 3019.6558805227132325 2612.4088363410082820 2188.2283758556318389
-2834.7059259259258397 -3797.7570370370372075 -2688.2674074074075179 -1230.1555555555555657 -530.0081481481481660 -228.8688888888888755 -126.9437037037037044 -108.4881481481481416 -92.9325925925925986 -98.1392592592592621 -91.6711111111111165 -82.8637037037037061 -77.7681481481481427 -60.3111111111111100 -61.1422222222222231 -99.5385185185185151 -168.6370370370370324 -324.1629629629629790 -609.4962962962963502 -1092.2288888888888323 -1912.3244444444444525 -3153.6940740740742513 -4636.8059259259262035 -5282.1014814814816418
0.1082621082621083 -9.4477682811016148 -28.2602089268755918 -51.1519468186134887 -61.1339031339031322 -67.7735042735042725 -93.2977207977207996 -157.3708452041785506 -299.4240265906932450 -560.6880341880341803 -1027.5612535612535794 -1761.3779677113011530 -2819.6913580246914535 -3936.8751187084521916 -4028.4876543209875308 -2617.4287749287750557 -655.7635327635327940 864.2521367521367210 1677.3670465337131645 2151.8067426400757540 2470.2065527065528840 2483.4021842355177796 2285.8053181386512733 2004.5398860398861416
-5955.6157760814248832 -1549.2782018659881942 3598.6632739609840428 4598.7243426632740011 4600.7540288379987032 5096.8447837150124542 5132.0644614079728854 5175.0254452926210433 4765.6768447837148415 4463.1102629346905815 4413.5631891433422425 2803.2739609838845354 144.8999151823579439 -2502.3231552162851585 -4611.5852417302794493 -3796.6463104325698623 -1564.7684478371502337 -597.9228159457167067 -244.2510602205258579 -179.5708227311280609 -221.2620865139949160 -174.0534351145038272 -182.3731976251060303 -195.0890585241730264
4864.0588235294117112 7482.8705882352942353 8996.1588235294111655 7647.4455882352940534 3581.8176470588236953 -691.1926470588235816 -2767.7794117647058556 -3834.0250000000000909 -4805.7764705882354974 -5339.2352941176468448 -5706.4691176470587379 -6027.2911764705886526 -6325.0985294117645026 -6293.2941176470585560 -5109.3808823529416259 -2444.9014705882354974 469.2470588235294144 2494.9338235294117112 3414.4985294117645935 3028.8794117647057647 1862.9970588235294144 884.0014705882352928 419.5029411764705856 273.8411764705882092
-2358.8832891246684085 -3446.1686244789693774 -3512.1959075407353339 -2248.0473664266769447 -1101.2455475558924718 -457.0898067449791711 0.8128078817733990 175.8745737021599211 245.0985221674876868 252.4240242516104615 190.2061386888973118 137.1042061386889088 88.7794619173929505 44.9473285335354333 2.6127320954907161 -22.7540735126942018 -33.1724137931034448 -43.2243273967411881 -56.8309965896172784 -72.2243273967411881 -68.7737779461917427 -71.6676771504357646 -120.1208791208791240 -228.9984842743463389
12.1945701357466056 1.8599170437405732 -2.8682126696832579 -3.7239819004524888 -3.0871040723981902 -1.6753393665158371 -3.2384992458521871 -35.6806184012066367 -132.0831447963800827 -316.2236048265460227 -616.1293363499245288 -987.4984917043740325 -1279.2997737556561333 -1317.9875565610859667 -1046.1755279034691739 -609.0657993966817685 -204.3974358974358836 60.1463046757164435 165.9477752639517405 171.9585218702865745 146.5931372549019613 117.0203619909502208 90.7294494720965332 74.5303544494720995
-185.1028547439126726 -111.0012594458438286 -56.2111670864819502 8.5033585222502097 78.7015113350125972 161.9617968094038645 325.8089840470192939 597.1654072208228854 967.8358522250209717 1448.5461796809404404 2021.2753988245171968 2489.3874895046178608 2587.5722082283796226 2283.5990764063813003 1763.7955499580184551 1230.3303946263642956 802.2791771620486543 513.5272879932829255 325.0293870696893350 189.9311502938707008 115.0285474391267826 85.3375314861460907 74.2220822837951317 36.5054575986565908
-1046.4824636441403527 -1788.1497005988023830 -2835.8631308810950031 -4919.5183917878530337 -7078.4456800684347400 -7313.6809238665528028 -5751.3336184773306741 -953.9597946963216373 3821.9461077844312058 4594.8152266894785498 4714.6142001710868499 5165.5038494439695569 5214.9811804961509552 5272.9640718562877737 4782.1899059024808594 4494.3635585970914690 4326.7681779298545734 2480.7134302822923928 -237.2976903336184762 -2944.0384944396919309 -4709.3301967493580378 -3442.4867408041059207 -1361.7005988023952341 -604.2472198460222899
-392.8677926616190916 -736.6726849155503487 -1379.7513104251602272 -2440.1962725684334146 -3865.6237623762376643 -4729.6313337216070067 -4058.5765870704717599 -1985.2055911473501055 454.5113570180547526 1891.2294700058241688 2433.5672684915548416 2856.8613861386138524 2951.5253348864298459 2721.2562609202095700 2369.6790914385555880 1914.1601630751310950 1418.7740244612696188 954.3698311007570965 649.9708794408852555 467.9411764705882320 263.8054746651135929 13.6057076295864885 -148.2719860221316139 -233.8054746651135645
-6952.6261538461540113 -5609.1099999999996726 -993.8869230769230398 3754.3815384615386392 4546.4146153846149900 4593.5284615384616700 5049.7546153846151356 5094.9646153846151719 5116.7015384615388029 4700.7707692307694742 4407.0384615384618883 4359.0907692307691832 2871.6407692307693651 322.7184615384615540 -2256.4838461538461161 -4343.9284615384613062 -3839.7446153846153720 -1825.8669230769230580 -719.2353846153846462 -304.1330769230769420 -230.9992307692307634 -221.5653846153846018 -164.6469230769230876 -179.4907692307692173
-6282.6170542635654783 -6408.4511627906977083 -5625.1038759689918152 -3177.4046511627907421 -146.3596899224806123 2010.7441860465116861 3219.9689922480620226 3123.6868217054261549 1901.2992248062014369 743.2852713178294835 193.7085271317829438 94.8837209302325562 131.2480620155038764 153.7736434108527135 183.4356589147286911 211.5503875968992133 218.5038759689922472 257.8155038759690001 400.0310077519379774 709.1674418604651464 1356.0403100775192797 2431.4744186046509640 4212.4790697674416151 6607.5534883720929429
48.6943220119263671 -24.3774954627949185 -100.4936479128856632 -157.8833290121856407 -183.4290899662950380 -136.1879699248120232 31.3186414311641173 472.9631838216230335 1227.9875550946330804 1819.4705729841846278 1832.0842623800881483 1362.5535390199636367 709.9634430904848159 124.3883847549909234 -243.8737360642986687 -326.2185636505055868 -246.5245009074410234 -138.2517500648172017 -29.1913404200155568 34.9743323826808421 64.7176562094892347 68.4799066632097464 54.6518019185895767 40.1713767176562087
-332.0281249999999886 -558.4789062500000227 -963.4851562500000455 -1682.5109374999999545 -2751.4195312500000909 -4368.3734375000003638 -5494.0242187499998181 -5107.1359375000001819 -3311.9539062499998181 30.9835937500000007 2699.3757812499998181 3330.9476562499999091 3718.3625000000001819 4076.4296875000000000 4025.1117187499999091 3776.8101562500000909 3359.9515624999999091 2978.9859375000000909 2645.0554687499998181 2188.0195312500000000 1382.4289062499999545 238.1179687499999886 -875.6937500000000227 -1605.5976562500000000
