1043.7862232779098122 451.7826603325415817 217.8028503562945275 387.6484560570071380 636.6068883610450939 803.2897862232779289 1117.0522565320666217 1288.8040380047505096 1881.0653206650831635 2429.8467933491688200 2336.9026128266032174 2773.0130641330165417 306.8182897862232608 -1269.6033254156768635 1911.2066508313539543 1979.1484560570070244 581.6983372921615683 877.4382422802850670 589.4228028503563337 649.7185273159144572 681.5866983372922050 603.2422802850355765 671.4560570071258780 634.4038004750593700
920.0000000000000000 687.8611500701262003 466.9424964936886226 441.7587657784011412 512.0210378681626935 715.7012622720897070 801.4333800841515085 966.0603085553997289 1215.4039270687237604 1329.6816269284713599 3110.4880785413743070 3650.6115007012622300 1010.4389901823282116 363.1430575035063271 927.3183730715287538 511.5119214586255225 639.8078541374474071 673.3309957924263927 569.0448807854137385 631.7784011220196589 604.5469845722300306 646.5904628330995365 641.6816269284712462 601.2033660589059991
747.8425414364641028 1038.1850828729282057 1301.7375690607734668 1850.8066298342541813 2558.8480662983424736 3153.6574585635357835 2906.3494475138122652 2089.7058011049725792 2771.6049723756905223 2876.5814917127072476 1204.8604972375690068 706.4392265193370122 773.9074585635358972 588.0566298342541813 678.2279005524861759 664.8149171270717943 664.4903314917127091 652.3245856353590852 609.6312154696132666 615.2044198895027876 615.1560773480663329 631.2610497237568552 645.0193370165745819 646.3770718232044601
2250.2331125827813594 2639.7066225165563083 2609.9748344370859741 2255.9682119205299387 2048.5258278145693112 1814.0688741721853603 1172.9966887417217549 809.7596026490066379 782.2894039735099341 683.8536423841059104 663.7754966887416685 666.8119205298013412 656.1278145695364401 665.9337748344370311 660.3662251655629234 658.1980132450331666 660.5158940397351444 661.5735099337748579 660.8953642384105933 653.7145695364238236 652.1887417218542851 653.7728476821191634 703.9847682119204819 922.7655629139072744
660.6962199312714574 665.7601374570447206 642.9189003436425764 641.0288659793814077 636.4673539518900043 584.4515463917525722 597.5113402061855368 552.6838487972509029 877.8419243986254514 1781.3862542955325807 2395.2900343642613734 2134.9512027491409754 945.8439862542954870 64.5539518900343694 188.1635738831615186 446.4632302405498194 675.7003436426116423 952.1518900343642144 1178.8412371134020304 1730.8508591065292421 2520.5037800687287017 2925.5621993127147107 2938.0735395189003611 1857.8522336769758567
646.7045350435181490 622.1923957856160996 601.0439761795694267 597.5254237288135073 590.7214841960604872 585.0865781035272448 589.8360054970224837 579.1250572606504647 580.4791571232249225 582.7049931287219806 567.0485570316078565 594.4086120018323527 555.5240494732020125 621.0939074667887780 741.5368758589097524 1086.5043518094364572 1915.5501603298214377 1356.2982134677049544 -93.5510765002290441 -57.0366468163078366 340.1397159871735880 412.3724232707283477 645.5016032982134675 782.5409986257443506
638.8428762310090860 640.2888850398376235 639.5732419458603317 636.3949373979313577 638.2204928985005381 639.0136338892463073 640.9916613054881509 643.7513732864848635 644.8249121591527455 646.2822536744691888 647.0461968624733800 647.3834562280397904 648.4027317266294403 649.5475330331073565 650.6693719998020242 651.1001880536447288 651.4620428564359145 652.3123175137328644 651.8195179888157327 650.5451081308457333 650.7094571188201826 649.6379225021032653 645.7988320878903323 645.5996436878309623
664.1907469630396008 713.9175497544584914 775.6218661152752247 859.0653915740501816 940.2574308606874638 1246.1033858878263345 1629.9950891703283560 1365.6810545360558535 770.7764280175756539 585.7570431636081594 653.2801757560092710 680.8826570173171149 662.9338330317912096 656.5818040837425542 667.4835874903076274 674.5445851641251238 682.2103902817265180 688.7040578960971970 685.6921685189971640 681.4841044197466999 685.3256655466528855 691.1227707417937154 695.1194107004394027 697.7032825019384745
666.2257769652650268 496.8016453382084023 475.4588665447897711 555.2906764168189966 697.1736745886654489 742.2797074954296477 950.6343692870201494 1007.3226691042048060 1580.9899451553931158 3228.0274223034734860 2657.1453382084096120 711.8939670932358013 639.4917733089579315 701.0594149908591817 524.5228519195612762 689.9259597806216107 614.9067641681900795 610.7349177330895600 637.1407678244972885 630.2934186471663907 670.1691042047532392 638.8427787934186881 612.6352833638026141 635.8327239488116902
794.4993757802747041 725.5755305867664902 720.6529338327090954 617.6042446941323760 583.0799001248439026 624.2571785268414715 773.9338327091136307 788.5930087390761400 886.2946317103620686 1016.8377028714107837 990.0848938826467247 2774.6754057428215674 3508.3033707865170072 1085.9500624219724614 345.8726591760299698 800.6978776529338120 509.0312109862671832 625.7640449438201813 640.5855181023720206 590.7777777777778283 645.1622971285892163 634.8401997503120811 693.2134831460674604 708.9687890137328168
606.9875776397515210 203.0993788819875761 257.5031055900620913 529.5124223602484790 707.6708074534161597 1015.4782608695652470 1216.9389233954450447 1644.2173913043477569 2349.5248447204967306 2372.2836438923395690 2982.7018633540374140 1276.9275362318840052 -1201.3033126293996702 1387.0372670807453233 2296.1780538302277819 642.1645962732919770 839.8229813664596577 655.9937888198758174 583.1532091097308239 699.4927536231883778 582.1821946169771991 654.0248447204968443 619.6345755693581623 624.4968944099379087
794.1484551620195589 762.9186134137150930 712.0233609645817978 687.9336850037678914 696.2976639035417747 768.8854559155990955 772.5478522984175243 701.3647324792765403 687.8281838733986433 628.5689525244913511 587.6857573474001128 612.2795779954785758 664.0994724943481060 757.5244913338357264 758.2260738507912947 1133.1703089675961564 1736.4694800301431314 2622.7671439336850199 3155.5779954785230075 1462.7354935945743364 94.4280331574981204 492.2629992464205202 547.3051996985682308 607.7565938206480496
-187.9930943285336582 -189.6965912430208618 -191.2632970908022401 -193.0007346459006783 -194.1957096679400649 -194.4144872171613372 -193.9418160446664672 -192.9086100499559109 -191.4570966794005358 -190.8223626212165698 -190.7267117249485864 -190.7487511019688498 -192.2512488980311502 -193.0420217455186673 -192.8507199529826721 -193.3851013811342909 -194.0307081986482558 -197.6561857184836981 -201.6279753158977428 -202.2672641786658971 -202.2904789891272515 -197.8167793123714375 -191.8811342932706339 -189.7578607111372264
1971.7332293291731276 885.3572542901715678 382.5797191887675694 742.8218408736349829 687.1188767550702323 639.7628705148206336 653.9850234009360292 632.3232449297971698 653.2171606864274054 650.4620904836193631 657.2199687987520065 655.1843993759750902 645.9728549141965459 647.1575663026520715 641.2811232449297449 643.7182527301091568 649.2258970358814167 643.8673946957878798 651.2861154446177352 660.6817472698908205 655.8099843993759350 664.5216848673946970 683.8446177847114313 709.2695787831513599
423.4852071005917082 444.1100591715976407 595.0260355029586208 767.6946745562130445 830.7538461538460979 1109.8473372781065791 1209.5420118343195099 2262.4674556213017240 3762.1609467455623417 2110.8863905325442829 331.3337278106508847 774.6366863905325317 625.6828402366863884 519.9692307692307622 720.8023668639053767 580.8970414201183985 617.4520710059171051 622.3739644970414702 614.9159763313609801 638.2994082840236842 602.8402366863905399 597.5431952662721642 609.0970414201183303 619.2698224852071007
637.4750000000000227 626.1896666666666533 624.5853333333333239 614.4729999999999563 614.8419999999999845 611.0836666666666588 603.8036666666666861 613.4236666666666906 606.2506666666666888 605.9003333333333785 609.0846666666666351 594.9239999999999782 674.5729999999999791 780.6200000000000045 1365.4123333333334358 1937.1226666666666461 1038.3603333333333012 86.7386666666666599 245.1253333333333444 400.2633333333333212 495.2080000000000268 672.0273333333333312 776.7333333333333485 923.6496666666666897
590.0027624309392422 699.2693370165745819 789.6975138121547388 935.9198895027624303 1091.7734806629835020 1277.9571823204419161 1473.6726519337016725 1443.3107734806628741 1394.8674033149170555 163.5331491712707077 -1502.7914364640882923 -545.2941988950276482 834.7762430939226306 738.8604972375690068 718.9392265193370122 688.8715469613259756 640.0511049723756969 685.4116022099447036 644.8024861878452612 654.4875690607734668 647.9350828729282057 635.5566298342541813 639.3660220994474912 639.9613259668508363
665.6237458193979819 620.1839464882942821 664.0497491638795964 633.6580267558528021 614.3231605351170401 616.4352006688963002 603.6124581939799327 610.4636287625418163 606.3933946488294850 593.9477424749163674 595.0706521739130039 591.1889632107023544 580.2290969899665924 586.0656354515050452 570.7792642140468615 585.2169732441471979 595.6396321070234308 585.5994983277591928 709.4272575250836326 780.7336956521738784 1442.8716555183946184 2054.0392976588627789 890.1421404682274670 -27.9042642140468224
366.2130965593784708 617.4572697003329722 803.4683684794672445 1137.6970033296338443 1296.6870144284127946 1996.8179800221976166 2463.8468368479466335 2559.6259711431744108 2867.4117647058824332 0.2186459489456160 -644.3462819089900222 2477.3562708102108445 1667.7547169811321055 553.2630410654827529 875.3251942286348140 536.9966703662597638 669.8213096559378528 643.6537180910099778 610.2241953385127999 654.7613762486126916 615.4328523862375278 633.6514983351830779 627.6259711431742971 628.1931187569367694
986.4667949951876835 2127.1838306063523305 3696.4302213666987882 1592.7093358999038628 291.3214629451395581 847.6823869104908908 543.0510105871029509 590.3060635226179329 665.3358999037535568 567.9316650625601142 639.5389797882579614 614.2589027911453741 635.0173243503368212 646.3994225216554241 607.5601539942251748 601.1992300288738988 616.8652550529354812 614.5784408084697361 638.5726660250240911 686.7314725697785889 713.9701636188642624 740.7025986525504777 731.4841193455245048 715.2685274302214111
-1168.9280089988751570 2074.8571428571426623 2098.6906636670414628 414.5275590551181040 906.7041619797524845 625.9471316085489434 619.8830146231721301 708.6051743532058254 596.7919010123735006 681.3295838020247857 636.0404949381327242 647.8987626546681895 655.1046119235095375 642.6130483689538551 638.0472440944881782 628.5331833520809823 620.9325084364454597 636.7536557930259278 714.8380202474691032 875.6737907761529414 1032.2654668166478586 1087.6231721034871498 1027.8740157480315247 855.4589426321709880
667.6011695906432806 671.3263157894737105 673.6508771929824206 673.7198830409356560 684.7339181286549774 674.2608187134502487 677.8947368421053170 648.6473684210526471 621.9982456140351132 623.7801169590643440 591.7836257309941175 1085.5473684210526244 1894.5304093567251584 2392.5532163742691409 2120.6105263157896843 794.0005847953216289 39.9415204678362556 295.5000000000000000 518.2444444444444116 766.7935672514620364 1025.1877192982456108 1313.2140350877193669 1953.4245614035087328 2631.5146198830407229
537.0320133234640707 549.5351591413767665 558.0251665433012249 548.1034418948926259 553.8858253145817798 554.3971132494448284 556.3486306439674536 556.0642116950407399 556.4924130273871015 564.6802368615840351 565.4611398963730835 564.2966321243522998 560.4407846039970309 520.2894152479644845 476.9533678756476434 460.6076980014804008 459.1643227239082421 491.5623612139156080 547.4557735011103432 641.8073649148778941 770.8266099185788107 977.3221687638786079 1231.2218726868986778 1228.2431532198372679
848.5557437200112645 850.8163044500894330 854.0429955781353328 857.2143663561953417 859.3585473704017659 855.9601561764982307 852.1930096904694665 854.2223633455640766 857.6911750870260676 858.8845611064069772 858.5739486311035762 858.4874870636937203 858.0051274814187536 858.4459027189764129 859.7972057578323302 857.0721140276601773 854.4737040173110927 859.2485652460250094 863.5442186470975230 862.9912033116944485 869.0667042995578413 882.4670712202464529 894.2422617367578823 895.2227396744755197
288.7945516458569841 277.5573212258796616 542.2315550510783169 724.7832009080590296 984.4086265607264750 1250.0862656072645223 1584.4199772985243726 2344.8433598183883078 2355.2065834279228511 2758.3654937570941001 1738.2985244040862653 -1379.2542565266742258 169.1225879682179425 2179.6481271282632406 861.1759364358683797 754.4494892167990656 730.3564131668558730 563.1623155505108116 713.4642451759364121 601.2996594778660437 647.0522133938706020 636.6889897843359449 627.4710556186151962 639.0102156640181192
3624.4861111111113132 4659.5555555555556566 5270.2638888888886868 4272.4861111111113132 2749.5972222222221717 2028.4583333333332575 1154.9583333333332575 463.2222222222222285 508.1250000000000000 742.5000000000000000 1211.8611111111110858 1790.3472222222221717 1980.7222222222221717 1511.1527777777778283 702.0277777777778283 309.1388888888889142 505.9166666666666856 982.0138888888889142 1582.8194444444443434 2479.8611111111113132 3582.6666666666665151 4548.7222222222226264 4928.9722222222226264 4056.1666666666665151
619.6782246879333798 608.8113730929264875 625.9126213592232943 720.6477115117892254 1269.7406380027739488 1943.6463245492370788 1945.7489597780859185 1232.3606102635228581 453.0651872399445210 171.7683772538141511 325.0651872399445210 583.0873786407767057 769.8571428571428896 1097.9958391123439014 1304.1830790568653811 1903.7309292649099461 2550.8266296809983942 2448.2565880721222129 2933.9805825242719948 630.2898751733703193 -1524.0915395284328042 1447.2233009708738791 2062.8848821081828646 650.4049930651872273
593.5421822272215877 581.7671541057368358 611.1721034870640779 1144.8593925759280410 1893.5736782902138202 2148.1248593925761270 1719.5241844769404906 617.4386951631046259 19.5331833520809894 253.0843644544432038 490.5073115860517419 768.7232845894262709 1037.0809898762654484 1273.3352080989875503 1972.2395950506186182 2637.8458942632169055 3070.8290213723284978 2679.8402699662542545 1293.9865016872890919 1879.0168728908886351 2623.6681664791899493 1266.6467941507312389 749.6827896512935467 790.4386951631046259
1314.3517060367453269 1890.6942257217847327 2586.8740157480315247 3126.3923884514433666 2782.4895013123359604 2068.8713910761152874 2750.8202099737532080 2635.2690288713911286 1091.4133858267716732 711.6220472440944604 732.6456692913385496 577.0288713910761089 647.6863517060367030 631.0459317585301733 649.2624671916011039 653.4041994750656386 622.5695538057742624 621.6942257217847327 615.3897637795275841 621.9265091863517227 629.4763779527559109 620.2532808398950692 657.8070866141732722 771.8845144356955643
830.4835164835164960 793.7399267399267728 793.7142857142856656 762.6007326007326128 678.3235653235652762 680.0903540903541398 759.8583638583638731 767.3064713064712805 688.8510378510378587 666.7313797313797750 650.8046398046398053 626.2649572649572747 614.2380952380951840 724.5262515262514853 729.9194139194139552 767.5799755799755530 904.6849816849817216 810.3162393162392618 2528.5702075702074580 3743.5909645909646315 1391.5946275946275819 200.6056166056166035 679.3870573870574390 483.8363858363858299
-29.0514705882352935 -377.7745098039215463 -21.0892156862745104 417.3171568627450938 585.4455882352941671 633.8171568627451506 649.7593137254901876 639.1078431372549176 623.0186274509803752 611.5848039215686640 612.5259803921568391 614.8740196078431381 606.2794117647058556 602.0946078431372825 601.2843137254901649 593.8450980392157135 588.7367647058823650 593.2191176470588516 597.4426470588235816 600.9029411764705628 608.4681372549019898 606.5803921568627857 604.1465686274509608 626.4024509803921319
703.6621179039301524 698.3891921397380429 687.7254366812227317 684.4268558951964678 705.2336244541485257 931.4939956331877511 1463.6763100436680816 1883.3886462882096566 1575.8138646288209657 730.4536026200872811 243.5332969432314485 277.0818777292576556 438.6724890829694345 620.7762008733624270 790.0589519650654893 973.1468340611353369 1192.6659388646287425 1414.3810043668122489 1625.7363537117903434 1715.2936681222706738 1606.8859170305677253 1402.0840611353712575 1169.1561135371180171 987.3417030567685515
371.5881642512077292 440.0080515297906345 595.0752818035426799 758.0446859903381664 945.8337359098228490 1186.1030595813203945 1508.8566827697261488 1777.8204508856683788 1867.1735104669887733 1738.6191626409017772 1458.7850241545893368 1256.7117552334943866 1109.7149758454106632 933.5933977455716786 831.0591787439612972 768.2689210950080678 715.7238325281803100 693.8216586151369256 689.7979066022544430 695.9359903381642880 695.9178743961352893 694.2805958132045134 692.1103059581320167 694.0076489533010999
1685.9767687434002710 2361.1267159450899271 2318.5153115100315517 2948.4128827877507319 1143.7761351636747804 -1302.1689545934530088 1185.1911298838438142 1950.8215417106653149 584.1098204857444216 854.2544878563885504 624.9450897571277892 594.8880675818373902 680.7919746568110213 583.0844772967265044 653.2502639915522877 620.6187961985216361 630.6145723336853735 630.2523759239704759 625.2302006335796705 624.1488912354805052 608.1362196409714898 610.8173178458289385 642.0073917634636018 769.4952481520591618
540.6576787807737219 765.5334114888628392 1450.4513481828839758 2048.9964830011722370 2172.4243845252053688 1322.7749120750293059 221.0691676436107969 106.3751465416178235 369.0949589683469867 608.9097303634232503 929.4396248534583265 1131.0797186400936880 1617.7432590855803483 2354.3528722157093398 2985.0457209847595550 3114.5287221570924885 1996.2051582649471584 1825.4560375146540991 2733.9109026963656106 1790.5580304806564982 811.0949589683469867 822.6623681125439589 642.8546307151231076 651.3798358733880605
478.5520769567118577 480.9783246923605589 482.2930976325816914 480.8542694734211977 482.8949465925417144 484.1408832531701023 484.4196139671435049 483.8002248735086255 482.6959210444125006 482.4849896932975071 482.5969517146605199 481.6038353426197887 480.1013180086201260 479.1038166031607375 478.7163595477543936 479.0154787931788292 479.9505902929602144 481.1549128615154132 482.0834655506277500 482.1220313573614931 480.9505902929602144 479.7969642076332093 477.4454494346929891 478.3131113748516441
645.1610978520286608 634.3317422434367927 635.3126491646778504 570.4439140811456355 579.2482100238663634 542.9212410501193062 641.4319809069212397 1426.0298329355607621 2114.4546539379475689 2233.8878281622910436 1542.5763723150357691 292.4128878281622974 25.8186157517899773 347.4952267303102644 538.9642004773269264 874.9343675417661643 1055.2482100238662497 1484.3735083532219505 2217.2147971360382144 2862.5000000000000000 3265.5883054892601649 1824.5799522673030424 961.9427207637231731 2344.6097852028638044
834.1903719912472752 748.7711159737417574 733.2494529540481381 711.4393873085339237 727.6271334792122616 731.0262582056892597 732.7019693654267485 719.0192560175054268 683.1413566739605585 681.9816192560175523 680.9146608315098774 675.9063457330415758 688.9347921225382834 677.9277899343544505 750.4459518599562671 735.6315098468271572 1026.4275711159737057 1830.0743982494529973 2131.5737417943105356 2049.6271334792122616 1412.4161925601749772 369.4052516411378519 274.6096280087527362 549.0315098468271344
682.4111675126903265 1262.1281725888325127 2013.2753807106598742 2048.8908629441625635 1295.6510152284263313 433.7829949238578706 127.3908629441624356 307.3667512690355466 559.9758883248730399 762.3337563451776759 1088.2233502538072116 1299.0761421319796227 1993.1928934010152261 2623.6357868020304522 2605.0279187817259299 3037.6446700507613059 578.0342639593908416 -1304.3553299492384667 1425.7741116751269601 1762.3642131979695478 649.5431472081218089 865.2220812182740701 596.5685279187816832 647.1230964467005151
1157.8693641618497168 1336.7606936416184453 2131.2242774566475418 2480.1710982658960347 2714.2023121387283027 2762.8265895953759355 -312.8913294797687854 -57.6693641618497139 2810.9780346820807608 1367.9757225433525036 570.1213872832370271 857.1930635838150465 505.3653179190751530 688.3514450867052119 616.9283236994219806 619.5583815028901427 646.4208092485548605 608.3005780346820757 633.2497109826589394 623.3156069364162022 621.7953757225433264 613.5942196531791524 601.8289017341040790 630.7341040462428055
731.3771909324608487 728.4776817013321306 725.8043935498948258 717.0095816779621600 710.2065903248422956 706.2675858845524317 698.4790838981069783 687.8695956999298460 683.3180649684505852 684.5655526992287605 700.6767936433745945 724.0782893199345835 768.0979200747838149 839.2741294695022134 932.4765132040196249 1233.6957232998363452 1526.2577705071278160 1401.6244449637765683 1108.5814442626781329 827.2206122925916816 621.9558308015891726 623.7672353353586914 657.1696658097686168 670.5844823556906249
617.8403559277676322 614.5671290238157098 636.3810520806072191 675.6932740120387280 726.7084532844804698 789.5265637267731336 846.8717613190264046 1152.0573148390474216 1548.8288406176393437 1343.8505626799267247 775.4425543051556815 455.4292070138707231 409.9494896623920681 521.7767600104684789 606.1989008113059754 616.4650615022245574 637.5603245223763906 654.2504579952891390 664.2959958126144784 673.2433917822559124 666.3247840879350861 665.1434179534153373 675.2030881968071299 679.2706097880136440
826.8629943502825199 1031.4180790960451759 1306.1567796610170262 1678.7528248587570943 1996.0419020715630722 2060.7904896421846388 1878.1807909604519864 1617.1577212806025727 1391.9995291902071131 1198.4962335216573592 1004.8366290018832387 822.8140301318267120 726.2396421845573968 704.9030131826741581 693.2636534839924707 692.3286252354048429 694.7033898305085131 692.3592278719397655 692.3366290018832387 690.6181732580038215 693.5988700564971623 696.1986817325799848 687.1045197740113508 683.4030131826741581
665.0513966480447152 636.8067039106144875 631.8234636871508201 630.8290502793296355 572.9061452513966515 591.8726256983239864 552.1441340782123461 789.8156424581005695 1678.8972067039105696 2305.5731843575417770 2054.7944134078211391 1017.1988826815642142 115.1687150837988867 139.6156424581005524 423.4335195530726423 619.9128491620111845 940.8782122905028018 1151.5843575418994078 1623.4424581005587243 2473.8592178770950341 2755.1050279329610930 3196.5162011173183600 1681.5854748603351254 -836.5407821229050569
693.5952712100139479 584.0751043115437824 550.6578581363004332 547.7468706536856189 573.5535465924896243 643.0041724617524324 723.9304589707927562 777.6453407510431362 895.1390820584144876 946.9763560500695121 1055.8845618915158866 1122.9012517385258434 1048.2475660639777288 1297.0292072322670265 -22.0361613351877601 -1479.2545201668983736 38.7691237830319864 1005.5243393602224842 584.7760778859527591 718.2406119610569704 678.1891515994436759 667.1043115438108089 726.6675938803894041 705.5438108484005397
1450.5638586956522431 1137.0081521739130039 -953.2880434782608745 -1438.3491847826087451 525.9714673913043725 923.5869565217391255 641.2771739130434980 746.0448369565217490 634.8002717391303804 663.5543478260869961 657.0339673913043725 639.6182065217391255 652.6793478260869961 638.8247282608696196 636.1888586956521294 631.0964673913043725 632.0054347826087451 621.4510869565217490 619.3002717391303804 639.1902173913043725 664.3817934782608745 728.3179347826087451 779.6345108695652470 770.9456521739130039
651.6816406250000000 650.6217447916666288 657.0885416666666288 660.5156250000000000 651.6119791666666288 646.8190104166666288 597.4407552083333712 603.7102864583333712 551.0761718750000000 676.9388020833333712 1435.1184895833332575 2220.6796875000000000 2460.1640625000000000 1553.7571614583332575 243.9622395833333428 92.6419270833333286 391.3652343750000000 587.1477864583333712 885.4270833333333712 1096.1028645833332575 1537.1679687500000000 2330.5045572916665151 2946.6061197916665151 2951.4654947916665151
2595.7769058295962168 4051.9136771300450164 1680.1939461883407603 320.9327354260089464 856.6154708520178929 540.3957399103138641 610.3228699551569889 683.0493273542600718 554.9899103139013050 625.1278026905829392 599.1625560538116133 616.0784753363228674 621.1300448430492906 584.7690582959641006 580.7006726457399282 583.3026905829595989 601.3609865470851901 645.3531390134529602 693.3295964125560431 711.1692825112107812 696.7320627802690751 698.2331838565022508 741.2017937219731039 785.4540358744394553
502.5009803921568619 663.6833333333332803 800.2186274509804207 866.7392156862745196 1128.8039215686274019 1196.8558823529410802 2377.4186274509802388 3552.0549019607842638 1654.1813725490196703 332.4186274509804093 902.6127450980392268 666.0647058823529960 601.4882352941176578 727.2529411764705856 592.9872549019607959 645.6460784313725298 632.2588235294117567 634.7833333333333030 650.0333333333333030 602.1176470588235361 603.2784313725489937 624.2931372549019216 628.5990196078431609 641.7098039215686640
36.0543004359888997 33.6167261196987681 31.4136609855991544 29.5011230017175308 27.8604835513277855 26.1847007530717413 23.8727705112960749 21.5419474170960505 19.1087329898269260 15.9318271898533492 16.5280750429383012 14.6302021403091551 10.4472189192759934 13.8052582903950327 16.5143347866296750 18.3888228299643295 22.0404280618311539 22.1824547496366762 22.8504425947945577 23.1183775928127879 23.4546175188267938 26.1763773285770895 27.6564935922843169 30.6644206632316028
676.7194244604316964 969.3752997601918651 1197.2374100719423495 1575.0083932853717670 2391.3177458033574112 2473.5359712230215337 3047.7470023980813494 1632.8992805755394784 -933.3896882494004785 1664.8141486810552578 2777.2985611510789568 718.7673860911271504 798.1882494004796627 693.7194244604316964 557.6091127098321749 712.3357314148680643 578.7326139088728496 652.2302158273381565 623.3129496402877976 618.4940047961630398 635.1978417266186625 627.7937649880095705 623.0323741007193803 611.5047961630694999
785.1257557436517800 698.3899637243047209 683.2200725513905581 705.4201934703748975 749.6983071342200446 745.7859733978234544 701.7170495767835519 677.8041112454654922 638.9111245465537650 621.9733978234582992 634.5525997581620459 675.8095525997581490 702.3053204353083174 726.3482466747279886 968.6287787182587863 1571.6771463119710006 2762.0532043530834017 2887.8361547762997361 1104.2575574365175726 234.3905683192261051 462.3415961305925066 447.0181378476420946 626.4909310761789811 780.6045949214026223
2049.3723041997727705 1746.4165720771850374 943.2973893303064870 272.5051078320090596 131.9738933030646990 396.3450624290578617 620.0283768444949146 872.8740068104426655 1162.0976163450625336 1418.0522133938704883 2285.8251986379113987 2550.5221339387057924 2883.0874006810440733 2438.0783200908058461 -658.9818388195233183 210.6004540295119227 2583.7673098751420184 1122.8694665153234382 665.9818388195233183 791.5743473325766217 531.8240635641316203 703.8093076049942738 601.0295119182746930 633.5777525539159569
2640.1532349602725844 1942.4835414301928722 826.7514188422247798 872.0646992054483917 783.5425652667423719 699.5062429057888949 680.7207718501703084 633.5244040862655766 674.1430192962542378 671.1350737797956754 679.5051078320091165 703.8490351872871997 703.5425652667423719 700.0771850170260677 689.3972758229284636 668.5051078320091165 659.6152099886492124 638.7128263337117460 904.2678774120317939 1669.7343927355277629 2395.4404086265608385 2247.2622020431326746 1098.9137343927354777 232.9818388195232615
597.3884197828709830 607.6610373944511139 661.2641737032569154 1056.4330518697224761 1800.0325693606755522 2034.9843184559711062 1368.1471652593486397 531.9794933655006162 153.3811821471652479 238.2291917973462034 510.6284680337756186 699.6248492159228363 1006.2919179734619775 1223.3353437876960470 1673.2074788902291402 2450.7720144752715896 2464.8178528347407337 3054.2509047044632098 1436.6381182147165418 -1284.4246079613992606 1091.8890229191797516 2265.2243667068755713 711.4813027744270357 838.9541616405307423
-1476.4907275320970257 -1176.5577746077033225 1793.0228245363766746 1203.3865905848788316 604.9243937232524786 822.3937232524964429 568.2639087018544615 703.6804564907275790 648.2139800285306137 638.6776034236804662 669.3109843081311965 638.4094151212553925 652.1768901569187165 644.4037089871611670 635.8330955777461213 623.3594864479315447 628.0114122681883373 647.7432239657631499 709.5834522111269962 895.1797432239657155 1012.3067047075605842 964.4778887303851889 899.5121255349500871 815.6390870185449558
791.2889882615986608 843.8552263834544647 963.6198993851313617 944.0737842370039061 1969.6400223588595964 2540.0212409167133956 994.8859698155393971 365.8641699273337053 771.4326439351592626 632.5785354946897314 653.0743432084963160 683.3923979877026795 640.6081609837898441 684.2783678032420767 675.2761319172722096 694.4175517048630581 691.2459474566796871 650.6584684181107150 660.2112912241475442 673.8261598658468756 665.1978759083286832 673.2565679150363849 672.4907769703745544 685.6601453325880584
569.3609229997491639 571.3945322297466873 569.2879357913218428 562.2979683972912426 563.8492600953097735 559.5347378981690554 553.8670679709053957 550.6611487333834702 550.4825683471282218 557.6458490092801412 570.3122648607975407 588.4266365688487213 612.1983947830449324 647.4537246049661690 694.7642337597191045 759.5435164283923086 835.8023576624027555 858.7225984449461293 730.3335841484826005 432.3516428392275088 127.4625031351893654 33.8299473288186618 180.7574617506897425 393.2422874341610282
1063.7031250000000000 484.8850806451612812 218.6507056451612812 299.6527217741935374 441.7988911290322562 600.9788306451613380 772.7212701612903629 967.4697580645160997 1235.9566532258063489 1582.6466733870968255 1867.5186491935482991 1964.1355846774192742 1810.9375000000000000 1496.7419354838709751 1239.2283266129031745 1050.1713709677419502 932.6088709677419502 872.3225806451613380 752.5095766129031745 672.9314516129031745 665.5378024193548754 655.5267137096774377 660.3064516129031745 658.3911290322580498
743.2474448628295249 743.9392146315223044 748.9768692845616442 746.9771382463690088 750.6785906401290731 752.0217859064013055 744.7786444324906370 731.7649273803119740 725.3106508875739564 719.7673480365788237 706.9615384615384528 696.6826250672404512 693.9521247982786463 698.9792899408283802 719.5736955352340374 741.8324367939752619 794.4443249058633683 871.1105433028509424 1061.4115115653576140 1468.2633136094675592 1658.1215707369553911 1408.9397525551371473 1027.2038730500269139 706.3996772458310716
681.3477508650519212 677.3362168396770358 699.1914648212225529 934.7047289504037053 1463.8615916955018292 1856.1216839677047119 1530.8258362168396616 706.2797001153402334 229.8569780853517841 255.8044982698961860 422.8656286043829482 608.0784313725490620 781.4665513264129686 968.0253748558246798 1196.5720876585928636 1449.7289504036909875 1678.8108419838524696 1772.5530565167243822 1702.5403690888119854 1484.9913494809688927 1136.1124567474048490 947.9596309111880146 1017.1032295271049861 1000.2202998846597666
1192.6732947394916664 1317.7183488547696015 1577.4996224515480208 1767.4024666498867191 1407.0201359174427580 920.9627485527308863 809.1678832116788271 776.9577145733702537 735.0284419833878928 735.8001510193807917 714.0664485275610787 712.9315378806946910 717.7090359929524084 719.0591492574880021 727.6702743518751504 720.8011578152529637 716.7800151019380337 717.9934558268311093 717.6232066448527576 717.5846967027434857 711.9718097155802070 709.8751573118549913 721.3601812232569728 754.0667002265290648
2474.9062500000000000 3100.0654761904761472 762.0372023809524080 -941.2366071428571104 2434.7872023809522943 2322.4375000000000000 498.6428571428571672 901.9419642857143344 589.4315476190475920 608.7053571428571104 679.7276785714285552 576.4196428571428896 660.8601190476190368 616.8184523809524080 632.3809523809524080 637.7604166666666288 625.0937500000000000 611.0535714285714448 603.3095238095238528 586.3199404761904816 615.4985119047619264 788.3125000000000000 1103.9270833333332575 1369.3110119047619264
705.3680073971336242 679.1368469717983771 648.7041146555709474 628.6786870087840953 631.3106796116504711 626.7073509015256150 624.7313915857605480 632.9260286638927937 619.3347202958852904 620.2182154415164632 619.2038834951456465 603.2912621359223522 642.7018030513175972 574.6615811373093266 671.4110032362459606 764.4877484974572326 1129.1534905224225440 2267.9865926953307280 1687.0772075820618738 42.8714748035136353 115.7484974572353167 418.1641239019879777 434.5122515025427674 677.4331946370781452
895.9448946515396983 859.5931928687195978 679.9659643435981025 530.0810372771475159 481.3144246353322728 492.1815235008103855 569.4392220421393631 676.7779578606158566 753.5623987034035736 905.4003241491085419 1013.1280388978930205 1106.9578606158834191 1315.9692058346838621 1212.4181523500810727 1464.9951377633710763 605.5980551053484078 -1546.1231766612640968 -749.5510534846029032 902.6239870340356219 682.7082658022690111 668.7017828200972644 708.2593192868719143 645.8849270664505866 741.2139384116693464
574.9352088661551079 565.7212276214834219 573.5933503836316731 571.1679454390451838 562.7016197783460711 552.0775788576299874 548.8883205456095311 569.7271952259164891 623.9727195225916603 848.1108269394713943 1192.8670076726343723 1066.5984654731457795 475.4075021312872877 158.0392156862745026 170.2838874680306844 249.4364876385336629 416.4910485933503992 663.4245524296675285 855.8081841432225474 1063.1219096334186816 1469.0997442455243345 1922.7399829497016981 2935.6231884057970092 3346.5575447570331562
974.9281997918834577 1228.4911550468261794 1336.5993756503642089 2639.7617065556710259 3661.9625390218520806 1543.4703433922995828 325.1789802289281965 897.0301768990634628 643.1144640998959403 632.2819979188345769 715.1768990634755028 583.3246618106139749 640.4973985431842038 621.9771071800207665 632.3298647242455672 640.1592091571279752 600.2143600416233085 600.7939646201873529 612.1935483870968255 621.7762747138397117 632.5130072840790945 641.6670135275754774 649.7356919875129506 661.8231009365244972
-423.5725345001682740 -424.6560080780881776 -424.5735442611915005 -424.7431841130932071 -425.6297542914843461 -427.4261191518007195 -429.9198922921574990 -431.6566812521036809 -433.3914506900033530 -434.7606866374957804 -435.6193200942443582 -436.6782228205991032 -435.8781555031976040 -434.6021541568495650 -434.3618310333221189 -433.6805789296533362 -432.3877482329182271 -431.7314035678222695 -431.5812857623695891 -429.9616290811174508 -427.9498485358465132 -428.7330865028609992 -431.0659710535173303 -426.6135981151127794
733.3685503685503591 837.9557739557739069 922.9901719901720298 1166.0859950859951368 1226.4287469287469321 2786.3894348894350514 3703.2751842751840741 1262.9631449631449414 281.3316953316953573 938.0135135135135442 580.2923832923833061 637.5417690417690437 711.4361179361179666 581.2407862407862922 645.6437346437346605 615.7309582309582083 639.2358722358721934 643.0307125307125489 599.4520884520884465 601.5012285012285247 614.9508599508599218 623.2371007371007181 639.8083538083537860 656.8894348894349378
2315.9618805590853299 2512.7102922490471428 2923.9593392630240487 2347.0851334180433696 -796.1334180432020275 598.4218551461244715 2843.1092757306228123 1024.1245235069884529 688.6010165184244443 777.6963151207115743 503.2312579415502114 697.7573062261753876 578.0571791613723462 623.3354510800508024 628.1562897077509433 610.9364675984752466 631.4231257941549984 623.2566709021600673 621.1550190597204164 602.3163913595933536 583.0571791613723462 582.1232528589580397 700.4078780177890167 1021.6988564167725144
349.8234165067178765 342.1027937726594246 330.0795478780123631 317.9294092557048543 309.1567498400511909 299.1652804435913708 289.8016634676903323 284.9537214757943957 277.1586692258477456 264.8487950522499546 259.3907016421412095 247.8637236084452979 239.3224568138195707 257.8686287054808872 279.3943271486457434 286.7521859671571747 287.0300703774792055 291.6131371294518999 298.6852207293666197 299.8033695883983683 303.2655150351887414 302.9283429302623176 297.4544679036041543 299.4736617615696446
-590.3568670711528057 -593.7981246552675429 -596.1285162713734280 -597.3342526199669464 -598.4787644787644467 -598.5697738554881653 -597.7054605626034345 -598.2388306674021123 -599.2570325427468561 -600.0259238830667528 -600.6966354109210897 -600.5830115830116256 -600.7810259238830213 -600.7468284611142053 -599.2349696635410510 -598.0347490347489838 -597.6309983452840697 -596.7391064533921963 -595.4175399889685423 -594.1969111969111736 -593.7600661886376656 -593.8604522890236694 -591.9448428019857147 -589.0794263651406482
647.0087719298245474 589.0504385964911762 587.6567982456140271 554.5877192982455881 877.6809210526315610 1647.6622807017542982 2208.4561403508773765 2070.6842105263158373 949.8092105263158373 63.1151315789473699 175.5197368421052602 416.8695175438596721 667.0767543859649322 965.2554824561403848 1158.3695175438597289 1719.8706140350877831 2456.8267543859647049 2985.5000000000000000 2948.7280701754384609 1703.4396929824561084 1672.4978070175438916 2582.9934210526316747 1558.2949561403509051 752.7335526315789593
2325.4809081527346279 2255.7213622291019419 1884.6233230134159840 1398.3911248710010113 986.3962848297213668 866.8720330237358667 791.8782249742001795 713.1578947368420813 682.6604747162023159 662.5201238390093295 666.1558307533539391 669.8090815273477574 674.1764705882352473 683.1568627450980102 692.9236326109390802 686.9556243550051704 676.7481940144479040 661.0257997936016636 625.2796697626419018 648.6687306501547710 868.9948400412796445 1539.2177502579979773 2373.0371517027865593 2266.3488132094944376
659.8370913190530018 632.4994363021420440 632.1378241262683559 629.2198421645997541 645.2669109357384514 678.9873167981961615 705.8554114994362862 770.0944193912063156 823.1854565952648954 1147.3184892897406826 1667.6082299887259524 1420.9658962795940624 731.6485343855692918 569.1268320180383853 630.0493235625704074 610.0727170236752954 617.2970687711386972 626.0121195039458826 641.8187711386697174 663.5031003382187009 673.9467305524239009 688.5563697857948000 692.6417700112739340 700.8903607666291009
281.9054209919261780 492.3229527104959402 753.3414071510957228 1022.1361014994232619 1311.5490196078430927 1887.9088811995386550 2585.5074971164935960 3076.7520184544405311 2712.1718569780855432 2065.3102652825837140 2692.6205305651674280 2598.9365628604382437 1196.6239907727797345 765.3540945790081196 738.7923875432526302 602.9711649365629000 665.2814302191465003 661.1960784313725981 668.1199538638984450 652.5098039215686185 621.0276816608997024 624.1453287197232385 629.4694348327566331 647.6274509803921546
1293.4179104477611872 1941.3805970149253426 2195.4168443496801046 1545.6268656716417809 420.1897654584221868 86.3592750533048985 319.8336886993603230 550.1833688699360891 845.2729211087420254 1081.6705756929636664 1442.5916844349681014 2123.3933901918976517 2730.4253731343283107 3005.0309168443495764 2455.2889125799574686 1898.2686567164178086 2500.4712153518125888 2234.2174840085285723 1078.6876332622600785 815.7068230277185421 735.2164179104477171 646.6034115138593279 691.5948827292111218 662.3283582089552510
716.1405502392344715 704.5855263157894797 734.9216507177033009 703.3917464114832683 691.0287081339712358 679.0783492822966991 709.1070574162679350 735.0998803827751544 680.1411483253588131 624.9312200956937886 631.7404306220096259 614.6441387559808618 585.9312200956937886 592.3983253588517073 632.3068181818181301 704.5759569377989919 693.5269138755980975 926.2781100478468943 1323.4802631578947967 2185.1369617224881949 3021.9629186602869595 1591.0729665071769432 67.1459330143540711 467.5645933014354227
708.8224598930481761 647.7625668449197747 688.7764705882352700 760.5828877005347977 746.4652406417112616 716.1828877005347067 670.2502673796791441 617.5775401069519148 610.2053475935829283 616.3219251336898878 748.8160427807487167 690.5026737967914414 848.8727272727272748 921.4374331550801571 985.0459893048127924 3075.2748663101606326 3204.2556149732622544 526.1818181818181301 326.5272727272727025 703.6224598930481307 421.6513368983956980 713.2149732620321174 727.7465240641711262 819.7176470588235588
693.4111479028697431 929.5430463576159354 1457.7334437086092294 1857.7466887417217549 1504.6716335540838827 655.7886313465783132 207.3405077262693226 246.8123620309050636 422.3432671081677654 620.3785871964679473 794.9150110375276199 988.4895143487858604 1239.3603752759381678 1522.3885209713023414 1750.1274834437085701 1816.9889624724062287 1679.7257174392937031 1417.7582781456953853 1155.0684326710816094 964.6683222958057513 921.1782560706401455 927.2671081677704024 838.0314569536424187 750.9105960264901114
1576.8066192560174841 1943.1900984682713442 1363.0213347921226159 633.4012582056892597 642.9343544857767938 742.1635667396061535 693.9313457330415531 688.9349015317286558 677.0451312910284969 682.3985229759299500 691.5689277899343779 690.3049781181618982 691.1359409190372389 678.7757111597373978 679.2855579868709128 684.6310175054704814 684.9625273522975704 684.8867614879650318 672.1507111597373978 672.0041028446389646 683.0350109409190509 686.5973741794310854 692.1985776805252044 735.4121991247264987
953.1158798283262286 1723.6534334763948664 2073.8959227467812525 1576.1180257510729916 698.3379828326180814 126.4302575107296178 189.6770386266094306 463.3605150214592072 655.0686695278969864 984.3336909871244416 1174.8948497854078141 1664.1899141630901795 2417.4152360515022337 2610.8422746781116075 3239.5246781115879458 1340.2660944206008935 -921.6684549356223215 1555.4560085836910730 2158.8369098712446430 656.0847639484978799 846.0450643776823654 632.8894849785407359 591.5472103004291284 679.8991416309013402
1018.7832512315270606 1181.9630541871920286 1321.1687192118226903 1282.1379310344827900 1252.4704433497536229 48.1810344827586192 -1441.7167487684728258 -448.0209359605911459 858.9556650246305480 771.0566502463053666 716.7290640394088541 693.5036945812807971 653.1958128078817936 689.3288177339901495 657.5320197044335373 657.9864532019704484 653.8288177339901495 642.4482758620689538 645.5467980295566122 649.0837438423645835 641.4593596059113452 632.5726600985221921 635.8608374384236868 641.9495073891625907
673.0622462787550830 646.1285520974289511 626.8105548037889321 587.9228687415426293 590.8728010825440151 595.4411366711772189 929.9445196211096345 1771.4614343707712578 2248.4221921515563736 1688.6454668470905744 634.8673883626522638 118.7388362652232701 207.5981055480378927 458.9093369418132511 699.9336941813261319 931.6792963464140485 1220.5399188092017084 1603.6048714479024966 2446.1123139377536972 2650.1529093369417751 2750.5981055480378927 2230.9553450608932508 -685.4749661705006929 -625.1123139377536972
661.8304347826086769 421.4086956521738898 402.9565217391304373 493.7246376811594359 637.7956521739130267 782.8144927536231990 922.2449275362318986 1122.9000000000000909 1278.5202898550724058 1575.2000000000000455 1587.7782608695652016 1549.6188405797101950 1267.7608695652174902 -855.5782608695652698 -1338.8623188405797464 697.1652173913043953 980.5884057971014727 627.3028985507246489 750.2855072463768238 618.1811594202898732 666.8318840579710240 662.3260869565217490 643.6840579710144539 674.6420289855072951
658.3209876543210157 644.0271604938271821 589.7975308641974834 583.0493827160494220 567.2666666666666515 775.2617283950617093 1461.7617283950617093 2011.4012345679011560 2040.5567901234567216 1197.2938271604937199 157.6160493827160565 101.9259259259259238 380.7456790123457040 601.8074074074073678 933.1728395061728634 1131.8666666666665606 1577.4283950617284518 2258.0641975308640212 2857.2111111111112223 3075.9641975308641122 1806.6037037037037862 1487.4259259259258670 2885.6555555555555657 2168.5308641975307182
621.3954802259886492 705.8192090395480136 1249.8305084745761633 1901.2485875706215666 1802.1200564971750282 1211.7443502824858115 474.7669491525423950 79.0790960451977440 316.1680790960451759 571.5353107344632235 770.0409604519774120 1123.6073446327684451 1265.3615819209039728 2012.1525423728812711 2491.9293785310733256 2688.3658192090397279 2939.6751412429380252 -54.4759887005649688 -253.9844632768361521 2888.9858757062147561 1623.7358757062147561 538.8545197740113508 888.8206214689265607 514.3799435028248581
3050.1060606060605096 1699.5999999999999091 -1111.6636363636364422 1588.7742424242424022 2854.0999999999999091 696.0727272727273203 825.3712121212121247 708.4727272727272975 541.2651515151515014 710.5787878787879208 567.1969696969697452 650.4742424242424477 627.2606060606060510 623.4560606060606460 640.6545454545454277 626.3727272727272748 618.1166666666666742 609.6484848484848271 585.2136363636363967 584.1651515151514786 689.0909090909091219 1041.6969696969697452 1430.0969696969696088 1415.4439393939394449
626.3414905450500783 794.1323692992214092 1124.6117908787541637 1303.3492769744159432 1907.4349276974417080 2484.5528364849833451 2394.1779755283646409 2821.4238042269189464 420.6729699666295801 -1297.5150166852058646 1677.3537263626251388 1889.3170189098998435 598.1012235817574947 866.2791991101223630 595.6017797552837010 644.5139043381534520 682.8609566184649111 606.2958843159066191 662.5083426028920712 629.7219132369299359 640.9299221357063061 642.6140155728587615 640.1067853170188755 623.1679644048942919
946.3158787736953172 950.2240814416101102 952.7330329978937016 956.7633395740697324 958.7825883454247560 959.1689679382167242 959.2417505265621003 960.1030306576176372 963.6160776971682935 963.7745143926983928 961.1181839457055958 961.0567516967001893 960.1485490287853963 958.9509127076995583 959.7122630470395279 957.2502925345190761 953.1607769716827079 953.1473788907090920 953.1142054762461839 951.3455417739293125 948.4695179031125463 945.8148841563304359 944.8615726655744993 941.2229698104375757
651.5413223140495802 618.1294765840220862 606.8691460055096059 619.8429752066115270 776.6143250688704711 1442.2258953168043263 2082.8732782369147571 1902.1198347107438167 1091.7947658402204070 355.9187327823691476 171.7892561983471182 386.2451790633608653 628.8429752066115270 820.4118457300274940 1146.3181818181817562 1370.1019283746556994 2123.1900826446280917 2607.5564738292009679 2552.9077134986227975 2802.4986225895318057 -17.3305785123966949 -1226.6074380165289313 1783.1845730027548598 1636.3168044077135619
655.5994993742177712 647.0350438047559010 608.8673341677096005 606.6658322903629141 602.4493116395494781 837.7521902377972083 1581.8448060075093053 2119.8986232790989561 1763.6608260325406263 868.2866082603253517 231.4305381727158988 176.8135168961201487 422.1314142678347707 647.3554443053817522 871.0262828535669541 1180.1026282853567864 1447.6182728410512937 2295.2290362953690419 2594.2040050062578302 2697.8548185231538810 2582.3003754693368137 -502.7897371714643100 -653.3604505632040400 2093.6032540675846576
649.3293394777265348 631.7250384024578125 626.4930875576036442 612.4374807987711620 607.8912442396313054 599.9969278033794353 598.5557603686636412 594.3188940092165922 594.2894009216589666 597.3827956989247241 590.8334869431644165 590.5477726574500821 584.0789554531489784 573.2774193548386847 590.1385560675882971 577.3917050691244413 627.1757296466973912 716.2304147465438291 1026.8036866359448140 1660.6374807987710938 1393.2390168970814557 415.0685099846390358 188.3686635944700356 341.3333333333333144
576.3985753052917289 570.7856173677068909 568.9976255088195103 568.2513568521030720 571.3208955223880139 580.5671641791044522 596.2740841248304378 611.8839891451831363 632.8320895522388128 657.0037313432835617 682.5610583446404007 707.5749660786974573 719.8734735413839871 731.5125508819538709 684.2238805970149542 564.3928086838534455 348.6272048846675489 17.9986431478968782 -89.6763907734057000 100.2425373134328339 297.3565128900949617 456.7917232021709424 565.5922659430121939 626.6957259158751867
1279.1310861423221468 1913.2034956304619300 2465.5118601747813045 2489.1972534332085161 2916.7765293383272365 246.1573033707865079 -834.8551810237203199 2483.4469413233459818 1965.3283395755306628 536.2921348314606576 894.2009987515605189 559.2896379525592465 650.9213483146066892 660.8913857677902115 598.2496878901373520 662.1148564294632024 623.1860174781522801 641.6591760299625093 637.3270911360798436 632.3645443196005544 628.3433208489387880 608.5767790262171957 603.6866416978776897 682.6953807740325146
721.1388115134633381 729.6290622098421181 738.8119777158774468 734.6624883936862034 717.6666666666666288 702.0427112349118488 689.1689879294335697 673.8384401114205957 679.9261838440111205 683.0557103064066951 676.9382544103992814 760.9424326833797068 752.1188486536675555 1131.7488393686164727 1950.0181058495820707 2176.6151346332403591 2043.7650882079851726 1314.0742804085423359 291.0928505106778061 260.2251624883936643 509.7623026926648322 605.6439182915505626 787.9619312906221467 927.9043639740018534
698.8559063136456189 701.4368635437881494 702.2016293279021966 699.6588594704684283 700.0677189409368566 688.4908350305498743 682.5162932790224204 672.5504073319755207 742.3808553971487072 1102.2744399185335169 1678.5320773930752694 1945.8202647657840316 1286.0967413441956069 370.4908350305498743 194.1364562118126287 352.7189409368635324 507.7133401221996110 703.8049898167006404 886.7963340122199725 1096.4969450101832535 1329.5178207739306799 1561.6013238289206129 1713.0728105906314340 1753.5773930753564400
546.3722778866417684 536.5823196657670451 522.3228454172366355 508.5851665619107393 502.3787481051502937 498.1619033534218488 499.4937701038932119 506.8895256405516534 512.1793914297334140 514.6377417088771153 513.8121787998668424 514.9229119680555868 518.1546567086923005 520.3175583243983056 522.9781861204569395 524.3971974710689210 524.7326135985506426 527.8319961548415904 530.7620808222723099 533.6650275446445448 540.9155544052945288 544.2706769697193749 544.1880060635190830 546.5575479720486101
2045.7423580786025923 -1303.9417758369722833 -719.8427947598253240 2207.3085880640464893 1109.9403202328967382 646.4556040756914399 827.8296943231440537 543.4716157205240279 717.5327510917030622 625.0189228529840193 642.8573508005822532 662.2096069868995301 634.4585152838427575 656.9010189228530407 644.8660844250364335 638.7962154294032189 628.3216885007277597 618.2692867540029056 631.4919941775837060 707.4934497816593648 955.4497816593886910 1141.1557496360990172 1066.8296943231441674 935.8355167394469163
975.0021786492375213 1235.8126361655772598 1568.4901960784313815 2381.0740740740739056 2443.4694989106751564 2893.1808278867101762 1904.5435729847495168 -1221.3496732026144400 336.9858387799564525 2292.1568627450978965 871.1492374727669130 746.9509803921569073 724.4901960784313815 551.6612200435729392 707.3681917211329164 597.5479302832244457 647.0860566448801592 631.2331154684095509 617.3246187363833997 631.6797385620915293 628.4847494553376919 624.7875816993464468 608.0522875816993746 615.2712418300653781
637.7932098765431874 638.5586419753086602 640.5087448559670520 643.0807613168724401 641.1481481481481524 640.8786008230453035 627.9711934156379129 613.6049382716049649 598.8060699588477291 587.9382716049382225 776.6291152263374897 1281.2680041152264039 1928.4423868312758259 1695.8636831275719032 499.3873456790123555 3.0905349794238681 186.6085390946502116 329.5221193415637799 577.5684156378600846 790.6856995884774051 999.4840534979423410 1244.7355967078190133 1584.1466049382715937 2033.7186213991769819
580.9909397696427504 582.2084219793118791 581.5782040936101112 580.4223461228083352 582.6246056782334790 584.9365417064045687 586.2378218766048121 586.1076039909030442 584.9002090822390301 584.3563935147824395 584.2274044457486752 583.7628934047392022 582.6868718362555910 581.5214767808671468 580.8513131831854253 580.1829652996844970 579.9728926711172790 580.7438925977551207 581.3711026337025487 581.0368278189421289 580.6326755190374342 580.5131134913066262 578.5956092729807096 578.5654023916073356
826.2006482982171747 747.0680713128039088 762.0871961102106980 752.7970826580226458 717.2521880064830384 716.3870340356563702 708.7682333873582365 708.3212317666126410 713.8719611021069795 707.6794165316044882 704.3497568881685993 698.2988654781199784 688.5445705024311565 695.7695299837924949 702.4327390599676164 695.7526742301458853 695.6269043760129307 686.7309562398703520 716.0213938411669687 781.6265802269043661 1091.0453808752026816 1934.9286871961101042 2245.8492706645056387 1429.3909238249593727
685.5274493243243796 671.8416385135135442 658.6841216216216708 640.0506756756756204 626.3762668918918735 618.7825168918918735 613.9341216216216708 612.3593750000000000 617.2233952702703164 609.7905405405405190 614.0810810810810381 609.8230574324323925 594.0886824324323925 627.7187500000000000 576.3179898648648987 659.9138513513513544 766.9497466216216708 1131.9235641891891646 2063.2132601351349876 1490.3657094594593673 71.0232263513513544 127.5781250000000000 403.9332770270270316 443.5498310810810949
751.5621138730167559 753.9264727209443890 760.8683180091074973 761.8867070800823740 766.2179714012239629 767.3775850567044472 767.8048844156974155 769.9292281811062821 771.1932302694549435 772.5303825738898240 772.5983989326217625 773.5616497955159048 775.6825709893552130 777.5689590161556453 780.3742204948226799 780.3072483104677985 779.3287699045740737 781.9496475911477091 782.9521420077153380 781.3775850567044472 782.2793166458798169 784.0808655045392470 782.9593352089799509 783.5943672593323299
679.3851548801869740 696.4617182933956201 726.8872004675628204 713.4576271186440408 694.5990648743425027 684.2980713033314260 644.6136762127410975 629.7627118644068105 633.9888953828170770 668.5505552308591177 695.3904149620104818 715.0438340151957846 1039.8673290473407178 1744.8386908240795492 2800.4342489772061526 2671.2127410870834865 869.8264172998246977 120.8562244301578090 415.7206312098188050 475.8731735827001899 682.7556984219754668 831.3050847457626560 962.1291642314436103 1310.5108123904149124
780.4187408491947053 925.8857979502196258 1048.9795021961931525 1244.7262079062957127 1401.3469985358710801 1335.8418740849194819 1333.6178623718888048 -47.3265007320644244 -1603.5739385065885472 -389.2986822840409786 850.5797950219618997 703.7540263543191941 736.0790629575402590 688.8799414348462733 656.4011713030746478 694.9765739385065899 654.4319180087848054 666.5827232796485760 656.2474377745242009 639.6046852122987048 642.9443631039531510 644.5300146412884033 634.3074670571010074 626.0204978038067338
1971.1355311355312097 1370.6117216117215776 513.9340659340659840 99.9169719169719173 283.6166056166056251 531.9963369963370496 749.7045177045176843 1093.5006105006104917 1268.8998778998779926 2036.2319902319902667 2562.5030525030524586 2809.9719169719169258 3008.3711843711844267 112.9682539682539613 -179.1916971916971875 2700.7387057387059031 1585.4505494505494880 586.7460317460316901 879.7948717948718240 530.6202686202685754 673.3724053724054102 629.2747252747252560 607.2722832722832891 647.3638583638584123
1186.6469298245613118 1114.2774122807018102 1187.8212719298246611 313.9057017543859729 -1246.3157894736841627 -526.0942982456140271 807.0339912280701355 731.2083333333333712 690.0888157894736423 706.8673245614035068 647.5997807017544119 676.8486842105263577 645.7182017543859729 654.2675438596490949 653.2434210526315610 639.8004385964911762 642.6052631578946830 644.5526315789473983 638.2774122807018102 629.9353070175438916 623.0175438596490949 626.2653508771929864 641.7576754385964932 686.3421052631579187
838.3290094339622556 834.8018867924528195 756.7830188679245111 678.8349056603773306 581.6969339622640973 523.4799528301887221 519.4893867924528195 669.7228773584905639 766.3242924528301501 809.7948113207546612 1069.2818396226414279 1040.1568396226414279 2297.7228773584906776 3685.5400943396225557 1792.7523584905659391 373.5165094339622556 890.4516509433962028 637.8797169811321055 527.5141509433962028 646.2382075471698499 550.4339622641509777 609.1415094339622556 620.1096698113207140 655.7818396226415416
2255.2627013630731199 1618.5638166047087907 350.8215613382899392 79.7868649318463383 338.7942998760842670 554.5588599752168193 879.0879801734820376 1095.2292441140025403 1513.9702602230483990 2204.6728624535317067 2846.1387856257742897 3070.4027261462206297 2267.4807930607184971 2075.8141263940519821 2779.1276332094175814 1963.5340768277571897 945.7819083023543953 856.1028500619578381 686.7187112763321011 668.0322180916977004 703.6902106567533792 670.8091697645601243 675.5068153655514607 637.7484510532838158
668.3978184151427513 663.7581007378889808 660.8264356753288666 668.2046839910169638 665.6981071543150392 663.2598652550528868 664.8732755854988454 646.6480590311197147 661.0648059031119601 641.9194738530638915 661.2232916265639915 698.9393647738210120 862.5675328841834926 1758.9204363169715180 2022.6666666666667425 870.2441450112287384 306.9983958934873272 415.4574911774141697 410.8934873275585460 555.1219120949631360 673.8033365415464004 775.2592236124478404 898.6349053577157520 1035.3278793711901926
795.6568241469816485 736.6200787401575099 781.3753280839895297 760.3933727034120693 733.2342519685039406 720.1761811023621931 701.2585301837270890 706.9150262467192078 698.1594488188976584 688.9632545931758614 686.0088582677165050 691.6873359580052920 704.2500000000000000 699.5636482939632970 714.5170603674540644 733.3681102362204456 697.8270997375327624 713.9117454068241386 692.5482283464566535 703.5275590551181040 740.4478346456693316 664.9507874015747575 1512.3192257217847327 2316.8402230971128120
623.4170212765957331 674.4737588652482145 1078.5219858156028749 1813.3021276595745803 2069.8992907801416550 1447.4042553191488878 579.8482269503546149 197.7546099290780148 279.2751773049645294 527.5631205673759041 729.5191489361702679 994.9404255319149115 1273.2879432624113178 1682.7617021276596461 2527.5163120567376609 2535.6397163120568621 2823.2085106382978665 1752.9602836879432743 -1427.4241134751773643 -26.6170212765957430 2090.4212765957445299 918.2836879432624073 772.9404255319149115 753.7546099290780148
3974.8537549407114966 1653.7598814229249911 242.5592885375494063 977.9584980237153786 571.8952569169960043 607.4337944664031284 694.4703557312252542 562.4288537549407465 642.0800395256917454 601.8132411067193743 628.8458498023715038 635.8606719367588767 587.6353754940711269 595.2747035573122503 604.4515810276679986 605.5227272727272521 646.4268774703557483 702.6284584980237469 744.0079051383398792 736.6215415019762531 684.0108695652173765 684.7588932806323783 725.8814229249011305 744.1432806324111198
701.6428192898781617 699.3365129835717653 697.3751987281399352 692.6502384737678994 677.2882882882882996 674.1801801801801730 706.0715421303656285 979.1483836777954366 1582.0164281928987293 1967.6481187069423413 1502.5495495495495106 595.5294117647058556 198.0079491255961841 292.1107578166401595 462.9904610492845904 649.3868574456810165 822.1520932697403623 1024.2506624271329656 1257.3879173290938525 1511.2580816110228170 1741.6285108638048769 1798.1531531531531982 1735.6157922628510732 1441.3550609432961664
600.1103565365025361 630.5118845500849147 680.6731748726655269 645.5365025466893485 638.7809847198641364 651.4439728353140708 671.8794567062818714 758.7249575551783209 961.0382003395585571 930.8268251273344731 554.8268251273344731 399.5415959252970879 420.0059422750424574 387.3989813242784521 484.6078098471986664 624.0577249575551377 790.0713073005093747 910.9337860780984784 1197.4329371816638741 1721.5764006791171141 2369.9023769100167556 3255.5891341256365195 2369.1748726655346218 425.9694397283531657
676.4983523447401694 655.3774397972116503 652.0580481622306479 643.9733840304182877 636.6038022813688713 631.1110266159695357 641.5673003802281755 665.2187579214195239 698.9128010139417029 764.4760456273763793 831.5444866920151981 1181.1513307984791936 1645.6124207858047157 1380.8030418250950788 823.1994930291508581 700.3515842839036623 658.6332065906210573 599.8217997465145572 610.6329531051964068 614.3984790874524151 639.5229404309252459 669.5657794676806134 688.2871989860583426 718.8577946768060656
1559.6753246753246458 240.6623376623376487 2393.0259740259739374 3814.7844155844154557 1040.5103896103896659 488.6896103896103796 871.9701298701298811 477.8311688311688386 706.1194805194804758 630.1597402597402606 608.2246753246753315 650.3831168831168270 609.1519480519480112 649.7428571428571331 643.0870129870129404 614.3831168831168270 618.6116883116883400 613.2831168831169180 608.0376623376623684 647.5337662337661868 740.5766233766233881 885.0259740259740511 971.2090909090909463 949.9012987012987423
731.2593800978793297 758.1549755301793994 763.0505709624795827 729.8564437194127095 763.2495921696573760 797.1044045676998167 789.5008156606851344 739.0277324632952514 613.4502446982055517 549.8939641109298009 560.5889070146819222 573.0587275693311540 618.2185970636215870 692.5269168026101170 749.0195758564436801 839.6753670473083275 894.0440456769983939 912.3115823817291812 1032.4616639477976605 967.4812398042414543 1185.6068515497552198 654.4094616639478090 -1253.9314845024468923 -1007.9477977161500348
146.4371395617070277 373.2479815455594121 613.2341407151095609 825.8638985005767381 1149.1326412918108417 1325.0818915801614821 2133.4948096885814266 2475.7485582468279972 2709.3771626297580042 2715.0553633217991774 -360.4798154555940073 26.5051903114186835 2861.6286043829295522 1327.7139561707035682 566.0334486735870314 854.4855824682814500 506.6032295271049861 694.3137254901961342 610.7566320645905762 616.5121107266436411 645.3437139561707454 610.8396770472894559 633.4994232987312444 622.8489042675894325
1801.7410161090458587 2098.6505576208178354 1485.5117719950433184 654.5092936802974464 200.9516728624535347 233.3841387856257654 500.4275092936803162 693.3085501858736279 978.6294919454770707 1236.0024783147459857 1630.9541511771994919 2512.2106567534078749 2576.2230483271373487 2928.7881040892193596 1764.6418835192068855 -1253.4163568773233237 437.2441140024783408 2278.0656753407683937 885.8513011152416539 782.7298636926889230 721.1239157372986028 567.0285006195787219 712.6902106567533792 609.4064436183394946
821.9903773832691058 821.6504459115817554 821.0381800599324151 820.0303840689581421 819.2935853201370264 818.3486467449051815 817.3573858955838887 817.1552154343906977 817.1409247740594992 816.9922398252169842 816.8860806341853049 816.8361767409653567 816.5098196057831501 816.2511908883609522 816.3500196989052711 815.9572832225021557 814.9963348097563767 814.2273253662206116 814.2043791263237154 814.1800479936963484 812.9429209297883290 811.6097348407970458 809.9496424350234065 810.2493045689520841
502.7833152762730151 61.6663055254604515 266.7031419284940625 494.2567713976164896 753.4474539544961544 1027.4821235102924675 1272.2795232936077809 1900.9014084507041389 2605.2036836403035522 3040.6706392199348556 2648.0953412784397187 1716.9501625135428640 2345.3640303358611163 2567.7291440953413257 1169.8721560130011312 759.9230769230769056 754.7616468039003621 587.1625135427951818 657.9750812567714320 621.3921993499458267 631.5146262188516175 626.3835319609967200 605.4203683640303097 623.8147345612134131
1523.2536534446765017 1865.1101252609603307 1480.1356993736951608 622.1002087682671799 202.1221294363256789 271.1143006263047823 444.8611691022964578 641.1226513569937424 821.5386221294363622 1019.1863256784968144 1278.9258872651357706 1564.1080375782880765 1804.6873695198330552 1841.3867432150314016 1690.6017745302713138 1485.2620041753652913 1085.6706680584550213 815.2160751565761529 930.0401878914404961 944.5130480167014184 811.8178496868475804 740.8689979123173543 705.9832985386220798 696.5548016701461620
743.9476610429447874 834.6850076687117053 1023.9904141104294695 1080.5251150306748968 943.8412576687117053 765.8027223926380884 623.9867714723926611 529.0197469325153179 486.6574003067484568 459.1566334355828189 462.0362346625767032 489.2344708588956905 502.4539877300613284 518.1727377300613853 531.6817484662576589 543.1163726993864884 550.2427147239263832 556.5672929447853221 566.3318634969325558 566.2344708588957474 569.1892254601226568 569.6863496932514863 563.4998082822086189 568.6226993865030863
2443.9960053262316251 2579.4141145139815308 2761.4007989347537659 -397.7962716378162327 -604.5872170439414504 2660.1637816245006434 1532.7736351531291348 550.5832223701730754 892.2130492676431004 514.7217043941411703 685.2822902796272047 629.4167776298269246 609.4460719041278480 655.3621837549933389 618.8841544607190599 643.4314247669773295 629.9054593874833472 626.4061251664447809 612.8668442077230338 599.7443408788282113 612.7043941411451442 697.3009320905459845 944.3768308921438575 1188.4593874833556129
691.9609239678395625 691.2065872133605353 690.6086321449807883 688.7973423644683635 688.6390605206690907 688.5092551898865167 688.1212352317675141 688.0452159975181985 687.8500297303585285 687.8154132519841824 687.7771644993665632 687.9082624544349756 687.7718001085804644 687.4414053411235273 687.3357203795144414 686.9723378402833305 686.5670872004343437 686.5558413691476289 686.6712339391432351 686.3165895400842373 686.2256017166050697 686.7413846591349511 686.2370802202631239 688.8118197564696175
