8.3201616524472382 -19.4744050291872490 -4.9059272563987424 27.0633138751683866 68.4490345756623242 104.3733722496632197 135.2797485406376268 159.8955994611584970 186.7130669061517665 209.9714863044454489 236.6973506960035820 262.1484059272564195 284.2240682532554956 306.5581499775482825 321.9692411315671166 326.1457117198024207 315.7278850471486180 291.7110462505613100 256.5356982487651294 222.9272563987427134 202.8060170633138739 194.0983385720700483 206.1427929950606313 227.5224517287831247
202.5198675496688736 181.6283112582781598 159.1506622516556320 144.2243377483443680 131.1796357615893953 137.3187086092715106 139.0281456953642305 139.7160596026490111 142.5513245033112639 136.6713576158940384 116.5281456953642447 86.8153973509933792 66.1589403973509889 76.7367549668874176 110.6423841059602609 190.9718543046357695 340.3245033112582973 525.8079470198675835 721.6456953642384633 880.0678807947019777 1005.9511589403973630 1054.2417218543046147 1035.0678807947019777 960.7152317880794499
323.5401656252802809 323.2326227988878600 322.1977338634936814 321.3384854554695380 320.6475230948608441 320.4825256360429080 320.6637567640288466 320.9465753834195425 321.2137283625818327 321.0310024215970657 320.8711471194953333 320.7223833298454565 321.0538132679601517 322.0873568716553450 323.5955932912792719 324.3326855810337861 324.4052737002601248 323.9599091153696691 323.3427307243863993 322.7130258004723373 322.3177075547848744 322.6028281861939035 322.9763221620975173 323.5299411043678219
840.6082267368949488 840.9825934286430993 841.1156257837973271 841.8396287935790951 843.9605216955104652 845.8144469525959721 847.1253072485577604 848.1569099573614494 848.7136192626035154 849.5469776774517641 850.8399799347880617 852.1146726862302785 852.6619011788311582 852.2961625282166551 853.5614246300476680 853.7766240280913053 853.6404815650864748 853.7720090293453268 853.8800100326059237 853.0631552545773957 851.7197391522447560 850.3044895911713184 848.6872836719337556 845.4270378730875564
802.3099345627603043 802.8423557406305235 798.9085861590323248 800.0079317866349129 801.4965298433471617 804.4503271861987059 810.6040055522506691 815.6654768986713862 827.7281380130874595 845.2161411858021438 865.2415229030339106 885.4685702954590170 903.6240333135039009 913.0971643862779956 908.8239143367043198 888.1822327979377860 854.8667459845330541 804.6749950426333271 744.6400951814396194 681.1235375768392259 624.1284949434859755 579.5867539163195943 560.1415823914336443 573.5476898671425943
414.6113105924596312 414.6020347097546619 415.9278874925194600 411.4937163375224145 401.3159784560143635 386.3046080191502369 368.5221424296828445 354.0574506283662686 343.4021543985637095 342.9003590664273133 346.9030520646319360 351.0314183123878138 360.8055056852184066 378.8231597845601186 407.5733093955715276 440.4608019150209657 477.5077797725912774 531.5664272890484199 599.6220825852782355 685.8728306403351098 767.1693596648713083 830.6316576900060227 863.6573907839616595 849.5882704967085601
43.0849420849420852 299.8957528957528780 577.0810810810810381 902.7451737451737017 1231.8030888030887127 1423.8725868725869077 1337.8687258687259600 1128.6640926640927773 760.8108108108108354 143.1814671814671840 -536.8996138996138825 -1007.9227799227799096 -926.5868725868725733 -499.3861003861003951 -72.0849420849420852 381.8223938223938490 869.2471042471042892 1242.0810810810810381 1424.8378378378379239 1380.5521235521234757 1188.7104247104246042 890.3552123552123021 532.9768339768339729 163.0965250965250846
30.5386695511087076 21.6133044889129273 14.1573823688480260 11.4115738236884798 5.0546241211465661 2.7171444023796645 -2.1887506760411033 -13.2844780962682538 -25.0124391563007045 -37.4753921038399156 -50.1719848566792876 -67.5505678745267772 -78.0578691184423974 -77.1530557057869117 -62.3802055164954012 -28.7566252028123301 13.5229853975121692 71.6019469983774997 155.1054624121146617 245.8723634396971249 349.9518658734451151 452.5294753921038478 538.4770146024878841 607.0914007571660704
810.4660544440799868 831.8097736962938598 836.6300426369301704 826.5965890455887575 799.9599868809445979 765.9173499508035547 731.9583469990160438 692.2912430305018461 649.7274516234831481 596.4877008855362419 544.0649393243686518 494.4086585765824680 445.5401771072482688 402.4266972777959950 366.8238766808789819 326.3450311577566367 286.3125614955723108 253.6297146605444368 240.8573302722203948 227.8671695637914070 217.3112495900295187 210.7464742538537337 204.9048868481469299 206.1675959330928265
-439.7757255936675733 -509.6279683377308629 -383.6437994722955409 -88.3720316622691229 205.0949868073878690 437.7678100263852343 726.3799472295514761 1015.4248021108179501 1247.3773087071240298 1368.7994722955145335 1353.0501319261213666 1225.5751978891821636 1059.4881266490765483 837.6411609498680946 618.8232189973614368 342.3667546174142444 -12.9868073878627968 -345.1609498680738852 -516.9683377308707577 -471.3825857519788656 -317.6622691292876084 -78.4063324538258541 227.2480211081794153 538.9525065963060797
547.8326848249026852 533.4796800691742646 538.5691742325983569 548.9837872892347832 564.0901426718547782 585.1208387375702387 616.3579766536964826 659.2429744920017356 710.0064850843060640 756.7870730652831526 794.8467358408992141 822.2399481193255042 833.5389105058366113 831.4658452226545933 806.2641591007350144 755.8082576740164313 691.9293125810635274 623.1087332468655404 548.5440985732814170 472.8281452658884518 416.5884133160397482 379.3625162127107728 364.0987894509295302 378.8549502810203080
653.9933456561922185 644.9234750462106831 621.2916820702403129 583.3060998151571539 537.0033271719038339 487.6229205175600896 440.2044362292051574 391.2709796672828020 349.1892791127541500 292.2380776340110629 251.2251386321626683 226.3855822550831931 192.7696857670979682 162.1833641404805917 133.4022181146025900 110.3086876155268072 89.8059149722735697 71.8096118299445436 54.8532347504621072 40.6994454713493496 31.4147874306839192 23.7977818853974128 20.9804066543438061 25.8277264325323479
133.0540540540540633 104.1498771498771561 156.2469287469287451 256.1891891891891646 438.7149877149877284 719.3169533169533452 1004.1093366093366512 1115.2788697788698755 1017.1621621621621898 778.6633906633907145 516.9496314496313971 308.0823095823095628 169.8034398034398009 150.1081081081080981 239.4791154791154781 330.7211302211302382 396.3427518427518521 441.0098280098280270 436.1977886977887238 417.0933660933661145 430.9803439803440028 413.3366093366093423 384.1904176904176893 381.9582309582309563
1694.0459770114941875 1451.1609195402299974 877.8850574712644175 47.9770114942528707 -772.4712643678160475 -1380.7011494252874400 -1486.4367816091953500 -1097.9540229885058125 -408.8620689655172669 383.9310344827586050 973.0229885057470938 1293.0229885057472075 1301.2068965517241850 1249.0919540229886024 1285.1954022988504676 1369.2988505747125600 1482.6436781609195350 1560.4252873563218600 1607.4942528735632550 1654.4252873563218600 1625.1954022988504676 1341.9885057471265100 748.9540229885056988 -37.6436781609195421
717.6263524885789593 694.9983169031016814 647.5135849963933197 594.2317864871363327 562.8809810050493070 557.0466458283241309 557.7263765328203817 557.7484972349122927 568.4666987256551920 592.9795623948064076 638.5861986054339923 704.7386390959364917 775.7961048328925244 838.7564318345756647 881.3613849483049307 907.0793459966338332 906.5987016109642127 870.1418610242847080 805.1173358980523744 732.6585717720605544 654.9021399374850034 579.4683818225535106 521.7939408511660986 492.5561433036787662
-515.9611158072696071 -521.5524091293322044 -525.7100591715976634 -528.6289095519864532 -529.7430262045646714 -529.9484361792053733 -531.2874049027894898 -532.4349112426035617 -533.6846999154691957 -534.6686390532544237 -535.5169061707523497 -536.1863905325443511 -536.9868977176669205 -537.4344885883347160 -537.5502958579882034 -537.3106508875739564 -537.4057480980558239 -537.2628909551985998 -536.7282333051564365 -535.3913778529163210 -533.2130177514792422 -530.3998309382924390 -526.0397295012679706 -519.6394759087066859
435.4126513466765687 434.9485421299727932 434.2616135408944729 433.1362120088954839 431.8988757104027627 430.9534840622683305 430.5370644922164729 429.9923400049419229 429.4409439090684373 428.6900790709167381 427.5802446256486178 427.2620459599703509 427.7606869285890525 427.1630837657523898 427.1158265381764068 427.3371633308623814 426.2171979243884152 422.8216580182851771 418.2973807758833686 414.3162836669137619 410.3865208796639763 408.1113787991104687 407.2887323943662068 408.8597108969607348
509.8968528288157245 508.4791704566126782 532.1782790613061707 557.9410587593232549 597.8641076951064406 643.5653993087138360 692.3985810442059119 739.6527196652720022 780.7193014371475783 813.2959796252500837 829.0129161360741818 829.1528106239767340 820.2635983263597836 805.0007276696379677 782.9608877569583001 762.9585228306349336 747.5117336729124418 736.8009823540112393 728.0463889394214902 722.1851919228670340 723.3869383299982019 725.3652901582681807 728.6308895761324038 730.6814626159723502
504.8475177304964632 576.9521276595744439 668.0868794326240732 779.6187943262411864 899.3102836879432971 1013.9166666666666288 1105.4468085106382205 1145.2269503546099259 1143.8156028368794068 1103.5088652482270390 1032.8865248226950371 906.5106382978723332 683.5354609929078151 373.8758865248227039 75.4184397163120508 -64.4290780141843982 -44.8758865248226968 -16.6666666666666679 -19.0053191489361701 -17.2801418439716308 5.2641843971631204 66.2464539007092128 144.4485815602836851 211.5992907801418426
602.1099757999462554 601.1854799677332721 601.9656897015327104 602.4758268351707784 603.1461145469212397 603.7161064802365900 603.3204087120193435 603.9216993815541628 604.5628932508739126 605.8617908039796021 607.9882226404947687 608.9368109706909991 610.7589136864748980 613.4334498521108117 615.0106480236622701 615.8795912879805883 616.1723581607959659 616.6282333960741653 617.0303307340683432 617.5015326700726064 616.3883301962893029 614.4143586985749153 613.1714439365421185 614.0533476741059076
389.5752704791344740 395.7122102009273590 403.0206079340546239 406.9334363730035875 407.0433797011849606 400.8646058732612119 383.2341061308603685 355.2498712004121444 323.2029881504379318 293.9414734672848795 268.2834621329211586 247.8363730036063828 232.4824317362184445 223.0175167439464303 220.4060793405461141 223.1723853683668324 231.9585780525502230 241.7006697578567866 254.3759917568263802 269.2836682122617162 284.8671818650180398 298.0447192168984998 307.0865533230293636 312.3394126738794512
796.5874463519313622 882.0895922746781252 990.7162017167381691 1099.8181330472102673 1178.2054721030042401 1209.9146995708154009 1183.4028969957082609 1117.6555793991417431 1026.8159871244636179 921.6856223175965397 797.1781115879828121 684.5472103004291284 590.8685622317597108 552.3422746781116075 574.4678111587983267 629.6309012875536837 689.2414163090128341 761.3229613733905126 841.1609442060085939 916.9570815450643977 972.3084763948497766 994.0091201716737714 989.4195278969957599 969.5466738197425229
352.8751589117721892 338.3737604881769698 352.6628527841342589 381.1370455123315537 432.5347063310450153 494.3259598271039863 574.3376557335367352 672.1126366641241248 769.4152046783625565 818.1683193490973736 784.1159420289855007 705.2445969997457951 625.3801169590643667 574.7879481311975951 559.5372489193999854 561.6417493007882058 569.8616831934909897 575.5593694380879697 591.7388761759470981 619.1141622171370500 648.7518433765573036 673.0572082379862877 694.5047037884565952 711.2504449529620842
291.7168073676132281 285.4389869531849513 289.4126375031977432 296.9695574315681483 311.5191864927091387 323.6396776669224664 336.5933742645177631 352.1724226144793874 371.1405730365822251 389.6469685341519380 405.1735738040419506 417.4396265029419055 428.5691992837042790 436.8137631107700258 443.0651061652596354 450.5723970324891070 460.5190585827577365 472.6432591455615011 485.7697620874903919 501.2475057559478273 517.1413404962905815 529.5070350473266672 538.6749808135073181 539.4878485546175853
1029.1949494949494692 1079.9808080808081741 1098.9095959595958902 1090.6095959595959357 1060.4919191919191235 1010.8757575757575751 942.4595959595959584 861.5247474747475280 777.9691919191918714 700.7888888888888914 645.7464646464646876 614.9545454545454959 638.4742424242424477 699.4363636363635806 792.0207070707070898 907.5161616161616394 1025.0282828282827268 1121.9292929292928420 1165.4297979797979679 1173.5373737373736276 1145.3373737373738095 1102.8111111111111313 1048.7398989898990749 971.5505050505050804
363.6949006050129469 304.6015557476231379 231.6871218668971437 162.8176318063958377 90.2826274848746806 46.4727744165946390 42.6352636127917037 102.6663785652549734 202.9420916162489164 348.5505617977528345 533.4442523768366300 739.4459809853068464 945.8107173725151142 1087.6361279170268972 1156.7847882454623232 1123.4788245462402756 1024.4070872947277167 900.0881590319792167 763.7044079515989097 625.6032843560933543 499.2350907519447105 393.0155574762316064 300.7130509939498779 211.6828003457216880
1155.1650943396225557 1369.5330188679245111 1539.1084905660377444 1544.1509433962264666 1388.3301886792453388 1124.0424528301887221 722.3820754716981583 141.5990566037735903 -472.1462264150943611 -968.2311320754716917 -1118.0000000000000000 -784.1415094339622556 -269.9245283018867667 216.9481132075471805 631.0943396226415416 937.7971698113207140 1139.8160377358490223 1288.1603773584906776 1389.9716981132075944 1398.8726415094340609 1337.4386792452830832 1210.3915094339622556 1063.7311320754718054 867.5660377358490223
367.9736460348162268 368.5976443768997228 369.4530256977065505 369.7451644100580097 370.2916206134291315 371.2564935064934843 371.7148383531362015 371.8795938104448737 371.5102583586626110 370.7329027355623339 369.9974095053882479 369.3323086487980049 369.3009809339596359 369.3334484664271713 369.6123238463663938 370.3456065211384498 371.0786128764852378 372.2823639126830813 373.8908883669521970 374.8020862116607077 375.6918693009118329 375.8780740536059852 375.0633807681679741 373.6302500690798638
401.4304047384007958 472.9693978282329567 638.1016781836129894 847.0602171767028494 1001.6110562685094010 1021.0592300098716123 849.4945705824284232 538.5952615992102892 238.7087857847976409 21.2714708785784801 42.5261599210266539 203.0878578479762950 335.9417571569595111 415.7887462981244084 428.2339585389930789 423.0621915103652668 407.3405725567620834 385.1727541954590492 363.8815399802566617 361.1490621915103816 377.1046396841065871 380.5725567620928018 380.0641658440276274 378.6169792694965395
1187.3667621776503438 1119.2492836676217394 948.8997134670487412 636.3237822349569797 183.4383954154727689 -336.6762177650429635 -757.2521489971346682 -774.2349570200573226 -453.2865329512894164 -103.3266475644699085 247.2292263610315217 664.3295128939828373 1091.1604584527219686 1394.3151862464183068 1488.3982808022922200 1353.7277936962750573 1060.8681948424068651 682.9885386819483983 209.5272206303724829 -201.0085959885386728 -435.4240687679082953 -456.5787965616045767 -265.3954154727793480 -15.4670487106017198
445.4925913730655225 464.5186038854132562 514.1903193941388963 579.9407309845241798 694.0734277247283899 842.4534079683899108 936.0194270661837663 888.5972999670727859 740.6743496871913521 613.4017122160025792 547.8620349028647070 534.3378333882120614 542.3579189990122131 556.5758972670398634 574.1633190648666414 604.8422785643726911 651.4860059269014982 707.3187355943365446 734.1722094171880144 741.7500823180770340 749.8534738228514698 756.2232466249588470 751.2729667434969087 735.3378333882120614
476.2376824817518468 483.5802919708029322 464.1400547445255711 421.5378649635036368 348.9121806569343107 255.9653284671532845 173.6425638686131379 124.4742244525547505 125.4470802919708063 154.9977189781021991 197.1708485401459825 236.2867244525547505 264.4546076642335493 281.1881843065693261 285.3261861313868621 283.7506843065693261 280.5031934306569497 278.5440237226277418 271.0953467153284464 252.0061587591240766 228.7677919708029322 206.8045164233576543 201.7392791970802932 210.8672445255474486
743.1499605367008598 763.1420678768745347 778.8768745067087593 780.2865035516969101 777.0860299921073420 777.7987371744277425 765.6566692975533215 762.6629834254143816 759.0655090765587829 735.6101026045777189 714.2178374112075971 698.0071033938437495 697.0410418310971181 706.5982636148381744 729.3188634569850137 767.2715074980268355 855.9123914759273930 961.0094711917915902 1050.3022888713496741 1010.8973954222573184 816.6353591160220731 508.8303078137332136 164.8808208366219503 -5.0607734806629834
759.0203007518797449 757.1679197994986907 730.2721804511278378 685.5230576441102812 627.9345864661654559 563.3343358395990208 498.4451127819548901 442.6814536340851873 396.6771929824561198 365.0127819548872026 349.4674185463659342 352.7406015037594216 368.9127819548872367 404.2892230576441079 456.8373433583959695 517.6954887218045087 585.6315789473684390 673.5443609022556757 755.6025062656641467 793.2145363408520780 759.3999999999999773 683.4701754385964705 615.4689223057644085 584.6807017543859502
274.6204358068315514 261.7585394581860783 261.7591283863368403 268.8539458186101569 281.9048881036513308 297.9355123674911852 319.7567726737337921 347.7146643109540491 389.1086572438162534 436.1548881036513308 481.2364546525324158 537.5665488810365105 593.4570082449940855 652.2432273262661511 707.5350412249705414 751.3495288574794131 785.6224970553591902 810.8242049469964741 824.2700235571260237 821.7982921083628298 805.6684334511189718 785.1569493521790264 762.5294464075383303 735.3589517078916060
805.6853211009174629 822.2397553516819926 834.8308868501528650 841.6103975535168047 843.3685015290519686 843.9920489296636106 844.2923547400611142 835.4844036697247702 822.6639143730886872 806.1048929663608078 786.3966360856269375 762.6853211009174629 739.7229357798165665 708.9409785932721206 669.3409785932722116 626.9330275229357312 574.8461773700305457 514.6688073394495859 444.1073394495412572 378.6284403669724838 327.1966360856268921 290.2755351681957450 271.0889908256880858 286.5409785932721434
996.0073349633252064 987.9749388753056110 802.3331295843520365 564.7053789731050983 359.8251833740831103 259.3820293398533181 332.7970660146699515 481.4767726161369410 604.1191931540341784 701.8710268948655084 742.0611246943765309 739.3294621026894902 725.2218826405868413 710.4590464547677584 708.9150366748166334 714.5996332518337795 708.5061124694376531 705.3215158924205070 705.1460880195598975 703.0158924205378526 703.1766503667481629 704.6687041564791798 708.0458435207823413 701.5061124694376531
795.5587151132174313 822.0600315955766746 829.1084781463928266 825.6108478146393281 833.4354923644023074 848.5487098472880234 861.3275408109531099 878.7993680884676451 905.7440758293838599 928.3512374934175568 924.9678778304370326 895.9347024749868069 850.1190100052659773 778.3833596629805243 695.8583464981569477 607.2801474460242162 529.3017377567140329 485.9447077409162716 508.7962085308056999 590.3307003686151120 754.6777251184834086 927.1753554502370207 1070.6793048973142959 1121.2559241706160265
-300.8918345705196202 -316.5853658536585158 -332.9724284199363638 -344.7603393425238778 -348.9650053022269276 -339.0424178154825086 -315.6405090137857883 -285.4772004241781360 -263.4316012725344649 -236.2099681866383776 -205.9978791092258632 -170.0212089077412543 -132.0668080593849538 -89.9851537645811277 -42.9533404029692463 1.8536585365853659 45.6118769883350978 91.5037115588547181 134.5026511134676639 177.3351007423117665 213.4570519618239643 254.4485683987274740 279.3128313891834296 304.3372216330859032
373.1645021645021529 342.5061327561327289 295.6587301587301795 257.4790764790764683 226.5086580086580170 210.4329004329004249 176.0021645021645043 144.9011544011544004 121.2781385281385269 95.9707792207792210 65.0566378066378093 37.6453823953823985 8.4570707070707076 -19.1612554112554108 -44.0043290043290014 -65.8430735930735977 -83.6717171717171766 -100.6161616161616195 -110.0393217893217894 -114.7680375180375165 -114.3650793650793673 -102.5854978354978329 -87.9249639249639188 -73.7640692640692635
795.6585629389519454 798.0153070412389980 798.2009724473257393 797.7784981091301688 798.5141965304039786 798.2528363047001676 797.9654841226964663 797.0025811873462089 796.2117173899994214 795.0794765592172553 792.6190647697941358 789.4571702983372461 787.5590371570922343 785.2265442103367832 782.4476259079176543 781.6617444024251427 781.6124017047842472 782.1534906056785985 782.1934689957380442 781.3983432378894349 780.1446665466114609 778.7127078456089748 776.3209676451167525 773.0446005162374377
716.9485477178423025 734.5211618257261534 740.7037344398340792 727.3195020746887849 702.1526970954356557 669.9070539419086572 632.1203319502075146 581.6390041493775698 530.0381742738588855 489.0439834024896300 460.6456431535269758 427.8589211618257195 456.0298755186722133 587.2149377593360668 810.5560165975103928 977.3294605809128370 1002.4082987551867063 839.9726141078838282 574.5792531120331432 321.6564315352696894 152.6829875518672281 205.1618257261410747 347.9983402489626769 416.1327800829875514
233.6447215777262159 219.7706883217323934 213.3531515854601821 212.2830626450115972 214.8294663573085757 220.2059164733178704 228.2274748646558464 237.7892498066511848 248.0926140757927385 259.3064578499613049 271.5737625676720768 287.0349961330239807 303.9089327146171513 322.0467904098994723 340.4109628770301583 356.6392111368909354 371.7278615622583402 383.6767208043310120 392.1068252126837024 395.4743812838360668 395.4713843774168822 391.9716744006187241 385.8926914153132088 380.8143851508120861
-737.3972602739726199 -1404.9452054794519427 -1575.3424657534246762 -1202.7808219178082254 -503.8219178082191547 344.5342465753424790 1004.9315068493150420 1348.2876712328766189 1351.2739726027398319 1279.3013698630136332 1313.0821917808218586 1401.4794520547945922 1502.7808219178082254 1589.2602739726028176 1651.6986301369863668 1695.5205479452054078 1714.8493150684930697 1495.2739726027398319 913.4794520547944785 15.1643835616438363 -889.0547945205479436 -1495.4657534246575779 -1546.7123287671233811 -1130.2602739726028176
784.5143442622950261 807.6762295081966840 819.8920765027322659 814.6764571948998537 776.2966757741347692 700.7101548269581599 617.1878415300546976 555.9927140255009590 512.4132513661202211 491.6090619307832412 491.4892987249544376 515.2042349726775683 564.9854280510018043 629.0161657559198147 701.1728142076502763 772.9785974499088752 826.0755919854281046 859.3340163934426528 882.2490892531876625 887.5858378870674414 870.0701275045537386 838.0562386156648245 799.0350637522768693 752.9505919854281046
1096.9122257053290923 1190.5869905956112689 1220.2476489028213109 1201.8620689655172100 1144.3518808777430422 1054.2507836990596388 944.8416927899686470 822.4098746081505169 694.1269592476488697 554.9443573667712144 449.8017241379310462 401.0384012539184937 388.0000000000000000 410.8330721003134727 447.3409090909090651 496.0916927899686470 544.7923197492162899 586.7507836990595251 573.3534482758620925 539.1010971786834034 507.1739811912225946 474.1857366771159832 468.2311912225705441 472.3534482758620925
745.8090126223900143 747.1888639849003084 738.8114899138846567 725.5380441193818797 709.1308245841689768 693.1474578270614302 676.9308717706735479 661.3937713813849086 647.1014509850182321 634.5540875309661715 622.4352955054854419 614.0559160080216543 604.9214344697415981 594.1893358499469286 582.8873422201249923 569.8472336911643197 559.7421257520348945 548.9019700365695371 537.5748495930164381 528.2897251386103790 518.1027486138964377 507.2466674531083868 498.9299280405804211 496.7890763241712762
658.6147859922178895 628.0593385214008322 577.6235408560311271 506.7266536964980332 441.1468871595330938 388.9659533073930220 335.7392996108949319 330.6750972762645802 436.9134241245135968 698.7003891050583206 957.8151750972762102 1048.4241245136186080 852.8784046692607035 531.5924124513618381 275.8677042801556354 149.4066147859922182 219.6225680933852118 337.6429961089494327 409.0846303501945727 438.7869649805447239 427.9095330739299357 405.4863813229571861 371.9348249027237330 359.3093385214007753
1023.1688311688311614 1020.1020408163265074 952.8274582560296722 663.4434137291279967 159.0482374768089073 -368.9109461966604613 -330.0779220779220964 3.0630797773654916 109.7792207792207790 171.8404452690166977 226.6846011131725334 242.2337662337662323 232.9461966604823715 191.4100185528756981 147.1762523191094658 129.3265306122449090 114.1076066790352570 119.9035250463821853 132.1335807050092797 165.0148423005565803 187.0575139146567665 204.4638218923933266 217.9666048237476730 225.3914656771799514
768.6011560693641513 719.1832369942196692 666.9098265895953546 616.9121387283237254 575.8820809248554724 549.9982658959537503 567.9317919075144800 636.2190751445086789 760.9491329479768638 894.1028901734104011 1014.1890173410404259 1139.9052023121387265 1207.3699421965318379 1227.4132947976879677 1187.1549132947977796 1118.9601156069363697 1040.3965317919075915 961.3895953757225925 897.0381502890173806 828.4780346820808745 765.2236994219653070 715.1156069364161567 684.4346820809248584 678.3601156069364606
524.9394839929758518 522.8988248007564152 526.0514656220451570 530.3990274213157363 537.4063217614481118 545.7136296096176693 552.7240307983249750 558.9675807105227250 574.3367553694448588 595.5346481156287837 616.7424017290287566 636.6681075239768006 657.5601783060920980 678.1722274753478814 703.7060651087397218 727.6662163987572285 752.0170201269755808 770.9782520599757163 787.0769958125084713 802.0790220181007726 810.5339727137646832 813.5354585978657269 810.5391057679319147 798.5807105227610236
647.1892185238784805 663.2849131693197933 674.5464905933430373 678.7740593342981583 677.6038350217077095 670.8549204052098958 652.4685238784370540 622.1027496382055233 581.5616859623734172 535.5508321273516685 487.9833574529667430 441.0718162083936136 407.8777134587554087 386.9551374819102989 379.0289435600578827 382.9735890014471806 396.7641099855281936 413.2988422575976983 429.3115050651230149 442.9895079594789991 456.7613965267727849 468.5231548480463175 479.6689580318379171 484.6537626628075373
940.5461121157323987 1052.7468354430379804 1066.9855334538879106 1053.1012658227848533 977.3399638336346698 791.0904159132006725 416.7902350813743055 -38.4665461121157293 -271.3580470162748384 -87.5750452079566060 30.4538878842676297 52.7251356238698037 71.5533453887884292 85.9602169981916830 115.1193490054249509 127.4593128390596775 123.0144665461121178 88.9276672694394250 80.0741410488245862 75.1717902350813745 69.4575045207956663 77.8372513562386956 111.2206148282097615 132.0741410488246004
213.3750418200066861 203.8169956507192921 211.3382402141184286 232.2937437269989971 258.8850786216125925 285.3380729340916560 318.8661759785881600 355.7494145199063382 392.8325526932084131 421.3452659752425689 433.5762796922047642 424.7539310806289450 384.2920709267313555 322.4115088658414265 256.4488123118099452 204.8892606222817108 181.5344596855135535 194.9145199063231928 222.8382402141184286 250.9876212780194180 269.6589160254265494 284.0893275342924085 295.9073268651723083 304.5112077617932300
-312.3408862034239633 -319.7593152064451374 -325.5498489425982029 -331.7870090634440885 -339.1283987915408034 -347.1727089627391933 -352.9496475327291023 -358.4712990936556025 -360.1586102719033420 -360.5518630412890388 -360.4083585095669946 -357.6062437059416084 -353.2824773413897219 -349.4164149043303382 -344.1455186304128802 -338.8207452165156042 -333.6888217522658806 -326.9123867069486664 -320.6087613293051390 -314.3534743202416735 -307.4058408862034071 -300.6631419939577086 -295.4909365558912668 -289.3323262839879249
996.3968697596422999 1045.7931805477919625 1000.9815539407489950 873.4639463387367186 691.5483510340972089 502.7199552822805799 337.0491894913359374 252.1604248183342634 254.4963666852990514 311.6361095584124996 374.6103968697596542 450.2716601453325893 525.4963666852989945 570.2856344326439739 558.9139183901620527 516.9441028507545752 472.8060368921185272 452.9323644494130576 435.5953046394633930 426.2168809390720980 425.7043040804919087 419.1207378423700334 418.7674678591391739 414.4114030184460375
451.0102266445550185 418.4806522940851323 393.1376451077943557 376.7233278054173411 373.0807075732448652 378.4781647318960722 399.6144278606965372 433.6180210060807099 485.8991155334438758 552.4123825317855108 652.8532338308457383 769.5215588723051496 860.3167495854063418 870.4295190713100965 798.7595356550580163 692.3015478164732031 609.8911000552791393 577.0243228302929310 570.8286346047540292 576.0292979546710512 585.1124930901049765 598.9637921503592679 615.6907131011608953 633.8272526257601385
556.6814238393185406 556.8771754561228136 558.1083127398917441 557.7514064882485627 557.9875387770124462 558.5047058204952464 558.5311004784689430 558.4741574215258879 558.1776118618223563 557.7654450812345885 556.9599873810400368 556.1750354908249392 554.9400599400599958 552.0967453599032524 550.8762816131237514 549.6113886113886338 548.0620432199380048 545.5867816394131751 543.2209369577790312 541.2635259477365253 539.1911246648088536 538.0106735369893158 537.1024764708974999 538.6944634313055076
200.0026954177897665 195.1733153638814144 190.3304582210242586 188.9083557951482533 190.2706199460916423 191.3134770889487868 194.4741239892183273 199.9043126684636036 211.7854447439353009 228.1428571428571388 254.4735849056603740 289.1447439353099753 338.8010781671159179 398.2849056603773761 465.9633423180592899 531.9226415094340155 587.9994609164421036 629.5547169811320600 652.9342318059299259 654.5743935309973267 643.7048517520215682 632.5221024258760281 619.4471698113208049 607.6231805929919574
678.0167408231368427 677.8649610678531872 677.9710233592880968 677.6157953281423261 676.4528364849833224 673.0689655172413950 669.0338709677419047 667.0842046718576057 667.2385984427140784 668.7105672969967145 669.4468298109010220 669.7413236929921823 669.8785873192435929 669.7952169076752398 670.4837041156840769 671.1111790878753709 670.6377641824249167 671.5264182424916726 672.0882647385984683 671.8748609566184768 670.8396551724138135 668.3037819799777708 665.8036151279198975 663.6581201334817024
898.3406816088424875 901.2935216456862690 902.8785385323917581 905.0321768498617985 906.7131102241326062 908.3145225667792602 910.5315934909425550 911.6819772797052792 912.4998464844949240 912.7852625115136789 913.3807184525636558 913.6232115443659723 913.2577832361068886 912.2227202947498199 912.0012895302425022 912.8235799815781775 914.2080442124654382 915.8313171630334182 917.8834510285538499 921.0136935830519178 925.0766349401289972 928.1707706478354112 928.8412035615597233 925.2327909118821481
308.5025663914304914 300.0611470653872175 321.0254407498326259 352.4438741352376496 407.3276054452131234 465.1104664137469058 521.6404820352599927 567.9837089935282393 602.5324704307074626 616.1238562820799416 613.5561258647622935 596.8736889087257396 571.8471323365320131 532.7534032582012742 482.6623521535371424 429.7420218701182648 382.5226511939299030 355.4199955367105304 350.6509707654541330 356.9758982370006493 375.7871010935058962 400.1872349921892464 427.3436732872126527 442.8591832180317169
266.2035845056851144 263.8948544999036585 262.2196955097321052 261.5136249759106022 262.2077471574484662 263.2410483715552232 264.2410869146270898 264.1978801310464178 262.7170167662362701 260.9364424744651956 259.2147619965311378 258.5163615340142655 259.7005974176141763 262.2385045288109495 264.9054538446713991 267.1302755829639750 267.3004432453266759 265.4291385623434394 262.5567161302755608 260.4920023125843045 259.5298130661013829 259.5951821160146551 260.8920408556562052 263.6985160917325288
670.2025353773584584 630.1108490566037972 569.0810731132075944 499.5000000000000000 432.2591391509433834 371.3198702830188722 332.9419221698113347 312.1093750000000000 307.5400943396226694 324.9242334905660528 382.1668632075471805 461.5775353773585152 541.8033608490566166 618.0085495283018417 703.2900943396226694 779.7632665094339472 816.8437500000000000 790.8316627358490223 718.8826650943395862 646.0648584905660528 612.2169811320754889 600.3145636792453388 587.1046580188678945 573.3570165094339472
692.9551282051281760 705.8493589743590064 720.0112179487178992 743.3621794871794464 777.3926282051281760 834.6282051282050816 870.5064102564102768 875.0528846153846416 887.9967948717949184 899.9567307692307168 959.5657051282050816 1072.4519230769230944 1159.9663461538461888 1229.1810897435898369 1256.2692307692307168 1249.4070512820512704 1185.3782051282050816 1051.3125000000000000 776.1650641025640880 401.3269230769230944 126.7371794871794890 100.0689102564102626 230.5240384615384528 309.1522435897435912
421.1784723972775168 418.2970758759768160 422.2051928409377410 428.1633476178472506 440.5636501134358696 453.3051424250062951 466.3515250819258995 479.0233173682883603 489.9829846231409078 499.2824552558608389 508.6088984118981671 518.7556087723720566 530.5107133854297672 544.4516007058230116 558.1111671288126672 577.7022939248802231 597.4348374086210924 615.8485001260398803 631.4117721199899051 640.2036803629947599 645.9505923871943196 648.1086463322409372 650.6857827073355338 648.0462566170909895
999.0787037037036953 953.4598765432099299 853.9645061728394921 728.7469135802468827 595.6342592592592382 427.3842592592592382 232.2391975308642031 35.1358024691358040 -101.6188271604938222 -154.9861111111111143 -96.7021604938271651 25.4768518518518512 192.0339506172839492 409.3317901234568126 653.5524691358024256 914.7824074074073906 1100.4922839506173204 1187.0663580246914535 1161.5293209876542733 1055.2021604938272503 918.7808641975308319 761.0200617283950351 618.6820987654321016 498.6080246913580254
173.4975642533176483 155.9611960356122893 132.2612128338652724 108.3799764824458265 84.7127498740130989 66.4691752057785976 59.3386527801108699 59.9138249622039325 68.4018142113220193 82.5471190996136386 101.5684528809003808 121.6660507307240096 143.0322526457248387 166.4713589786662169 191.6274147488661299 215.4953804804300432 238.7376112884259953 261.3151352259365012 282.5850831513522508 303.9133210146144961 317.5111708382328288 323.4626238871157398 319.5655971778934941 308.4367545775239137
66.3301369863013690 55.4013698630136986 48.1890410958904098 30.5232876712328753 10.3506849315068497 -15.8821917808219180 -41.0561643835616437 -63.4301369863013704 -90.6041095890411015 -123.4616438356164423 -158.1109589041095944 -195.1794520547945240 -234.9575342465753351 -273.5123287671232788 -309.1123287671233015 -342.3945205479452056 -368.8136986301369689 -395.1602739726027380 -419.8356164383561691 -430.8260273972602477 -433.2561643835616678 -424.3465753424657692 -397.7219178082191888 -365.1876712328767098
502.9538413685847331 500.0592223950233119 497.4669362363919163 492.7340590979782178 489.1205598755831829 485.6964852255054552 482.5157076205287581 480.1716329704510144 478.1160186625194228 476.9835769828927141 477.2658164852255140 478.5116640746500707 479.7302643856920668 482.3330637636080951 484.4906376360808622 484.9648522550544385 485.0586625194401336 485.8479004665629759 487.2427371695179090 489.7559564541213035 492.5207465007775909 493.9970762052877262 494.9326283048211508 493.8739657853810172
129.6257837735132057 120.4468934068022037 117.1070682120463573 116.3712711381341478 117.1620748622458734 116.3587307619228568 114.5130153904617174 113.9312179365380899 113.4026220786623611 112.5020900627018818 113.2661029830894961 112.3647159414782379 109.8530305909177258 106.3249097472924234 103.4780543416302550 101.4212426372791214 98.9224776743302243 97.9249477484324586 97.3095192855785740 96.9419532585977635 98.4885996579897380 99.9704541136234042 103.5749572487174675 111.7001710051301586
-8.5515151515151508 -87.6866666666666674 -110.6254545454545450 -98.9654545454545485 -30.0866666666666660 82.6133333333333297 225.5563636363636419 354.6133333333333439 442.8478787878788125 517.8733333333333348 571.0048484848484804 584.7121212121212466 583.7224242424242675 572.6799999999999500 542.8721212121212147 519.0187878787878617 505.1945454545454481 496.8896969696969563 508.1933333333333280 537.7660606060605915 561.2442424242424295 565.4345454545454004 570.0672727272727798 572.0460606060605642
723.2954545454545041 724.3011955492423795 725.6048177083333712 726.4258996212121247 726.1095525568181301 725.3355823863636260 723.7628432765151274 723.1644176136363740 723.0851680871212466 722.9644886363636260 723.9683948863636260 725.4460227272727479 726.4787523674242493 727.2839133522727479 729.5789535984848726 731.9441879734848726 733.0252722537878753 733.8457031250000000 735.9936079545454959 738.2192234848484986 739.9704071969697452 741.6902817234848726 742.7762784090908781 742.0892518939393767
397.9898819561551591 407.6947723440134723 425.7521079258009991 436.1214165261382618 448.7757166947723704 448.2344013490725274 431.3726812816188954 402.1602023608768945 369.3305227655986300 368.3237774030354217 368.3204047217537891 373.9865092748735265 410.2580101180438419 480.6661045531197374 603.4350758853288426 711.6273187183811615 792.8516020236087343 795.8482293423271585 731.9595278246205226 553.0151770657672614 259.9747048903878408 -133.8161888701517626 -594.7588532883642074 -352.5143338954468959
682.1211665664461634 740.2005411906193331 803.3123872519543056 856.8244137101623892 891.9894768490679553 915.6942273000601062 917.5862898376427665 895.2140709561034555 847.9025856885147050 781.6401082381238439 688.7215874924834225 588.6939266386049212 489.2459410703547746 407.2567648827420044 350.2236921226698882 325.7411304870715298 328.4660252555622151 357.5868911605531935 406.6325917017438201 467.7068550811786167 522.9606133493686002 572.0237522549608684 613.1695730607335690 648.1395069152134738
807.4465648854961728 448.4351145038168056 -45.7557251908396978 -516.3358778625954528 -697.1832061068702160 -543.2022900763358848 -235.9351145038168056 123.2404580152671798 531.4732824427480864 963.9923664122137552 1314.4122137404581281 1480.4885496183205760 1365.0763358778626753 1098.1183206106870784 686.1068702290076544 124.9465648854961870 -420.0763358778626184 -728.5763358778625616 -655.6526717557252368 -261.8816793893129784 118.9351145038167914 439.5496183206107048 751.2480916030534672 1010.7748091603053808
705.3292187046180288 714.3881789137379883 729.0188788846935495 746.2079581760092424 766.5387743247167691 787.7082486203892131 806.8088875980249668 821.9552715654951953 827.5368864362474142 821.5146674411849972 811.1815277374382731 789.8875980249781605 757.1484170781295688 722.2730177171072228 686.3823700261399381 652.4464130119082483 623.9814115596863076 599.1269241940168513 582.8942782457158955 575.7722916061574097 577.1417368573918338 582.5058088875980502 592.8470810339820218 606.7134766192274355
401.9687500000000000 407.4907226562500000 414.2010498046875000 420.5166015625000000 426.2934570312500000 430.7624511718750000 435.0286865234375000 435.5655517578125000 433.8197021484375000 428.5150146484375000 419.7862548828125000 408.0931396484375000 393.0076904296875000 373.2651367187500000 349.5965576171875000 321.6923828125000000 292.0776367187500000 264.7114257812500000 244.1707763671875000 229.9085693359375000 221.1522216796875000 217.3448486328125000 221.1132812500000000 234.2700195312500000
824.9761660160263546 806.3408670638997364 792.5913293610026358 780.7472775837271683 776.9734949660982011 784.8498048078898819 800.1758783644955884 824.0057530306143008 849.7869324018902262 879.5101705362646953 907.4865420176699899 930.9769878775426832 950.2570371892336425 971.5471543044997134 995.9496609821245556 1014.7536470104787441 1032.3998356276968025 1045.4666118758989342 1049.5144853092253925 1043.1672488185740804 1027.3614136018081808 1001.5309225395520798 970.0367783028559643 938.5140743784672850
-342.2142857142857224 -488.6403061224489761 -422.3775510204081911 -172.3775510204081627 151.9948979591836746 501.8367346938775313 842.9387755102040956 1173.5969387755101252 1400.1811224489795222 1374.5841836734693970 1190.6096938775510807 898.8367346938775881 481.0867346938775313 -23.7831632653061220 -504.9540816326530717 -741.0765306122449374 -611.2423469387755404 -264.8622448979591582 81.0306122448979522 392.1173469387754835 734.2678571428571104 1014.7653061224490330 1188.9464285714286689 1218.0102040816327644
-197.1054852320675082 2.2120253164556960 547.0664556962025245 807.4820675105485179 843.1286919831223940 774.8786919831223940 643.0928270042194299 583.0706751054851793 580.7225738396624592 582.5643459915611402 604.2943037974683875 630.6550632911391858 630.8618143459915473 636.1983122362869381 638.4356540084388598 634.1751054852320522 626.5812236286919870 630.1002109704641043 645.1297468354430293 649.8343881856540065 643.4905063291139413 636.3248945147679478 620.1898734177215147 605.5116033755274429
663.6920937624155385 659.8418752483114531 662.3418090319163412 667.2032843332009406 671.5650907164614409 679.7299695404582280 690.6123692226195772 706.3872334790094101 726.3771685869421617 745.6279962918819137 767.0504568931266931 789.5629717918156985 811.2079194808634384 833.3162495033769801 853.6981856707720908 870.6260098000265089 884.0871407760561169 891.1843464441795959 897.0026486558072065 900.7289100781353000 898.6117070586677755 893.9969540458217807 887.6952721493842091 876.7420209243808813
911.1269662921348527 715.6370786516854423 308.4449438202246938 -106.2775280898876389 -217.9157303370786565 -6.4786516853932588 168.1764044943820124 305.3674157303370862 413.4606741573033446 428.1617977528089796 408.2179775280898752 361.9606741573033446 312.2483146067415873 280.3910112359550340 276.8269662921348413 287.0404494382022449 290.7640449438202381 299.2629213483145918 319.2337078651685260 319.5483146067415987 315.6528089887640363 316.0842696629213719 315.7134831460674036 312.5820224719101361
202.4685628742514893 174.5044910179640851 186.9096806387225627 186.7594810379241608 257.6856287425149503 378.0843313373253523 505.3742514970060142 621.3832335329341277 722.6402195608782222 802.9456087824351016 863.7090818363273002 893.2190618762474514 896.9555888223552529 896.4905189620758392 896.3243512974052010 894.9486027944111584 887.6462075848303357 880.1836327345309883 874.4276447105788748 862.1087824351297968 845.8747504990019479 833.5319361277445296 822.0588822355289267 804.7260479041916597
490.8307692307692491 522.6961538461538339 549.1282051282050816 575.4384615384615245 581.4089743589743193 571.5910256410256807 534.0923076923077133 502.1179487179487069 466.1679487179487182 462.5230769230769283 491.3397435897435912 511.2743589743589609 476.6089743589743648 368.4820512820512590 225.0961538461538396 66.0807692307692349 -33.5307692307692307 -78.1166666666666600 -38.5384615384615401 110.5461538461538424 424.1935897435897687 816.2846153846153356 1067.4294871794870687 1090.4910256410255442
976.1105403884041607 983.5138615254713841 986.9679144385027030 988.6485364480720364 987.6680270194202649 985.5210385589642783 981.6023079088095074 977.7071488882634185 975.2127779341401492 972.7673796791443692 971.1080776808330484 970.3004503236701339 970.6099071207430597 973.0023923444975935 975.2639318885449029 977.8029833943146514 981.9252040529130454 986.7478891077962544 991.8596256684492118 996.1201801294680536 997.4245004221784257 996.0839431466366705 992.1988460455952463 983.5982972136223452
527.3578268109907867 534.7356369691923419 509.9939633638634291 458.3143213988342950 389.6860949208992224 314.2497918401332413 253.3130724396336291 222.1400915903413704 221.4025811823480296 244.5374687760199777 273.8846794338051609 305.2668609492089900 335.8326394671107664 363.9088259783513877 395.6321815154038291 426.0634887593672033 451.1313488759367374 472.2485428809325754 486.9269358867610435 494.1359283930058268 483.8794754371357385 459.3097418817652056 429.0099916736053274 406.1353039134054939
491.7930775018811005 478.2159518434913252 468.1820917983446293 458.5282167042889228 453.5395033860045260 464.4898419864559855 479.9902182091798295 502.4808126410835030 528.5492851768246965 557.2626034612491139 575.5432656132430793 589.3912716328065926 594.4793077501881271 598.1534988713318626 576.6049661399548540 496.8382242287433996 342.8826185101580108 135.6568848758465151 -59.1121143717080528 -159.3747178329571170 -148.1452219714070679 -57.9729119638826162 55.6350639578630535 165.0707298720842857
-73.1441914769410459 -89.6935201401050790 -100.9953298307063676 -104.1120840630472912 -104.6596614127262086 -102.6427320490367805 -101.3461762988908390 -88.5680093403385911 -59.4325744308231165 -20.7647402218330406 24.6421482778750729 90.8312901342673626 163.2609457092819696 228.7139521307647385 303.3911266783420615 368.1412726211325435 439.7805020431990783 499.7215411558668734 551.4512551079976674 587.5318155283129045 607.5715119673087656 623.4290718038529349 628.9521307647402182 627.8067717454757712
283.6299843014128896 264.9863422291993516 260.1568288854003299 266.4365777080062685 280.3723704866562230 297.5433281004709443 314.2026687598116155 331.0056514913657679 350.0309262166405233 372.2394034536891922 397.2367346938775654 428.1533751962323322 459.2383045525902503 484.0905808477236860 492.7941915227629579 484.8864992150706712 458.3160125588697156 414.7472527472527304 361.9607535321820819 308.3569858712716041 263.0459968602825711 238.2803767660910523 234.9472527472527474 247.0715855572998407
263.7445332211942741 259.9398654331370722 261.7300252312867883 261.7224558452481347 262.5021026072329846 257.3740538267451825 247.4758200168208475 236.3002523128679684 224.3477712363330454 214.2987804878048905 209.7792262405382644 209.4322960470983901 212.0067283431455110 214.4148444070647486 214.6831370899915896 225.7825904121110057 253.5153490328006853 294.7809083263246634 346.9005466778805840 411.5845248107653447 484.3328427249789456 553.4907485281748905 613.1097560975609895 635.2703952901598541
856.6244635193132808 1054.6115879828325888 1161.1287553648069206 1181.0257510729613841 1093.0214592274678580 934.2381974248927463 774.3283261802574771 624.4892703862660710 433.0128755364806921 230.9163090128755300 7.0836909871244638 -199.2682403433476281 -266.5128755364806921 -221.8283261802575055 -98.8712446351931362 46.5300429184549387 292.9120171673819755 585.6738197424892860 877.0493562231760052 1126.4377682403433028 1266.0579399141631711 1247.3283261802575907 1120.1394849785408496 935.4849785407725449
173.0062893081760933 120.6345213137665979 120.4060097833682761 145.1187980433263363 213.7141858839972031 339.6142557651991751 498.6624737945492711 676.0635918937805400 861.5583508036338571 987.1313766596784944 1047.0573025856044751 1039.7260656883297543 984.3857442348008817 909.1942697414395980 808.5178197064989263 710.8839972047519495 618.1481481481481524 528.6491963661775344 440.7155835080363318 341.0020964360587072 265.5723270440251440 239.2564640111809808 271.9874213836478134 345.5939902166317097
727.5088339222614877 727.4746760895170610 716.1931684334510919 705.8468786808009554 681.2579505300353730 653.5335689045936078 633.3639575971731119 647.2885747938751138 686.0011778563015241 733.9623085983510009 823.7373380447585305 957.6289752650176297 1060.4405182567727479 1101.9776207302709281 1028.6796230859836214 771.6183745583039126 402.7491166077738285 35.7255594817432254 -46.5724381625441666 99.2803297997644307 207.4204946996466390 252.3462897526501649 304.5842167255594859 360.6749116607774113
324.3483253588516959 359.8200956937798765 452.5856459330143480 585.5693779904306666 754.9397129186602342 947.5023923444975935 1133.3244019138755903 1233.4124401913875317 1226.8593301435407739 1155.6851674641147838 1046.5435406698563838 910.3033492822966082 754.2277511961722212 605.1732057416268162 470.3894736842105431 365.4861244019138553 343.5540669856459317 387.8047846889951984 483.3291866028708341 598.4124401913875317 697.5923444976076553 776.2229665071770341 810.4430622009568879 824.8267942583731838
894.4169902158720333 916.1910234508463873 913.0413107625407747 893.2439819847802482 861.5640627426619176 821.3721074701040834 780.0885230625873419 742.4461872961639983 706.4514676191955687 681.1085572293834502 663.3595278769995502 651.1254853238079932 646.9439353936946873 648.6642335766423457 654.2166485479111770 657.6592638608480001 660.2724025469793787 663.9718900450380943 667.7623854635812677 670.0778071129057025 670.6341046746389338 667.9029352383910236 665.5410778071128561 665.9074390433297594
918.1676413255360103 1001.5009746588693815 1073.9025341130604829 1115.6617933723196074 1157.5818713450291852 1174.9561403508771491 1197.8557504873294874 1205.2076023391812214 1185.7153996101365010 1160.7475633528265462 1115.5643274853800904 1053.9200779727095778 962.6656920077972472 852.2124756335282427 727.7261208576998115 617.6988304093566740 529.6900584795321265 494.7017543859649322 475.1656920077972472 475.1228070175438347 494.7144249512670626 515.3703703703703241 530.6364522417153466 548.5857699805068250
377.8747063429913737 375.4455755677369098 389.3884103367266789 424.3116679718089017 466.9906029757243573 494.0046985121378498 508.3132341425215373 521.2114330462020462 459.2552858261550455 314.6609240407204311 95.2866092404072020 -99.2779953014878629 -139.1581832419733757 -34.4722004698512166 147.5160532498042301 302.4526233359435992 375.6523101018011062 394.2795614722004416 377.0673453406421345 334.9310884886452868 304.7251370399373513 296.2223962411902676 286.0078308535630640 274.7384494909945261
14.3086016096579485 5.1033702213279675 -2.0155935613682092 -4.1419768611670023 -6.1813380281690140 -9.4579979879275662 -11.6516599597585522 -14.2448440643863172 -15.2325201207243452 -15.8633048289738436 -15.3578973843058346 -15.1709004024144871 -14.6141851106639837 -14.3670774647887320 -14.4901911468812870 -13.5251509054325965 -12.3844315895372237 -11.2868460764587528 -9.6917756539235409 -7.5104376257545269 -5.3407947686116701 -1.1954225352112675 7.1540492957746480 13.1976861167002006
764.3161033797216533 773.6878727634194775 784.2646975291110039 795.3748934961658961 800.7398466344787948 797.4387957966487193 790.9284294234591925 783.9162169838114096 765.9579664867935662 736.4623686452712263 703.4870775347912968 674.3879579664867379 647.0979835274069956 629.2698097131496979 624.2024992899744120 645.5427435387673540 702.8917921045157300 782.3251917069014780 874.7495029821074013 961.2005112184039035 1032.1201363249076621 1067.6180062482249014 1057.7904004544163854 1002.8892360124964398
307.6363864491844424 301.1464240903387690 289.3219573400251079 278.4894604767879400 270.7971141781681581 267.3176913425344878 264.9488080301129003 262.8535759096612310 257.2755332496863048 250.6434127979924824 242.8727728983688792 234.7370138017565750 224.7623588456712582 213.9904642409033784 197.1410288582183057 175.8897114178168124 152.6269761606022541 130.5771643663738928 109.4867001254705201 90.0875784190715194 77.8602258469259709 72.4954830614805559 74.8324968632371395 89.3323713927227061
809.5225375626043842 843.6747913188647772 872.5549248747913680 876.6490818030050605 851.4904841402337752 801.3148580968280612 737.3509181969949395 662.7819699499165154 581.4577629382304167 494.0540901502504312 417.9956594323872991 354.2781302170283766 312.6731218697829604 302.9435726210350595 323.4884808013355837 369.9435726210350595 436.4494156928213897 511.2143572621035332 583.8604340567612780 662.3896494156928156 741.4400667779632386 816.1769616026710992 852.7956594323873105 830.6370617696160252
540.4415584415584135 518.0499999999999545 500.6525974025973937 487.2162337662337563 475.2038961038961133 470.0733766233766460 468.4136363636363853 482.5168831168830934 509.4467532467532465 548.6129870129869914 632.2941558441558527 724.3779220779221077 840.6883116883117282 945.8532467532467081 1032.1123376623377226 1109.6720779220779605 1148.2000000000000455 1164.1564935064934616 1154.1655844155843624 1124.3448051948053035 1078.8415584415583908 1037.0974025974026063 986.3675324675324418 925.2311688311688158
599.0289526686807449 613.3099194360523825 629.1369587109768418 640.2094662638469345 645.7963242698891690 645.2663645518630346 641.0407854984894129 635.7359013091642055 634.7064451158106522 626.8474320241691657 606.4045820745216133 585.5727593152064401 563.0956696878147341 536.4317724068479265 507.3348439073514555 492.1326787512588226 487.3919939577039031 498.7842396777442104 545.8197381671701578 627.5974320241691657 732.1991440080563507 839.3300604229607416 902.6027190332325745 895.2804632426989428
519.0542299349240238 514.7527114967462012 508.6558206796818240 496.0144613159797586 485.3825018076644824 474.7490961677512473 472.8445408532176657 464.4345625451916248 453.5842371655820671 443.7151120751988174 427.9378163412870322 421.0795372378886441 427.5249457700650737 449.9161243673174226 507.1193058568329661 601.9255242227042118 735.1684743311641341 886.4620390455531833 1019.5025307302964848 1131.2776572668112749 1200.9869848156181433 1198.1489515545915765 1144.1540130151843186 1043.7859725234995949
1022.4564676616915904 1052.4536247334754080 1050.6433901918976517 1028.3256929637527719 994.8482587064676181 954.2116204690831864 913.8038379530917155 880.4367448471925854 852.8152096659559902 832.4552238805970319 818.3125444207533974 812.7391613361762666 814.1286425017768806 819.1981165600568602 826.1698649609097629 836.6982942430703361 846.4557569296375732 853.9310589907604481 861.3473702914001251 865.8166311300639109 866.6897654584221300 865.9649964463396827 861.4287491115849207 856.9712153518123614
514.1651609260304667 517.5909090909091219 568.0875211744777289 642.1804065499717353 741.2645398080180712 836.6002258610953959 915.4658385093167681 965.0025409373236016 994.8924336533032147 1004.9613212874082819 996.8636363636363740 982.0677583286278605 962.3526256352342898 945.9223602484471485 930.8051948051947875 924.8831168831168270 918.7049689440993916 910.9536984754375908 902.8130999435347803 895.0406549971767163 889.0982495765103977 880.9980237154150018 870.7769621682665502 863.3407679277244142
485.0621761658031232 238.0621761658030948 -78.0621761658031090 -358.3652849740932425 -524.6994818652849517 -440.5777202072538898 -193.1398963730569847 68.9170984455958546 338.3886010362694492 691.9896373056994889 1025.1787564766839296 1287.4222797927461670 1404.4015544041451449 1355.9222797927461670 1139.1139896373056217 929.4689119170984668 640.9533678756477002 341.6968911917098239 18.3290155440414502 -270.0388601036269165 -403.8730569948186258 -359.8186528497409427 -235.1735751295336740 -55.0777202072538827
640.5376344086021163 397.4919354838709751 -676.0000000000000000 479.5887096774193310 809.3252688172043463 801.0698924731183297 698.4677419354839003 684.3575268817204460 645.1290322580645125 612.7741935483870748 599.0537634408601662 618.6344086021505291 648.0537634408601662 678.7876344086021163 670.2956989247311412 655.9435483870968255 659.8413978494623962 630.9784946236559335 620.4677419354839003 643.6881720430108089 653.0026881720430083 666.5456989247311412 670.2580645161290249 658.4166666666666288
274.5223657121467227 276.8835860003742937 280.8109676211865917 273.5528729178363960 265.2337638031068536 251.5788882650196570 229.7422796181920148 197.3877971177241193 158.4387048474639812 121.0512820512820582 88.3410069249485304 67.2459292532285247 57.9554557364776315 58.4091334456297986 68.7112109301890257 86.5081414935429507 107.3657121467340403 130.6286730301328873 154.3913531723750623 180.7808347370391289 202.0542766236196996 219.2863559797866344 239.1356915590492349 258.6114542391914597
920.0998665904326117 935.2921669525443349 946.6506575185820793 955.9432056413188548 959.3811701924909130 959.1132075471698499 951.2795883361920914 935.8627787307032122 918.0882408995616970 898.5578425767105273 875.5549838002667684 849.7916904898037274 821.9079473985134427 795.2925481227367754 768.6822946445588514 745.3701162569086591 725.8749761768630151 709.8250428816467092 695.9635982466171527 688.7888317133599685 680.0322088812654329 676.8984181437011785 681.6700971983990485 684.6041547550981932
431.6301369863013520 1015.7260273972602818 1329.1780821917807316 1324.5479452054794365 1279.7260273972601681 1321.5753424657534651 1396.3835616438357192 1462.7808219178082254 1547.7534246575341967 1625.0684931506848443 1687.5205479452054078 1692.4109589041095205 1470.6301369863012951 886.6301369863014088 -32.9726027397260282 -926.9589041095890707 -1512.1232876712329016 -1551.9589041095889570 -1152.0273972602740287 -392.9041095890410702 471.3835616438356055 1104.7397260273971824 1304.6438356164383094 1277.8082191780822541
339.1985918912357647 318.0116533139111539 309.3022578295702942 309.1750424860402973 321.1624180626365614 343.2408351541636193 370.9009468317552773 404.4008254430686975 438.6567127943675928 475.3993687788297962 517.9657683903859606 557.0755037630492552 596.9650400582665952 637.7858703568826968 668.1714008254430155 681.9356639961155224 668.8837096382617347 631.7700898276281123 581.0218499635833496 525.9890750182082684 471.6807477543093228 421.6809905316824256 392.2534595775673552 385.9504734158776387
695.7224137931034420 801.0931034482758832 900.2896551724137453 1013.5482758620689765 1090.8172413793104170 1102.1068965517240485 1065.9741379310344200 989.5931034482758832 837.2465517241379303 532.8275862068965125 153.8448275862068897 -100.9086206896551658 -113.0034482758620697 -16.3086206896551715 49.7982758620689623 36.0465517241379345 37.3379310344827573 72.3275862068965552 79.4965517241379303 98.5000000000000000 84.6293103448275872 76.9396551724137936 76.2982758620689623 90.2275862068965466
914.0888610763454381 915.7078490970856137 919.8880743786876337 924.6801358841408955 929.2227784730913527 934.3280886822814182 943.1923833363132417 957.8759163239764121 972.3060969068478698 989.8231718219202548 1009.1576971214017249 1027.5760772394064588 1041.8966565349544453 1046.6917575540853704 1041.4752369032719344 1023.8338995172537125 993.3849454675487323 950.3010906490255820 899.4477024852494651 850.0486322188450004 808.5265510459503275 777.9501162166994845 763.7108886107635044 765.3207580904702354
840.5292846336719776 864.8960449535336465 902.8666522584828726 945.0356602550248226 990.1400475470067022 1031.3877242273611046 1066.1696563648151823 1086.5893667603197628 1086.2314674735250719 1068.6466392911172534 1038.8074346228656850 991.4622865787767978 948.3211584179814508 903.0339312729630592 857.8861033066781374 825.4914631510697518 806.5139399178733584 803.2433542251999370 814.8400691592825069 833.8305597579425239 856.4573157553489864 881.0231251350767252 903.4674735249622017 918.5381456667387283
500.9850090462651906 517.1199276298784753 552.1964331868699674 605.4166451279400007 672.5792194365469641 736.6751098475058370 788.9209097958129178 829.1716205737916425 855.1160506590850900 853.8730938226932494 826.0762470922719558 766.7751356939777452 694.3370379943137323 612.7578185577668819 533.5376066166968485 460.3724476608942950 392.7725510467820982 352.0377358490566166 326.8578444042388469 320.9268544843628774 342.4585164125097094 377.5135693977771894 417.7751356939777452 456.7782372706125784
468.0538351595998279 471.6236303001429064 486.6612672701286328 517.7651262505954719 552.9466412577418168 591.7803716055263976 626.9899952358265409 652.4868985231062197 644.4935683658885637 613.9023344449738033 576.2872796569795355 475.2596474511672113 342.8727965697951277 191.2224868985231012 88.9113863744640298 66.8208670795616939 90.8480228680324018 130.3153882801333907 174.6274416388756663 211.3396855645545429 234.6345878989995128 247.9556931872320149 259.5226298237255946 275.2982372558361135
1079.3623978201635509 1075.1898274296095224 1031.1126248864668469 965.4482288828337460 865.8265213442325603 756.0885558583106558 662.0522252497729596 587.4940962761126002 562.5340599455040547 595.3101725703905913 675.2148047229791246 786.9981834695730640 900.4441416893732821 1005.3024523160762556 1080.9527702089010290 1103.5958219800181723 1089.4509536784742068 1054.8428701180744156 1008.3660308810173092 961.4559491371480817 911.6571298819254707 865.0740236148955091 823.7615803814713900 796.2792915531334756
-118.8719910011248544 -130.2967379077615249 -133.7997750281214735 -133.7255343082114791 -135.9932508436445460 -140.2260967379077670 -143.9304836895388178 -145.1682789651293604 -146.6587176602924671 -147.4659167604049514 -148.0825646794150714 -148.4312710911136151 -148.2056242969628670 -147.4641169853768190 -147.9928008998875271 -147.9660292463442204 -149.0886389201349971 -149.0348706411698458 -148.2452193475815534 -148.2121484814398116 -146.1784026996625414 -143.4564679415072987 -139.5595050618672701 -131.8578177727783896
62.2177914110429455 46.7239263803680984 31.8435582822085905 21.6725460122699403 15.8903374233128840 11.6196319018404903 18.6802147239263796 35.9539877300613497 68.3865030674846679 127.1004601226993884 204.9148773006134832 308.5797546012269663 437.4256134969324989 591.9877300613496800 736.5881901840490400 863.5590490797545726 952.7361963190184042 989.6809815950920211 987.7507668711656379 969.9378834355828758 937.3604294478527663 895.9639570552146779 841.2668711656441474 786.4332822085889347
901.7357357357357159 1097.5555555555556566 1190.0630630630630549 1142.1921921921921239 977.6456456456456863 677.5735735735735261 250.7687687687687799 -268.1021021021020942 -700.0210210210210562 -777.1021021021020942 -516.0300300300300478 -164.0810810810810949 200.1351351351351298 611.1891891891891646 1041.4984984984985203 1362.6756756756756204 1493.0630630630630549 1372.9609609609610743 1126.6276276276275894 746.9339339339339858 282.6996996996996927 -159.0330330330330355 -466.6216216216216139 -523.2942942942943318
632.8877755511022087 601.6800267201068664 585.3520374081496129 597.6239144956580276 653.1022044088176699 744.7548430193720606 847.6920507682031030 976.1215764863059121 1110.4081496325984517 1221.0167000668002402 1266.3667334669339652 1232.4435537742151610 1157.4716098864396372 1057.5257181028723608 952.0133600534402376 839.9532398129592821 717.7454909819639397 618.7194388777554650 562.9278557114228079 556.4609218436874016 584.0855043420173160 621.4235136940548045 666.9652638610554050 716.7027388109552248
672.0840862990964979 673.0025815969021323 649.1681725981928821 608.6380232343720991 558.0907246911303901 507.2721740733911133 465.5906324912410241 429.1285266457680336 397.5122625852848728 371.5983772819472506 349.7505070993914842 335.0101419878296269 326.8179974184030812 323.8543241748109835 319.0484971418034092 314.7088327494006990 310.4923474091830826 306.9645952424857001 303.9400700719158976 297.4530702563156979 288.2902452517056986 282.7562234925318307 281.1429098285082091 283.7023787571454818
590.3615645708744069 585.9453693227735585 578.6904800387910655 572.4082754161952380 567.3363504121545020 561.4614514304186059 558.9188621302731690 558.2718603523517231 558.4868272183610998 558.3618878293195849 557.5665104250848572 558.1231614675933770 556.4651689025375845 550.3539679974139744 529.8690803297236016 502.5905931792468095 471.0326491029578051 434.6838532406659397 394.9924034265395107 355.2624858574430391 316.9264587037336582 286.2245029901405928 268.1160497818005410 275.3260061419104545
68.0759803921568647 263.2818627450980671 525.5049019607843093 796.0122549019607732 1065.5710784313725981 1274.2843137254901649 1379.8553921568627629 1337.2181372549018761 1173.1617647058824332 961.4901960784313815 590.6323529411764639 94.6593137254901933 -436.2500000000000000 -809.2549019607843093 -797.8137254901961342 -504.5588235294117680 -156.3308823529411882 228.5367647058823479 646.6274509803921546 999.2990196078430927 1227.5563725490196703 1347.0171568627451961 1308.9926470588234224 1156.9828431372548039
428.4422994422994293 445.1769626769626598 469.6066066066065900 492.0950235950235765 510.2423852423852395 517.4588159588159897 511.3208923208923125 492.1497211497211310 457.0171600171599948 408.0776490776490846 355.4963534963534926 309.6495066495066339 281.4648219648219651 269.7848562848562892 270.4787644787645036 289.3781638781638890 322.0113685113685165 368.0866580866580762 420.9335049335049348 467.7936507936507837 509.9723294723294771 543.7975117975117882 564.7039897039896914 564.1567996567996488
195.7303859494576841 191.9623410229587535 191.0102405990199941 192.5567912789737477 194.8702306887628595 197.9000715740791634 201.5844849419148943 204.4358861421571305 206.6644276826515352 207.8909321147387459 207.3851236029290419 206.4438143478500365 205.1495898254693486 202.6709794637449704 200.4041182624015960 198.1276220888619832 197.6583714144139208 198.4189285910917704 200.1601057094092369 203.1150690965149010 205.5678577327533958 207.8838297638055508 210.3254968892804015 213.5992402136211012
