138.7613794852288436 139.1025738557119382 142.7475592747559290 148.4722961835932438 154.3887409661468268 160.1120831748446847 164.5808292126283732 168.1652085710663016 171.5634588563458749 173.5467224546722491 172.2133891213389063 168.7952326613414584 163.9959426905033695 154.8606567769747642 139.7957398250285337 121.1786484087739382 102.1038417649296264 83.6416888550779731 65.4170153417015285 47.8036008621782713 31.5358184354000244 18.1718016989983511 11.4276657791302139 11.9311525294788900
76.7686084142394805 141.9244875943905129 203.9412081984897611 210.6974110032362546 150.9994606256742316 54.0852211434735679 -43.2745415318230826 -111.7313915857605195 -149.7162891046386051 -167.7233009708737939 -181.7745415318230755 -185.4606256742179085 -169.2750809061488724 -140.3646170442287087 -102.3511326860841422 -35.3791801510248121 54.1601941747572795 125.7044228694714150 183.6650485436893234 209.7642934196332192 201.4460625674217908 155.6963322545846893 97.1213592233009706 50.6618122977346275
95.2890520694259067 80.5437249666221646 66.8918558077436529 58.8838451268357801 60.6742323097463299 70.0680907877169545 78.7079439252336499 82.1044726301735608 77.9238985313751726 69.5527369826435233 54.2209612817089450 36.4729639519359168 23.4008678237650187 38.3267690253671560 89.3301068090787709 151.2056074766355209 187.4629506008010651 169.9722963951935810 102.1605473965286990 12.8541388518024036 -70.2520026702269718 -129.1805740987983881 -165.2693591455273747 -172.0744325767690270
-743.3830606352262294 -733.3719923002887526 -732.9379210779595724 -740.0567853705485959 -757.1005774783445759 -778.4451395572666570 -801.4076034648700215 -828.3873917228104347 -856.6034648700673415 -881.7401347449471132 -905.7170356111645333 -928.3368623676611833 -950.3796920115495368 -969.1371511068334712 -985.2208854667950391 -995.3527430221366785 -1001.3031761308950536 -1001.1371511068334712 -996.4090471607314612 -986.4513955726660015 -972.4600577478344121 -954.3137632338787171 -937.9047160731472559 -920.9927815206930291
-203.8874813710879152 -198.9202682563338271 -180.1318926974664691 -150.8792846497764515 -111.4046199701937354 -58.7794336810730229 10.5700447093889718 81.1520119225037320 157.4590163934426243 228.3084947839046208 291.9381520119225115 340.9031296572280212 363.5163934426229275 364.6691505216095379 349.7831594634873227 327.7988077496274286 306.7682563338300952 287.4530551415797390 269.8800298062593015 251.6982116244411429 231.2369597615499117 213.3830104321907584 194.0342771982116119 175.4955290611028431
-566.3607573149741938 -572.4784853700516578 -584.5166953528399745 -600.7239242685026284 -619.5407917383821541 -636.2234079173838381 -651.9528399311532212 -669.3287435456110188 -682.6468158347676081 -693.9979345955249528 -707.0512908777968732 -720.7053356282272034 -738.0629948364887696 -755.5462994836489088 -773.1332185886402613 -794.8564543889845027 -818.3125645438898346 -841.8857142857142435 -859.1597246127366816 -873.2860585197934142 -881.0209982788295520 -881.0464716006885055 -871.7060240963855904 -856.9710843373494527
-70.4917137843634265 -73.5683369077792975 -68.4527198284265950 -58.8974458958861362 -47.8906219535971900 -36.7886527588223800 -23.6806395008773656 -9.1380386040163781 6.6849288360304149 25.1491518814583728 46.3117566777149534 69.3649834275687311 92.2021836615324588 112.3053226749853764 130.9025151101579354 145.0682394228894623 155.7362058880873406 162.8227724702670969 166.1684538896471111 165.1626047962565735 162.5166699161629822 158.4792357184636273 152.7808539676350108 146.3101969194774767
-508.4954931753798633 -514.9227401493690195 -508.0566572237960372 -494.0149369044553396 -475.3935101725469963 -456.1532320370847060 -440.0602626834921693 -424.4318825650270242 -407.5506052021632968 -386.4282771053309489 -359.8645377285603786 -324.1300540818954232 -279.9248004120525479 -240.4130826680401753 -215.3250064383208837 -209.1403553953128949 -219.5956734483646642 -239.4524851918619675 -259.1635333505021777 -278.2402781354622903 -297.9381921194952270 -318.7661601854236437 -341.2634560906515730 -362.3528199845480344
-253.1329797310096694 -243.1295699943171087 -230.1380943360484821 -215.8272400075771884 -202.2032581928395416 -190.8583064974426975 -180.8204205341920954 -172.6811896192460551 -166.3441939761318338 -158.1990907368819990 -154.7186967228641663 -158.1630990717939085 -170.7677590452737206 -192.6262549725326778 -221.8725137336616910 -255.3860579655237757 -287.3667361242659695 -317.2684220496306011 -345.2892593294184280 -372.8655048304603383 -397.2354612616025520 -414.2263686304224279 -416.6347793142640512 -398.6810001894298239
-1018.2040133779264579 -1037.5418060200668151 -1020.2483277591973092 -964.2859531772575110 -887.6831103678929367 -803.0510033444816145 -724.9381270903010090 -658.8762541806020181 -619.0359531772575110 -609.1555183946488796 -617.4849498327758965 -649.7608695652173765 -699.8503344481605382 -757.9924749163880051 -814.6939799331103131 -856.0844481605350893 -895.5100334448160311 -927.2173913043478706 -942.3193979933109858 -946.6906354515050452 -939.8553511705686105 -919.3963210702340803 -889.5326086956521294 -857.8896321070234308
-319.1807747489239659 -312.8947871831659313 -287.7843137254902217 -248.6193208990913490 -213.6504065040650460 -201.9091343854614991 -206.9976087996174101 -219.2525107604017194 -238.3950263032042187 -260.4696317551411084 -291.9531324725011814 -339.5442372070779697 -401.2233381157341228 -472.2539454806312733 -533.5767575322812490 -554.3610712577714139 -523.5609756097560421 -427.6604495456719519 -277.2434241989478778 -142.2247728359636483 -112.7685318029650858 -200.0153036824485753 -307.3682448589191836 -378.3538976566236443
-836.8857677902622072 -852.2103620474407535 -855.7284644194756993 -838.6298377028714413 -802.1566791510612120 -751.0736579275904887 -686.8545568039950240 -615.8295880149812547 -543.8264669163545477 -486.2047440699126355 -447.8014981273408353 -419.9357053682896321 -410.8196004993757811 -415.2990012484394242 -425.5243445692884166 -441.3920099875156211 -461.9182272159800391 -478.4076154806492127 -490.9338327091136307 -498.4787765293383472 -501.5880149812734317 -505.0212234706616528 -507.1217228464419691 -503.4569288389512849
-89.8739635157545536 -81.4029850746268693 -87.7097844112769423 -105.8485351022664389 -136.9414040906578123 -176.0420121614151583 -221.1475953565505677 -268.2902155887230720 -316.2045328911000297 -364.4897733554449815 -413.0298507462686644 -463.6008844665561242 -508.1525704809287163 -544.4919845218353203 -572.6279712548368934 -589.7042564953012516 -597.3847429519071284 -594.3532338308457383 -586.6932006633498986 -574.4660033167496067 -560.2824765063570567 -548.6268656716417809 -538.9375345494748899 -529.6760641238253129
280.2048898767427545 286.0024247322691622 290.3055162659123312 290.7322691452818617 290.3103657304505987 287.9985855728430124 283.0755708223883857 279.3770458678520754 273.5621337643968332 266.8005657708628178 258.9583754293796574 251.2190341483128009 244.0292988482521821 232.8403717922812746 219.8021822590422403 206.1699333198625936 190.7827844008890565 173.7456051727621684 154.6655890078803850 134.7223681551828633 113.5647605576884160 94.6071933723984699 79.5912305516265945 68.6421499292786450
-707.0031616142830444 -707.2153617258694567 -707.2824065464013756 -706.9297935651850366 -707.2171285103216860 -707.5673237864980365 -707.8509391854194064 -707.7864050585828863 -707.7590663938999569 -707.2628789287706468 -706.2867770132044143 -705.0425888041659164 -704.3821833736284361 -703.2619490422168838 -703.3766970429608136 -703.7855681606844200 -703.9617816626371223 -704.1548261112144473 -704.6025664868885769 -705.0960572810116673 -705.6561279523898520 -705.6667286591035690 -705.3027710619304571 -705.2464199367676656
222.4179668091026656 226.4576170128192416 229.5687170823809993 231.4715293650004924 232.6660041737056588 233.1664513564543313 232.8880055649408689 233.0910265328431024 233.6667991652588796 234.9434562257775951 235.8288780681705248 237.3382689058928747 237.6945244956772285 238.8447778992348276 240.3534731193481093 241.3685779588591913 242.7858491503527887 244.2411805624565204 246.7770048693232638 248.6540793004074317 249.6244658650501833 248.8107920103348931 245.5010434264135881 240.5751763887508616
-99.6392582225332433 -140.0230930720783817 -243.2442267319804046 -344.2529741077676704 -415.8883834849544883 -454.3400979706088378 -461.5612316305108607 -441.8117564730580966 -410.2939118264520744 -379.1522043386983682 -352.6340097970608554 -329.8747375787264104 -322.3201539538138718 -329.3971308607417541 -327.8673897830651072 -314.9748075577326745 -300.1966410076976786 -278.7470258922323296 -252.4993002099370187 -229.3124562631210779 -218.0591322603219169 -220.6000699790062924 -230.4328201539538270 -241.2900629811056774
261.3268644302744406 269.2129193235375624 269.3412808428056451 263.6204602162462152 254.3770446354311048 241.1341835320210691 224.5794288882728154 207.7987247019683821 189.1156085389520456 168.0191294704740699 145.8411422234543977 121.3823121707790449 95.1702245633490378 72.1680066537288667 50.2389797615747185 30.7854172442472986 14.1106182423066269 -0.8120321596894926 -15.6007762683670634 -29.0133074577210976 -39.7208206265594654 -46.7568616578874412 -52.2453562517327441 -52.9573052398114754
64.0492633517495449 55.0110497237569049 42.8600368324125256 26.8618784530386741 7.9106813996316756 1.0303867403314917 37.5999079189686896 118.7016574585635311 200.3204419889502788 230.9769797421731141 184.1588397790055183 88.8922651933701644 -11.1362799263351757 -84.9930939226519371 -129.0156537753222779 -148.5515653775322278 -156.6565377532228354 -152.3908839779005575 -135.5672191528545056 -104.1362799263351775 -63.7302025782688801 -14.0460405156537753 39.2246777163904241 82.6680478821362783
-427.3737242128121352 -449.4204125950054163 -462.6282301845819802 -469.2136807817589670 -467.7533116178067303 -460.6744842562432041 -450.2757871878392848 -439.9368078175895675 -428.9609120521172372 -419.7055374592833914 -416.1064060803474263 -414.4034744842562645 -409.7224755700326000 -401.8362649294245443 -390.6332247557003257 -371.8842562432138834 -347.8586319218240988 -319.9205211726384164 -292.3923995656894590 -269.1218241042345198 -249.9871878393051077 -236.5081433224755756 -230.7300760043431183 -233.0842562432139005
-445.3999183006536100 -442.8639705882353041 -438.7557189542483798 -434.7843137254902217 -428.9848856209150085 -425.0882352941176237 -419.5404411764706083 -413.6535947712418420 -407.1421568627450824 -403.2160947712418420 -403.7222222222222285 -414.0702614379084707 -426.8304738562091529 -448.0612745098039227 -475.6102941176470722 -510.7128267973856168 -553.9554738562090961 -600.3570261437909039 -651.9379084967320068 -701.6707516339869244 -744.7017973856209210 -773.0698529411764639 -785.4473039215686185 -775.0984477124183059
-0.4331015436208512 -0.8415199487103615 -0.8006361887853233 -0.5551363613946836 -0.2880357054791143 -0.0856142427380776 0.0714602751886374 0.0998668442077230 0.0898555013068994 0.2291019381565320 0.3685209843665236 0.5581446959609410 0.5693149874241752 0.4248656112837205 0.2651526359915175 0.1173497065640874 0.1185826305666519 0.1770972037283622 0.0632243428515066 -0.1870592296690832 -0.7167973566109385 -1.1560635202446121 -1.4253587808847463 -1.1941608719238546
119.2600147456377471 117.4890636520029545 106.1531088719587075 89.8793315310887238 71.8815433767510399 53.6554435979356086 36.4155812238879335 23.6188252641926759 14.5566478250184321 12.4890636520029492 14.5099533054804617 22.9181617104939797 38.7603833865814664 60.4949619071024856 87.8274760383386592 125.0007372818874387 169.6011304988940651 218.9658392725485498 261.0808552469894153 286.8768739247972235 288.3639714917670176 269.2447775866306188 240.8491029737036229 212.2469894322929349
31.4255319148936181 30.7015957446808514 37.6648936170212778 69.5478723404255277 114.2558510638297804 156.7914893617021335 158.0430851063829891 98.2968085106383000 9.9882978723404250 -78.4037234042553166 -139.6989361702127610 -176.8957446808510667 -196.7952127659574444 -213.6558510638298003 -224.3106382978723445 -219.5904255319148888 -196.2510638297872276 -156.3409574468085168 -95.7164893617021306 -10.0382978723404257 77.8446808510638277 141.7249999999999943 185.4521276595744723 201.0595744680851169
-291.8065410199556595 -312.7261640798226381 -350.5160753880265929 -403.1951219512195053 -470.0354767184035722 -536.7084257206208804 -565.9916851441241761 -549.4678492239468142 -474.2616407982261535 -326.2488913525498901 -145.2239467849223900 -51.3531042128603090 -124.4451219512195053 -244.2860310421285988 -367.7799334811529661 -446.3536585365853853 -476.5726164079822524 -473.4007760532150542 -453.4501108647449996 -430.6152993348115388 -408.9567627494456588 -383.4750554323725282 -359.8059866962306046 -343.5393569844789567
-438.1321510297482860 -491.8529748283752951 -547.0108695652173765 -578.9977116704804985 -566.4691075514874683 -500.5680778032036642 -363.4776887871853432 -170.6418764302059401 -46.1922196796338653 -86.5755148741418736 -210.0989702517162527 -337.3403890160183209 -421.7379862700228728 -462.9942791762013599 -467.1882151029748229 -450.9513729977116441 -429.4199084668192086 -409.6046910755148929 -392.8638443935926716 -373.0080091533180848 -362.7299771167047879 -362.1853546910755313 -362.2671624713958636 -353.7786041189931439
-367.7724478390462082 -370.5393070044709134 -373.2985283159463279 -375.0965909090909349 -376.6437220566318729 -378.1154061102831747 -379.3013226527570509 -379.4007078986587089 -378.1148472429210301 -377.3726713859910546 -378.5420081967213264 -379.4786698956780810 -380.5893256333829981 -381.0425670640834710 -380.8869225037257706 -380.3707153502235201 -379.6782786885245855 -379.9464418777943138 -380.4939456035767762 -380.6516393442623212 -381.0286885245901658 -381.4518442622950829 -380.5364195230998234 -377.9120715350223350
145.5568561872909754 150.1753623188405697 150.6415830546265227 147.6500557413600916 140.3722408026755772 129.9800445930880812 120.0647714604236285 109.1780379041248636 97.8276477146042396 86.4764771460423702 76.7985507246376784 66.6392419175027868 56.2705685618729063 45.1568561872909697 34.2740245261984384 25.3822742474916403 19.0202898550724626 15.8384615384615390 15.9836120401337798 18.6753623188405804 24.7047937569676712 30.8479375696766986 36.5337792642140471 43.3441471571906334
-292.5550432276656920 -294.7484149855907845 -312.0729106628241993 -335.4262247838616986 -362.0804034582132545 -389.2893371757925252 -416.2953890489913533 -444.1239193083573582 -470.3020172910663064 -493.4357348703169919 -514.3063400576369304 -530.0515850144091701 -540.2945244956772513 -548.7999999999999545 -551.9132564841498834 -553.4002881844380681 -551.9262247838616986 -548.8221902017290859 -544.4126801152738153 -538.6002881844379999 -532.4628242074927584 -525.3138328530259287 -515.4230547550432675 -504.7619596541786677
381.1562167906482728 402.9617428267800392 409.9436769394261546 407.6110520722635329 388.1370882040382639 347.2242295430393142 309.2008501594048653 262.2678002125398393 204.1997874601487695 136.7481402763017968 65.4027630180658832 -4.6046758767268861 -71.4357066950053081 -124.7183846971307162 -168.5164718384697267 -199.4973432518597178 -223.3390010626992535 -241.5823591923485765 -254.1615302869288087 -256.2986184909670442 -250.8257173219978711 -240.2571732199787391 -219.6939426142401715 -200.5005313496280621
-149.9572357452484255 -149.9138879626542291 -150.7554184728242888 -151.5686895631877178 -151.9959986662220786 -151.8481993997999382 -152.2801767255751884 -152.5808602867622596 -152.8755418472824203 -153.3423641213738051 -153.3562020673557811 -153.2475825275091665 -152.8724574858286189 -152.7592530843614611 -153.8244414804935047 -155.1338779593197614 -157.1060353451150320 -158.6297099033010909 -159.9443981327109157 -162.0362620873624451 -164.3512837612537396 -166.0609369789929985 -166.5405135045014902 -166.2596698899633338
-252.8302387267904408 -223.5432360742705669 -211.4185676392573043 -217.3267904509283710 -235.7156498673739975 -257.6509283819628422 -279.4562334217506532 -307.7342175066312961 -348.4323607427055549 -405.5564986737400659 -474.2795755968169829 -533.4084880636604566 -557.1798408488064069 -526.8005305039787345 -428.2466843501326252 -273.5193633952254686 -134.0822281167108656 -101.1034482758620641 -186.4440318302387141 -310.1363395225463933 -409.9299734748010451 -467.7448275862068954 -484.8291777188329092 -470.2562334217506645
-468.7834934991520868 -478.9960429621255003 -487.5132843414358490 -496.2882984737139509 -506.0016958733747856 -518.9010740531373358 -528.6879592990389938 -532.0763143018654091 -533.7433578292821039 -530.3798756359525441 -518.6941775014132645 -496.8711136235161234 -459.8038439796495140 -406.6071226681740995 -330.5692481628038308 -239.4058790276992568 -152.4499717354437394 -93.5488976823063894 -75.3589598643301315 -89.8886376483889222 -119.8988128886376501 -151.4901074053137506 -174.4895421141887937 -187.5992085924251001
119.7021783526208338 131.6763104152484800 142.1296800544588166 149.9046970728386725 153.0088495575221259 152.4775357385976804 145.5371000680735278 136.4972770592239613 127.1892443839346498 118.9033356024506531 107.4533696392103508 88.0190605854322712 59.5585432266848187 22.0435670524166092 -18.5925799863852959 -60.5929203539823007 -99.8403675970047715 -138.4857045609257966 -174.9741320626276320 -209.3373042886317137 -235.7440435670524153 -253.5462899931926586 -263.5714771953710169 -260.0299523485364261
-716.9320312500000227 -735.6218750000000455 -765.6343749999999773 -801.3796875000000455 -850.7124999999999773 -907.7867187499999773 -967.1921875000000455 -1027.7335937499999545 -1072.5203125000000455 -1079.0601562500000909 -1044.9375000000000000 -980.5117187500000000 -894.5414062500000227 -809.3234374999999545 -735.4312499999999773 -686.6460937499999773 -661.0281250000000455 -666.1242187499999545 -682.9257812500000000 -709.6820312500000227 -733.4062500000000000 -759.3429687499999545 -787.0359375000000455 -813.1609375000000455
100.2348561759729222 112.1560067681895134 127.9786802030456840 146.7553299492385861 168.1147208121827532 190.3698815566835947 213.2335025380710647 235.2101522842639554 256.5698815566835833 280.9093062605753062 299.9590524534687006 316.9864636209813966 333.2873096446700742 347.7137055837563366 359.6067681895092960 366.2098138747884946 371.5370558375634573 376.3668358714044189 378.5072758037225071 378.6389170896785004 378.3059221658206184 378.1099830795262164 375.0490693739424728 367.6680203045685289
-23.2440592130892085 -20.5769380599922087 -18.3428126217374370 -16.3975457732761996 -14.9663030775223991 -15.4957148422282813 -19.7639267627580821 -23.7841838722243857 -30.9452668484612374 -38.6819244253993020 -46.3936501753019073 -56.1081028437865186 -68.6147253603428169 -83.9561745227892544 -101.3449552006232892 -120.0272691858200176 -138.6016751071289548 -156.8691079080638815 -175.0159719516945813 -192.5389559797428944 -207.7824308531359634 -219.5997273081418086 -224.2089988313205993 -223.9440981690689512
-587.4281205164992343 -589.2434720229555296 -590.0556671449066926 -589.0665710186514161 -585.8675753228120584 -582.4928263988522303 -580.3282639885222807 -578.1212338593974209 -576.7895265423242108 -576.1909612625538557 -574.9978479196556691 -572.8958393113342709 -572.3127690100430982 -570.6852223816355263 -570.0292682926829002 -569.7549497847919611 -569.9886657101865239 -569.6939741750359190 -568.8670014347202368 -568.6067431850789262 -568.0905308464849668 -567.3519368723099205 -565.5754662840746505 -564.4213773314203308
-400.7548589341693059 -405.2746081504702147 -426.6551724137930819 -467.7297805642633080 -520.7266457680250369 -579.9235109717868681 -633.1862068965517665 -674.3460815047021697 -711.9078369905955697 -734.5103448275862092 -744.3824451410658867 -744.0476489028212654 -735.4050156739812110 -713.9285266457679882 -685.6758620689655572 -645.5354231974921504 -597.4990595611285471 -547.5799373040752016 -505.7197492163009542 -472.1905956112852891 -455.0620689655172555 -443.7905956112852550 -442.4438871473354311 -445.3567398119122345
-206.7649880095923152 -188.8633093525179731 -170.1688249400479549 -162.7347721822542042 -176.8124700239808078 -204.7501199040767403 -236.3961630695443716 -264.6095923261390794 -289.4685851318944856 -307.9482014388489119 -323.1678657074340322 -345.5717026378897003 -376.5304556354915917 -400.6091127098321181 -388.4455635491606813 -317.1290167865707303 -180.8503597122302153 -21.1002398081534785 73.4417266187050330 50.3371702637889697 -64.0287769784172696 -184.9194244604316566 -268.6594724220623220 -305.1664268585132049
-396.1469194312796276 -416.0959715639810383 -427.7120853080568850 -437.3495260663507338 -444.2831753554502257 -446.7713270142180022 -448.9691943127962190 -450.6836492890995487 -449.5236966824644469 -437.2417061611374152 -413.8092417061611172 -380.2286729857819978 -332.2239336492891084 -272.3649289099525959 -180.2393364928909989 -68.5414691943127963 44.6528436018957322 137.5047393364928894 208.5248815165876692 250.3590047393364841 266.3341232227488149 262.3578199052132618 242.6066350710900394 208.5213270142180022
-54.7081554381648445 -55.8708300166437510 -56.2588465156668320 -56.5273174614660974 -56.3080541283739748 -56.0038352992257060 -56.0306100296692975 -56.3584195672624659 -56.2618858093928651 -56.3239018742311330 -56.6082929300238789 -56.5840509443519792 -56.2683262175265924 -55.7758882697735032 -55.2799768434763763 -54.8084521311238149 -54.9263333092119552 -55.6400607858745175 -56.1212099283595052 -56.9421086909327769 -57.2840292351110776 -57.2911932846081484 -57.2030537665532961 -56.1942977060568793
-286.4903912148249674 -296.2096774193548185 -299.9045984900480448 -302.2656142759093996 -303.0092656142759324 -304.7453671928620338 -314.8321894303363138 -328.1094715168153471 -341.3737131091283459 -348.6986959505833852 -351.4402882635552601 -348.6949210706932263 -343.3057652711050309 -333.8205216197666232 -323.0614275909402977 -308.0658888126287138 -283.2614962251200836 -241.4502402196293644 -178.2086479066575180 -99.2731640356897742 -23.4770075497597794 24.8596431022649291 30.6523678792038439 3.6643788606726151
-364.1666666666666856 -302.4955555555555406 -259.1111111111110858 -238.9177777777777862 -280.9733333333333576 -376.8266666666666538 -512.8844444444443980 -683.7400000000000091 -817.0911111111111040 -914.3622222222222717 -974.3999999999999773 -996.1466666666666470 -997.3866666666666561 -998.7977777777778101 -1002.8577777777777555 -1021.2888888888888914 -1050.6111111111110858 -1057.3577777777777555 -1024.1866666666667243 -954.0666666666667197 -865.6066666666666833 -773.1244444444444071 -720.7288888888888323 -688.5266666666666424
-305.0103092783505190 -298.7893961708394954 -297.1605301914580082 -299.0780559646539132 -296.0456553755522577 -297.4639175257731836 -305.4918998527246004 -312.4756995581738011 -333.8659793814433101 -370.6877761413844041 -418.0589101620029737 -482.5405007363769982 -561.7952871870397757 -653.0117820324005606 -751.5994108983799151 -839.6848306332842640 -903.8969072164948102 -954.9337260677466475 -991.4182621502209258 -1020.1310751104565497 -1025.2606774668629441 -1012.8438880706921736 -984.5316642120766346 -940.5110456553755967
80.4517322569794828 66.5401950891355511 46.6569122098890006 27.7588294651866789 14.0430541540531451 7.7154389505549945 7.0625630676084761 13.0147998654557693 27.9784729229734275 48.7975109317188043 77.8654557685839279 122.7938109653548651 177.4705684493777369 236.9115371678439317 292.7073662966700454 318.5580221997981880 309.7739656912210080 271.6071308442650434 218.5122771611167138 163.3134880591994715 120.5445677766565780 91.7880928355196772 81.0117726202489052 81.9976454759502218
149.7126836813611703 154.8379737045630407 151.4922660479504941 140.1322505800464171 124.6225831399845276 104.3484145398298466 76.0494972931167865 41.8886310904872374 3.6040216550657385 -38.0738592420727002 -81.7590873936581630 -125.5781129156999185 -170.3982985305491127 -207.0800464037122879 -238.3178654292343310 -261.1724671307038079 -273.1252900232018419 -277.4833720030935638 -276.1291569992266091 -271.6960556844547341 -265.5510440835266763 -257.8012374323279232 -247.1991492652745421 -234.9976798143851511
-466.9967105263157805 -488.5953947368420813 -507.3146929824561653 -522.7719298245614254 -532.1085526315789593 -531.6403508771929864 -530.9484649122806559 -535.0296052631579187 -540.8256578947368780 -542.0120614035088238 -544.1885964912280542 -550.6973684210526017 -556.4967105263158373 -565.6940789473684390 -574.9309210526315610 -577.1096491228070136 -564.4473684210526017 -516.9221491228070136 -426.3475877192982466 -286.4484649122807127 -121.6118421052631646 13.0800438596491233 76.5603070175438631 37.8980263157894726
307.5398230088495666 322.0875122910521213 277.9193706981317860 197.8249754178957858 115.1635529334644445 54.7564732874467381 25.1101278269419872 23.0186823992133718 41.6532284496886263 66.3729924614880389 89.9308423467715556 105.5273680760406450 111.6365126188134980 110.7259914782038663 108.0029498525073706 106.6732218944608377 110.9954113405440808 123.5801376597836736 132.9239593575876768 129.6948541461815694 113.7954768928220233 87.7420517862995695 62.0268764339560832 44.0888233366109503
-336.9414909868622203 -340.2493889398105580 -341.4309501985945872 -340.9822028719829063 -338.9844943476932713 -336.9172013443323976 -335.1125878399022326 -333.1196914146043468 -331.6380996028108825 -330.5843263061411790 -329.5852428964253136 -329.9128475404827441 -330.4670791322945433 -330.7688664833486314 -330.7105866177818712 -329.8098838985640100 -329.0204705163458812 -328.5442254812098781 -328.4120837152459558 -328.8809960281087683 -329.5791322945310071 -330.0307057745187649 -329.9381301558203745 -328.5683623586923545
170.6250738770685587 171.3767730496453794 171.3064420803782468 171.6428782505910249 171.4859633569739970 171.4137115839243393 171.8339243498817837 172.2456412529550960 172.4732565011820213 173.1282505910165526 173.4570774231678456 173.6931885342789599 173.7301270685579198 174.0692966903073398 174.0263741134751854 173.7147606382978609 173.5849586288416049 173.2399527186761361 172.3262411347517684 171.2378841607564937 169.9752511820331051 168.7536938534279045 167.0699615839243393 164.3031176122931356
-357.0808772174884780 -368.5553848302835718 -371.3862271266936546 -366.3742142757368470 -357.3204358150579765 -345.7566699259672873 -333.5840201145411470 -322.4089956697862931 -311.2982260092191495 -299.8860176002235107 -289.9432881687386612 -280.5002095264702007 -269.8058388043022546 -258.8631093728174051 -245.9550216510685914 -232.2667970386925447 -217.5482609302975163 -205.0920519625645966 -196.0650928900684562 -188.6804022908227410 -184.2226567956418535 -183.7164408436932490 -186.7693811984914021 -194.2181868976113890
-613.2127125731809656 -619.1405073877892846 -619.9169222191246718 -617.1009199888486592 -612.3777529969333955 -606.3412322274881490 -599.3674379704488047 -591.6057987175912558 -578.7909116253135835 -562.2168943406746848 -542.2888207415667239 -522.0376359074435868 -499.5210482297184171 -476.2286032896570873 -454.3788681349316789 -434.4809032617786215 -416.2417061611374152 -402.1817674937273637 -390.0875383328686894 -380.6228045720657747 -373.7245609144131322 -366.7451909673822001 -358.2302759966545977 -353.9238918316141849
-876.2719251177487649 -877.2068204853037514 -877.9170690991473975 -878.7297442318010781 -878.7838192332916378 -878.3727419066356106 -877.9111071364693544 -877.7333810290347174 -877.3723841888750030 -877.1836284504859123 -877.0494246706015247 -876.8319918917308087 -876.6731055863590427 -876.5864186490192651 -876.4466702438443235 -876.5178560782209161 -876.4156680379180671 -876.0300482918977423 -875.8809396053180762 -875.8569725153520267 -875.7085196446670352 -875.5867167471532184 -875.3443629642878250 -874.5762236928396760
-216.7652173913043612 -216.9681159420289873 -209.3505314009661902 -195.4419323671497466 -179.5147826086956400 -163.6396135265700593 -144.7445410628019431 -125.7600000000000051 -106.4115942028985557 -89.1205797101449235 -72.8056038647342945 -56.7371980676328533 -40.1277294685990356 -26.6036714975845427 -13.8811594202898547 -0.7857004830917874 11.6977777777777785 20.3694685990338158 26.6554589371980661 30.4249275362318841 32.4114009661835780 34.4291787439613515 35.4154589371980677 36.3584541062801918
306.7259233080049512 316.5115744831242068 323.2074571479059841 328.0058314189786302 331.2185898568651510 335.1159215409082890 338.3286799787948667 338.5428520940095609 335.7720445308358421 330.9266654886022252 328.7034811804205674 325.5596395122813078 323.0116628379572603 320.4053719738469681 318.3504152677151637 317.2168227602049910 315.1848383106556071 311.3576603640219105 307.1523237321081297 300.9830358720622030 294.3728573952995475 287.4006008128644680 279.0160805796077170 270.0075985156387901
115.6293300608021468 116.6722262509064478 118.0195794053662013 119.1183689407039594 120.3970547219278160 121.0480838957996355 121.5363418307580758 121.7873598482735531 121.6259831539019416 121.1291348245662931 120.7579070675517414 120.5881073241479271 120.6513638645618300 121.2956992246332391 122.6263736263736206 124.4353768059351779 125.6729514140681658 126.2762313828303746 126.5486696045071682 127.2890054108328286 128.1705249065655039 128.6945389635745016 128.2476153288336036 126.4719696547107759
-224.7762817193164153 -235.0662868979803193 -251.3283272915587645 -273.1527705851890460 -303.5748316934231070 -346.5520455722423776 -401.8783013982392731 -469.5748316934231070 -532.5225271879854745 -561.1242879337130489 -538.6354220611082155 -451.9399274987053445 -301.6545831175556600 -149.7534955981356859 -89.8648368720869968 -162.1305023303987696 -286.2780942516830578 -389.3045054375970722 -452.3842568617296820 -475.8689798032107774 -469.9311237700673018 -449.6830657690316002 -426.9549456240289942 -404.1734852408078496
510.2441709844559341 521.2642487046632596 516.2383419689118682 505.9138601036269165 488.6029792746114140 462.8458549222797842 434.6599740932642248 406.1379533678756388 381.7784974093264054 358.1787564766839296 331.8031088082901761 302.9838082901554230 276.9863989637305508 249.1450777202072402 222.4047927461139977 194.1994818652849801 170.6612694300518172 152.0751295336787621 139.7493523316062181 131.0148963730569847 124.8102331606217632 120.4248704663212379 115.9177461139896366 108.8898963730569989
138.9900632339656852 158.8599819331526533 183.0496838301716309 208.0984643179765214 239.8392050587172548 270.7515808491418170 305.5573622402890805 344.4543812104787435 380.9168925022583494 416.6251129177958319 449.4977416440831348 479.2854561878951927 508.3613369467028065 533.0840108401083626 552.0216802168022241 569.0045167118337304 583.1345980126468476 591.2493224932248950 597.5022583559168652 597.9963866305329248 595.5898825654923030 587.2800361336946935 576.8428184281842732 558.8455284552845796
-208.9915785474577206 -209.7939593490787047 -210.1115684163870014 -210.1237257012600423 -209.4390552776546599 -208.6330652820869886 -207.9425061736212115 -206.9879693535110619 -206.0490090546444719 -205.3909960108908876 -204.2065472044576779 -203.1137212689166063 -203.0014563414170823 -203.1741277781295594 -203.0593934021401878 -202.5618945102260398 -202.2001519660609006 -202.2057873741531182 -201.9975305515101525 -201.7324764136009492 -201.3182422592287821 -201.5056670676882220 -201.9598556322421246 -202.8025074400050585
-176.3678726483357480 -170.7105643994211164 -174.8687409551374685 -186.8468885672937745 -204.7490593342981242 -225.0373371924746664 -244.3176555716352993 -263.4984081041968125 -280.4908827785817493 -297.5671490593343265 -313.2827785817655695 -327.4587554269174916 -338.7292329956584922 -347.1978292329956730 -351.4079594790159149 -353.6890014471779864 -353.4163531114327270 -352.9066570188132914 -352.8811866859623478 -353.8945007235889761 -353.8140376266280782 -351.6988422575976756 -346.8830680173661563 -339.0026049204051901
125.9045031055900665 136.6449275362318758 145.0988612836438847 150.4855072463768124 151.2950310559006084 146.7991718426501109 132.5926501035196736 109.9252070393374794 84.7543995859213197 61.2637163561076576 41.1896997929606599 25.2877846790890253 15.0002587991718421 7.6319875776397517 5.0007763975155282 6.1705486542443060 13.1565734989648035 27.2062629399585916 57.5452898550724612 112.2210144927536248 182.6736542443064195 251.3110766045548701 287.9821428571428328 277.1457039337474271
-643.8887260290704262 -644.6136557957737523 -644.4757542445340732 -644.1550018321729567 -643.4306827897886478 -642.5083669231709109 -642.1600097715891025 -641.2115549041162694 -640.1424209112007020 -639.5025039697080729 -638.8529375839746081 -638.4694027116159987 -639.5166727739098178 -641.4888237449615644 -643.1294735556369915 -644.6474899230487381 -646.5900818370587331 -648.3913521436423935 -650.3483571515818085 -651.2637107609624536 -651.8579455233907538 -652.6235495297422631 -653.5287651154269497 -652.3553194088189002
-363.1992427827732968 -375.1571225745385618 -371.5504022716517056 -355.2884524372929604 -329.8291528632276481 -296.4283009938475857 -261.4067676289635642 -228.8989588263133044 -203.1968764789398847 -188.0570279223852310 -182.0212967345007087 -178.9997633696166588 -168.6362991008045356 -151.5127780407004252 -136.9514907714150524 -129.7574538570752622 -136.5856601987695171 -157.5738286796024568 -192.4739706578324672 -233.8523426407950865 -274.1081400851869603 -306.5269758637008977 -329.0773781353526033 -341.2103644107903619
-9.4435064935064936 37.6850649350649363 6.5129870129870131 -87.3613636363636346 -195.9633116883116770 -280.0314935064935185 -328.6509740259740511 -349.1120129870129745 -349.4581168831168725 -336.7834415584415524 -317.4977272727272748 -295.2038961038961133 -270.0941558441558641 -244.8954545454545553 -231.9292207792207705 -232.3814935064935128 -239.2824675324675354 -239.3750000000000000 -229.7360389610389575 -210.8327922077922096 -186.9538961038961133 -164.2860389610389689 -151.3704545454545496 -153.6587662337662437
282.4039548022598751 303.7966101694915437 316.9943502824858683 324.1676082862523458 332.9764595103578131 343.7947269303201665 353.0094161958568861 354.2890772128060348 351.3644067796610102 343.4717514124293984 331.2542372881355845 308.5329566854990730 280.9086629001883466 236.7862523540489690 184.5244821092278755 125.2109227871939794 59.4661016949152526 -5.9011299435028253 -70.1572504708097995 -127.7203389830508513 -178.0037664783427545 -214.5969868173258135 -236.9726930320150586 -240.1478342749529133
-840.5185556670010101 -858.5937813440320951 -871.2788365095285599 -881.6860581745236232 -886.8274824473420495 -886.3660982948846367 -882.2056168505516780 -869.2347041123369991 -843.6880641925777127 -799.5215646940822580 -739.7532597793380091 -666.5075225677030630 -592.6910732196589606 -521.9307923771314108 -457.2577733199598811 -393.8766298896690046 -338.1765295887663001 -295.6970912738214565 -261.4202607823470430 -232.9257773319959881 -212.2096288866599707 -203.5546639919759286 -201.4904714142427338 -205.7652958876630009
556.6833176248821928 574.0047125353439696 589.7643732327992439 601.2233741753062759 607.0311027332704725 604.7360980207351986 600.3327049952874859 600.7681432610744423 592.4316682375117580 578.5306314797361438 556.6192271442035917 534.6710650329877126 511.1442035815268810 484.8171536286521928 453.7304429783223441 425.5457115928369376 394.6390197926484689 358.4524033930254632 319.3411875589067108 283.9670122525918714 252.0801131008482514 217.3242224316682325 189.5984919886899149 167.6748350612629679
-5.0447400241837972 -5.0471584038694077 1.8998790810157196 14.4764207980652966 32.9951632406287771 56.5214026602176531 85.8021765417170457 126.3206771463119651 175.7214026602176489 226.1521160822249215 271.8611850060459574 296.3765417170495766 290.4435308343410043 263.0749697702539152 223.9230955259975815 185.3025392986698989 152.6720677146311971 127.0198307134220101 113.0536880290205630 108.4769044740024242 109.8229746070133075 112.9342200725513976 115.1833131801692929 114.1569528415961372
-95.2425090549884743 -87.7048073756997013 -85.5852815278235113 -88.7313137965097098 -96.9713533091866964 -105.9988475469212972 -116.2839973658215342 -128.5120184392492604 -143.9349687191307225 -160.1254527494237720 -176.2502469542311587 -193.7981560750740755 -210.4851827461310450 -225.1371419163648397 -237.9787619361211739 -247.1585446163977622 -254.1117879486335198 -260.3743826144221316 -265.7360882449785890 -270.8541323674679120 -274.7296674349687464 -275.2708264734935710 -271.3957853144550540 -263.5321040500493837
-245.4936591401175292 -252.6670275286111860 -253.1951747602845728 -250.4273120940302988 -244.1829570058768866 -235.9528301886792576 -226.7007423445716086 -217.2947726569749420 -206.6865140736158253 -195.7847200742344569 -183.2330652644602651 -170.7695638725641913 -159.7047633776678026 -150.5689761831116584 -142.5204144757191500 -133.0586142901329936 -123.6597587380142329 -113.4752551809464904 -102.3390040210330909 -92.4709248376121309 -84.9150943396226410 -82.1480049489638162 -83.7553356016084081 -89.3069904113826141
-326.2241832519714535 -322.3856552760045133 -316.3379647014645002 -311.0600826135936927 -298.7791963950431864 -273.1817499061208991 -240.0108899737138586 -209.7318813368381427 -198.3860307923394544 -201.5835523845287298 -219.0784829140067700 -240.8700713481036360 -267.2313180623357312 -297.7386406308674509 -337.9827262485918027 -387.6759294029290004 -447.5253473526098560 -500.1659782200525797 -524.0867442733758708 -501.2354487420202531 -428.2914006759294239 -292.1483289523094413 -143.0818625610214099 -84.2369508073601168
585.2544185031638335 588.8282784202486937 591.6511018983198937 594.3314422867117628 597.1042984944359659 599.9048658084224144 601.6415012000873048 602.6569932358717097 603.3862099061749404 603.6299367226707773 603.9906174994545154 604.2681649574514040 604.6303731180449859 604.7610735326205713 604.5858607898755963 604.4695614226488942 604.2557276892864593 604.0074187213615460 603.2188522801658337 602.2068514073750976 600.4041021165176062 598.4560331660484280 595.8692995854244145 592.6205542221252927
137.7647988758124029 143.1707359915685913 138.4603899525733368 124.7927279114702230 104.3959248199543310 79.8684349200772914 54.6139118215352184 31.8879325487440717 11.7456525557702438 -5.0342525909011062 -19.7380994203407703 -33.1763569295626226 -43.9710170384682968 -53.1842613736167209 -59.4719831371860153 -64.2998419111189179 -68.5956437730546327 -70.5027226418408617 -71.9446688916212906 -73.6054804145441750 -74.7763920604250814 -73.0400491832074437 -69.1972597927279054 -62.5970490075531387
-464.8932735426009231 -482.5139013452914583 -481.0098654708519916 -459.9793721973094307 -417.2179372197309135 -358.4565022421524532 -275.8278026905829847 -181.4161434977578438 -81.3426008968609864 19.6950672645739893 97.6520179372197248 130.4995515695067354 131.4008968609865349 110.9623318385650208 80.9892376681614365 51.2331838565022437 21.9174887892376695 -8.3892376681614351 -35.5784753363228674 -63.7605381165919312 -85.8690582959641233 -108.9964125560538122 -129.1910313901345262 -142.6932735426009060
55.5342131979695424 57.7163451776649765 64.1228426395939124 73.7297461928934013 85.0956345177664986 98.0483248730964476 110.5297461928933984 123.1762436548223292 136.6795939086294425 150.2712690355329812 163.9750253807106617 177.0430456852791963 191.4503553299492467 203.9482233502538122 215.8387817258883388 226.0347208121827407 235.2846700507614344 241.4946192893401076 246.8259898477157321 250.6639593908629422 254.1461928934010075 255.7786802030456954 254.4765482233502496 248.7770558375634380
-102.3044539353264213 -102.5387431360585708 -97.9835265405735214 -89.5045759609517972 -77.3312995729103108 -62.5655887736424674 -47.1500915192190391 -25.3764490543014034 2.5338621110433190 38.5338621110433195 79.9176327028676070 126.1934106162294142 177.5118974984746671 232.6607687614398969 289.5241000610128026 342.4032946918853213 380.2202562538133179 406.4508846857839899 424.1348383160463413 431.5942647956071028 427.3788895668090504 420.0884685784014891 406.4405125076265790 393.9877974374618930
-329.0253402158610925 -343.5692163303613142 -360.0333176912247950 -386.9404035664007324 -411.6635382449554186 -417.9413420929141125 -374.7545753167527209 -256.2787423744720741 -83.6114500234631635 63.4565931487564541 90.7395588925387102 1.5621773815110276 -121.4340685124354735 -232.8113561708118198 -295.7367433129986125 -323.5316752698263940 -325.7681839511966473 -315.5504458000938257 -297.6776161426560066 -278.0422336931018208 -257.6480525574847320 -234.8808071328014933 -212.2022524636321066 -201.7395588925387244
-986.5632149487931883 -989.1456549080672858 -991.1699107624124281 -992.6927591782955460 -993.3570701323591265 -993.4700844463077374 -993.2761573935437127 -993.1324788884230657 -992.8883631790141635 -992.7999041744026272 -992.7868479367550663 -992.9600527040785209 -993.1142121339162259 -993.6650296460442178 -994.2026112475294894 -995.0796550278492987 -995.6272983170629232 -995.9907767862490573 -996.5804635563274587 -996.5881296041204678 -996.1034317542073495 -994.6810205426124867 -992.5059591543390525 -989.2319578367371378
-362.3337070254110586 -373.7866218236173381 -379.7597159940209508 -375.6902092675635458 -370.8523916292974718 -362.7608370702541265 -353.7376681614349536 -337.2948430493273690 -313.4327354260089464 -284.9555306427503751 -248.0366218236173381 -203.4573991031390108 -156.2970852017937204 -105.0216741405082246 -57.8523916292974576 -23.1498505231689080 0.8923766816143498 13.9215246636771308 14.6767563527653220 9.4977578475336326 1.0205530642750373 -6.2421524663677133 -15.2298206278026900 -24.6595665171898339
-698.0934125269978949 -686.1700863930885816 -681.2823974082073164 -688.3212742980562098 -696.9130669546436820 -710.0912526997840359 -732.1117710583152984 -759.1344492440604199 -792.1835853131749445 -835.8660907127430164 -880.8936285097191785 -924.4524838012958980 -960.5696544276457871 -976.8002159827213973 -965.2672786177105309 -930.3909287257019969 -875.4292656587473402 -807.6301295896328156 -745.6830453563715082 -687.6047516198703988 -645.5815334773218410 -625.9503239740820391 -618.0259179265658531 -628.4103671706263867
-426.3665287941457223 -420.2987591473115003 -403.0155902004454447 -382.9223671651288328 -364.5507476932866666 -350.1364937957365555 -335.4257079223671667 -320.3776646516067217 -297.4661151765828890 -268.1928094177537218 -241.2962138084632500 -220.9837734648424998 -210.8533248488704999 -212.6751511294941110 -224.1116767419662779 -244.3888005090677780 -273.8030544066178891 -314.6684696150175000 -365.8081450843143330 -426.0311804008908894 -489.8342348075087216 -543.4400254533884436 -573.3137130130448895 -551.5536111994908879
35.6563593932322078 37.1379813302217059 43.6414819136522780 50.8389731621936960 55.2260793465577606 54.9139439906651106 53.8491831971995367 48.0554259043173886 44.0545507584597402 52.7307467911318568 88.2610851808634749 140.2535005834305650 182.4515752625437699 186.3366394399066621 142.7812135355892735 70.9037339556592769 -6.8932322053675614 -67.2199533255542576 -103.3348891481913654 -123.6140606767794594 -135.9539089848308038 -138.0093348891481924 -128.7042007001166724 -114.9337806301050193
-447.1848645001686577 -449.3090070842235377 -450.5660631957719602 -450.6361182952884405 -450.8288541549533193 -449.7405824806027113 -447.9646913302597682 -446.8341392106150920 -445.0391319014955798 -443.3407174181940604 -441.2747104464185099 -440.5306420780389089 -440.4383222759473711 -440.1643989654784832 -439.7198920499268979 -439.4038007421567613 -439.5872034184189943 -439.2639154391094394 -438.2976498369504270 -437.1914989317440927 -436.3073203643314741 -434.4791408973349576 -432.5113010232767579 -429.8877769031822709
-768.7413658536585217 -769.6974634146341714 -769.2139512195121824 -769.4451707317073215 -768.8074146341463120 -768.7891707317073724 -768.0532682926829011 -766.7997073170731710 -766.2933658536585426 -764.8577560975609231 -764.3724878048780056 -764.2356097560975741 -763.6450731707317345 -763.5659512195121579 -763.2561951219512366 -762.7071219512195057 -762.4122926829268181 -763.0254634146341459 -763.3600975609756460 -763.2367804878048219 -762.3230243902438588 -762.0070243902439415 -760.7554146341462911 -759.5722926829267863
-777.1388888888889142 -789.9013532763532339 -797.0986467236467661 -802.4209401709401845 -804.0925925925926094 -801.5042735042735558 -796.7849002849002318 -793.0648148148147811 -785.7336182336182446 -775.0427350427349893 -760.9768518518518476 -741.9764957264957275 -718.0206552706553111 -689.1232193732193991 -657.2546296296296759 -622.3657407407407618 -590.7129629629629335 -562.2222222222221717 -538.4009971509971137 -518.5206552706553111 -502.0302706552706695 -487.8418803418803691 -479.1452991452991341 -472.8977920227920322
-151.1660649819494608 -140.7566787003610216 -130.4815884476534222 -119.3617328519855647 -106.4389891696750965 -95.4267148014440494 -88.1501805054151646 -95.0223826714801447 -112.5148014440433144 -135.8404332129964018 -161.6252707581227526 -193.4173285198556016 -234.9422382671480136 -285.2729241877256072 -344.4642599277978547 -409.3559566787003519 -475.6007220216606584 -546.8570397111913053 -608.7862815884476504 -654.8931407942238820 -677.7234657039711010 -679.2498194945848127 -659.2555956678700113 -620.6584837545126447
-389.1896633475581098 -413.2176386913229180 -424.0829777145566482 -391.8511142721669103 -278.5926979611190291 -101.6420104314841097 54.9914651493598896 98.2437174016121446 29.8321479374110936 -89.2892366050260762 -204.9497392128971001 -280.6818397344713389 -315.1877667140824997 -324.5784732100521524 -320.3034613560929529 -304.7401612138453970 -284.8885727833095984 -263.0621147463252782 -239.5865339023233673 -211.3760075865339161 -191.0109056424846017 -186.2247510668563280 -189.9369369369369451 -195.9269796111901485
-292.2714054927301959 -292.5034618047542381 -290.9170897761366064 -289.1400876990537654 -288.3669513039464505 -288.2105931225478912 -288.7708862220170545 -289.5693514885760464 -290.1957073621047698 -290.3038887606738854 -289.6234133394876267 -288.4307639049157501 -287.4615739672282757 -287.1306254327255942 -287.3657396722824728 -287.7427879067620324 -288.0730440803138777 -288.3348719132241058 -289.1265289637664182 -289.9079736902838818 -290.9421301638587352 -291.8243134087237536 -292.0201938610662182 -291.1153934918070831
-111.2921057279095720 -111.8988049685053312 -111.6072290575145729 -111.3019956437275511 -111.2185200447400888 -110.8658974509919375 -110.3994230882439496 -109.7537528698416480 -108.8930358509448411 -107.8243362571378157 -106.8449991169718061 -106.2248778477659386 -105.5758521222111028 -104.5544239712721435 -103.6630953081768354 -103.5193971860834807 -103.5065049743921861 -102.8901512921646031 -102.6763407311473486 -101.9888738447047700 -101.2944016012244646 -100.5904515217519304 -100.0612821569435482 -100.3331959733914118
-250.9291854277527705 -273.6541137945149558 -295.8772001637331073 -312.0155546459271250 -323.5861645517805982 -337.0900532132623653 -360.7445763405648904 -379.9545640605812764 -379.6880884158821345 -324.6635284486287105 -200.1665984445353956 -46.6062218583708585 65.7196070405239396 75.0130986492018081 -11.0581252558329926 -131.4604993860008051 -229.4564060581252534 -280.9602947196070204 -301.0450266066312111 -303.1387638149815871 -296.2349570200573226 -285.8759721653704560 -274.7482603356529012 -262.4318460908718862
185.6063829787234170 181.7287234042553052 241.4202127659574444 155.1117021276595835 59.8457446808510625 62.7340425531914860 -38.3829787234042570 -187.5478723404255277 -357.3989361702127781 -520.2553191489362234 -672.8882978723404449 -796.3031914893616658 -875.1063829787234454 -883.6861702127660010 -813.6117021276595551 -661.2872340425532229 -397.0585106382978893 -13.7712765957446805 154.3351063829787222 253.1117021276595835 210.9574468085106389 140.6968085106383057 125.2500000000000000 43.1382978723404236
-298.3783091374893388 -296.5213492741247023 -294.3541844577284223 -291.4216481639624021 -290.3558923996583871 -290.6599060631938301 -292.4017933390264830 -296.9239965841161393 -302.7914175918018600 -312.8593082835183736 -325.9694705380017012 -340.7739111870196211 -357.9359521776259498 -378.5433390264731202 -401.1178479931682546 -423.6752775405636271 -446.2102903501281048 -465.9489752348420097 -481.7517079419299648 -496.1259607173356017 -504.8661400512382329 -510.9735269000854032 -511.3339026473099693 -499.0627668659265623
-908.7784131522515736 -945.4631879914225010 -986.4488920657612425 -1028.1994281629736179 -1060.5947105075053969 -1064.8027162258756562 -1041.9478198713366055 -984.0864903502501875 -903.3280914939242621 -811.6976411722658895 -731.1408148677627423 -666.8656182987848524 -630.3309506790565138 -621.4946390278770423 -634.8663330950679438 -665.3488205861330016 -703.2844889206576227 -735.9406719085060331 -764.9163688348820642 -789.7526804860614220 -810.2080057183702593 -823.5732666190135660 -834.1601143674052992 -833.4410293066475788
-574.3280911062906853 -584.0753796095444841 -536.2472885032537988 -428.0325379609544711 -271.2516268980477321 -132.3790672451193018 -98.9934924078091143 -191.1485900216919731 -321.8373101952277580 -424.1312364425162968 -472.7738611713666046 -481.3481561822125627 -465.4191973969631135 -440.1789587852494492 -418.9490238611713835 -401.9886117136659323 -385.2863340563991414 -373.8861171366594363 -369.7489154013015309 -372.1811279826464443 -363.4815618221257978 -351.3834056399132351 -334.6035791757049651 -313.5986984815618257
-286.0359450726979276 -278.8016962843295801 -256.3953957996769191 -219.9939418416801402 -170.3582390953150139 -110.8796445880452382 -47.6474151857835224 4.7217285945072698 39.4285137318255252 49.9620355411954762 41.4450726978998389 22.4495153473344118 -6.6999192245557353 -39.9333602584814216 -74.2645395799676891 -108.8004846526655882 -138.9527463651050141 -168.2213247172859383 -193.3675282714054902 -212.5488691437802800 -227.2972536348949859 -240.3271405492730253 -247.5529079159935293 -243.1716478190629971
-820.1107827247592468 -820.9675850891410391 -822.3675278863571521 -822.7563161407188090 -822.9786442940222742 -823.4852702831537954 -823.5911907712842321 -823.8652874439889047 -824.0593002192773611 -824.6209362188959631 -824.8390695013823688 -825.0992468300123619 -825.0196396224616819 -825.2330060062922712 -825.6555439031366177 -826.2582705691677347 -826.4274954714462638 -826.9534750691200315 -827.4828868338258872 -828.1881018209552394 -828.0919058060825364 -827.4619124797407039 -826.3984173896462835 -825.0347983601868691
-89.8552419354838747 -101.1298387096774150 -122.8221774193548441 -147.2826612903225794 -169.7080645161290420 -190.2794354838709694 -205.6907258064516100 -219.2568548387096712 -229.1205645161290363 -238.0939516129032256 -243.6822580645161338 -244.1161290322580726 -235.3838709677419274 -216.2443548387096826 -186.1830645161290363 -146.5294354838709694 -96.8592741935483872 -41.8915322580645153 16.3225806451612918 70.0068548387096712 110.1419354838709666 130.1717741935483730 134.8080645161290363 123.6806451612903288
-508.0091383812010690 -510.0270591027771161 -510.3922383099928766 -509.2816282933776506 -508.5950629005459405 -507.5881794445763262 -506.8861856159506374 -504.9194160930453563 -503.1273439354379207 -502.2197958699264291 -502.1171374317588629 -502.6158319487301469 -502.5487775931640044 -503.4585805839069508 -504.4531212912414162 -505.1248516496558523 -505.5528127225255162 -506.3946119154996381 -507.4839781628293167 -509.3135532874436535 -510.4471872774744838 -512.0503204367433909 -513.2049608355091550 -511.9947780678851359
-109.7064291247095298 -139.9655305964368779 -161.6006971340046334 -174.0302091402014071 -180.7501936483346299 -178.1901626646010754 -164.0778466305189909 -129.9171185127808030 -77.4682416731216108 -5.4070487993803251 82.4481022463206870 159.1103795507358711 205.7478698683191283 217.6909372579395949 194.0209140201394291 140.1727343144848987 81.6208365608055715 40.3303640588690939 20.0747482571649876 22.9500387296669253 35.3505034856700249 47.5774593338497311 51.9961270333075163 49.8563129357087504
-291.5001492982980267 -254.2965064198268124 -218.5974917885936009 -217.5640489698417355 -263.4428187518662412 -329.7148402508211689 -394.1672140937593554 -439.3111376530307552 -467.4356524335622680 -481.5398626455658473 -485.5547924753657867 -483.5473275604658170 -476.2284263959390955 -461.2558972827710022 -446.7411167512690326 -434.6297402209614802 -421.8274111675127074 -401.9468498059122226 -378.3675724096745512 -350.6542251418333649 -317.1116751269035490 -280.9459540161242330 -254.0856972230516533 -241.7569423708569616
74.1955238148793796 73.4462689085081308 73.6322892650284047 74.0203565202721734 74.8379913400438568 75.6392059832424195 77.1586908845526693 78.8972051959736831 80.7748411404150062 82.8800539841421653 84.3807569026598401 85.3168756677725924 86.2796491030759682 87.4236068154979478 88.0502727323848688 88.3533711972108193 89.1835460833380154 90.5334870381825283 92.5257830512287001 93.9250407692740197 93.8022268458640269 93.2613732216161537 92.9352190294101064 92.2576055783613498
-237.6713453698311014 -238.3432731508445102 -239.1550378567268353 -240.4107746068724509 -241.9617355853232255 -243.5662783925451436 -244.6083284799068167 -245.7507280139778629 -246.7975538730343601 -247.5358765288293625 -248.6693069306930681 -249.7471753057658646 -250.7809551543389546 -251.6675596971461744 -251.9717530576587023 -251.8797320908561517 -251.6864880605707526 -250.6008153756552019 -249.8208503203261444 -248.9256260920209627 -247.6882352941176464 -246.7245777518928378 -246.3546301688992344 -246.1835177635410616
-114.3149748020158398 -101.1072714182865440 -43.5453563714902785 52.5856731461483093 159.2778977681785477 238.6659467242620565 258.3200143988481159 222.6313894888408811 155.0820734341252773 80.1184305255579545 25.9085673146148316 1.9820014398848091 -1.0536357091432684 12.9193664506839454 31.8732901367890555 46.1940244780417544 53.0871130309575250 57.8650107991360656 59.7059035277177799 53.0277177825773904 45.0701943844492448 40.8743700503959673 46.7552195824334049 59.6367890568754504
-346.1973125884017009 -359.9618104667609373 -360.4306930693069262 -350.6725601131541907 -335.1810466760961731 -311.8090523338048001 -281.7298444130127564 -242.4830268741159784 -189.3628005657708684 -133.9214992927864216 -67.1824611032531891 5.2708628005657712 73.0735502121640792 129.3925035360678919 173.9787835926449873 206.2432814710042521 228.1188118811881225 241.5473833097595389 245.4101838755304072 245.0622347949080506 241.1944837340876973 231.8995756718528867 227.3486562942008504 218.9108910891089010
399.5094505494505484 406.1426373626373447 410.7980219780219500 414.7813186813186803 417.6164835164835267 420.1136263736263459 421.6353846153846234 422.8197802197802275 424.3019780219780159 425.4268131868132059 425.9606593406593333 426.3846153846153584 425.6857142857143117 425.7158241758241957 425.9551648351648510 424.7061538461538248 423.3837362637362389 423.6340659340659158 422.7692307692307736 421.5391208791209010 419.6206593406593583 416.8063736263736132 413.0890109890110011 409.3004395604395427
38.1145675265553905 44.9305766312594841 35.7314112291350554 15.4776176024279213 -11.7962822458270100 -46.7173748103186668 -87.1157056145675313 -129.3012139605462778 -172.7621396054628349 -215.2966616084977147 -257.6695751138087758 -294.0606980273141176 -321.9157814871016967 -344.1487101669195567 -359.9070561456752557 -368.3873292867982059 -375.7750379362670969 -382.1263277693474834 -386.0405918057663257 -386.8452200303490258 -383.5201062215477918 -377.6938543247344455 -366.6813353566009255 -354.7511380880121123
-424.8343587316611547 -363.2432560340747614 -209.6625650733554096 -21.1131093232371043 94.5589209654519607 62.6781826786559364 -65.4841457643161391 -198.7969711310932439 -292.0686228111689502 -337.5149077141505245 -350.1230477993374279 -341.0894462849029765 -322.1079034548035906 -298.0061523899668714 -277.2247988641741472 -254.8769522006625721 -230.5054424988168478 -217.6890676762896248 -216.4401325130146745 -221.1003312825366720 -221.7250354945574884 -214.4372929484145800 -204.4074775201135878 -189.5863700899195408
808.6152149944873599 810.5259095920617938 812.3508820286659784 813.9109702315324739 815.1598676957000862 816.0033076074972769 816.9137265711135569 818.0603638368246493 819.2045203969129261 820.1234840132303816 820.5667034178610493 821.0468577728776154 821.3197353914001724 821.1852260198456861 820.6846747519294922 820.0248070562292924 819.0981256890848954 817.8602535832415015 816.6372657111355693 815.4299889746416738 814.0760749724365724 812.5192943770672400 810.6664829106946399 808.5485115766261970
-932.3706067150991430 -934.9157667386608637 -936.4639701551149074 -937.0968977027292794 -937.6968387983506545 -938.1227174553308714 -938.6563911250735828 -938.0937561358728090 -937.6228156292951326 -937.1184959748674146 -936.5838405654819780 -935.9408992735126276 -935.3800314156685545 -934.5191439230316064 -933.2034164539563790 -931.8281955625368482 -930.8966228156292573 -930.8419399175338640 -930.2371882976634652 -929.3705085411348819 -929.4734930296485800 -929.0616532495581623 -928.3189672098959591 -927.7806793638327463
-154.8774459320288486 -145.0803295571575688 -141.2466529351184477 -140.4788877445932087 -138.7621009268794978 -135.7677651905252389 -133.4830072090628335 -137.4897013388259666 -157.4078269824922813 -191.7538619979402768 -231.3218331616889714 -269.5638516992790983 -302.0633367662204023 -333.1189495365602511 -363.7893923789907262 -398.8321318228630048 -425.0679711637487230 -428.2291452111225567 -379.9546858908341846 -273.2945417095777429 -113.1436663233779569 46.9459320288362534 98.3985581874356399 45.5159629248197746
-87.7675916749256686 -100.0421209117938588 -106.3538156590683883 -111.1709613478691807 -113.8032705649157634 -115.6863230921704684 -116.0877106045589642 -118.7388503468780954 -119.6105054509415311 -114.4687809712586670 -103.3701684836471770 -88.6154608523290364 -66.4093161546085184 -35.5584737363726475 8.8483647175421201 62.3508424182358780 119.7031714568880147 179.1139742319127777 234.4628344895936607 279.4722497522299136 312.4137760158573087 333.2319127849355596 332.1749256689791991 313.9355797819623604
-754.6954643628509984 -776.5863930885528816 -779.8077753779697332 -760.7408207343412414 -723.1306695464362519 -659.4125269978401320 -581.9740820734341469 -499.0604751619870285 -417.1371490280777721 -344.0248380129589805 -279.5896328293736701 -229.3056155507559311 -195.3002159827213688 -169.5658747300215907 -151.3812095032397451 -140.4838012958963418 -126.1231101511879018 -109.5982721382289355 -98.9395248380129573 -92.1684665226781874 -82.3380129589632759 -79.1792656587472976 -87.9136069114470899 -103.0701943844492376
-225.8728813559322077 -273.4491525423728717 -356.6864406779661181 -449.5762711864406924 -559.6779661016948921 -675.8432203389830875 -772.8686440677965948 -835.8813559322034052 -825.1737288135593644 -742.8008474576271283 -577.0296610169491487 -255.6144067796610102 90.8262711864406782 305.2881355932203178 404.4237288135593076 316.5042372881355845 193.0635593220339103 153.2245762711864359 39.5847457627118615 -62.2500000000000000 -160.5550847457627128 -232.6101694915254257 -291.2923728813559592 -334.2076271186440408
-1286.6944444444443434 -1587.6250000000000000 -1577.3055555555556566 -1284.8472222222221717 -849.9166666666666288 -472.9305555555555429 -199.4305555555555429 -85.5138888888888857 -201.1111111111111143 -614.1250000000000000 -1198.3194444444443434 -1629.0972222222221717 -1624.5000000000000000 -1325.1527777777778283 -901.1666666666666288 -497.0555555555555429 -205.9027777777777715 -62.7777777777777786 -167.0555555555555429 -534.4444444444444571 -1094.4861111111110858 -1566.0138888888889142 -1651.7083333333332575 -1364.5138888888889142
-162.8329650905877202 -168.6663720724701818 -193.2558550596553175 -225.4661953159522625 -255.3857711003093129 -281.6557666813963579 -298.2996022978347241 -312.2611577551922437 -331.1365444100751461 -355.7984975695978846 -375.9748121961997072 -369.1511268228015865 -309.5629695095006468 -188.5669465311533486 -38.3358373840035327 65.6416261599646447 66.8979231109147179 -35.1254971277065877 -149.1957578435704761 -243.6637207247017329 -295.0521431727794948 -318.0645161290322562 -320.2598320813079908 -310.1970835174547005
-2167.7549668874171402 -2178.3112582781454876 -2186.8675496688742896 -2196.4701986754967038 -2202.3576158940395544 -2208.5165562913907706 -2214.4503311258276881 -2221.1125827814571494 -2229.7086092715230734 -2237.9735099337749489 -2249.2715231788079109 -2258.1655629139072516 -2261.2516556291388952 -2264.1125827814571494 -2261.9337748344369174 -2256.4172185430461468 -2244.9205298013243919 -2232.6490066225164810 -2221.0927152317881337 -2214.4172185430461468 -2206.8476821192052739 -2195.1589403973512162 -2183.3774834437085701 -2168.7748344370861560
-991.8395904436860064 -1003.9021615472126996 -1011.8009101251421953 -1021.5164960182024743 -1029.6268486916951588 -1034.0784982935153948 -1032.4778156996587768 -1031.2718998862344506 -1026.8202502844142145 -1023.3856655290102253 -1017.9362912400455343 -1009.0386803185438112 -997.4414106939703970 -975.1649601820250837 -943.9647326507395064 -894.2548350398179764 -829.4971558589305687 -753.4186575654152875 -672.6916951080773970 -600.9761092150171180 -537.3913538111490880 -488.6154721274175472 -471.1990898748578047 -474.5199089874857918
127.3086699954607326 89.0721743077621397 12.6218792555605983 -68.5910122560145226 -126.0975941897412582 -161.2106218792555694 -182.8765320018157183 -196.7462551066727201 -203.0776214253290846 -191.5006808896958717 -163.1062187925556088 -120.3272809804811629 -53.3118474807081242 34.6804357694053564 118.7426236949614093 179.8147980027235633 197.0172492056287012 185.0871538810712593 141.4639128461189159 82.1443486155242795 32.6890603722197000 3.5842033590558331 -2.2265093054925100 8.4321379936450302
230.2891846218842318 261.3884664131812201 288.5840726658217363 305.9393747359526969 301.3506548373468377 276.4370511195606355 236.2306717363751716 192.3745247148289081 154.0682298267849717 125.5747782002534905 109.1182931981411031 102.9461343472750343 103.4085340092944705 108.1030840726658226 114.1660329531052014 119.4662019433882563 121.1696239966201887 122.4032530629488775 126.6607520067596084 131.5373891001267452 136.5401351922264439 138.2627798901563096 136.2063793831854639 128.3973384030418288
46.8132726923323332 44.9329959643840908 42.9432451476522985 40.4525654986868233 38.2386778553584037 36.6043815258471597 36.1329190955095783 36.7499199282557143 38.7976426878483096 40.9155723528281356 42.7413362372685910 43.8408814297610689 44.3273332906284026 44.2674396259048137 44.0770610466978425 43.9938504900390726 44.5351995387867561 45.6910511818589455 46.7770802639164671 47.6991864710780860 47.6048939850105697 46.3482800589328008 45.2776888091730214 45.4181666773428958
4.7515375153751540 27.2324723247232470 63.1319188191881935 111.5556580565805689 172.0602706027060265 238.5132226322263307 300.4523370233702053 340.8274907749077443 350.0479704797048157 327.4314268142681499 282.3194956949569701 229.8813038130381301 185.7856703567035765 155.7057195571955788 137.2718327183271754 130.3188806888068996 131.8194956949569416 137.1737392373923683 140.7450799507995214 140.7776752767527739 138.0747232472324697 134.0765682656826527 128.9077490774907631 126.7447724477244719
-416.2598091198303223 -415.2311770943796319 -417.4202898550724399 -423.8974902792506327 -435.7115588547189873 -454.7285259809119680 -478.2396606574761222 -505.6783315659243385 -537.5980911983033366 -570.1958289148109316 -607.0873100035348671 -640.3958996111700799 -667.2728879462707710 -690.3898904206433826 -706.6744432661718065 -719.9710144927536248 -729.1233651466949368 -733.3283845881936713 -732.1887592788971233 -726.5906680805939004 -719.4517497348886081 -711.9045599151643273 -703.3425238600211742 -695.9897490279250860
75.6828963795255873 95.4288389513108655 83.6145443196004976 47.8907615480649156 -6.5199750312109863 -67.6039325842696570 -116.8086766541822783 -153.3043071161048658 -178.3779650436953830 -195.0084269662921486 -204.0411985018726568 -205.5474406991260992 -203.2212858926341994 -197.2175405742821397 -185.4722222222222285 -170.1217228464419406 -155.9772159800249653 -143.7749687890137409 -131.8892009987515621 -119.2500000000000000 -108.4094881398252141 -99.6179775280898809 -93.5586766541822783 -90.5190387016229749
-191.0291325695581008 -195.9057283142389565 -182.6160392798690566 -153.1234042553191443 -102.6815057283142352 -32.0350245499181696 53.4432078559738102 129.1436988543371456 183.2242225859247071 204.0988543371522042 188.0016366612111369 151.2648117839607096 105.7322422258592525 65.0795417348608822 40.8481178396071982 35.5590834697217701 42.3355155482815064 52.9849427168576099 60.8576104746317483 61.5757774140752829 58.1846153846153840 50.6949263502455025 42.0844517184942717 36.9004909983633382
-12.0404357846218311 -16.6796564005866337 -21.1156505342551846 -25.5241986172218738 -29.9203855017808493 -32.8921014037293133 -36.2585376073748193 -39.0291221454012174 -42.0779384035198021 -45.1944269851246574 -46.9354703540750080 -46.5153991200502830 -44.1160695579300253 -38.8434946574481472 -32.4058244290802406 -21.3693693693693696 -4.3016970458830928 18.3632935260842238 49.1437251204693055 84.8627697464906703 119.0802430337314064 146.9842866121935856 166.0425309029960204 167.4860674628116612
12.3148648648648642 22.4391891891891895 30.9060810810810800 38.2952702702702723 37.4817567567567593 35.2567567567567579 25.4912162162162161 17.0324324324324330 6.4013513513513516 -1.6668918918918918 -11.1344594594594586 -25.3844594594594604 -49.8378378378378386 -84.7932432432432392 -126.6885135135135130 -178.3486486486486626 -240.2918918918918791 -307.6777027027026747 -367.4195945945945709 -421.6743243243243455 -468.6918918918918848 -496.9222972972972912 -510.2047297297297064 -504.5547297297297291
