124.9098360655737707 57.4344262295081975 68.5573770491803316 91.1639344262295026 137.1857923497267677 156.9016393442622928 150.6885245901639223 191.2240437158469888 245.1803278688524586 326.8469945355191157 454.5191256830601105 601.9644808743169051 723.3196721311475130 813.9781420765027633 627.2540983606556892 95.3852459016393510 -608.5519125683059656 -659.1830601092896131 -87.9289617486338813 84.5956284153005527 84.8333333333333286 107.1693989071038260 175.3005464480874309 223.1557377049180388
-769.0659898477157412 -712.3461005999076860 -481.9681587448084770 -287.6898938624826769 -184.7171204430087812 -136.5283802491924234 -121.0216889709275563 -151.1352099676972784 -209.9284725426857392 -273.5856022150438207 -326.4840793724042669 -370.7281956622057919 -410.8269497000461570 -415.8855560682972055 -390.1084448546377530 -371.0706045223811884 -374.1998154130133685 -382.2898015689893896 -388.1698200276880470 -379.4923857868020036 -357.1347485002307280 -325.2741116751269033 -291.6354407014305252 -265.4448546377480511
-407.5282019955202486 -447.1368356750152770 -433.9647729586642413 -352.4337202199145054 -250.3606190185298317 -175.1429444105070274 -134.7397678680513025 -116.9134595805334982 -118.3323152107513749 -134.5379759723070663 -156.8348605172062662 -176.8517613520668021 -193.8275300346161600 -202.6542455711667685 -212.0354306658521750 -221.2924048055385811 -223.6477295866422423 -222.3887192017919006 -220.4080635308491196 -218.6070046833638685 -218.5807371207493475 -219.3703929953166494 -218.0315618000407198 -215.0466300142537079
-207.4346302138100384 -226.8170347003154461 -264.1349456712232495 -312.6498422712933802 -360.7886435331230359 -410.5026288117770719 -464.0136698212407964 -539.8755695758850379 -631.3992288818786847 -696.8303540133192655 -683.5986680686995669 -591.9547844374342276 -464.9502278303540379 -343.8513845075359541 -248.2029442691903398 -183.0672975814931647 -153.7823343848580464 -155.4419908867858453 -192.1097090781633483 -253.4192078513844990 -316.1791097090781477 -378.5383806519453174 -434.5888538380651767 -467.0648440238345529
165.8112344872632207 167.5918789462225220 167.8743740474635331 167.2559329414326044 167.5805029392553820 167.7747659481820222 168.0190507293707753 167.3336599172654076 166.3614739821467481 164.2053124319616870 161.1875680383191707 159.3696930111038625 159.0060418027433116 160.3606030916612326 161.6728173307206760 163.0991726540387674 163.5259634225996024 163.1980731548007952 162.9839973873285430 162.8121598084040897 161.9071413019812837 161.9008273459612326 161.3037774874809429 158.2835292836925873
266.9126213592232943 285.5053166897827168 293.0203421174294931 290.2612112806287428 283.3527508090614901 271.5043920480813426 252.4512251502542881 227.4780397595931447 197.3865002311604258 165.4040684234859100 129.8659269533056033 88.3236245954692549 43.3305594082293126 -4.4193250115580209 -53.7364771151178928 -102.1599630143319501 -151.6024040684234819 -191.7447988904299621 -225.7757743874248604 -249.5238095238095184 -266.2362459546925493 -271.4646324549237306 -266.9338881183541616 -248.1262135922330003
-306.3034265103697180 -313.4224526600540912 -317.7799819657349190 -322.2310640216411457 -326.0433949504057978 -326.2202434625788783 -321.6151938683498770 -314.5149909828674595 -306.6345807033363258 -297.6399909828674595 -285.9710324616771686 -272.6439359783588543 -257.4357529305680714 -240.6948827772768311 -223.1588142470694436 -205.6899233543733203 -189.3626014427412088 -174.7023219116321116 -160.2321911632101035 -146.4457844905320201 -136.0428313796212763 -130.3773669972948710 -130.1683949504057694 -140.1124887285843101
457.5521379310345083 462.0056551724138103 464.6696551724137976 467.8902068965517174 469.6884137931034502 469.9437241379310422 470.1780689655172409 469.5117241379310258 469.1846896551724058 469.6548965517241641 470.0946206896551871 471.3673103448275583 473.5342068965517228 473.1166896551724221 474.1263448275861947 476.3303448275862024 479.0684137931034456 480.5169655172413741 481.0446896551724194 481.5535172413793248 480.3725517241379066 478.4095172413793193 475.0914482758620920 468.2440000000000282
-149.1309523809523796 -21.5238095238095255 91.7619047619047592 135.1150793650793673 65.1190476190476204 -112.7063492063492021 -349.5714285714285552 -647.6071428571428896 -990.6904761904761472 -1163.7698412698412085 -1039.8968253968253066 -720.1507936507936165 -440.9801587301587347 -281.3253968253968083 -112.6825396825396837 119.2222222222222285 308.4047619047619264 289.4801587301587347 80.7380952380952408 -150.1349206349206327 -368.8650793650793389 -605.6428571428571104 -874.4007936507936165 -980.6309523809524080
-177.2435031716799756 -193.0759156947002282 -216.1839574381010891 -243.8735420503376190 -267.8242275424595960 -287.3799877225291652 -300.9766728054020746 -308.8991201145897207 -305.2995702885205560 -283.4548802946592900 -246.0949457745037989 -200.6824227542459482 -154.9244935543277961 -113.4309392265193424 -80.1884591774094559 -60.3779414773889940 -56.2132187436054807 -69.9134438305708983 -102.1862083077552654 -150.6615510538162539 -212.2727644771843529 -275.5400040924902783 -330.2322488234090656 -354.5903417229384331
956.6411357921207355 956.5274518021793710 956.5918901927913112 957.0602472757753958 958.3787720033528785 958.3808675607712075 958.1922673931265990 958.3841156747695322 958.2308256496228296 958.2547150041910982 958.4412196144174914 958.7666596814752893 958.6126362112321431 958.5887468566638745 959.8018650461023071 960.2332355406538227 960.5366722548197913 960.6511944677283736 961.1240569991617804 960.3436714165968624 957.4505448449287996 956.7156328583403138 957.8006077116513097 958.6673302598491091
-399.4967052277053767 -406.0064431102650246 -409.7595548396544132 -411.0187435934983000 -410.4289061355981971 -412.7935276028700855 -417.4009371796749406 -420.8075852979938531 -421.0607702445453242 -420.2842290232830464 -416.7974813296236789 -411.3413384097232210 -401.7752233123443943 -386.7134280275296305 -367.8137355396104908 -346.1047005418070057 -320.1818714306633638 -293.8125640650168293 -268.6097525259920644 -246.3761897788841679 -228.7263142480597367 -217.0301654707863577 -214.0418802167228023 -220.2395665544003407
-30.8005050505050519 -73.0555555555555571 -263.8703703703703809 -572.4082491582491912 -806.4351851851852189 -699.9267676767676676 -374.9528619528619515 -167.0176767676767611 -130.4343434343434467 -144.7466329966329965 -178.8114478114478061 -228.4638047138047057 -258.4957912457912244 -280.6228956228956122 -295.4469696969696884 -296.5361952861952659 -285.0900673400673213 -274.5092592592592382 -271.3602693602693421 -265.6489898989898961 -272.9890572390572174 -282.8762626262626441 -276.6919191919191690 -269.3013468013468241
-167.9488674217188588 -172.3920719520319835 -196.4498667554963447 -235.4698534310459763 -283.6635576282478155 -337.6227514990006853 -388.0582944703530757 -425.4363757495003142 -439.2699866755496600 -424.6362425049966873 -391.5861092604930036 -347.4082278481012622 -307.9403730846102576 -278.3677548301132560 -259.2316788807461876 -247.7524983344437146 -242.7186875416389000 -242.6615589606928722 -245.5313124583611000 -248.2468354430379804 -254.3206195869420299 -261.7934710193204637 -270.6349100599600206 -280.6885409726849048
69.0139935414424173 97.7831001076426247 126.9677072120559700 151.2206673842841838 157.3250807319698481 166.3008611410118363 179.3961248654467227 202.1797631862217486 231.8277717976318684 274.6135629709364707 327.0791173304628501 345.8783638320775253 284.5349838536060361 113.6243272335844949 -92.3928955866523154 -175.9596340150699803 -87.6313240043057107 64.9849300322927945 195.8272335844994529 291.4994617868675846 340.5608180839612373 355.0086114101184194 341.5247578040904273 310.8417653390742998
206.5788288288288186 232.5000000000000000 290.2860360360360232 371.9527027027027088 469.7207207207207489 582.5135135135135442 707.9076576576576372 798.2590090090089916 824.4639639639639199 746.5135135135135442 493.6171171171171181 63.7117117117117147 -307.9234234234234009 -303.6914414414414409 -302.2567567567567721 -158.0022522522522479 -49.0090090090090058 10.8783783783783790 154.2027027027027088 314.9391891891891646 461.2972972972972912 554.6801801801801730 606.3873873873874345 606.3581081081081265
-241.1483880050682842 -238.0030503543103748 -237.4239992491435487 -239.1793139049227932 -241.0305974001595644 -242.1151156788211551 -242.0319583274672652 -241.6970763527148165 -240.9200807170679184 -240.9030456614576110 -241.2585292599371201 -242.3048007883992625 -243.0178797691116301 -243.4008165563846262 -243.7199305457787659 -243.9265099253836411 -243.7661551457130713 -243.7927166924773701 -244.0511520953587592 -244.5866535266788730 -244.8646581256745947 -244.8979773804495892 -244.5645032615326784 -244.3743488666760584
-22.3215293011595115 -12.1143842055781885 -5.7527420871200254 -9.1021623315575049 -17.0341585709808854 -38.5042306486994690 -64.4070824193042881 -85.2312754622375479 -95.2629269821372588 -86.0852397367596325 -63.8188655593857703 -39.6530868066436852 -11.7066750235036032 20.3274835474772786 48.2043246631150097 66.9821372610466881 77.8874960827326817 71.6577875274208651 45.1814478219993703 -16.0338451895957377 -128.6104669382638690 -255.4218113444061373 -333.1231588843622831 -283.3234095894703728
-394.1471349353050186 -395.3458410351201451 -399.4608133086875910 -402.0077634011090595 -406.5839186691312648 -413.9473197781885574 -421.1223659889094506 -430.5981515711645216 -441.4316081330868542 -453.2961182994454816 -466.1950092421441809 -478.2192236598891100 -488.8593345656192355 -500.7874306839186715 -515.0454713493530789 -529.7066543438077133 -543.4698706099815126 -556.8092421441774604 -566.3545286506468983 -573.0756007393715663 -577.7125693160813853 -580.4691312384472894 -579.7282809611830316 -569.6974121996303211
-214.4186104218362345 -204.1074441687345029 -217.7124069478908268 -248.1342431761786713 -292.4751861042183805 -342.6109181141439421 -393.0756823821340049 -439.9191066997518647 -477.7580645161290249 -504.8109181141439308 -518.6176178660049345 -514.1880893300248090 -504.4277915632754343 -492.4985111662530812 -479.9419354838709637 -468.8625310173697471 -460.8851116625310169 -451.0997518610421935 -439.2952853598014826 -427.2124069478908268 -415.5667493796526060 -405.3885856079404562 -396.7002481389578179 -394.2129032258064285
145.3974577584870644 159.1281971787319662 161.7327546116881081 155.7293442877073346 145.3309564408618826 132.3326616028522835 117.5304603937373997 102.9379941094403961 84.0547201984188490 55.3906371105255033 21.6555572779414049 -15.8721128507208178 -53.6112230661912861 -83.9806231592001211 -101.3490931638505685 -106.2030692915826933 -97.0528600217020596 -79.0204619438846692 -59.9296233142148509 -44.4620988993954427 -33.5272050844830289 -27.9221826073476969 -22.6538521159510147 -15.0134862811967142
-890.7428571428571331 -1067.8642857142856428 -1022.7500000000000000 -829.6107142857142662 -607.9071428571428442 -423.1571428571428442 -241.8035714285714164 -6.1928571428571431 236.4035714285714391 328.3535714285714562 201.5321428571428442 -29.3964285714285722 -262.9107142857142776 -495.6892857142856883 -777.0142857142857338 -995.0821428571429124 -1016.9392857142856883 -825.2607142857142435 -565.8392857142856656 -350.9142857142857110 -192.1571428571428442 -20.5749999999999993 128.7821428571428442 179.9428571428571502
732.4695287107258537 738.2162784398699387 741.7063921993499207 743.1936619718310340 742.0624322860238635 740.6805254604549873 740.9730498374864283 740.4335048754062427 739.9069609967497172 740.2674702058504863 742.6340736728060392 744.3137865655471614 745.4337757313109023 746.3385698808234565 747.4884886240520245 749.7853466955580188 752.4584236186349244 755.5942578548211941 759.2425514626219183 761.8703954496207871 761.8399241603466407 764.1557421451788059 765.3002437703141823 757.0939869989165345
35.2639956092206361 -8.7639956092206361 -39.2420417124039531 -40.1904500548847423 -18.9500548847420411 6.0631174533479690 27.2963776070252457 36.3243688254665216 44.8106476399560947 65.1860592755214014 82.0071350164654262 92.6459934138309507 121.1207464324917709 170.5697036223929786 196.2392974753018677 169.3144895718990028 39.0592755214050484 -200.8441273326015448 -357.9796926454445725 -224.7036223929747507 11.6361141602634461 177.1399560922063756 265.9879253567508499 275.9747530186608060
-305.6856697279500850 -305.5539334604054602 -305.2160804020100500 -304.2126147981285840 -301.9976173973315099 -299.6121122855657859 -297.9198579102408644 -296.4167821867960697 -295.8460838676139133 -296.3994108473401639 -297.3940391613238603 -298.4767371339455622 -299.6984491422630299 -300.0702651186969092 -300.1392306359383042 -300.3721192167735126 -300.0271183503725752 -299.1705943510656880 -298.7093224744411941 -299.2138710795356360 -298.9723618090452533 -298.1014988736787359 -297.3643216080401999 -296.7764685496447896
-263.2461685823755033 -278.4463601532567054 -125.0895593869731783 64.5335249042145591 211.0871647509578679 288.3970306513409696 302.8022030651341083 272.3654214559387015 225.5775862068965409 177.8630268199233626 116.5047892720306493 60.4956896551724128 36.1302681992337185 38.7140804597701162 32.8467432950191593 29.5330459770114935 16.6570881226053658 -13.3769157088122608 -38.4042145593869719 -48.9928160919540261 -47.7423371647509569 -33.2040229885057485 -17.1633141762452119 -2.1082375478927204
-267.7869603524229092 -256.0805286343612579 -244.8780616740088192 -229.7927753303964664 -209.1814977973568261 -187.9106607929515462 -169.9550660792951646 -157.1829074889867854 -150.2035242290749011 -152.4900440528634249 -163.4828193832599084 -186.8066960352422825 -219.0946255506607940 -262.4858149779735754 -310.1420264317180795 -363.6683700440528355 -413.5140088105727045 -445.4001762114537541 -443.2077533039647506 -398.9585903083700487 -335.6585022026431488 -280.4082819383260130 -237.7790308370043988 -217.3092511013215926
-293.5318642048838456 -303.7016081000595591 -307.8910065515187853 -308.8171530673019447 -317.0428826682548902 -323.7105419892793066 -335.1876116736152653 -349.2328767123287889 -353.6694460988683772 -350.2465753424657464 -342.4526503871351792 -320.4175104228707482 -284.3734365693865129 -235.9481834425253055 -181.5455628350208599 -120.8052412150089339 -54.4574151280524106 14.0518165574746874 74.2179868969624721 123.2293031566408530 156.7945205479452113 172.4061941631923673 170.5163787969029272 137.1923764145324469
46.0842892768079793 52.9436408977556141 64.9940149625935106 63.2483790523690743 13.7371571072319210 -105.2763092269326677 -236.1561097256857806 -263.9935162094762973 -160.2728179551122309 2.1127182044887780 151.5147132169576025 260.6458852867830274 309.3895261845386813 299.2473815461346476 258.8124688279301608 212.9077306733167063 146.4852867830423975 70.7640897755611036 28.7226932668329162 11.7481296758104730 -2.0812967581047381 -14.1097256857855360 -22.0558603491271832 -19.8483790523690757
-151.5914075409343411 -134.0405588102748879 -126.8865855490461172 -128.8747183415953259 -139.8044164037854955 -160.8933453507586080 -189.5056331680937376 -223.8047168394171536 -261.3261228781733507 -297.3312302839116796 -330.2012918732161779 -351.9561363977767883 -361.1442091031996142 -361.2702418506834761 -352.3384407390716433 -342.0605377797807023 -330.9100195283160701 -324.4900105152470928 -324.2906714736367917 -326.6170947874417720 -330.2457563467027057 -332.9735616644134097 -332.7327625056331613 -327.7619047619047592
-287.5425107427869875 -282.3712400245549361 -278.2983425414364547 -276.3709330877838966 -275.6227747084100770 -274.9028545119705313 -274.2136279926335192 -276.7410988336402511 -281.7065684468999507 -291.5273173726212121 -305.6404235727439982 -324.3453038674032882 -344.0853284223450146 -364.5719766728054196 -386.4410681399631926 -407.3317986494782303 -427.4613259668508363 -444.9889502762430880 -458.2150092081031403 -468.5939226519337240 -474.4570288520564532 -473.5549416820135207 -465.8928790669122009 -451.1735727440147343
26.9716874292185729 -48.0826727066817696 -193.4660249150622917 -287.5787089467723945 -237.6913929784824404 -86.2151755379388476 68.0990939977349967 197.8669309173272950 283.7140430351075793 317.2893544733861972 300.9665911664779401 259.2321630804077017 191.9320498301245834 89.2655719139297901 -11.3363533408833526 -38.1557191392978510 -30.2338618346545864 -21.6585503963759898 -29.0979614949037355 -51.9405436013590034 -72.7887882219705489 -75.4093997734994304 -59.0860702151755390 -32.5838052095130237
198.1935677187375120 202.6452257291250589 207.5013983220135856 217.5811026767878502 230.5617259288853518 242.3457850579304704 251.4308829404714345 256.9286855773072489 253.8689572512984398 241.8218138234119010 220.8871354374750240 186.0838993208150214 134.7942469037155320 78.2097483020375535 28.9646424290850995 -14.1460247702756696 -41.0353575709149041 -42.2580902916500207 -24.0537355173791454 0.9324810227726728 26.5637235317618874 43.4636436276468245 54.8190171793847369 61.1905713144226908
19.7702188392007621 24.2459562321598483 22.6779257849666998 31.1622264509990501 60.4733587059942934 87.8239771646051395 114.4367269267364406 155.3016175071360578 185.7369172216936306 175.4452901998097047 75.2868696479543331 -117.4348239771646121 -297.6041864890580655 -298.0789724072312197 -112.2469077069457626 74.4490960989533761 193.8392007611798249 255.3154138915318754 260.4552806850618367 224.2202664129400489 180.6879162702188353 143.2840152235965832 105.4043767840152270 70.0808753568030482
-290.8393574297188593 -311.6196213425129145 -311.3677567412507301 -300.8152610441766797 -276.0734366035570702 -242.7183017785427523 -201.9604130808949947 -151.6574870912220376 -90.1973608720596616 -25.9483648881239226 39.0992541594951248 93.4004589787722352 137.9776247848537025 168.1784279977051142 188.6620768789443616 198.7240390131956360 202.0906483075157780 202.4211130235226506 198.1296615031554893 193.8927137119908082 192.0011474469305881 188.8709122203098048 185.4991394148020731 176.9323006310958135
-86.5141596175064365 -89.2412651710187532 -74.1743287973519614 -51.3596910628907679 -29.4369253401986022 -13.8083854358219931 -0.0610518573004781 13.4372931224714964 21.6458256712026476 24.3545421110702449 28.7101875689591779 27.0908422214049267 11.7686649503493932 -47.3475542478852489 -146.1224714968738567 -232.2975358587715959 -238.0360426627436539 -131.5961750643618871 14.2000735564545781 138.2394262596542944 219.1824200073556597 245.3975726369988877 230.6741449062155311 188.3652077969841798
303.4131930392553613 305.0955078915418994 300.8984216916228434 297.7826790772966206 295.4099554836098491 292.2193443949817606 287.3707001214083334 279.4063132335086834 269.2505058680695811 258.0598947794415494 247.3116147308781763 248.4411169566976980 267.6887899635775057 300.1084581141238345 343.1513557264265728 396.8365034399028559 451.7146904087413759 504.1902063941723782 550.2213678672602555 586.0797248077701624 608.8494536624848479 615.5847834884662007 606.6503439902872969 580.7733711048158511
-2.2404551472429959 -2.5660714924678856 -3.1412316169893013 -3.2100762156939924 -2.7201488531863887 -2.0343149533044693 -1.0371417325652128 -0.1757254803735643 0.3328800944645222 0.1456328049522310 -0.2650373922066769 -0.3158478548681433 0.1658854259849000 0.2652520843024296 -0.0075500053673024 0.3893798976634343 0.3980391455254589 0.5952696174902494 0.3972161591584070 -0.8362972769885856 -1.6725945539771712 -0.8824918595913693 -0.1809496547035460 -1.0936415357641249
-777.7035775127768602 -798.1402612152186293 -795.1947756956275271 -781.5281090289607846 -766.9261783077796508 -761.0176036342986663 -759.4264622373651719 -756.6581487791028167 -745.0789324247587047 -723.4520159000568356 -698.1198182850653211 -676.4275979557070286 -655.8432708688245611 -627.2299829642248596 -590.6655309483247720 -549.8018171493470163 -510.2004542873367541 -478.2084043157296946 -453.7796706416808661 -431.2271436683702177 -412.6825667234525667 -402.8568994889267287 -395.1612720045428659 -390.0511073253833274
-378.4764065335753003 -474.4455535390199543 -625.5653357531761003 -804.0943738656986852 -906.5190562613430529 -849.9292196007259008 -672.4192377495462551 -479.3911070780399086 -328.7468239564428245 -214.1043557168784162 -110.6787658802177816 -35.0789473684210549 -41.0408348457350272 -133.7695099818511721 -250.7803992740471983 -361.4137931034482563 -488.7640653357531733 -621.7577132486388791 -678.5852994555353916 -622.6088929219600914 -553.2704174228674674 -506.5508166969146941 -478.9818511796732992 -430.3076225045372212
353.6318529862174387 365.9090352220520685 375.4842266462480893 378.0223583460949612 376.0937212863706236 371.8343032159264681 368.1145482388973846 364.3822358346095029 364.4551301684533087 365.5344563552832824 368.4667687595712096 376.3154670750382707 385.3555895865237630 392.2879019908116334 389.8496171516079585 378.0388973966309436 351.4768759571209671 306.7908116385910944 250.1969372128637019 188.1335375191424077 124.1491577335375212 74.4575803981623210 53.0967840735068890 61.8759571209800896
-511.9795821462487879 -497.0204178537512121 -467.8224121557454964 -430.3038936372269632 -378.6433998100664553 -316.5052231718898383 -254.3271604938271651 -209.0094966761633373 -193.9249762583095844 -203.1201329534662818 -230.5018993352326788 -272.4002849002848734 -321.7459639126306001 -380.8556505223172053 -450.2943969610636259 -551.6562203228869521 -678.1965811965811781 -768.3190883190883369 -760.0565052231719392 -658.1861348528015014 -512.0218423551756359 -379.8304843304843530 -284.2564102564102768 -238.3186134852801388
30.3792295679333684 31.6171264966163470 41.3451327433628322 54.5305830296720444 69.2561166059344089 83.4504164497657399 95.6482300884955805 109.1592920353982237 127.5635085892764238 147.4281624154086501 168.3779281624154009 191.1428943258719357 212.6276678813118224 229.0844612181155640 238.8256116605934380 241.1560385216033353 238.6991150442477760 235.7109578344612260 237.9104633003643983 242.5494534096824566 247.3576262363352498 252.6154346694430046 254.2170744403956348 248.2277459656428960
-190.1810674723061538 -162.0219536757301171 -126.6916414904330281 -96.2936555891238726 -72.5740181268882196 -56.9454179254783455 -50.4688821752265895 -56.6040281973816732 -75.8412890231621333 -108.2759315206445052 -148.1178247734139006 -195.2330312185297032 -247.3550855991943536 -292.6072507552869979 -325.6938569989929420 -332.6286002014098813 -310.1570996978852008 -267.2277945619335355 -212.4578046324269849 -158.9367573011077468 -110.4855991943605176 -79.0451158106747300 -66.6702920443101732 -76.8952668680765328
-103.5822500590876842 -99.7602221696998299 -101.5038997872843254 -105.9846372016071854 -112.9809737650673611 -119.1490191444103033 -126.4685653509808532 -134.2650673599621882 -142.5108721342472222 -150.1094303947057540 -157.3282911841172336 -165.2999290947766440 -173.9325218624438776 -183.5714961002127268 -193.6830536516189909 -205.6377924840463152 -219.1197116520916950 -234.2864571023398810 -250.6554006145119331 -266.3593713070196145 -280.3990782320964286 -289.4470574332308956 -292.9316946348380952 -288.7018435358071429
134.3859427609427541 139.3019781144781177 121.3009259259259238 88.7140151515151558 42.7411616161616195 -7.9238215488215484 -62.1645622895622907 -115.3966750841750866 -150.3846801346801385 -160.2775673400673497 -155.8848905723905602 -140.5587121212121247 -118.2746212121212182 -93.2868265993266021 -70.8518518518518476 -54.5629208754208719 -46.3440656565656539 -41.4151936026936056 -35.5921717171717162 -28.8179713804713806 -18.5795454545454533 -7.1994949494949498 2.7032828282828283 3.8651094276094278
-502.7898917684440221 -508.0126104656935695 -510.4051236222817920 -512.0407109522391238 -513.5845496971502371 -513.9228477807566833 -514.5838546321119793 -514.1426869228478154 -514.1738655545625534 -513.6721278919670794 -512.1958097507695129 -511.6520703008638407 -511.3744414655942592 -510.4100883725548670 -508.4030384271671323 -506.0787409393307712 -502.7176050044682825 -498.8278224605302285 -496.5792870618607822 -493.6925826630920255 -490.4317346837453897 -487.5232846787806693 -484.7910833085095987 -481.3918180915500216
425.3753439735828010 455.6004402861860285 480.0231150247660707 500.3010456796918106 509.0853054485415328 503.7567418822234231 474.1480462300495446 420.8948816730875251 335.3885525591634291 224.8591084204733193 122.3186571271326386 47.0577875619152479 15.6219042377545403 16.1629058888277370 33.3131535498073745 42.9190974133186600 46.0731975784259760 46.6521739130434767 44.0038525041276856 41.2641717116125477 42.3731425426527224 47.0820033021463971 53.8475509080902555 66.2619702806824478
210.8810067067689999 213.6528382769826351 217.2067344257761192 221.3712231210675441 225.2394385673788406 228.8901334439604511 232.3666597524718327 235.7584871741685788 238.5545184263292526 239.0089884532946201 237.6228998133167352 236.7280647168637131 236.5274147825485613 237.2621862684090388 239.6264260526861563 241.1206526999930873 241.3661757588328953 239.7299315494710754 237.6257346332019722 235.3464703035331524 233.0242688238954543 229.8023923114153320 225.5529973034640250 220.9280923736430964
-233.2755597014925399 -214.3522388059701598 -205.2882462686567067 -204.4953358208955194 -211.9511194029850856 -224.6130597014925456 -241.5238805970149372 -261.5740671641790982 -283.1777985074626827 -305.1113805970149429 -329.2126865671641553 -357.8643656716417922 -393.2399253731343265 -423.0776119402984818 -430.3315298507462785 -414.3009328358209018 -374.0483208955224086 -314.7546641791044522 -254.9686567164179110 -203.8539179104477626 -160.7289179104477626 -135.4078358208955137 -129.5875000000000057 -145.0749999999999886
-455.1490880253766704 -468.8616177636796465 -473.6590007930213915 -466.6042823156225268 -450.0079302141157882 -428.8112609040443886 -399.5265662172878933 -353.1621728786677181 -295.7022204599524002 -242.1494845360824684 -204.7402854877081779 -195.2656621728786774 -210.6597938144329873 -240.1859635210150543 -279.5678033306899124 -326.5428231562252108 -385.0995241871530652 -463.4099920697858579 -568.6903251387788032 -678.0963521015067954 -748.6938937351308141 -733.6439333862014109 -636.3207771609833117 -523.5959555908009406
249.2558978628920272 250.7935054121565486 237.9031362753261192 219.4004995836802721 203.7166250346933225 191.5945045795170643 181.5892311962253700 172.2409103524840361 158.3372189841798559 131.8581737441021460 96.4937552039966704 65.0069386622259202 59.5839578129336687 82.5664723841243386 130.9089647515959030 185.2275881210102568 236.2173189009158989 284.8559533721898447 327.0516236469608771 365.4091035248404182 400.8173744102136880 419.8459616985845173 425.5686927560366257 405.8115459339439326
365.1174404994147267 371.3645467551046977 372.5189231369488994 370.9060996228378144 370.2667447002210679 369.7496423462088728 368.5713356743399913 370.0171673819742750 373.5862921056054233 378.4403693588242845 382.8389907660293829 386.7549746390948258 390.8968656522304741 395.2784497333853437 400.1318767069840305 403.1235531278449571 403.6247886591233964 403.2914553257900820 402.6124333463389462 400.8136298608401376 397.7000910391468551 392.9880348549876317 387.5111197815060677 380.5450643776824222
-730.3282442748092080 -548.8625954198473664 -379.8893129770992232 -202.6335877862595396 -8.4618320610687014 178.4236641221374100 260.6030534351145320 171.5000000000000000 -37.7404580152671727 -251.7366412213740432 -471.5725190839694392 -760.9122137404580144 -1058.0534351145038272 -1123.7633587786258431 -919.6793893129771504 -612.7442748091602880 -387.8435114503816976 -231.3893129770992232 -35.2480916030534317 186.0190839694656404 284.1870229007633384 186.3625954198473380 -23.6488549618320612 -237.7328244274809208
229.8549262994569347 248.6142358417377807 259.7785104732350874 262.5649728471683488 256.6245151280061805 243.1314972847168292 229.5909619860356941 220.6538013964313336 219.7521334367726809 227.6714507370054434 238.1334367726920220 246.3886733902249944 250.4571373157486391 249.9286268425135802 238.2403025601241211 216.0521722265322069 182.0624515128006067 132.4470519782777274 79.2796741660201718 30.7137315748642372 -8.1342125678820789 -35.4619860356865786 -42.4449185415050394 -30.9647013188518230
554.6688946015424335 555.7537275064266851 547.8580976863753449 531.2303341902313605 509.7814910025707036 486.1089974293059299 460.3069408740360018 437.6899742930591515 427.8956298200513970 430.9650385604113012 452.3269922879177329 486.6910025706940814 524.7799485861182802 567.4411311053984264 607.7429305912596647 647.2298200514138671 679.9192802056555820 701.6005141388175161 724.3645244215938419 740.3089974293059186 742.1835475578405976 733.1012853470436994 713.1845758354755844 683.1655526992287832
-583.4788471708091038 -589.2038603913273391 -592.6923585404547339 -594.1144896879957287 -594.9194870438921043 -596.2613696456901380 -597.2238233738762574 -596.5723162347964035 -594.2981226864093287 -591.0982284505552116 -589.1222897937599328 -587.7696985721839837 -587.2514542570069125 -587.6653886832364151 -588.6832363828661983 -590.3933104177683617 -592.8882866208355154 -594.1593072448439443 -594.8670015864621519 -596.1869381279745994 -595.5959809624537229 -593.2575356953992696 -590.3564251718667037 -584.8615811739820174
-148.8270209157716124 -130.6427360090446541 -122.1339739966082476 -123.4923685698134506 -135.7128321085359062 -158.7682306387789595 -191.7473148671565752 -230.7840587902769869 -274.6003391746749571 -325.6913510457885650 -379.8501978518937108 -435.5325042396834192 -488.1271905031090910 -532.6054267947993139 -561.4381006218202401 -578.9519502543810177 -586.5828151498021725 -591.5534200113057750 -600.2645562464668956 -618.0152628603731273 -634.0655737704918238 -638.1390616167326471 -629.5658564160543165 -609.8818541548897656
354.6264534883720785 388.3793604651162923 303.6860465116279215 71.1678779069767415 -225.2979651162790731 -310.5174418604651123 -138.8146802325581461 81.5479651162790731 237.8793604651162923 317.4396802325581461 332.1947674418604493 298.1373546511628092 241.4302325581395223 196.3095930232558146 169.5130813953488484 150.7340116279069662 152.8219476744185954 168.4425872093023315 170.8960755813953369 167.4447674418604777 156.9476744186046631 135.8481104651162923 100.3691860465116292 68.9324127906976685
-283.7274422073080018 -316.3598061148396710 -365.9381058911260425 -432.8128262490678821 -523.6983594332588154 -627.0298284862043374 -703.3284862043251451 -710.0697240865025606 -628.8758389261745378 -499.8646532438478971 -370.1167039522744062 -270.1495152870991774 -206.6331096196867918 -179.8616703952274349 -182.5507084265473452 -214.4582401193139560 -267.0738255033556925 -318.7807606263982052 -367.6674123788217798 -415.7449664429530003 -443.5891126025354083 -433.4526472781506072 -421.0589112602535238 -432.5451155853840532
56.4443043777217497 55.9974787989915228 54.6302429520971842 53.1245702498281034 52.0119184047673642 51.4005271602108635 50.4669951867980728 49.8590419436167807 48.8732523493009410 47.7008365803346308 47.4150813660325454 47.7017533807013550 48.1205592482236995 49.1617579647031846 49.7342424936969962 50.0811368324547317 50.8297043318817359 51.4425853770341490 52.4149094659637882 53.3843685537474215 53.7190006876002784 53.7783062113224872 54.5720834288333734 53.6980861792344726
652.8103004291845082 660.8841201716737714 655.5815450643776785 643.6532188841201787 620.5364806866953131 602.3845493562231468 591.4939914163089725 591.3266094420600893 582.5656652360514727 567.6515021459227910 551.2188841201716514 536.7828326180257363 520.5575107296136821 510.0785407725321647 497.6609442060085939 477.6519313304721095 454.4879828326180018 423.1090128755365072 382.2536480686695199 333.6733905579399107 278.7339055793991633 228.3686695278969978 192.6236051502145870 190.5403433476394923
-79.7291772258827507 -65.3260685926676814 -69.7408346004392570 -87.9217773272512204 -117.0429126541645530 -154.0287210677479379 -194.2961648927183660 -239.0734921439432412 -282.0065889508363171 -318.2165906403108693 -341.7239398547051792 -337.2289238046967625 -308.8861294137523146 -269.0295658050346219 -224.4294644365602380 -183.9045446866024633 -151.1486737624598788 -126.0001689474573396 -111.7927014698428820 -108.4818381483358678 -112.8055414766007800 -125.2449738131441137 -141.4321675958776723 -160.4259165399560629
-357.5802070140193223 -358.7638118530811653 -359.7500109184609300 -360.2448355679783276 -359.9514346857666851 -359.5185832205092424 -358.8389308643053823 -358.2595973271607477 -358.0224483556797850 -358.1594095296326827 -358.5452242651875849 -358.5272743154125124 -358.4184390968248977 -358.6267196575970502 -358.6720967812377125 -358.6601738218980699 -358.8254793204349653 -359.3088177490500925 -359.9214744289644727 -360.6029610866052053 -360.7023190811023028 -360.1816395160938100 -359.3589116478141250 -358.4489671135956428
-274.8740740740740875 -279.1153439153439422 -279.9280423280423520 -271.3492063492063266 -248.9703703703703752 -230.7227513227513214 -188.4116402116402185 -127.0603174603174637 -65.0021164021163997 -22.1693121693121711 -29.6042328042328045 -180.0687830687830626 -481.2444444444444684 -797.1502645502645237 -803.9534391534391489 -463.4529100529100560 -170.1999999999999886 -94.8465608465608483 -109.5470899470899440 -147.8910052910052855 -211.8634920634920604 -255.8560846560846471 -293.1724867724867636 -302.7365079365079623
306.9870362092087817 326.9544032185963260 328.1843987483236447 311.2107733571747872 276.0359856951274082 225.2702279839070059 166.5350916405900819 101.4260169870362063 44.4865891819400971 7.9387572641931161 -12.5473848904783196 -22.8611980330800186 -15.0174340634778716 -1.2080911935628074 12.7333482342422890 28.9839070183281180 43.2919088064371920 53.0719713902548023 60.5822530174340628 69.3341528833258849 84.5071524362986111 104.2022798390701865 120.7498882431828378 133.2174787662047493
-275.5602836879432402 -253.3080040526849075 -219.5896656534954445 -166.1661600810537038 -99.7659574468085140 -40.9736575481256367 -15.5673758865248235 -18.0273556231003056 -114.3080040526849075 -371.9321175278622036 -711.8368794326240732 -878.0020263424519271 -638.5916919959473717 -288.8095238095237960 -118.8520770010131713 -99.3161094224924028 -112.3383991894630185 -144.3363728470111482 -185.6119554204660460 -235.0830800405268519 -283.0151975683890555 -296.1914893617021107 -284.6798378926038708 -275.6210739614995191
-1078.9393939393939945 -1164.2727272727272521 -1247.8484848484847589 -1323.0151515151515014 -1386.4393939393939945 -1462.7575757575757507 -1541.7575757575757507 -1624.7424242424242493 -1710.7878787878787534 -1775.5606060606060055 -1804.5303030303030027 -1818.0606060606060055 -1822.6818181818182438 -1826.1363636363637397 -1818.4696969696969973 -1793.8333333333332575 -1690.0000000000000000 -1585.0151515151515014 -1456.1515151515152411 -1367.3030303030302548 -1287.6212121212120110 -1231.3787878787879890 -1190.6666666666667425 -1137.7878787878787534
-1441.7450980392156907 -2041.7843137254901649 712.3529411764706083 341.1176470588235361 10.0392156862745097 -56.4117647058823550 224.1176470588235361 460.2352941176470722 565.8627450980392268 559.0392156862744741 612.1568627450980102 716.2941176470587834 822.6078431372549176 839.2549019607843093 861.3529411764706083 848.8823529411764639 831.5490196078430927 723.3921568627450824 644.3725490196078454 632.2549019607843093 589.0980392156862990 569.2156862745098351 610.1568627450980102 620.4705882352941444
102.8909027535726750 111.2251655629139009 113.5024398745207321 112.6286162425932389 111.9593935169048393 115.0718020216103241 119.8107354478912470 123.4878006273963109 126.2452073893342686 126.6716626002091317 128.7608922969675973 130.2495643081213075 128.4766469153015009 121.2474729871035208 107.8126524921575395 85.9977344022307477 56.8651097943534367 18.6869989543394901 -24.8464621819449292 -68.6957127919135644 -105.2049494597420676 -123.1913558731265255 -121.0977692575810352 -104.5233530846984991
-273.9829545454545610 -265.3704545454545496 -258.9068181818182097 -261.5965909090909349 -265.5931818181817903 -261.3215909090909008 -257.3159090909090878 -242.2409090909090992 -218.1090909090908951 -175.2545454545454504 -103.8772727272727252 -48.5761363636363654 -9.1829545454545460 -50.2772727272727238 -261.7715909090908895 -596.7352272727272293 -855.6159090909090992 -735.5181818181818016 -364.3511363636363853 -119.0045454545454504 -89.8068181818181870 -113.4806818181818215 -168.2909090909090821 -220.0795454545454675
3.9568121795867639 5.7397856144166539 4.0613639894360727 3.6871213298120242 3.2903526487494172 2.3644554916886746 5.2212210657138423 6.9092745067578063 7.1511573714463257 4.2878670187975763 -0.2880223706695665 -9.5487028118688837 -24.9549479571228829 -47.2084822122106544 -74.1912381544197643 -106.4641913935062973 -138.4220910361969743 -169.4452384651235093 -192.7472425042721795 -204.4960385272642611 -204.1809849308684193 -195.6228056548081327 -185.7790896380301433 -175.4045362746621208
-87.0590393595730490 -91.9643095396931329 -96.6140760507004615 -103.1452635090059999 -112.0028352234823217 -120.6782855236824616 -123.3028685790526993 -122.2138092061374266 -120.7505003335557063 -112.8335557038025314 -102.5757171447631748 -86.7646764509673147 -64.4933288859239440 -40.3712474983322238 -11.8694129419613077 21.2316544362908601 53.3422281521013986 78.7993662441627691 99.0968979319546435 111.5183455637091328 121.3460640426951329 125.1164109406270910 123.8534022681787832 115.7926951300867273
-18.0358208955223880 -69.0947761194029795 -73.3354477611940325 -15.8324626865671636 79.3223880597014954 177.8100746268656849 263.4679104477611986 323.9750000000000227 355.1246268656716438 366.2182835820895548 366.2104477611940183 353.5660447761193836 333.9324626865671917 310.4970149253731506 288.1048507462686530 267.1041044776119406 243.8208955223880707 215.6929104477611929 178.6059701492537215 132.4212686567164212 91.7477611940298488 66.8723880597014926 62.3078358208955194 76.7619402985074686
304.3620722433460060 306.6658745247148090 308.0949619771863013 308.7303231939163766 308.0104562737642482 306.7315589353611927 306.4916349809885787 306.8083650190114327 307.3671102661596706 307.3953422053231748 305.5609315589353514 304.7684410646388073 303.6980038022813915 302.6200570342205083 299.9626425855513503 297.1601711026615931 295.4775665399239415 295.1272813688212864 296.7478136882129434 299.8532319391634928 303.6904942965779242 307.2956273764258412 308.6687262357414170 304.6175855513308193
29.4585365853658523 31.9192411924119241 53.4249322493224952 87.3831978319783218 142.1701897018970158 210.4346883468834619 240.0644986449864575 178.1067750677506751 -3.9289972899728998 -246.8563685636856349 -334.0048780487804834 -162.0330623306232951 64.8108401084010808 211.3056910569105753 285.6200542005420289 297.4314363143631681 262.4319783197831839 209.1598915989159764 165.7723577235772439 128.4813008130081187 91.5241192411924089 82.0498644986449932 96.0476964769647736 95.7929539295392942
789.0829042224511340 797.3048403707517764 800.4191555097837636 801.5875386199794548 798.2708547888775001 798.9201853759011556 807.5458290422244545 816.5597322348095304 820.6405767250257668 816.2677651905252105 794.7430484037074621 758.4196704428424027 722.4212152420185475 689.6096807415035528 654.7106076210092169 629.6930998970134397 613.5355303810504211 594.4799176107105723 568.4716786817713228 543.3661174047373379 523.6544799176107290 505.9124613800206021 489.7270854788877728 503.5236869207002997
-421.6611327457812308 -424.0657921705267199 -425.5760743321719133 -426.0153036824485753 -424.9425428708068466 -423.3228120516499189 -421.8073375691740239 -420.9083145453303132 -420.3800642208102545 -419.6195258591241100 -419.6342146614743456 -420.2099473935915626 -421.2465669194506859 -421.7992074878732183 -422.5184122429459421 -423.6122839379654579 -423.4404591104734550 -422.9791623966659699 -422.6825852292136574 -422.1129329780692956 -421.5915829746532495 -419.8263988522238037 -416.9431577509052431 -414.2136366741818847
218.2396438250096651 214.6972512582268564 244.7661633759194615 288.8370112272551182 340.9941927990708450 392.1626016260162828 441.2841656987998249 481.1300813008130035 511.5648470770422023 532.9639953542392732 545.2152535811072767 545.0487804878048337 536.5032907471932049 515.3732094463802014 484.4188927603561865 452.2028648857917119 420.5683313975997066 392.3461091753774781 367.1672473867595841 354.3852109949671103 352.8687572590011428 357.1676345334881830 363.1873790166472986 366.3995354239256699
842.2940983067564957 851.8834456682558312 852.3744862732204410 850.1443366759822311 854.3777741246095729 857.8770343580470126 859.7540687160940251 859.3269768206477011 860.5812921255959509 861.4336675982245879 861.4083511425283177 861.0585237547262523 861.3979944106525863 861.5780042742068190 859.7728094690120315 858.5350978135787727 856.8581292125595610 855.1749136939010896 852.2105868814729774 850.7897419036659130 851.8666776261712812 849.2840703600197685 845.9059674502711914 844.2148610882787807
-199.7747135475174218 -197.9191754661873688 -196.9812963379015969 -196.8263311615367286 -196.3909233880027045 -194.7869018198157676 -192.6240732419680910 -190.0469557402830958 -187.4315884070995253 -185.2696023365535893 -183.7080431363738455 -182.8007751067175946 -182.3849696697371314 -182.3258256571556899 -182.1216580543698171 -181.5008986744551862 -180.6123343068973384 -180.0230847000674146 -178.8834531565940154 -177.0315659402381527 -175.2443832846551288 -173.8145360593125019 -173.6124466412042295 -174.8379015951471445
-232.6408148009717820 -242.7456550177536769 -227.1552980751261543 -196.0525135488693707 -162.5361614651467050 -127.2336011960381228 -94.1500654083348962 -66.7873294711268954 -42.1498785273780570 -23.3743225565314887 -9.5539151560455995 -1.1055877406092318 5.7293963745094372 10.2767706970659685 12.6800598019061859 7.9682302373388154 0.7835918519902821 -9.6217529433750695 -21.0577462156606252 -34.2573350775555951 -45.2962063165763382 -48.3593720799850502 -46.2106148383479720 -44.7667725658755344
507.6188413643746458 520.9545208446128299 517.7742284786139635 511.7623172712506516 508.2073632918246062 504.8397401191120935 507.6502436383324266 515.5230102869518305 522.0086626962641958 521.9447753113156523 510.6188413643746458 477.8500270709258189 419.8814293448835997 324.4926908500270883 223.1678397401191205 97.4953979426096424 43.1293990254466735 28.7108825121819180 11.0135354629128308 24.4282620465619935 42.4991878722252281 61.2208987547374122 75.6957227937195398 87.6621548456957242
-571.0731504571903088 -690.8915211970074779 -761.3944305901911775 -706.2876142975893572 -562.3703241895261726 -407.8241895261845116 -289.6030756442227698 -209.9509559434746393 -164.2169576059850442 -153.4796342477140456 -181.9921030756442235 -235.6275976724854502 -299.1554447215295340 -353.1093100581878730 -404.8869492934330765 -442.2049044056525418 -445.3358270989193670 -433.6774729842061333 -432.1546134663341832 -444.0864505403158660 -447.8674147963424730 -434.9617622610141439 -413.8254364089775663 -383.8586866167913740
-417.3974966170500807 -368.5788227334235216 -314.5040595399187850 -260.2500000000000000 -216.7472936400541244 -195.0514208389715805 -199.3132611637347793 -224.1282138024357380 -267.4303112313937731 -319.4377537212449170 -376.2547361299052682 -436.4438430311231514 -506.3217185385656194 -595.7178619756427906 -679.9533152909336877 -704.4688768606224585 -647.7395128552097958 -540.2861975642759944 -421.8653585926928145 -317.3484438430311343 -237.9732746955345135 -193.0683355886332890 -178.4282814614343806 -193.3494587280108306
126.6193871651570646 126.9797648872615099 137.4399691655424931 151.2555405665831643 165.9955675467334686 186.6486798997880214 212.2341491616881797 242.7427249951821295 270.0113702062054131 294.2736558103680977 317.3060319907496591 337.4191559067257913 353.1208325303526863 364.9849682019656711 374.2692233571015663 382.0595490460589758 387.2142994796685116 390.0057814607824298 389.6163037194064600 388.2472538061283558 384.1304682983233647 380.4266718057428989 377.3798419734052914 372.0501059934476871
-690.5459760125152116 -700.3592908047975243 -704.7542151920737297 -703.9666261081174525 -701.5042586476621409 -699.6064661915522720 -701.1147227533460864 -705.5894316009038221 -709.2650790891708539 -708.4785329393359916 -704.8904919172605332 -701.1312358769338289 -698.9878324352512209 -700.1680862158873424 -704.9054406396662671 -708.1077698592039269 -706.9563705892577445 -702.1388840604902271 -697.3957934990439753 -694.9958282635146816 -695.1487919346427589 -693.4065704849643907 -688.8159221275856225 -680.6125499739266616
-412.8148555276382012 -443.8052763819095503 -467.1003454773869521 -473.8109296482411992 -459.0505653266331478 -430.4241520100502498 -394.9261934673367023 -352.0097361809044969 -308.7204773869346468 -273.1298680904522485 -246.9148869346733761 -228.4384422110552748 -217.6300251256281513 -215.2113693467336759 -218.6658291457286509 -225.6485552763818987 -235.9733040201004997 -250.8770414572864240 -265.1444723618090507 -277.9731469849245968 -290.9602701005024983 -302.7360238693467522 -312.1129082914573019 -320.2518844221105496
-201.7068496698174158 -204.3090767836333157 -206.8485044671759567 -209.3862488670205835 -208.0727696491000813 -204.7639518321895764 -200.1977210928395721 -192.7734041175708910 -184.4828434546160736 -175.0014243169752604 -166.2510682377314595 -156.7633044153826347 -147.2218049980577632 -135.9125987310630705 -123.3695455134015333 -110.0643532306098678 -94.2413569856273483 -76.5286805645474573 -61.8143208597695164 -46.5405930337951546 -31.3051922827916620 -18.8627476369286562 -13.4041175708921401 -17.8342612974232821
489.6557377049180104 502.4798594847775348 504.5074941451990753 503.1217798594847750 497.6496487119437688 489.5634660421545732 472.7634660421545618 452.9131147540983875 429.1805620608899403 401.0936768149882710 373.8484777517564339 349.2341920374707342 328.6566744730679375 313.6192037470726177 304.9950819672131388 301.4377049180328072 300.9833723653395623 301.8459016393442766 303.3088992974238636 303.1822014051522274 305.0557377049180445 307.5077283372365287 306.9105386416861734 304.6288056206088868
183.3443298969072259 177.3809278350515513 133.8257731958762804 130.0515463917525665 159.3164948453608361 206.5603092783505019 240.1041237113402076 299.4762886597937950 365.2963917525773354 436.0917525773195962 494.0283505154638988 542.1469072164948102 577.2577319587628608 603.9804123711339798 620.1113402061855595 622.7634020618556860 621.5288659793814077 619.4649484536082582 618.9886597938144632 622.0902061855670127 623.4536082474227214 627.9840206185566558 626.0097938144330101 627.4237113402061823
201.4603960396039497 189.9744224422442187 168.9108910891089010 151.7367986798679738 127.0478547854785489 100.2433993399339869 60.8209570957095735 34.1716171617161706 33.6163366336633658 56.5734323432343231 69.1229372937293789 70.6806930693069262 78.0585808580858043 116.4339933993399399 167.1633663366336577 230.3564356435643674 310.4686468646864910 399.4183168316831711 455.8102310231022898 430.9059405940594161 263.5816831683168289 -59.4645214521452132 -316.8679867986798513 -241.0849834983498283
-64.6677878395860262 -73.6069857697283254 -71.6192755498059483 -60.0874514877102186 -42.1697283311772324 -19.1522639068564047 5.3490297542043983 28.2522639068564025 49.3708926261319547 64.8084087968952076 77.7592496765847301 90.1504527813712855 103.7363518758085377 118.1120310478654574 130.7464424320828016 141.4759379042690739 149.6196636481242024 153.9051746442432034 154.2826649417852423 147.4968952134540814 136.0897800776196505 129.5029754204398387 127.7734799482535522 125.8054333764553689
-413.3588862151942180 -434.9872808525266237 -440.5761430044689178 -432.4578893090409224 -406.9367480233757419 -368.9188724647645472 -323.8391199724991338 -271.5850807837745151 -219.9075283602612672 -175.5617050532829069 -138.3568236507390736 -106.1557236163630051 -81.2626332072877346 -68.0515641113784824 -62.8690271570986567 -59.0213131660364354 -55.8198693709178428 -56.9377793056032999 -53.7315228600893775 -52.0873152286008931 -51.5304228257133019 -53.1000343760742552 -57.7707115847370218 -65.3148848401512510
-1.0427389705882353 -25.0652573529411775 -53.2587316176470580 -50.7086397058823550 -24.9163602941176485 -0.5647977941176471 11.8354779411764710 41.6015625000000000 79.7270220588235361 130.1884191176470722 187.5790441176470722 241.5877757352941160 290.5312500000000000 340.3120404411764639 382.4241727941176237 413.6272977941176237 434.9039522058823763 446.4136029411764639 453.2642463235293917 456.3120404411764639 456.4457720588235361 453.6617647058823763 443.3970588235293917 424.1364889705882320
-584.2474120082815716 -603.1159420289855007 -610.6506211180123955 -607.8840579710144993 -601.9616977225672372 -591.6682194616977313 -576.9285714285714448 -557.0662525879916984 -535.4865424430641951 -503.7655279503105703 -462.2380952380952408 -415.2168737060041508 -365.6733954451345880 -314.1350931677018821 -262.5641821946169898 -212.1174948240165747 -167.1475155279503042 -133.0372670807453517 -106.8255693581780577 -92.2991718426500967 -86.8488612836438989 -91.9285714285714306 -108.1066252587991698 -129.5973084886128390
-797.2251963922025197 -804.4838521966831877 -811.2510910677916627 -817.8609252254873354 -822.5056735525167824 -825.1600232761128382 -827.4719231888274180 -829.7556008146639215 -831.4015129473377783 -832.6840267675298719 -833.2996799534478214 -833.5894675589177041 -834.2071574047133709 -834.0657550189118865 -832.9866162350887180 -831.3072446901367130 -828.8629618853651664 -826.4978178644166746 -824.2828047716031961 -821.0334594122781482 -816.6985743380855638 -811.8315391329648492 -806.1812627291242279 -800.1702065755018793
-565.2347008938803583 -584.1576896630758711 -592.2234700893880017 -592.7345862938344681 -582.4318129727251971 -568.2702269080907627 -551.6532202612880837 -530.3690121476048489 -505.0160440064175873 -481.5548934219573880 -460.0673848269539121 -439.7957827183130917 -421.5287646115058351 -407.3410497364199045 -395.1187256474902370 -386.1597524639009862 -379.0685308274123031 -373.2768737107494985 -367.1771716708686881 -364.5278478111391109 -362.6637634655053830 -360.5984414393765860 -359.8280999312399899 -362.4127893651157706
-474.5920165889061764 -474.5842405391394436 -489.9942975635044036 -515.4660445826852992 -539.7703473302228758 -558.4878175220321737 -562.2820114048729465 -565.6516329704510326 -576.8885432866770770 -597.1124935199585479 -629.1778123379989438 -658.0124416796267042 -664.1850699844478640 -646.9341627786417348 -610.1601866251944557 -565.9351995852773598 -523.2555728356661575 -472.2389839294971239 -409.8361845515811410 -340.8564022809745779 -274.5360290305857802 -221.1477449455676378 -186.6205287713841301 -195.6848107827890146
581.7811320754716462 589.8052830188679536 595.0203773584905775 594.1569811320754297 588.0513207547169259 573.4015094339622465 559.8316981132074943 562.2060377358490086 587.5449056603773670 625.5524528301887131 673.8566037735848795 735.1713207547169304 799.2784905660377035 861.5886792452830605 891.3207547169811278 859.8233962264150705 757.2347169811321237 640.1584905660376990 561.0822641509433879 519.9252830188679582 523.1532075471698136 521.2052830188679309 518.2460377358490859 532.3207547169811278
-290.8318343797726016 -289.8023078228406462 -283.6670626166638272 -276.0425929068386495 -266.3972509757339253 -257.5891735957916353 -248.9991515357203582 -239.4932971321907473 -227.3052774478194351 -213.5026302392669209 -200.3641608688274118 -190.6996436450025385 -186.5172238248769645 -186.5022908535550528 -194.6448328525369220 -210.4620736466994799 -234.5104361106397448 -267.0134057356185053 -312.9400984218564190 -372.5555744103173197 -437.0648226709655546 -484.9877821143729761 -493.2645511623960601 -456.2273884269472433
-61.0745518739815338 -60.8123981531776181 -62.1289380771319912 -63.6968359587180899 -64.2354698533405752 -62.2531233025529573 -60.4433731667571976 -58.3138240086909292 -57.3991716458446462 -58.1370179250407375 -59.7137425312330237 -61.0244432373709955 -62.3540874524714823 -63.1793862031504645 -63.1984655078761577 -62.3135524171645869 -61.1968359587180899 -59.0151412275937020 -57.4262629005975000 -56.7214149918522565 -54.5762493210211872 -51.8290331341662167 -49.8114475828354131 -50.2731531776208556
165.3363386907095389 179.4123872990983841 172.3320266562132588 152.0980007840062740 119.2681301450411553 75.3022344178753400 25.7463739709917689 -27.2791062328498626 -85.4233633869070985 -143.3077224617796901 -192.7228537828302706 -230.0317522540180448 -252.3543708349666872 -257.5303802430419182 -254.4833398667189215 -245.5190121520972184 -234.8302626421011325 -227.4504116032928209 -219.7659741277930152 -221.3626029008232194 -224.3469227753822111 -224.0399843198745486 -224.3626029008232194 -221.3320266562132588
381.0648379052369137 477.9451371571072400 587.6907730673316337 704.7281795511221389 789.2867830423940632 818.6483790523690232 717.8329177057356674 433.6932668329176863 -75.7032418952618400 -393.4738154613466463 -369.2917705735661116 -201.8628428927680716 -53.2369077306733161 -79.0847880299251926 23.4314214463840393 173.8678304239401484 328.4738154613466463 436.3466334164588716 521.6284289276808295 581.7132169576059368 609.0224438902743032 618.2119700748129389 555.9675810473816000 403.9201995012468842
73.4370078740157481 61.9330708661417333 -48.7795275590551185 -260.0629921259842376 -567.7913385826772128 -922.2086614173227872 -1145.7992125984251288 -1074.9015748031495150 -778.4527559055118218 -477.0984251968503713 -322.8779527559055396 -185.3110236220472302 61.1102362204724443 300.2007874015748143 348.3070866141732154 147.7125984251968589 -103.5236220472440891 -311.9055118110236435 -528.1771653543306684 -802.0551181102362079 -976.5275590551181040 -972.4212598425197029 -792.3779527559055396 -578.0708661417322674
-241.2590567327409303 -195.0047846889952154 -171.4647983595351945 -176.4603554340396556 -205.5608339029391800 -251.3099794941900313 -304.9302802460697421 -360.7638414217361742 -416.9203691045796063 -483.2710184552289547 -573.5611756664387713 -662.1753246753246458 -697.5044429254955958 -647.5259740259740511 -536.7180451127819651 -409.2416267942583659 -295.0741626794258536 -210.1288448393711690 -158.3732057416268049 -141.7084757347915343 -160.7778537252221440 -209.6811346548188624 -266.2928913192071150 -319.1671223513328641
-378.7858447488584375 -375.5885844748858631 -386.6552511415525260 -410.4347031963470158 -440.9735159817351473 -477.4365296803653109 -510.2753424657533969 -542.8598173515981671 -577.6050228310501780 -615.4182648401827009 -647.8497716894977430 -676.1438356164383094 -703.0803652968036204 -723.4036529680365675 -734.6812785388127622 -741.9264840182648868 -746.4242009132419753 -747.3579908675799288 -748.6922374429224192 -756.2374429223743846 -763.0739726027396728 -763.4360730593607514 -753.9401826484017874 -730.3410958904109975
-50.3505074160811859 -12.5339578454332550 -6.1498829039812648 -57.1569086651053837 -238.6120218579235086 -522.2193598750975525 -744.4301327088212474 -650.4488680718188789 -342.9617486338797789 -141.6206088992974230 -110.9781420765027349 -123.0835284933645539 -148.1319281811085204 -184.9398907103825138 -214.5644028103044434 -246.2599531615925059 -261.7033567525371041 -259.2888368462138828 -250.3637782982045223 -235.3021077283372335 -222.9875097580015506 -220.2006245120999210 -229.9203747072599526 -242.7252146760343408
-933.1280824438719037 -937.3132131026867455 -939.9366948840632858 -940.0824438719175760 -940.3032756716967242 -940.8877438351122464 -940.5528156054472220 -940.8557232241442989 -941.5263157894736423 -941.7570850202429256 -942.4044902465955147 -942.0618329039381251 -941.2771439087229055 -939.9326463010673933 -938.9988958410010582 -938.4578579315420939 -939.0831799779168705 -940.0379094589620763 -942.1486934118513545 -942.9090909090908781 -941.8343761501656672 -939.8586676481413633 -936.9591461170408593 -932.9146117040853596
663.6830985915493102 647.1232394366197695 582.9225352112675864 555.5563380281689660 579.8380281690141373 573.5140845070422984 567.7288732394366662 556.4295774647887356 560.1936619718310340 592.7464788732394254 647.3133802816901152 700.9647887323943678 751.4859154929577016 798.7323943661971271 820.2077464788732186 816.3485915492957474 703.6654929577464372 486.8943661971831034 -20.9330985915492960 -318.6549295774647703 -385.2676056338028161 -425.8732394366197127 -178.5105633802816953 19.8521126760563398
-10.8109517601043024 -6.2081703607127334 -5.5236853541938284 -7.5858322468491961 -9.2559756627553238 -12.1242937853107353 -18.9378531073446332 -28.3242068665797468 -42.4593654932637961 -64.4493698392003438 -93.4385049978270388 -124.7088222511951301 -164.4823989569752314 -211.0465015210778006 -257.4115601912212128 -301.8913515862668646 -344.2538026944806688 -382.9521946979573954 -425.3637548891786082 -453.6540634506736183 -480.1764450239026587 -487.7023033463711386 -475.7440243372446957 -450.1516731855714966
365.0596824237999840 375.4371235626938983 372.6503011498448359 361.3482387296951970 346.0146012045993871 327.9330169739003509 308.0582223033400169 289.3997079759080293 270.8439496258441181 252.2505931739368634 234.5150574922431019 215.2308815477276767 195.8680416134331210 176.4155867859098237 161.9257163716006573 152.8021536776784046 148.7515970067530588 149.8468698667639956 156.3130133235991934 165.5375068443146631 174.9359372148202283 182.1474721664537242 185.7320678956013751 186.9574739916043029
-174.3897637795275557 -125.2175196850393633 -61.0580708661417333 -14.2726377952755907 8.2785433070866148 -25.8562992125984259 -192.0708661417322958 -509.0000000000000000 -808.0029527559055396 -773.2687007874015990 -427.1496062992126213 -161.1919291338582809 -111.0255905511810965 -121.0541338582677184 -149.3070866141732154 -197.1053149606299257 -243.7923228346456597 -285.5019685039370074 -307.4242125984251857 -301.2824803149606510 -277.8779527559055396 -261.5649606299212451 -245.9202755905511708 -241.9842519685039406
-224.1856215436403090 -237.3236354893003011 -251.6383746092810725 -266.7516229862947625 -272.6775667227698818 -262.1699927867275619 -229.6027891320028971 -180.0973791776869462 -128.2017311853811066 -79.4404905025246393 -42.6804520317383975 -23.5626352488578981 -23.3584996393363795 -43.2577542678528459 -75.9370040875210321 -122.1887472950228357 -176.0836739600865712 -227.0880019235393092 -272.5003606636210520 -304.0956960807886276 -319.2878095696081004 -307.3231546044722222 -278.2089444578023745 -251.0598701610964270
671.7468193384223696 719.2824427480916256 759.6393129770992800 788.5343511450381584 807.6622137404580144 798.5992366412214096 750.1246819338422256 672.0750636132315776 586.8664122137404320 529.2595419847327776 503.2576335877862448 492.4395674300254200 475.0699745547073576 454.4567430025445560 451.1622137404580144 464.0019083969465896 489.3600508905852280 519.4840966921119616 549.7531806615776304 579.5776081424936592 605.8651399491094480 617.1946564885496400 606.5534351145038272 581.5623409669211696
-112.8834396839866372 -111.8856274688544516 -112.1378304466727371 -112.5857186265572807 -113.3755697356426566 -114.5129747797022191 -116.1172895776359724 -117.7323609845031882 -118.8662412640534853 -119.5287754481920359 -119.5714980249164370 -119.6013369796414452 -119.6833789121847502 -119.3501063506532915 -119.4142813734427193 -119.2573078091765382 -120.1114554846551243 -121.8269219082345813 -124.2339714372531176 -126.6862959586751742 -128.9313886356730450 -130.4136736554238780 -131.1045882710422461 -132.1715587967183296
309.8426527958387737 348.0175552665799614 391.4375812743822962 418.6657997399219653 390.1924577373212060 275.3725617685305451 69.8400520156046838 -144.1768530559167800 -213.0149544863459141 -83.6241872561768531 102.8452535760728210 232.5799739921976652 308.6840052015604670 335.2275682704811288 330.9733420026007593 303.4687906371911481 273.7431729518855832 247.4167750325097472 234.8387516254876459 245.8634590377113227 265.6690507152145528 271.8628088426527825 264.1931079323796894 244.0526657997399127
771.3207547169811278 761.8301886792453388 752.1132075471698499 740.8867924528301501 729.9811320754716917 694.2641509433962028 672.3018867924528195 664.5094339622640973 659.3962264150943611 605.9433962264150750 593.1698113207546612 688.1320754716981583 699.8679245283018417 731.2830188679245111 794.9245283018867667 851.0000000000000000 922.5660377358490223 1001.5094339622640973 1102.3207547169811278 1119.6226415094340609 1081.4716981132075944 879.4716981132075944 -346.2830188679245111 -2464.8490566037735334
659.8134158254640624 661.9682513839139801 659.4886030608922738 655.4071963529794402 651.5480299576685184 650.3202539889286982 650.1906545099316190 653.4565288179745721 658.0480299576685184 660.4801367632693427 658.9734614132204342 655.5661022468251531 651.9985346792575456 646.7515467274503180 644.0221426245523162 644.3314881146206972 649.3656789319439895 658.3661673721915122 664.4089873005535765 663.9397590361445509 658.9148485835232805 653.9483881471833229 651.4832302181699788 651.5094431781178628
796.4044444444444935 930.6622222222222263 964.4266666666666197 848.6355555555555839 276.4888888888888800 -497.9777777777777601 -544.8711111111110768 -457.2622222222222490 -87.8577777777777840 29.3644444444444446 -53.1688888888888869 36.5155555555555580 164.9155555555555566 287.0622222222222035 395.0888888888889028 501.7733333333333121 604.0222222222222399 706.2133333333333667 762.2400000000000091 754.3555555555556111 588.8400000000000318 405.1600000000000250 312.0444444444444230 274.9688888888888982
101.3397400185700974 101.9149953574744671 102.5938718662952596 103.7976787372330563 105.1333797585886742 106.1806870937790137 107.1581244196843130 107.5705663881151395 107.7124883936861721 108.4383008356546014 109.0370009285051083 108.4419684308263641 107.9638347260909939 107.2779480037140161 106.7300371402042742 106.4674558960074222 106.4610492107706534 106.9744196843082591 107.0577530176416019 106.0984679665738213 104.9188486536675953 103.5695450324976719 101.8703342618384369 100.1732590529247915
556.0132933907508459 556.0748923422579537 556.7781314360606757 557.8447856206703364 561.0623478749297419 567.5965175060849788 575.8296199213630189 583.6150533607938087 589.6815203145478108 590.6910690881857136 587.7786931286276513 580.9455158210073478 576.1192660550458413 569.3488110840667105 559.0943643512450763 551.3372027710166776 546.4942894589028128 544.0232166260999520 540.8148286837671321 539.5068339262310246 540.1988391686950308 543.7195281782437633 545.7410597266429022 543.9786556824565196
-23.9521785334750277 -42.9844137442437102 -55.0520722635494124 -57.2341480694296862 -53.4183492738221730 -49.2221041445271013 -45.7396386822529237 -45.4293304994686480 -43.0843074743181020 -34.5242649663478574 -19.8940843074743192 -4.9068366985476439 22.4236627701027267 60.9071909316330178 110.7484945093871715 169.9305703152674596 225.9734325185972352 273.0109812256465034 314.3769040028338395 347.6248671625929774 363.5632306057385676 364.2440665958200725 346.1948281969536083 313.4498760184201274
-262.5339425587467304 -282.5156657963446492 -302.2950391644908450 -295.7180156657963721 -288.3289817232375754 -283.5861618798955419 -280.7885117493472649 -270.2624020887728307 -253.0966057441253270 -236.4425587467362959 -235.9895561357702434 -216.2480417754569260 -174.8146214099216706 -102.8838120104438616 -48.0352480417754535 -7.9738903394255871 -82.5522193211488258 -361.5065274151435801 -745.3838120104438758 -912.2036553524803821 -613.2114882506527920 -233.7780678851174798 -73.0391644908616229 -86.9516971279373365
315.2093649085037441 302.2653390742734132 333.5764262648008867 423.2045209903121759 494.7319698600645665 566.1431646932185231 628.5705059203444307 674.8471474703982267 700.8982777179762707 708.7524219590958410 704.8530678148546258 695.4418729817007261 684.4122712594187306 681.0683530678148827 688.4989235737351692 697.6469321851453742 716.2405812701830428 735.8643702906350654 749.2416576964477599 756.2545748116253890 759.9693218514531736 753.3164693218514003 747.1991388589881353 734.6437029063508817
297.4542635658914946 231.7891472868217022 106.8046511627906909 -12.8310077519379853 -44.3612403100775197 -21.9984496124030997 28.6108527131782928 68.1782945736434129 76.5906976744186068 51.8093023255813918 41.3472868217054241 67.2914728682170562 128.0372093023255786 228.9240310077519496 377.2217054263566069 525.3333333333333712 606.9100775193797972 508.1472868217054497 130.7286821705426405 -358.9240310077519212 -459.3255813953488200 -154.0604651162790617 82.5984496124031011 168.3550387596899327
210.2756132756132672 197.4025974025973937 160.6402116402116462 107.8023088023088008 49.1899951899951873 0.9658489658489658 -32.5125060125060159 -47.1139971139971152 -44.7181337181337213 -33.6108706108706130 -18.7255892255892249 3.6089466089466091 23.4810004810004820 38.9013949013949016 49.1808561808561819 60.8525733525733514 78.7575757575757507 106.0000000000000000 137.1308321308321183 171.7729677729677746 208.1019721019721089 242.2794612794612874 266.0305435305435253 259.6327561327561284
-390.1792811839323463 -427.2389006342494895 -455.9644820295982868 -475.0930232558139323 -484.8422832980972430 -481.1192389006342296 -479.7784355179704221 -470.2761099365750397 -449.6295983086680508 -419.8071881606765601 -373.6883720930232471 -311.1978858350951214 -248.8262156448203086 -207.3733615221987350 -188.1695560253699853 -182.6536997885835092 -195.6693446088794985 -227.8875264270613172 -276.1027484143763218 -347.4152219873150216 -467.1670190274841161 -632.6892177589852508 -767.7073995771670525 -762.5788583509513501
