-3.3001885767251573 -2.6446127784702913 -2.0416466903186627 -2.7091443730622942 -2.8595263208361299 -1.8773931664908747 -1.6772141784127592 -2.6227187010579476 -3.2143701857001310 -3.4493879246971586 -3.5947518138523988 -3.8658228657269791 -4.3982484738070129 -4.8982644548854157 -5.5270240035797613 -5.9806309329753571 -6.5298686355355260 -6.6626074727522617 -6.4786972224885737 -6.3753635695336719 -6.7627768721833350 -6.6767667082174702 -6.0327292485696935 -5.5503244158915841
419.0846837428123308 423.0287506534239697 422.1197072660742151 417.0193413486670124 409.5138525875588016 394.8405645582853936 377.6670151594354365 357.4171458442237395 332.6461055933089597 298.7119707266074329 259.9811813904861424 216.6534239414532124 170.6711970726607319 129.2158912702561508 95.8640878201777298 69.2049137480397292 49.1740721380031331 36.3110297961317272 25.1416623105070585 15.5912179822268691 8.4506011500261362 5.0925248301097756 5.6006272869837952 12.7637219027705182
-18.2185469580626105 -12.0330773774365039 -1.3632604843473124 13.3508564678086241 34.8470171293561748 60.8145304193738951 92.1955109273478968 131.8239810986414682 177.7985823981098576 221.1399881866509247 264.9728292971057044 305.2226816302421639 337.8895451860602748 363.6751329001771751 384.1393975191966774 399.9698759598346101 410.2539870053159916 418.9586532782043946 424.3225044300058926 428.7454223272297895 432.4920259893679599 433.4619019492026268 434.2504430005906784 432.7802717070289305
460.5413450937155631 462.0531973539140154 462.9157478868063436 463.5643145902241713 462.7839029768467753 462.2330025725835867 461.6436971701580205 461.3697170158030190 460.5241639103271041 459.9227306137449318 459.7925395075340020 459.7290518191841215 459.6642778390297508 459.5599963248805579 459.5624770305034872 460.1121830209481800 460.3339764792355595 460.5965637633223082 460.4151966188900929 459.6572032341051113 458.4687614847482564 456.8230429988974493 455.5074421168687877 453.7700294009555364
8.5120885522866292 -14.7987183221672005 -40.3568307602679894 -67.9565977279347493 -97.1007864841246686 -120.2971162248762056 -142.8770754442178941 -162.6099621322458404 -174.2810952519662067 -179.8173609088260889 -180.3635304398485175 -177.7034663559568912 -172.1197203612001090 -162.7311389455286985 -147.3594523740168825 -128.4847072531313756 -105.6169531022429311 -82.1290416545295727 -58.0154383920769021 -34.3402272065249079 -13.6874453830468976 4.2761433148849406 21.7136615205359753 30.7084182930381573
93.8318096577590239 94.5396155649320207 94.1078293483356845 91.8002812939521817 88.0444210032817693 82.0234411626816637 74.2910220346929151 64.1868260665729053 55.1167369901547133 51.0491092358180936 38.0534458509142084 26.2657055789967195 15.9873417721518987 4.4890998593530238 -4.6904594467885605 -10.9345991561181428 -17.4054149085794663 -20.7563291139240498 -23.4347163619315531 -26.6782700421940930 -29.3305203938115326 -29.6659634317862171 -30.1022034692920784 -27.0883731833098906
-315.7184115523465948 -342.4196750902527242 -374.8140794223826902 -407.5839350180505676 -442.5252707581227583 -479.2743682310469353 -515.9232851985559591 -551.7861010830324631 -585.1940433212996595 -616.0054151624548240 -642.6308664259927355 -666.5388086642599319 -687.8781588447653803 -704.7960288808664018 -715.9250902527076050 -723.7066787003610671 -725.6931407942238366 -724.6435018050541430 -719.6362815884476731 -710.8059566787003405 -700.1407942238266742 -688.8095667870036323 -674.1543321299639047 -656.5415162454874007
35.0115098171970232 37.2156398104265378 38.5093094109681786 42.1663845633039926 45.8639133378469879 48.6142518618821953 46.8845633039945824 41.4265402843601862 35.8554502369668242 27.5988490182802977 12.8119498984427889 -5.1066350710900474 -23.0453622207176707 -45.2281651997291831 -69.1763710223425932 -91.8126269465132054 -109.5763371699390660 -125.7982396750169301 -134.1709546377792890 -141.3854096140825902 -147.5377454299255362 -151.1086662153012981 -152.7621868652674380 -151.5243737305348759
536.9243070362473418 557.2377398720682322 521.3059701492537670 456.4738805970148974 378.9349680170575425 332.8576759061833741 320.7329424307036447 312.5533049040511742 299.5330490405117416 271.6551172707889350 250.9541577825159777 242.5005330490405129 254.7276119402985159 271.9195095948827543 299.0479744136460454 349.9205756929637801 431.4637526652451811 517.3411513859275601 545.4120469083155740 532.1615138592750327 473.1913646055436971 429.4232409381663160 401.1471215351812134 386.0538379530916586
-24.3634365268364164 -27.3464004396409592 -32.1238322037003101 -37.2298955852720255 -44.2024180252793570 -51.3436526836416931 -60.5308664590584371 -70.8006960981864779 -81.1465469866275839 -92.5883861513097628 -106.1985711668803845 -120.0238138853269874 -132.8591317091042185 -146.0124564938633398 -157.8754350613665451 -167.8690236307016050 -175.6704524638212206 -182.1875801428833199 -187.4174757281553525 -190.9688587653416505 -193.2861329913903603 -193.6578127862245822 -193.2324601575380143 -190.8756182450998438
-187.3892822658513069 -189.9314451239137327 -184.6915030576118397 -183.9328934663662665 -178.5811071773414938 -168.1765368522690665 -156.3418088187962667 -144.2581268104280525 -132.0376569037656793 -119.4237206308335999 -106.2304473768908935 -91.8501770196330796 -77.6501448342452534 -66.0273575796588403 -55.3760862568393932 -45.5366913421306734 -37.8818796266494999 -31.6371097521725133 -24.4964596073382701 -17.7442870936594801 -12.4153524299967817 -7.6366269713550050 -2.1213389121338913 1.6757322175732217
305.0730891719745159 305.1920382165604906 302.8057324840764295 298.8345541401274090 295.3640127388534893 289.4391719745223099 283.4582802547770939 274.6578025477707001 271.2630573248407586 260.7907643312101982 249.9851910828025439 243.8246815286624098 235.3980891719745330 223.5896496815286696 212.2128980891719721 204.5133757961783374 194.0969745222929816 185.7070063694267503 177.2638535031847198 168.4764331210191131 162.6495222929936233 158.4993630573248424 151.9457006369426892 150.8296178343948952
-424.1380835380835492 -411.0781326781327039 -394.2977886977886897 -376.2835380835380761 -352.2668304668304700 -326.6329238329238365 -299.6255528255528020 -268.0260442260442346 -233.9012285012285020 -197.7587223587223662 -160.3125307125307017 -122.7828009828009783 -86.9528255528255585 -52.5995085995086029 -22.2673218673218685 5.0658476658476657 29.0737100737100747 49.1051597051597071 63.0751842751842773 71.9700245700245631 77.3213759213759175 79.8545454545454589 80.5577395577395521 83.0914004914004920
243.4198067632850382 236.7509661835748886 239.1321256038647221 240.3635265700483217 243.5437198067632778 240.7041062801932298 231.9714975845410549 222.6855072463768010 219.6910628019323610 222.7826086956521863 236.3183574879226967 245.1461352657004795 250.0231884057971001 255.6142512077294668 265.2173913043478137 281.3053140096618563 304.1478260869565133 331.9219806763285305 361.5115942028985501 387.2772946859903413 409.9736714975845189 426.6282608695652243 433.1236714975845530 419.2876811594202877
-4.0878105141536683 -2.2547660311958406 -0.9942229924898902 -0.6591565569035239 0.6048526863084922 0.4361640670132871 -0.8983246678220682 -5.1490467937608315 -12.6816868861929528 -21.7331022530329285 -32.5066435586366254 -49.2414789139225846 -73.7030618139803551 -101.7359907567879844 -133.7954939341421152 -167.0179087232813515 -206.5147313691507804 -249.0600808781051398 -289.8850375505488159 -329.1831311380705074 -363.8162911611785262 -393.2680531484691073 -422.5915655690352537 -442.6019641825534450
188.2790172267721118 193.7531770686246944 204.4580626941541937 217.1714205026828495 232.3933916972606539 242.1776334368822461 245.5125670714487569 246.5422197119457906 242.1208698107879229 227.6554645580344527 203.9291160689070921 176.5453261790454746 137.4298220841570242 85.3772945495622650 53.4634284100536590 30.1575826037842418 0.1993787065800621 -9.5628353572437170 -9.7003671279299635 -12.2411748093758828 -12.2804292572719564 -9.8912736515108719 -3.3634566506636543 10.5600112962439994
808.7743957027753368 808.4207699194270162 803.6768128916741034 796.5273052820053863 789.7600716204118498 780.2381378692927001 766.1468218442256557 752.4350940017905032 739.2981199641898229 722.7591763652641248 706.3634735899731822 689.4449418084153649 669.7931960608773352 651.3428827215756201 628.5264100268576613 607.1047448522829200 583.7609668755595749 562.0931065353626082 540.7215756490600143 519.5299910474485614 500.8889883616830616 481.6347358997314245 463.4932855863921191 447.0975828111011765
-157.4906156156156101 -164.0945945945945823 -167.9343093093092989 -173.0116366366366378 -175.2394894894895003 -175.1306306306306340 -174.2473723723723822 -171.9241741741741691 -165.7897897897897792 -156.1591591591591452 -142.8731231231231220 -125.4009009009009077 -103.2492492492492460 -73.1403903903903938 -37.1313813813813809 2.9966216216216215 44.1009759759759774 83.0480480480480452 116.5281531531531556 140.3765015015015081 157.8622372372372240 168.6208708708708741 173.7282282282282324 171.1584084084084054
157.6493905615168387 158.2000208355036932 159.3915512032503443 159.4774455672465763 159.8402437753932759 159.9864569225960906 159.7602354411917815 159.4285342223148234 159.1405875612042848 159.6056880925096380 160.3182623189915716 162.4437962287738344 164.5350557349723886 164.6723617043442118 165.6157412230440684 168.0899572872174303 168.7474216064173334 169.7004375455776710 169.8816543389936555 170.2295551619960463 170.4182727367434040 169.7226794457756114 170.4414001458485188 169.0905823523283686
-110.8337837837837867 -119.9716216216216225 -129.6135135135135101 -142.6797297297297291 -158.8175675675675791 -176.7662162162162076 -196.1878378378378329 -218.8432432432432506 -244.7878378378378272 -282.2297297297297405 -325.1499999999999773 -373.9310810810810608 -426.0067567567567721 -482.9202702702702936 -546.5972972972972457 -608.2716216216216480 -671.3554054054053495 -730.3121621621621671 -783.3364864864864785 -828.0256756756756431 -863.1216216216216708 -885.1378378378378784 -897.4851351351351241 -900.0878378378378102
-90.6560700876095069 -84.9166458072590729 -60.6170212765957430 -29.5121401752190238 1.9013767209011263 38.6458072590738411 77.5043804755944876 117.3799749687108829 147.4357947434292839 166.1884856070087721 173.3787234042553109 176.7667083854818486 174.7762202753441727 165.8958698372966296 160.2563204005006128 159.7259073842302826 146.3804755944931060 141.7742177722152803 139.4177722152690819 134.4365456821026328 128.3977471839799875 123.7241551939924875 122.6941176470588175 113.9939924906132660
141.6531751570132656 185.5450104675505827 67.9937194696441054 117.3872993719469662 220.3747383112351770 120.6894626657362153 48.7034193998604295 114.1088625261688776 156.1605024424284807 142.3963712491276965 129.5764131193300841 118.5833914863921876 124.5882763433356644 143.7536636427076076 141.3112351709699794 126.6106071179344070 198.4054431263084552 204.8164689462665820 -23.0216329378925337 201.1556175854850039 416.5115143056524971 -85.9148639218422829 -57.0439637124912764 193.4054431263084552
-31.0799623706491062 -31.2204452806522426 -29.9306992787707742 -25.4484164314832242 -21.4048291000313569 -11.8494825964252115 2.4524929444967074 20.2041392285983079 43.4744433991847004 73.1806208842897519 109.3248667293822507 145.8532455315145739 178.5904672311069419 211.3129507682659209 237.9551583568516833 251.0482910003135828 255.4132957039824419 255.5500156788962158 256.8284728755095898 259.7635622452179405 263.2822201317027293 264.2464722483537116 264.7187206020695953 262.9448102853559135
277.3756157635468185 199.8429802955664911 159.3965517241379359 150.4747536945812669 138.7697044334975374 107.7777093596059075 68.4704433497536940 31.3017241379310356 0.0985221674876847 -10.5418719211822651 -11.4550492610837438 -49.1274630541871886 -109.4310344827586192 -59.0535714285714306 110.9168719211822633 405.6477832512315445 546.8633004926108470 393.8269704433497509 239.7136699507389039 175.0794334975369395 166.6717980295566406 171.4378078817734092 151.1083743842364413 111.1742610837438434
475.3046132971506381 423.7666214382632575 288.7089552238805936 200.7062415196743643 165.0508819538670195 165.9531886024423386 152.2204884667571321 114.4721845318860289 72.3799185888738066 35.5888738127544073 1.8215739484396201 -6.1004070556309360 -1.2313432835820894 -50.9206241519674379 -117.5739484396200822 -48.2503392130257822 159.3052917232021741 469.8459972862958125 541.4993215739484640 370.8446404341926836 238.7890094979647131 177.7611940298507420 173.0983717774762454 173.7503392130257680
153.9538052892943654 155.7958193786811307 155.1201062478346273 153.8848596835662192 152.1292297031989733 149.1340801478230844 140.7988220348770199 132.9834853909227377 125.1166416445316969 124.4388497517034295 102.5181891673403385 100.4147130153597374 97.3331793509643148 68.8249220464256837 69.2857142857142918 70.5660006929206673 53.4490125880586646 45.4467028525233872 41.1903222081071689 35.3584709550756457 31.3881510567040074 27.9048388959464155 25.3996997343804125 25.0107402702390580
-210.4432989690721740 -213.0257731958762975 -219.8788659793814304 -231.6804123711340253 -251.5438144329896772 -284.4226804123711076 -327.8144329896907152 -380.8505154639175316 -447.3092783505154557 -525.3556701030927343 -608.6417525773196076 -697.4871134020618229 -782.1726804123711645 -865.3144329896907720 -938.3737113402062278 -999.7500000000000000 -1049.7731958762885824 -1085.8865979381444049 -1106.6185567010309114 -1117.2216494845361012 -1115.6855670103093416 -1106.8530927835051898 -1085.8891752577319494 -1054.7577319587628608
-109.8496128648004770 -116.6822513400833827 -123.5738534842167979 -130.3895175699821323 -139.4681357951161544 -151.0333531864204986 -162.4097677188802891 -174.1983323406789737 -187.5163787969029272 -200.6075044669446186 -215.0419892793329382 -230.3195354377605781 -244.4276354973198409 -258.6426444312090780 -271.1116736152471844 -282.9764740917212862 -292.7611673615247128 -302.3207266229898664 -311.3814770696843084 -317.4353782013103000 -321.1855270994639682 -323.5193567599761764 -324.1596188207266209 -322.3686718284693029
61.6868662246489876 63.2759360374414968 63.8669559282371324 63.9164879095163840 65.0633775351014094 65.8259067862714460 66.4280421216848680 66.6464996099844029 66.4225819032761251 66.2477574102964155 65.5048264430577234 66.0047289391575731 65.9479329173166917 63.8033833853354153 63.1034028861154468 63.7176287051482078 62.7581903276131072 61.3098673946957859 60.4453490639625599 61.1132995319812764 61.6797484399375975 61.4862031981279245 61.0831708268330758 60.2669169266770695
295.3487390289967607 296.2849127874680448 297.1298189090101118 298.0062215309409908 298.7592489723364224 299.3980668814576234 299.3241306521497336 299.3554605043884180 299.2962448616820552 299.2473614042884265 299.5122208643484214 299.8466837018108890 299.9945561604266118 300.0522164203977127 299.8328519053438299 300.1123208532385434 300.7895789356738305 301.2962448616820552 301.5179980002221782 301.4703366292634428 300.9267303632929611 299.9984446172647381 298.8662370847683860 297.9415064992778639
152.0015760441292230 130.1843971631205648 191.8691883372734424 251.1315996847911833 -42.2537431048069365 112.9629629629629619 459.8786446020488370 -80.3924349881796729 -56.5721040189125262 171.5137903861308075 109.5626477541371173 36.2734436564223799 46.1000788022064611 53.6130811662726572 60.5193065405831376 63.4302600472813225 58.3892828999211986 50.9361702127659584 70.5382190701339624 78.5405831363278111 83.1741528762805302 115.0228526398739177 125.4783293932230066 69.3372734436564286
-224.9227258898691844 -216.0882263462123376 -204.6194097961667069 -190.6881655004563356 -170.5606936416184851 -144.8591420748402925 -115.7000304228780010 -81.1627623973227799 -44.0854882871919713 -6.6461819288104653 29.9765743839367218 63.9449345908122879 93.9221174323090935 115.3668999087313694 128.8688773958016327 136.4873745056282246 138.3291755400060765 136.2357773045330021 134.6510495892911479 132.3696379677517427 129.2899300273805920 127.6407058107697026 125.5281411621539434 123.8040766656525733
156.4093005380476598 127.7778631821675646 12.9996156802459648 10.8328209069946197 2.8116833205226750 -109.6414296694850066 -143.0226748654880851 -93.6468101460415028 -69.6087624903920101 -72.0837817063797104 -71.1083781706379767 -57.9646425826287484 -34.2901614142966977 -9.9923136049192927 4.0311299000768637 10.9923136049192927 21.9538816295157559 26.7701767870868572 24.3528055342044567 22.5607225211375848 29.0192159877017666 9.2590315142198314 -24.8109146810146051 -36.5142198308993073
253.4963651050080671 244.9818255250403922 224.3449111470113166 189.6405492730210085 162.4628432956381232 159.5432148626817366 171.7528271405492717 176.8836833602584875 175.2915993537964425 173.0109046849757704 175.0864297253635016 190.4733441033925772 233.3598546042003363 291.8638933764135572 366.2924071082391038 412.3000807754442576 402.8521809369951256 388.7835218093699723 384.9184168012923806 358.8356219709208403 296.5193861066235854 238.2084006462035575 200.2176898222940338 187.9931340872374790
-84.1885310290652029 5.9732914375490962 220.9080911233307063 501.3731343283582191 525.7109190887666728 339.5027494108405222 224.9520816967792598 170.2348782403770713 170.3189316575019632 171.3283582089552226 138.1775333857030716 89.7391987431264795 56.5498821681068335 19.5530243519245879 -0.9622937941869599 8.4846818538884516 -3.3770620581304005 -83.6881382560879814 -75.5820895522388128 81.5302435192458717 369.1382560879811194 540.3126472898665043 408.9622937941869623 283.2780832678711818
269.0254098360655917 265.8323770491803089 284.7065573770491937 303.0762295081967181 312.1122950819672042 317.0889344262295140 312.6184426229507949 305.4815573770491710 310.0463114754098228 326.0663934426229389 349.4680327868852601 376.2954918032787077 402.3110655737705201 409.6442622950819441 421.5036885245901885 439.3057377049180445 427.1950819672131274 369.4922131147541222 296.3200819672131274 241.6684426229508063 202.0602459016393482 155.6807377049180445 120.6233606557376987 109.6512295081967210
-26.5234479220112895 -20.0021549512570544 -16.5782452539763980 -17.6153925089789638 -14.0089276552077990 -7.6603386351975375 -2.4175474602360185 3.8805541303232425 13.4743971267316578 23.8935864545921000 33.8337609030271906 46.7461262185736288 61.2781939456131326 73.8709081580297635 85.5114417650077030 96.6296562339661307 105.0899948691636752 114.0127244740892820 121.4158029758850716 126.8132375577219051 131.9340174448435050 134.8638276038994377 137.1447922011287801 135.4321190354027635
212.2554495912806658 221.6076294277929151 230.8058583106266894 239.7956403269754730 252.0681198910081662 262.4816076294277991 275.2656675749318538 290.1743869209809077 308.7867847411444018 331.5265667574931854 355.5715258855585716 382.7745231607629535 411.0313351498637644 436.3331062670299616 462.8964577656675488 491.5401907356948072 520.3705722070844786 544.9066757493187652 567.9298365122615451 590.7711171662125480 609.3637602179836676 625.2472752043596529 640.5790190735694978 647.0258855585831270
122.1162018592297471 150.4362549800796671 140.5843293492695807 134.1274900398406373 129.6719787516600206 139.9568393094289434 150.7994687915006580 147.2948207171314721 135.1872509960159334 214.6759628154050574 211.6128818061089021 -32.7689243027888466 207.6288180610889640 417.6294820717131415 -111.1195219123505922 -24.8081009296148736 199.7715803452855141 115.4003984063745065 46.9488711819389124 60.8386454183266920 65.2583001328021197 72.1985391766268236 78.7290836653386492 68.6394422310756909
678.5766103814884218 675.7098186366479240 668.3989993746091614 660.0487804878048337 647.6447779862413654 634.0662914321451353 620.3939962476547407 604.3533458411507127 585.4627892432770295 567.0650406504065586 546.4878048780487916 524.7235772357723818 503.6172607879925067 483.7066916823014253 465.8549093183239620 445.2207629768605557 426.8542839274546736 406.9011882426516422 386.9937460913070595 369.3639774859287286 349.5766103814884218 333.4759224515321989 319.9399624765478620 308.4127579737335623
129.7605633802816953 133.5145087391820766 146.0638045138299788 162.5106058034956789 180.7159341591718942 201.1946377057525979 224.1834379772611499 249.0839979636857322 271.9171898863057777 287.2581028338706801 294.8876633293738223 299.5713558459189017 303.7205158662820281 310.2350246054641048 313.4398438825725179 313.8063804513830064 310.2228067198370809 308.4040386899711734 308.1878499915153498 311.8912268793483804 315.7639572374002910 320.7186492448668105 324.4688613609367280 323.6088579670795866
52.6112696148359476 113.1084165477888774 151.6034236804565012 136.9358059914407875 128.8231098430813120 122.4728958630527842 131.8281027104137024 143.8209700427960058 144.1455064194008457 126.7168330955777407 182.6241084165477844 220.5499286733238193 -11.3502139800285313 156.4044222539229736 435.3002853067047226 -87.3352353780313848 -84.6583452211126968 185.2724679029957144 123.7888730385163996 37.6112696148359476 46.8823109843081340 53.4172610556348104 63.3259629101283892 72.8088445078459330
158.2722265932336825 156.5342250196695488 135.0487804878048905 196.3005507474429692 253.9685287175452402 -31.8489378442171507 115.4642014162077146 470.1612903225806690 -69.1573564122737992 -57.0920535011801746 181.0605822187254148 121.9543666404405968 40.9118804091266739 51.5027537372147890 57.8638867033831659 64.1431943351691558 68.1817466561762444 62.9047993705743522 53.9307631785995270 74.6498819826908004 80.7529504327301311 87.3288749016522416 131.5774980330448329 117.7191188040912664
-113.9092411188481009 -108.6873598489319050 -99.9956331877729241 -95.3537117903930067 -86.9990558243833334 -75.5341673551280479 -64.9892600023604388 -56.1020889885518699 -47.3299893780243153 -37.4339667178095112 -27.1273456862976516 -17.0363507612415894 -6.9861914316062785 1.8949604626460521 11.8318187182815997 19.8763129942169243 25.8410244305440813 32.1268735984893183 39.4635902277823689 44.9961052755812574 48.3459223415555286 50.7630119202171599 55.4546205594240504 56.3127581730201783
82.8338414634146289 63.1623475609756113 51.5045731707317103 55.3132621951219505 66.0198170731707279 80.0861280487804947 99.7134146341463463 121.7629573170731732 130.8948170731707421 210.1692073170731589 304.0503048780487916 111.7065548780487774 -123.8048780487804947 8.0480182926829276 194.0990853658536537 181.9039634146341484 142.1150914634146432 113.3163109756097526 125.5762195121951237 164.1570121951219505 182.0800304878048905 185.9900914634146432 201.3506097560975547 219.3948170731707421
-46.2242049469964655 -47.4328621908127204 -46.7590106007067163 -48.6574204946996431 -50.2364546525323945 -49.2145465253239109 -49.4724381625441723 -50.9552414605418136 -51.6801531213192007 -51.9169022379269762 -52.3060659599528890 -52.9288574793875171 -53.6534157832744398 -54.6995877502944623 -55.3251472320376934 -55.7561837455830371 -56.4552414605418136 -56.8501177856301538 -57.1310954063604228 -57.4266195524146070 -57.5193757361601854 -57.4967020023557112 -57.0763250883392246 -56.5323321554770288
473.2770764119601381 479.4531561461794240 480.1308970099667590 476.3186046511627865 472.6757475083056761 469.5880398671096145 467.8508305647840757 468.2604651162790788 469.4382059800664706 471.4897009966777546 473.7166112956810480 471.4116279069767188 465.4435215946843982 458.6890365448505236 448.0285714285714107 427.7225913621262521 401.5913621262458264 372.4066445182724010 343.8880398671096259 318.7033222591362005 301.5059800664452041 287.5541528239202762 274.9897009966777546 267.1574750830564540
1044.8146067415730158 1053.8174157303371885 1063.2893258426965986 1060.2050561797752835 1055.4213483146068029 1045.6769662921349209 1036.8258426966292518 1019.8146067415730158 1000.7303370786517007 975.6179775280899094 943.7724719101123583 912.7275280898876417 879.7471910112359410 847.4157303370786849 816.0505617977528345 784.3567415730336734 753.2696629213482993 723.6151685393258504 695.4297752808988662 670.0393258426965986 646.4073033707865079 624.6123595505617914 604.3707865168539684 582.1039325842696144
806.7168192219679668 808.1479786422578400 810.2972921434019327 811.6996567505721032 812.9731121281464539 813.0236460717010232 813.5852402745995278 813.8407704042715523 814.0387109077040577 813.9536613272310888 813.6481693363843988 813.2946224256293135 812.5743707093821513 812.0402364607169829 811.3417238749046874 810.3855835240274246 809.5347063310449585 808.4679633867276607 807.0900076277650896 805.6172768878718671 804.1209000762776213 802.5888634630053957 801.0005720823799038 799.0047673531655619
901.3537970191624709 904.7143364088005910 905.8392476933995567 907.6000709723208502 909.0684882895670853 910.6628814762242428 911.6912704045422515 912.5780695528743536 913.8754435770049440 914.3960255500354606 915.0493257629524351 915.0940383250532477 915.5248403122782292 915.4535131298792976 915.1110716820439848 915.5117104329311815 915.4556422995032108 914.7888573456351651 914.5574875798438370 914.3225691980127294 913.7097232079488549 912.6845280340667159 911.1309439318665682 909.4105748757984884
131.5495456512332453 129.1618347035915235 133.6696235395932604 132.8600173085244478 133.9478580700995280 132.2626568585028224 124.9630030289917784 116.0380787537862375 112.4270878407615726 116.0019472090004342 126.5774556469061025 139.4545651233232491 155.0709649502379932 172.1293812202509628 192.0218520121159713 215.7118130679359638 243.5382951103418350 273.7356122890523693 298.3907399394201434 319.0761575075724750 329.4180008654262224 336.4586758978796865 343.0400259627866717 335.6159671138035492
279.2650802434974935 283.9003873824017887 306.9203099059214424 348.0127282789153469 404.0287769784172838 464.2883231876037371 519.8256779192031445 564.4958494742667199 573.7415605976757433 525.4001106806862254 445.9684560044272530 380.3724405091311382 338.5611510791366641 318.9258439402324257 303.0409518539015039 284.2778085224128404 260.1029330381848581 241.9086884338682921 242.2495849474266834 262.9435528500276860 282.4565578306585394 314.6629773104593255 361.0636413945766208 424.7454344216934032
227.3362745098039284 233.8558823529411654 235.8784313725490165 235.4944444444444400 228.9326797385620864 211.3633986928104491 184.9905228758169926 154.7705882352941273 113.9003267973856168 67.9869281045751563 21.4437908496732028 -19.5558823529411754 -49.9669934640522868 -72.4947712418300654 -83.3225490196078482 -83.5784313725490193 -81.7267973856209125 -79.8228758169934594 -76.1372549019607874 -69.9408496732026208 -63.2032679738562067 -54.3261437908496703 -45.6313725490196092 -35.3401960784313758
265.5985126162018446 266.7746082337317262 267.3976095617529722 267.1644090305445047 267.6657104913678609 267.5274900398406430 267.4905710491368040 267.1014608233732019 266.8070119521912602 266.8598671978751895 266.8941832669322594 266.6841434262948383 266.8492430278884626 266.8243824701195308 266.4439309428950651 266.0549800796812860 266.0075431606905454 266.0922709163346553 265.2732005312084880 264.6945551128818011 264.7044887118194083 264.3042762284196669 263.7852855245683941 263.0037715803453011
-972.3231364275668511 -974.1645569620253582 -975.7696905766525788 -976.9240506329114169 -977.7663502109704723 -978.3022151898734364 -978.6191983122363354 -978.8271800281294190 -978.7373417721519218 -978.5917721518986809 -978.3473980309423723 -978.4254571026723397 -978.3908227848100978 -978.3990857946554343 -978.4490154711673995 -978.3561884669479696 -978.1162095639944027 -977.7227496483825462 -976.9008438818565310 -975.8343881856540065 -974.4321378340365527 -972.7811181434599348 -970.8134669479605918 -968.9085794655414929
60.0956660675054906 63.6320151787497537 64.6956261234272034 63.4690433393249478 64.3238466147393666 67.5975634112242858 72.4532654284002433 77.5323547034152227 83.3291392051128383 88.1013580986618763 92.1044537647293851 110.6025564210105898 130.9667465548232599 133.7161973237467407 137.4702416616736684 151.3487118034751404 163.6833433193529004 173.4182144997004116 179.9443778709806168 185.5611144397842907 189.2998801677651386 191.8106650689035462 193.8134611543838730 195.8353305372478417
-15.8743376230128685 -26.7448902346707023 -73.0052990158970516 -113.6782740348221097 -38.0870552611657800 155.5980317940953910 463.0272520817562736 537.4549583648750968 341.8236184708554219 208.4027252081756387 156.8879636638909858 159.5541256623769755 162.6585919757759200 130.9591218773656180 83.7501892505677574 50.4125662376987123 18.1264193792581381 -10.5609386828160492 -7.5639666919000756 -8.7093111279333844 -65.2187736563209626 -82.1998485995458026 43.5140045420136232 289.8750946252838503
-317.1038575667655550 -372.3649851632047216 -441.5311572700296665 -517.6646884272996658 -604.5786350148367774 -692.5727002967358885 -779.6854599406527768 -863.3442136498516675 -938.8872403560831117 -1001.7210682492581100 -1053.4302670623144422 -1093.8605341246291118 -1122.6824925816024461 -1138.5905044510386688 -1143.1899109792284435 -1137.7626112759644457 -1121.9080118694362227 -1093.1958456973293323 -1055.5459940652820023 -1010.1008902077151106 -956.0771513353115552 -895.7270029673589988 -832.6884272997032213 -770.7566765578635568
-236.7596402779670370 -239.9715220057228464 -242.0336558114184413 -243.7227142662488006 -244.1032838261343443 -243.9324158604714512 -242.9914157242131125 -241.7952037062269994 -240.2218285870009424 -239.2161057364763508 -237.7103147567788426 -236.0103556342826039 -234.4924376618067754 -233.1316255620656648 -232.0282054775855158 -231.0730344733615027 -230.1906254258073261 -228.5995367216241902 -227.0539583049461783 -225.2800109006676621 -223.1895353590407467 -220.0068129172911711 -216.9099332334105554 -213.3519553072625570
220.8904891979140928 242.6426620312888076 201.2220014899428975 127.8885026074000564 122.7531661286317330 105.2902905388626777 40.3126396821455160 15.7896697293270432 7.1624037745219766 2.5326545815743731 -4.4931710951080213 -1.6448969456170848 5.8440526446486221 16.1254035261981628 25.7544077477030058 34.7260988328780726 48.7057362801092637 65.3968214551775446 77.5929972684380402 86.3138813012167816 90.0921281350881600 94.6915818226967900 103.9684628755897648 111.2962503104047727
500.0535751511361013 502.6541588492808046 504.3452157598499070 505.0402334792578927 505.7483844069209908 505.7181571815718257 505.5176151761517644 505.3173858661663758 505.2281634354804964 505.0023973316656338 504.7927871586408060 504.6689597665207430 505.0808838857619207 505.4567437982071851 505.6949134875964091 506.2332707942463799 506.6479049405878641 506.9058786741713334 507.0672295184490395 506.4575776526996265 505.4164060871377728 504.3614759224515183 502.4770690014592560 500.6324786324786373
336.2272409371721551 336.7750903368690842 337.4269728406574131 337.5398647861056247 337.2714768621051462 336.9209115281501568 336.6932626180207535 337.0931343979484609 337.2407623266115024 337.1152815013404620 337.2678633873412082 337.5040797295721973 337.8059214360648070 337.8740529199207572 338.5611959435831864 339.2028791234409368 339.5936006527567201 339.8950343862920818 339.9819326261801962 340.5425457512530443 340.1462874460892749 339.5222636670940801 339.2020048956754863 338.4929478960251572
-400.2609603340292210 -386.8830897703548999 -366.9394572025051957 -344.0354906054279809 -316.5741127348642863 -278.2546972860125152 -233.4843423799582354 -183.8079331941544865 -126.6993736951983323 -63.2045929018789110 2.3883089770354906 65.1315240083507376 128.1210855949895517 183.8225469728601240 232.2296450939457202 271.8079331941544865 304.6638830897703656 329.9123173277661749 349.8183716075156440 365.3611691022964578 376.8288100208768014 384.2338204592902002 385.1398747390396693 381.3215031315240253
228.0337837837837753 237.9106606606606533 244.1756756756756772 249.5052552552552640 253.7807807807807876 258.1096096096096062 262.4827327327327566 260.5015015015014797 254.4699699699699806 234.5052552552552640 200.0818318318318347 142.8536036036036023 73.0840840840840826 5.0367867867867870 -67.3385885885885926 -134.9902402402402402 -188.4159159159159174 -222.5195195195195197 -245.1764264264264170 -257.6246246246246301 -261.5548048048048031 -260.9512012012012292 -262.0668168168168108 -260.9977477477477237
76.0603264726756549 102.1007806955287407 221.5997161107168267 183.3690560681334318 49.5393896380411647 61.3470546486870134 147.9396735273243451 173.9630943931866511 138.4982256919801387 121.8963804116394556 123.1667849538679889 141.9581263307310053 155.6706884315117065 147.2945351312988009 153.8509581263307382 215.7714691270404614 165.6174591909155538 2.0766501064584810 283.8041163946061261 338.3640880056777860 -147.1476224272533671 25.1440738112136266 228.8381831085876570 65.6359119943222140
156.3581744656268029 147.0340843443096617 137.7019064124783370 111.1952628538417116 70.7562102830733721 33.6943963027151909 2.5216637781629117 -10.0034662045060667 -11.5880993645291746 -39.9982668977469658 -101.8006932409012109 -65.6759098786828446 91.4165222414789156 366.0595031773541450 535.5251299826690001 419.1126516464471479 254.5216637781629174 181.3038705950317819 164.7388792605430297 171.7377238590410116 154.1958405545927349 113.3766608896591634 74.6302715193529735 47.3125361062969390
91.0000000000000000 183.6924058710912675 174.9834077855775263 33.8519463943841714 115.9591576260370118 217.9578813018506764 121.9017230376515641 54.7760051052967469 106.5354179961710344 144.7185705169112850 137.2597319719208713 129.9042756860242491 125.4939374601148643 130.3873643905552058 155.2093171665603109 150.3726866624122636 126.8238672622846224 222.9081046585832837 230.7536694320357356 -62.8398213146139142 139.2163369495851839 412.4888321633695227 -31.5590299936183776 -36.6617740906190193
-569.8759909399773278 -574.9903737259343188 -577.7655719139297616 -577.8725934314835513 -574.3822197055492325 -571.2049830124575465 -567.0419026047565012 -560.2978482446205817 -551.0039637599094249 -539.9331823329558802 -526.6024915062287164 -510.7327293318233501 -491.5419026047565012 -468.9552661381653706 -443.6721404303510781 -416.4796149490373978 -389.2004530011325301 -361.5566251415628471 -334.0549263873159589 -305.8878822197055456 -279.4949037372593352 -255.6121177802944544 -233.2650056625141701 -214.1636466591166368
1.5215716486902928 1.4329738058551618 -2.1594761171032357 -9.2765793528505398 -18.3497688751926056 -32.6494607087827404 -52.8166409861325121 -76.1864406779661039 -102.6363636363636402 -134.7773497688751831 -171.3721109399075431 -210.7989214175654809 -252.6825885978428232 -297.6471494607087607 -343.4961479198767051 -391.1556240369799866 -436.8389830508474461 -475.4614791987673357 -512.7534668721109483 -545.3921417565485399 -573.8127889060092457 -600.0770416024653287 -620.8420647149461047 -635.1132511556240843
154.1172058134083329 154.5907172995780456 172.5939990623535039 198.2334739803094124 240.2306610407876235 311.3572433192686617 377.8645100796999259 408.8945147679324918 392.7337083919362613 416.9399906235349249 381.9451476793249185 253.8556024378809184 193.8368495077355931 195.1659634317862242 172.1022034692920784 142.2044069385841567 135.5213314580403221 129.8870135958743504 122.5152367557430892 128.8518518518518476 134.1462728551336170 142.7599624941396996 167.3277074542897367 205.4922644163150380
-268.5779989241527801 -273.2816030123722157 -274.7813340505647943 -275.8515330823022964 -276.7867132867132796 -274.9152770306616276 -270.0545992469069461 -264.8881118881118937 -258.1428187197417969 -250.6847767616998510 -241.1785906401291015 -229.1167294244217203 -215.3388918773534044 -199.6656804733727881 -182.0667025282409952 -162.2888649811726793 -140.1947283485745004 -117.2506724045185535 -94.5182894029047844 -71.2463690155997824 -49.2509413663259821 -30.2686928456159237 -14.8507261968800428 -4.6167294244217318
72.5248534284986022 75.4409890390007689 85.3311241396890097 95.4061942391027316 107.9760387458577640 124.6243945959724755 144.0788937037981157 165.5748151924547642 185.5003823604384365 198.1214631659444194 208.3364771858271638 223.2672699464695256 232.5874330869232836 230.2218965077746589 229.7387203670660085 232.0895997960744239 231.6971705327555355 233.1278358399184185 234.0563344379301611 233.5676777976038636 232.7150140198827444 228.6749936273260175 224.6635228141728362 224.8076726994646890
-158.0008741258741338 -169.1909965034965069 -161.9156468531468533 -147.5196678321678405 -128.9580419580419459 -106.3736888111888135 -78.7749125874125866 -46.9842657342657333 -19.6018356643356633 3.3658216783216783 17.6993006993007000 20.3159965034965033 19.1306818181818166 13.3688811188811183 5.7888986013986017 -7.3085664335664333 -36.1682692307692335 -69.0170454545454533 -104.6975524475524537 -142.2613636363636260 -168.9698426573426673 -187.8168706293706407 -199.9042832167832273 -195.7294580419580541
14.2182965299684536 -8.3223974763406936 -9.7413249211356465 -22.4851735015772860 -79.8454258675078847 -99.6176656151419593 11.1634069400630906 228.4353312302839072 506.4012618296529809 519.6864353312303137 315.2466876971608940 206.4479495268138862 165.8208201892744569 168.5457413249211243 164.7577287066246186 126.4605678233438510 82.9785488958990527 50.4858044164037878 17.1223974763406943 -3.1242902208201895 2.0063091482649842 -13.4239747634069406 -66.5659305993690822 -55.6119873817034716
384.0981818181818426 426.9153246753246549 473.8483116883116963 519.9335064935064565 546.3470129870129313 536.1932467532467399 481.9859740259740306 401.3319480519480749 349.0124675324675536 326.5059740259740124 316.8119480519480362 305.9792207792207819 284.5864935064935253 256.9714285714285893 243.1387012987013065 250.1890909090909076 265.9558441558441473 284.8155844155843965 332.2867532467532214 394.4524675324675513 486.2394805194805372 541.7454545454545496 548.8150649350649246 498.3729870129870392
310.4613034623217800 299.2958248472505147 283.9246435845213909 274.2423625254582475 274.3085539714867878 286.0101832993889843 310.5448065173115992 353.4557026476578585 409.8828920570264813 477.7693482688391100 537.4032586558045068 560.4236252545824755 552.6827902240326011 506.7998981670061198 443.8197556008146876 384.4918533604887898 345.7856415478615304 326.8431771894093458 305.5234215885947151 279.5269857433808625 257.1771894093686228 247.3421588594704588 254.5835030549898192 270.3961303462321553
494.7300275482093639 421.5716253443526398 192.7741046831955884 175.3379247015610645 200.0330578512396755 154.0449954086317632 132.7727272727272805 136.4380165289256297 130.3875114784205778 120.8847566574839334 126.5009182736455529 131.9458218549127650 143.2791551882461079 162.7754820936639248 178.9977043158861250 211.8044077134986196 255.5371900826446279 244.5463728191000996 244.5569329660238793 238.4706152433425075 217.4283746556473886 226.5339761248852142 246.6712580348944073 251.5362718089990892
312.1288029570656590 325.4901905032698437 330.2149559283480471 323.5914131361956265 302.7895934034688707 269.4745521751492561 218.5848734717088462 168.9021893659368914 131.8279783906738771 101.7725334091555283 75.8043787318737543 63.6710264429911845 61.7520614159795258 62.9863520045493317 65.5376741541086147 69.4111458629513720 73.7059994313335238 80.5962468012510698 89.2263292578902423 99.2405459198180324 108.9158373613875455 118.3866932044356020 125.3733295422234875 132.7392664202445189
-459.4700305810397367 -467.8568807339449336 -475.5495412844036878 -482.1743119266055260 -488.5660550458715647 -493.7477064220183252 -497.7177370030581187 -500.6691131498470781 -503.3232415902140815 -505.0938837920489277 -506.4269113149846930 -507.5226299694189720 -508.5862385321100874 -509.6146788990825485 -510.6113149847094519 -511.4152905198776580 -511.9492354740061160 -512.4076452599388176 -511.9929663608562578 -511.4470948012232157 -509.7097859327217293 -506.6822629969419154 -502.9532110091743107 -498.4801223241590264
-647.1276967930028832 -657.8256559766763303 -662.6857142857143117 -668.6635568513119097 -671.6285714285713766 -672.1276967930028832 -670.9865889212827597 -667.9387755102040956 -663.6781341107871413 -658.0169096209912141 -651.8040816326530376 -643.2186588921282464 -634.0344023323615374 -624.1994169096209362 -613.3002915451894523 -601.0396501457726117 -588.0349854227405331 -574.8250728862973347 -562.1848396501458183 -550.0874635568512758 -537.6104956268221713 -525.5877551020407736 -513.6594752186589403 -501.2962099125364261
25.6126056879323585 22.4429925698180881 23.7814501665385585 11.5539328721496286 6.2436587240584167 1.6423264155777606 -7.6505252369971819 -19.3597232897770937 -33.2610812195746846 -41.7481424545221600 -46.9379964130156324 -54.6320778888034866 -58.7450678964898785 -59.8393543428132233 -52.4701511657699200 -41.0684089162182957 -24.4452984883422992 0.5754547783756085 30.3504996156802456 65.9533692031770471 103.1990776325903170 139.1714066102997833 170.0102485267742622 178.8667691519344203
310.4596707818930099 339.5497942386831483 378.1267489711934218 408.8942386831275826 429.6288065843621666 439.0942386831275712 442.2004115226337717 405.8547325102880450 330.3786008230452467 245.8679012345679098 194.7921810699588434 174.4028806584362030 159.4362139917695345 151.0995884773662681 147.5769547325103019 147.3572016460905445 150.2407407407407334 160.5497942386831198 173.4168724279835487 191.3847736625514528 213.0131687242798364 243.3580246913580254 281.2876543209876559 302.7362139917695458
154.6965079365079418 157.3758730158730259 166.9669841269841299 181.9987301587301545 190.4133333333333269 192.4977777777777703 197.2260317460317367 212.2228571428571513 233.4584126984127010 269.3403174603174648 307.2034920634920354 342.1034920634920695 334.1587301587301795 331.2984126984126760 347.4212698412698614 319.2546031746031758 257.3104761904762086 224.3682539682539812 197.8133333333333326 152.2069841269841390 117.1342857142857099 95.4352380952380912 69.9504761904761949 53.9726984126984135
215.2865421764327039 228.3947198969736121 235.3058596265292977 241.3329040566645176 247.1538956857694700 257.6915647134578080 265.4127495170637303 273.4121056020605351 281.5035415325177155 288.5479716677398301 294.1629104958145717 297.7289117836445484 296.2614294913071262 283.7868641339343299 252.6838377334191819 204.1204121056020711 143.6149388280746848 72.7050869285254322 -7.2942691564713460 -74.1262073406310407 -117.1294269156471302 -145.7095943335479831 -161.5885383129426884 -164.6838377334191819
381.3728339473325377 382.8634192932187261 383.7418474553144847 383.6446991404011442 383.2359803520262176 383.0221039705280646 382.6625733387911055 382.0961932050757355 381.2599263200982591 380.5463910492563855 380.2844180652203363 379.9340291990721994 379.1328284895620300 378.6170691772410919 378.2031655068904570 378.1791513166871255 377.8437030972847310 377.2205621503615589 377.2468276708964368 376.9983626688497793 376.1086096329649422 374.4819893573475156 373.2435530085959954 371.9957020057306636
-654.7982525814138626 -641.8880063542494554 -623.0698967434472024 -600.7609213661636431 -572.9086576648132905 -542.7871326449562730 -508.9586973788721025 -473.5345512311358220 -437.9245432883240596 -401.0667196187450259 -361.4622716441620582 -321.8006354249404239 -277.3367752184273058 -233.8530579825258258 -190.0730738681493222 -148.0571882446386098 -109.0135027799841083 -73.0778395552025444 -39.9126290706910254 -14.2406671961874505 10.7513899920571880 32.7124702144559194 49.2509928514694195 59.6060365369340772
313.8614503816793899 314.6587786259541986 308.0694656488549867 301.4347328244274991 307.5061068702290186 323.8874045801526904 346.5354961832061349 372.4450381679389466 395.2423664122137552 404.1118320610686965 407.9335877862595225 429.0790076335877643 420.7564885496183251 350.8583969465648806 273.4702290076335771 221.4354961832061122 185.7805343511450360 154.1049618320610648 133.5061068702290186 123.8854961832061008 120.1202290076335828 120.4580152671755684 124.0572519083969496 131.2019083969465783
-390.9310730253353086 -393.8785394932936015 -395.8040238450074639 -396.9996274217585892 -397.3647540983606632 -397.0262667660208535 -396.7611773472429491 -396.0931445603577004 -395.4925484351713862 -394.9467213114754145 -394.7207526080476896 -394.6745529061103070 -394.5309239940387442 -394.5679955290610792 -394.6024590163934249 -394.5590536512667654 -393.9297690014902855 -393.3954918032786736 -392.4783904619970372 -391.6697093889716825 -390.8656855439642186 -389.4642324888226312 -387.6685916542473933 -385.0212369597615520
131.1406347230864924 111.7218419415059145 75.1306782825139976 23.7703795892968266 -28.2233976353453642 -78.6882389545737340 -142.1456129433727540 -194.1157436216552696 -230.7367766023646425 -260.1841941505911677 -276.7044181705040273 -285.8680771624144086 -287.8245177349097617 -282.8898568761667889 -278.0012445550715370 -272.8207840696950939 -265.3926571250777897 -256.7361543248288740 -245.4250155569384049 -234.9346608587430012 -226.0634723086496649 -219.2626011200995606 -210.3783447417548302 -202.3466085874299836
278.3004948268106205 284.8614484930274671 301.1470985155195876 325.0931174089068918 356.3553756185335146 393.7143499775078794 426.4556905083221068 451.2447143499775279 470.9239766081871608 487.6369770580296858 496.1273054430949401 501.8582995951417161 504.7561853351327272 507.5537561853351463 510.7953216374269232 514.0017993702203967 517.8830409356725113 520.8767431399010093 525.4601889338731553 529.4224021592442568 529.8250112460639230 527.3076923076922640 521.5659019343229374 507.9914529914530021
243.4161937192584162 247.2907680665909993 256.5942111237230279 268.8980325387817061 280.6031025349981292 292.1468028755202226 304.8919788119561076 320.4445705637533024 336.8346575860764460 350.8760877790389827 361.4220582671206898 370.9933787362845123 379.9305713204691415 388.4445705637533024 394.6396140749148458 397.6867196367763881 401.1572077185016951 406.4388951948543536 413.3212258796821743 422.3403329549753948 430.1882330684827593 433.5486189935679135 430.6133181990162484 427.3204691638289887
135.8033382753837941 136.9668563776364181 136.5399588693863961 135.9746520637046387 136.4666889856042928 137.2374097278683962 135.8029556650246263 134.2627576641637575 133.9083648189774749 133.5686068200296575 132.3316753551102352 132.2017313118752782 131.7267683772538192 129.9971304223061850 129.7462815055717726 130.3536276244679186 129.3385623415753969 128.7923860538523968 129.0814481802094917 129.1448658472428122 128.8858386340810114 128.0941221483571724 128.7788990386914634 128.1504615237457472
-727.8224000000000160 -739.1040000000000418 -749.2992000000000417 -757.4583999999999833 -764.8808000000000220 -770.1920000000000073 -775.8695999999999913 -779.5575999999999794 -784.0919999999999845 -786.9415999999999940 -789.6183999999999514 -791.4216000000000122 -793.0592000000000326 -794.5367999999999711 -795.7967999999999620 -796.8319999999999936 -796.6879999999999882 -794.6928000000000338 -791.0728000000000293 -785.4519999999999982 -778.2128000000000156 -767.9063999999999623 -756.7839999999999918 -743.4415999999999940
-282.6303614457831372 -287.1938955823293327 -291.1742971887550198 -295.4774297188754986 -299.2093172690762799 -302.2841767068272816 -304.7608032128513855 -306.9771887550201086 -308.3595180722891769 -309.6318072289156476 -310.7224096385542111 -311.5797590361445941 -312.5384738955823423 -313.5723694779116499 -314.6753413654618612 -315.7720481927710807 -317.0496385542168696 -318.3089156626505769 -319.0332530120481920 -319.5269076305220892 -319.3767068273092491 -318.9632128514056149 -318.0719678714859242 -316.3114859437750965
143.5305882352941182 121.1088235294117652 83.1223529411764730 42.9282352941176484 8.1705882352941170 -7.0870588235294116 -4.5347058823529416 -27.7611764705882358 -92.4647058823529449 -76.3458823529411745 62.3211764705882345 327.0323529411764980 554.8488235294117885 449.0652941176470563 277.5135294117646936 192.6794117647058897 169.0605882352941194 173.7923529411764605 162.5276470588235327 122.3047058823529483 80.9788235294117698 52.3235294117647030 21.6505882352941192 9.6894117647058824
406.1474291206150724 408.4965881787601916 411.7641518500720963 413.7475252282556539 414.8980297933685506 415.1110043248438046 415.2317155213839328 415.6727534839019427 416.5208073041806642 417.2755406054781133 417.6292167227294385 417.8258529553099265 417.8638154733301349 418.3040845747236745 419.0552618933205054 420.2082652570879304 421.1880826525708699 422.7915425276309520 424.1341662662181875 425.0368092263335029 425.2316194137433740 423.7479096588178891 421.4125901009130075 419.1222489187890687
483.6526492851135686 -89.2405382674516403 -27.0361648444070646 217.4550042052144647 96.7190916736753508 22.2615643397813301 47.5895710681244708 65.9629941126997466 63.8637510513036162 60.3078216989066433 50.6333052985702281 49.5449957947855353 68.7905803195963017 69.6408746846089173 71.3608074011774534 128.9226240538267518 124.4028595458368329 67.0353238015138828 118.8620689655172384 148.9596299411269911 91.2514718250630779 85.3591253153910827 136.2346509671993147 150.7031118587048013
-104.5706423525546285 -105.4406111384918745 -105.6528667652373912 -106.6905700673566599 -107.7700016428454148 -107.6608345654673826 -106.9787251519632036 -107.1733201905700668 -107.2525874815179918 -107.0183177263019587 -107.1241991128634794 -106.9675538031871156 -106.9185970100213581 -106.7188270083785113 -106.8651223919829079 -106.9388040085428031 -106.5949564645966774 -105.9689502217841266 -105.8863972400197184 -104.7552160341711840 -103.8430261212419907 -102.7503696402168600 -102.2495482175127250 -100.5529817644159749
997.8774193548387075 999.2678105696636521 1000.6582017844887105 1001.7283459162663348 1002.7831159917639070 1003.7880576527110179 1004.5590940288263937 1005.3175017158545188 1005.9206588881262405 1006.4385724090597023 1006.9297185998627810 1007.2520247083047025 1007.3725463280713939 1007.3644474948524703 1007.2761839396018786 1006.8958133150308640 1006.3689773507206837 1005.8341798215511744 1005.0090597117364268 1004.0919698009608965 1003.0091969800961351 1001.8159231297186125 1000.4301990391214758 999.0141386410432460
410.6562570208942020 413.7106268254324846 409.7281509773084736 406.4756234554033085 401.0204448438553300 394.8368905863850955 385.5248258818243130 374.2743203774432459 364.3468883396989213 353.3603684565266008 339.8824983149854120 326.4760727926308732 313.8555380813300530 303.0215681869242985 294.0685239272073659 284.9658503707032082 275.8874410244888509 266.2999325994158539 259.8130757133228599 253.4452931925410155 248.2920691979330456 244.0098854190069630 240.8429566389575314 239.7674679847225434
556.9896437448218194 561.6454018227009328 565.4985501242750843 569.1936619718310340 570.7450289975145097 572.2319801159900408 573.1721209610605001 573.5045567522784040 574.1474730737365917 574.4745236122618053 574.9432477216238340 575.7375724937862742 575.6603148301574038 574.7574565037282355 574.3274647887324136 573.2622203811101826 571.9372410936205142 570.3251864125932116 568.4061723280861997 566.0662800331400604 563.8564623032311829 560.5956917978459160 557.6563794531897429 553.7460646230323391
560.3609179415855124 557.1891515994436759 551.1168289290681059 544.8859527121001065 538.9561891515994603 528.7121001390820538 516.9993045897078900 502.5048678720444855 485.1703755215577303 464.5271210013908103 438.3324061196105959 404.0584144645340530 364.5445062586926497 323.8087621696801079 284.4812239221140544 248.1036161335187842 223.0730180806675946 202.9554937413073787 181.9993045897079185 163.2781641168289184 149.6119610570236489 138.4986091794158654 126.2287899860917975 121.0417246175243378
25.7442088624843315 26.3773368943151461 27.0047964244835654 25.5499536708998747 25.2973783179811420 26.6877963699787415 27.0264348394832936 26.8463509020548301 27.0983267019131198 27.7209353027742971 27.6097454624734304 29.0078486946094714 29.9876274050253464 29.9248923529732380 30.0057775113097520 31.1028506022783020 31.1688014389273462 32.0261623153649069 33.2617866681201306 34.2057557093802771 34.2285387256772253 34.0561944732108799 35.1118438981849863 35.5048236768954055
132.1695080370189999 132.9330248416950724 125.2116415002435446 104.0516317584023369 73.5869459327812905 47.1802240623477829 13.8548465660009743 -29.3645884072089629 -70.3996590355577183 -103.0496833901607374 -120.8044325377496335 -134.3745737944471443 -140.5372625426205673 -138.6434486117876190 -131.2569410618606867 -123.6471018022406270 -115.4581100828056464 -105.6570871894788155 -94.2640038967364831 -82.5696541646371145 -70.3268387725280064 -58.1222601071602512 -46.3558207501217723 -36.3850462737457363
135.7417840375586877 153.0046948356807377 154.9788732394366093 135.7190923317683939 177.8536776212832535 257.7214397496087486 -15.5931142410015653 95.6314553990610392 485.1150234741784288 -46.1291079812206561 -71.0109546165884211 178.0093896713615038 127.3716744913927954 37.5892018779342720 49.0907668231611893 57.8169014084507040 61.9499217527386534 67.0453834115806018 61.6729264475743335 52.9420970266040669 72.4264475743349010 79.6697965571205060 80.7284820031298835 122.5868544600939032
67.4485034173933542 67.8703747348574069 82.0186189017204867 105.4053735564459089 121.8970068347867084 133.4155078953570523 143.6660381805326381 158.1121847749234064 171.5642234268206323 182.4565166156021689 191.3151072354466180 200.2224840914447270 203.7277869432005559 199.1487155314635800 191.5870846099458049 193.7725665802498156 175.6910205043601252 145.6903134574593537 109.9106764082017378 81.3358472778694335 55.1546075889700660 21.5465472543012027 -6.5712938958284237 -40.5828423285411262
86.2101673899566094 46.3750774953502756 11.6546807191568504 -7.5344079355238689 -5.1103533787972726 -21.8214507129572226 -89.9578425294482287 -93.2163670179789250 33.5170489770613784 278.1233725976441633 539.6900185988840803 488.6088034717917026 295.1903285802852110 194.9522628642281461 163.9113453192808549 169.0595164290142520 161.2845629262244245 123.6906385616862991 81.7768133911965265 52.7526348419094830 20.7476751394916299 5.4135151890886544 11.6893986360818349 -8.9516429014259149
-136.3508021390374267 -153.0379679144384966 -174.0016042780748649 -196.5882352941176521 -225.5032085561497297 -256.9850267379679281 -289.4192513368984123 -323.0267379679144142 -355.5481283422460024 -385.6283422459893018 -413.3764705882352928 -435.7171122994652137 -456.2144385026737723 -473.0336898395722187 -486.6074866310160587 -496.0101604278074774 -503.3064171122994708 -507.2518716577540090 -508.9208556149732772 -506.9294117647058897 -501.6401069518716440 -493.2037433155080066 -482.8224598930481193 -471.8422459893047858
14.5701047542304600 9.1551168412570512 2.3948428686543108 -3.2082997582594683 -7.2429492344883162 -12.6289282836422245 -19.9468170829975833 -26.2651087832393237 -32.2082997582594714 -35.2796132151490767 -32.4536663980660762 -25.8049959709911363 -12.0120870265914590 10.5451248992747786 45.5809830781627738 92.3130539887187780 151.3005640612409479 206.9814665592264191 252.7232070910555990 276.7639000805801857 281.0249798549556886 275.6168412570507371 270.2066881547139587 261.4875100725221841
-1036.9639344262295708 -1050.4639344262295708 -1052.0737704918033160 -1036.8688524590163524 -1005.6409836065573700 -957.2950819672131502 -895.1852459016392913 -823.2147540983606859 -743.7475409836065410 -661.6000000000000227 -581.7327868852459005 -507.8426229508196457 -443.8819672131147627 -386.3491803278688508 -340.1934426229508404 -302.1655737704917897 -269.0442622950819782 -239.6590163934426130 -212.9819672131147570 -191.2737704918032762 -174.3000000000000114 -160.0213114754098456 -146.0295081967213093 -132.6081967213114865
130.4414483821263389 372.7380585516178826 517.4953775038520689 391.0993836671802910 256.5446841294298679 188.9406779661017026 166.2395993836671835 167.8066255778120137 146.8813559322033768 105.9799691833590174 64.0369799691833634 28.9314329738058547 -3.9345146379044684 -5.0816640986132509 -2.7164869029275809 -61.6517719568567060 -117.5308166409861315 -12.2565485362095536 235.0100154083204984 530.8343605546995150 516.0616332819722629 324.2642526964560830 210.6556240369799582 168.3790446841294397
-833.6557971014492523 -877.3460144927536248 -922.1268115942028771 -964.9130434782608745 -1003.0018115942028771 -1035.9021739130434980 -1060.4221014492752602 -1075.6105072463767556 -1079.8822463768115085 -1071.2826086956522431 -1049.2065217391304941 -1009.5307971014492523 -954.2934782608696196 -887.6358695652173765 -810.8840579710144993 -728.0434782608696196 -644.3496376811593791 -564.8170289855072497 -493.7173913043478137 -430.2771739130434980 -374.9855072463768124 -328.0217391304348098 -289.3768115942028771 -257.7083333333333144
406.9620689655172328 444.0042145593869805 483.9352490421455855 437.9379310344827445 358.4904214559387015 287.7360153256705075 219.4452107279693394 188.6475095785440601 177.0314176245210831 171.5624521072796824 165.9697318007662830 159.2685823754789283 157.1559386973180210 163.1590038314176354 176.7475095785440544 187.8750957854406067 208.7409961685823703 238.5122605363984576 271.9716475095785313 297.6567049808429033 305.8114942528735583 287.7272030651341197 267.2636015325670655 260.0199233716475078
668.8291206835173170 672.0825916696333024 676.2698469206122809 680.5194019223922623 684.5717337130651003 688.0590957636169378 690.8134567461729603 692.7878248487005521 693.9423282306870533 695.0452118191527688 696.0886436454254635 696.2267710929156692 697.3581345674617751 696.8697045211819159 696.3107867568529628 695.5343538625845667 694.6824492702029374 693.7888928444285739 693.1438234247062837 691.5158419366322278 689.2748309006764202 686.9608401566393923 684.2111071555714261 680.9138483446066630
-25.2303703703703697 -77.5614814814814792 -59.3037037037037038 87.2133333333333383 344.2688888888889096 550.8125925925926367 439.0288888888889005 276.2666666666666515 191.3918518518518397 164.3362962962962968 172.7103703703703843 157.9481481481481353 113.7874074074074144 73.4688888888888840 41.0037037037037067 3.7318518518518520 -1.5059259259259259 7.6525925925925922 -31.3948148148148150 -97.6511111111111063 -27.4051851851851858 185.4740740740740819 473.0637037037037089 504.4451851851852098
-51.8592592592592609 -60.0590277777777786 -49.7935185185185176 -28.0902777777777786 -8.1817129629629637 8.4650462962962969 20.3886574074074076 37.5895833333333300 56.8611111111111143 73.9326388888888886 84.7381944444444457 93.9324074074074105 100.4539351851851876 98.0421296296296276 96.1333333333333400 93.2016203703703638 82.4076388888888829 60.9062500000000000 25.6358796296296312 -7.8956018518518523 -27.2988425925925924 -45.8861111111111128 -72.5824074074074019 -87.4638888888888886
199.8678861788617951 209.5272357723577272 198.2390243902439124 185.8182926829268240 179.5170731707317202 154.5841463414634234 132.6097560975609895 132.0247967479674855 120.4796747967479718 101.7353658536585357 84.3707317073170771 76.1853658536585385 65.2524390243902417 50.4500000000000028 39.7504065040650403 35.2711382113821159 40.7723577235772368 61.7890243902439025 99.5605691056910587 148.8597560975609895 212.5451219512194996 293.2780487804877794 355.0113821138211279 332.4097560975610008
86.8946417820589971 96.1664659843467859 105.1183022275737500 109.3558097531607416 116.1914509331727885 123.5707405177603846 130.6183022275737642 137.0394340758579119 139.3380493678506866 138.1267308850090387 137.0526791089704943 134.7685129440096432 127.9145093317278707 102.9626730885009067 74.3220951234196292 47.7697170379289560 -2.7754364840457555 -52.1264298615291963 -89.6544250451535163 -117.0728476821192032 -140.2110174593618410 -157.8196869355809895 -164.4397953040337086 -161.3850090307043956
211.1387925052047194 216.3511450381679424 219.4163775156141583 216.8306731436502446 205.2470506592644028 180.1721027064538418 145.2866065232477411 96.3018736988202591 29.6259541984732842 -37.3226925746009712 -108.3969465648854964 -161.1561415683553093 -201.9833448993754246 -236.7654406662040287 -256.7487855655794533 -262.5697432338653812 -262.0950728660652089 -261.4663428174878277 -260.1526717557251800 -256.3303261623872231 -253.1151977793199137 -247.6252602359472519 -240.8029146426092950 -232.4961832061068776
215.1745866423642894 216.3422731415180351 217.1883869287853202 217.4776721781018125 216.7433927873974824 216.3332899362062278 214.3244369222757371 209.9761749772165160 206.7721650826715347 205.2155969274834035 189.2330425725816951 190.5380809790391936 185.8798333550319057 159.2377294623096020 154.4693399296966447 150.1265460226532866 131.3409712277047277 117.7475589116000521 108.2429371175628177 100.0035151672959302 92.1808358286681369 84.7510740788959822 79.3552922796510813 76.2152063533394113
357.4167330677290693 370.5968127490039592 386.1075697211155102 402.0549800796812860 419.9362549800796955 440.4653386454183419 463.3545816733067682 486.1920318725099719 511.8589641434263058 539.5163346613545627 564.5792828685258655 587.0756972111553296 610.6119521912351047 637.1689243027888097 657.4796812749003720 678.4669322709163453 698.3737051792828652 716.0294820717131188 729.2310756972111676 745.1035856573705587 758.1235059760956574 768.0127490039840268 773.8701195219123292 774.1537848605577210
92.4861219601103954 92.9720356194344646 93.1366973910326550 92.5066916627610283 93.2812060615528793 93.9828672603239141 94.6560954017601404 95.1836171431547200 96.1508618445034671 95.8882466281310144 95.4760714471697156 97.7108264333697889 99.3109409988022662 97.8360152059574091 97.6916106858303408 98.8324220173931138 99.5983440087486400 100.3858251314898666 100.6665625162735012 100.8246628131021225 101.6920272874030076 102.7606623965005497 103.6171952299119994 103.1357600374941370
-158.5064707355765279 -161.3361442765300069 -163.7072722718543787 -165.7083576855640104 -166.5360273858228197 -167.0874175503047638 -167.3507556149286017 -167.3259580863321503 -166.8472906403940783 -165.9340402438006095 -165.3068381063705488 -164.8841112131585476 -164.4300743090924186 -164.0955998998079792 -163.5644151289972399 -163.0907572847958704 -162.7158720881689931 -162.3081740001669857 -161.6934123737162849 -160.8638223261250744 -159.8473741337563752 -158.5996493278784385 -156.7369124154629674 -153.8598981380980319
-403.1545016672841939 -406.3223416080029438 -407.3064097814005322 -406.1407928862541894 -403.6969247869581068 -398.1233790292700974 -389.9892552797332428 -382.1911819192293365 -373.9633197480548574 -363.1470915153760757 -351.5120414968507134 -338.5690996665431385 -326.2623193775472146 -311.8514264542423007 -296.0070396443127265 -279.5942941830307404 -262.2130418673582994 -243.9436828454983299 -225.3523527232308368 -205.8199333086328409 -187.3204890700259284 -170.2875138940348165 -154.2111893293812557 -139.6068914412745414
436.4460093896713602 387.2295252999478521 331.5372978612415409 306.3051643192488314 306.7516953573291403 301.1538862806468160 291.4272300469483525 282.0965049556598956 270.3693270735524266 272.9853938445487529 293.2018779342723178 334.8601982263954255 393.1429316640584375 478.8195096504955472 537.7470005216483742 554.9629629629629335 547.3166405842462154 513.8794992175273819 466.3296817944705026 401.5440792905581588 360.1210224308815668 339.1794470526864984 328.4752217005737975 308.4423578508085484
508.8403483309143667 526.4949201741654861 542.1669085631349390 568.1843251088533862 591.4571843251088694 622.0972423802612639 651.5965166908563333 683.5137880986937944 709.3831640058054973 740.2612481857764806 771.8998548621190139 803.5007256894049306 831.3236574746008500 855.2264150943395862 877.0290275761973362 896.8069666182873334 911.6168359941945027 924.4296081277212807 935.3526850507982999 939.1756168359942194 941.5457184325108528 940.6821480406385945 937.0885341074019834 936.2002902757619722
217.8940975192472251 218.7934987168520138 221.3337895637296810 222.3946963216424422 222.5385229540918033 223.2479612204163004 224.2083832335329419 224.5252922725976532 224.7575705731394464 225.3872255489021939 225.9637867122897035 227.0618762475049834 228.5851725121186178 229.1792415169660728 230.0284003421728016 230.9619047619047478 233.3022526375819723 234.2901625320787105 234.9525520387795723 236.0741374394069112 237.0470487596236069 237.4411747932705907 237.2639863130881110 236.3251211861990271
196.4755834053586909 198.5034572169403759 200.7451382886776230 200.6910652549697431 199.7107281763180708 200.1598422644771063 199.6398552290406201 198.3421564390665424 197.2711754537597244 196.7876512532411368 196.3726231633534951 195.9870354364736329 195.5270635263612746 195.1439066551426151 194.4492761452031004 193.8093128781331131 193.8092048401037175 194.0240924805531506 193.2757670700086408 193.1867977528089853 192.6270527225583464 191.6553046672428593 191.8971477960241998 190.2931071737251614
