-144.7759764185703659 -129.6661753868828271 -112.8857774502579190 -126.8165070007369195 -229.6588061901252900 -416.4443625644804570 -830.9837877671334354 -1639.9240972733971375 -2662.7126013264555695 -3643.7037582903462862 -3774.0000000000000000 -2451.9226234340458177 -1027.4620486366986825 -541.1930729550479100 -345.3205600589535607 -204.8054532056005996 -277.2505526897568302 -373.6882829771554952 -430.9933677229182081 -514.6845983787767409 -628.9970523212970193 -693.9248341930729111 -665.4148857774503085 -588.7273397199704732
-107.1163032191069533 -92.7040498442367635 -351.3831775700934372 -760.5368639667705111 -1188.7362409138111161 -1349.1017653167186836 -704.1910695742471944 -248.2429906542056131 -751.3032191069573855 -1222.4714434060228996 -1529.9470404984424476 -1884.4672897196262511 -2108.4911734164070367 -1947.6365524402908704 -1205.9906542056073704 -1395.6687435098649530 449.2128764278297126 4252.6562824506745528 2911.9781931464176523 425.1038421599169510 817.8161993769469973 611.4299065420560737 293.6895119418483660 156.9574247144340688
110.5567441860465152 339.3958139534883571 724.0399999999999636 1208.3460465116279465 1687.7865116279069753 2027.6111627906975627 2160.2720930232558203 2138.8460465116277192 2062.1465116279068752 1996.4125581395348945 1965.2130232558140506 1890.6148837209302656 1681.5651162790697981 1354.2246511627906784 963.8116279069766961 599.8186046511627865 335.1995348837209576 171.7079069767441979 93.5181395348837157 62.4418604651162781 57.3195348837209337 59.6786046511627930 62.6009302325581416 83.2986046511627904
173.8959843837144490 159.4743446737311672 146.3427216954824246 129.8173452314556471 104.3825989960959220 73.3192972671500343 56.2264361405465678 38.9807585052983825 4.3549916341327384 -20.7844394868934756 1.7769102063580591 19.3608477412158386 -17.3773006134969314 -34.0909090909090935 -38.4654210819854967 -77.7108198549916409 -107.9746235359732225 -27.2406581148912430 226.8586168432794068 774.5437813720022859 1742.7138873396543204 2657.8351924149469596 2708.0298382598994067 1971.4107640825432100
-1160.0136537411251538 -1025.3997815401419302 2589.5406881485528174 3941.0972146368103495 929.8678317859092886 330.2430365920262147 673.2648825778263699 270.3642818132168486 230.6171490988530763 70.6187875477880880 78.4631348989623092 73.9284543965046481 24.1529219006007629 47.6127799016930666 40.9470234844347374 34.2708902239213558 20.6690333151283454 -13.1561987984707809 -41.1632987438558189 -64.1971600218459884 -77.9410158383397089 -62.9071545603495323 -50.7176406335335912 -61.0808301474604036
-2089.9291666666667879 -1608.5972222222221717 -1353.7451388888889596 -1074.2791666666666970 2916.2645833333331211 4113.6458333333330302 843.9729166666667197 444.8631944444444457 780.9118055555555884 307.9444444444444571 247.0534722222222115 45.3798611111111114 66.8944444444444457 55.4937499999999986 -2.5784722222222221 11.9513888888888893 17.6673611111111128 31.9131944444444429 4.1076388888888893 -44.9798611111111128 -75.2854166666666629 -105.4270833333333286 -127.7527777777777800 -124.4881944444444457
102.3057395143487867 439.8487858719647079 698.9481236203090475 1028.8708609271523073 1349.5176600441500341 1592.6247240618101841 1972.9227373068433735 2292.5607064017658558 2717.1556291390729712 1381.2052980132450557 -2711.7240618101545806 -4193.4161147902868834 -2001.3267108167769948 -772.9624724061810639 -430.5739514348786088 157.0154525386313367 307.6887417218542851 244.9966887417218402 208.7328918322295692 154.8774834437085985 95.4492273730684389 31.1887417218543064 -8.4635761589403966 -36.6390728476821224
10.4223134839151275 -15.3056125941136205 -36.7371663244353215 -59.4787816563997254 -92.3911704312114921 -118.9366872005475670 -121.9445585215605803 -83.1813826146475037 -25.3203285420944546 -21.1533196440793994 -58.9986310746064362 -96.6714579055441448 -147.9928131416837687 -211.0763175906913034 -329.8963039014373635 -686.5229295003422294 -1335.6536618754278152 -2171.8815879534563464 -2900.6481861738534462 -2513.7672826830939812 -949.0232717316906701 -15.1516084873374393 -77.7532511978097176 56.5352498288843250
208.5460784313725355 142.8235294117646959 120.0725490196078482 91.3691176470588289 75.5308823529411768 66.0083333333333400 40.6867647058823536 3.2372549019607844 -30.1269607843137273 17.8563725490196070 106.1563725490196077 88.0563725490196134 22.6240196078431381 12.8142156862745100 10.5137254901960784 10.7323529411764707 74.6250000000000000 164.7676470588235418 724.3274509803922001 2120.9514705882352246 3213.7803921568629448 2513.9617647058821603 588.7245098039215918 -582.5965686274510063
2119.3799784714747148 2507.2604951560820155 2202.4660925726589085 -1286.2131324004305952 -4268.3110871905273598 -2570.4714747039829490 -766.5500538213132131 -629.2486544671689899 -87.0236813778256248 238.7341227125941998 181.1141011840688861 172.0473627556512497 144.4144241119483354 101.6286329386437046 40.3272335844994601 -12.4553283100107635 -26.9160387513455319 -44.6964477933261577 -68.4682454251883712 -60.0129171151776077 -77.0452099031216306 -208.5037674919267943 -355.0193756727664436 -196.4079655543595209
21.1269349845201226 23.3173374613003084 29.7941176470588225 20.6547987616099071 10.5433436532507745 27.6687306501547994 145.2507739938080533 409.0681114551083510 938.6346749226006523 1901.9876160990711469 3197.2089783281735436 4393.8544891640867718 4879.9767801857587983 4586.1238390092876216 4010.1749226006190838 3495.2631578947366506 3212.8266253869969660 3035.6625386996902307 2755.9148606811145328 2331.1160990712073726 1726.8730650154798241 1065.1888544891639867 520.7523219814241884 114.3003095975232242
-25.0392364793213140 -15.3255567338282077 -4.7046659597030756 -3.1463414634146343 -19.1394485683987270 -47.5026511134676568 -84.2953340402969218 -141.3446447507953394 -265.9284199363733023 -602.8022269353128877 -1267.5121951219512084 -2115.8229056203604159 -2751.7290562036055235 -2663.4326617179217465 -1963.5604453870626003 -1515.2757158006363625 -1592.2539766702013821 -1784.7910922587486766 -1933.4973488865323361 -2048.6686108165431506 -1995.3531283138918297 -1674.5731707317072505 -1426.6033934252386643 -1079.2073170731707705
-9.1382592928377147 -36.5512239347234811 -48.9487760652765189 -50.7257479601087908 7.5303717135086128 186.0045330915684474 485.9655485040797771 939.8263825929283257 1484.3023572076156142 1928.9646418857660137 2135.6409791477785802 2098.1459655485041367 1959.2230281051677139 1853.7189483227562050 1825.8304623753399483 1800.8961922030825917 1669.6260199456028204 1423.8785131459655986 1055.1622846781503995 680.8540344514959770 420.4605621033545049 221.8118766999093339 107.0267452402538595 82.5643699002719842
240.4802300503235131 205.4036664270309132 181.4320632638389554 144.9856218547807316 139.3483105679367497 128.2325664989216421 107.3691588785046775 94.9838245866283302 88.6563623292595224 53.5089863407620427 14.7167505391804454 63.5866283249460835 121.6560028756290421 82.8774263120057526 47.4313443565780020 41.5237239396117914 14.2358015815959735 -3.8299784327821711 -27.1186196980589500 3.7979870596693028 113.0819554277498185 661.8907260963335375 2397.4888569374552389 3758.2390366642703157
-1944.4566194262010868 -1306.7188040096784789 -337.8883511925337189 135.5952298651918397 252.3423781541652318 219.3655375043207698 160.2307293466989222 106.2976149325959199 50.0969581749049411 25.6270307639128916 10.0267888005530583 -3.4441755962668510 -0.9415831316972001 -2.0438990667127550 -8.0254061527825780 -13.4457310750086414 -27.8244037331489800 -44.7680608365019026 -32.8707224334600738 -4.9785689595575526 -1.3667473211199448 -10.3677843069478044 -12.1185620463187007 -4.8185274801244384
154.3883810085520452 95.9649071070480630 -4.3146564435269834 -182.7764671188440104 -524.1680920082571902 -1081.8089059274550436 -1676.5662046593924970 -1765.3987024476555234 -1010.8649365968740312 -19.3833677381303460 447.1725154821586443 468.1150103214391152 410.9637275140076440 386.3916248894131513 328.7387201415511413 223.2114420524918899 143.1645532291359473 85.0645827189619581 43.2111471542317886 21.6647006782659979 10.2948982601002648 4.1450899439693307 -0.8003538779121203 -7.0766735476260694
-150.0216637319246615 -157.9768422175977776 -171.1162157835761093 -191.0302545221706509 -211.4140654180673380 -228.9335147537484545 -222.5824128915212725 -205.9302064991195778 -198.9062483325329538 -195.7588175657649003 -195.3931487113814569 -192.9700122725574829 -176.7759991462568792 -146.6347580171815821 -109.2054319406648517 -75.6218451523397874 -45.4656635184888742 -15.1166960140867612 3.2424096899845258 7.2300304145990077 4.5152339789765756 -2.5496504989061415 -9.2066058374686524 -18.9475481564484269
93.6193247962747392 70.8084982537834691 48.7302095459837048 31.3198486612339941 21.0497671711292185 11.2310826542491267 12.4647846332945278 3.9633294528521539 -1.5293946449359721 28.3367287543655415 72.4246216530849836 170.2467986030267753 422.4350989522700957 1119.8504074505237895 2026.1490104772992709 2098.5980791618162584 1304.9982537834691811 575.5608265424912133 226.9499417927823117 85.0334691501746249 30.4822467986030254 13.0250291036088477 -20.0707217694994178 -31.9126891734575082
9.2941149446409703 25.5770662011301511 50.9341204575733926 70.0351908852850613 92.7288556071116830 102.1378692516194207 107.3938530803509934 129.0320209491432024 159.4433775899296961 175.8443056002205083 180.7410759406440945 187.2242385262094047 192.8397114898699840 194.4572518031883135 190.7832958147654665 183.8087012450039026 174.7175081545458681 160.1950199843800249 141.6046308632333250 125.9198327743832380 110.5844627187945122 89.1385124270684912 67.6126246152432628 57.9293425828088360
-1397.4663422546634592 -1761.2311435523113232 -1932.9278183292781250 -2188.0405515004053996 -1583.4420113544201740 -1336.2360097323601167 -1123.6796431467964794 3062.9383617193834652 4204.3836171938364714 774.7745336577453372 450.7753446877534316 754.3154906731549545 284.6609894566099115 251.0186536901865395 23.1476074614760741 57.0251419302514222 49.8767234387672360 -2.7015409570154096 18.8215733982157332 21.6828872668288710 31.1613949716139480 2.5669099756690996 -48.3154906731549048 -79.2092457420924632
-2320.2193426042981628 -2602.5183312262956861 -2645.8211125158027244 -2665.4437420986091638 -2609.4589127686472239 -2539.0973451327431576 -2490.2945638432365740 -2276.1978508217448507 -1844.0847029077117440 -1132.1554993678887513 -228.2787610619469092 369.6485461441213829 606.6314791403286790 583.2509481668773788 365.0726927939317079 234.9342604298356605 166.2490518331226212 78.9064475347661158 31.4171934260429850 22.2345132743362832 24.1472819216182053 26.7465233881163087 19.2187104930467747 -1.6529709228824274
-21.6109115401885958 -12.8520431073192629 -31.1219128872923214 -68.1077682981589589 -146.3603502469690056 -303.0577009429725877 -547.6766951055230948 -912.5404131118095847 -1352.8769645262684662 -1624.8789851818589796 -1488.5797036371800459 -982.3596766951055770 -445.6553659631791788 -167.4865289627301195 -77.8596766951055201 -22.8504714863044462 6.5837449483610238 34.9730579254602603 63.5507409070498426 54.7489896722047575 46.0372698697799763 50.1405478221823060 35.9676695105523123 21.9351145038167950
-2271.3216535433070931 -3475.0086614173228554 -3029.6889763779527129 -1327.9330708661416338 -433.5751968503936951 -192.0803149606299201 -4.1535433070866139 9.3437007874015752 -47.5492125984251999 -83.2909448818897573 -91.9476377952755968 -105.2204724409448886 -147.9874015748031582 -162.1629921259842604 -134.0169291338582696 -121.4755905511810994 -110.8220472440944917 -65.4496062992126042 -51.2700787401574800 -100.4862204724409480 -103.8850393700787436 -39.7047244094488221 -12.5255905511811019 -24.3311023622047244
707.5316956261234509 985.6428999400839075 1214.8651887357698342 1130.3513481126421993 747.7478729778309798 359.1011384062312572 167.9810665068903575 101.5648891551827404 72.7862192929898129 46.9591372079089240 26.6566806470940669 24.2979029358897556 24.2436189334931100 21.5139604553624935 15.7283403235470338 8.0328340323547032 4.4849610545236667 0.1107249850209706 -3.2038346315158779 -0.8446974236069502 0.3611743559017376 -1.4998202516476933 2.1669263031755541 15.6313960455362491
2035.3238133547868074 2626.1383748994367124 3021.4895414320194504 3022.4320193081252910 2242.1866452131939695 1070.2598551890587260 275.0048270313757257 -82.8986323411102148 -211.6411906677393517 -228.5048270313756973 -178.4481094127111760 -77.1371681415929231 55.1234915526950928 126.5398230088495524 115.7236524537409537 103.9477071600965417 82.0398230088495524 50.9557522123893776 33.3781174577634729 25.1226870474658099 14.8732904263877721 5.7558326629123089 12.1267095736122279 18.6729686242960575
-696.9034926470587834 -1019.8308823529412166 -1161.6847426470587834 -656.9512867647058556 -202.8235294117646959 -597.1424632352941444 -1058.2095588235295054 -1316.7279411764704946 -1699.5156250000000000 -2008.9218750000000000 -2118.3630514705882888 -1506.3143382352941444 -1374.1488970588234224 -189.6553308823529278 3600.6075367647058556 3430.7242647058824332 681.9476102941176805 830.0413602941176805 874.2564338235293917 393.2674632352941444 238.1295955882353041 19.6700367647058840 50.5588235294117680 -6.9724264705882355
-5618.1108202443283517 -3672.7006980802793805 -579.0479930191971789 -430.3027923211169536 -332.9075043630017490 30.4572425828970346 -44.6125654450261777 -48.5296684118673625 -82.6143106457242595 -9.5183246073298431 13.9118673647469464 -27.5026178010471192 -13.2146596858638752 -121.2364746945898730 -275.7303664921465725 -264.2347294938917912 -147.7591623036649082 -145.7827225130889985 -211.1291448516579408 -60.3298429319371721 182.9397905759162200 251.5366492146596897 239.9520069808027927 258.2521815008726094
136.7267343485617630 149.3807106598984831 143.8646362098138809 123.0600676818950916 110.8840947546531339 100.9949238578680166 72.8502538071065970 37.1962774957698841 25.0668358714044004 21.3164128595600673 -4.9703891708967847 -25.3426395939086291 -11.9771573604060908 30.2944162436548226 82.4399323181049084 133.8324873096446765 241.1133671742808815 583.6632825719119637 1539.6184433164128222 3374.3240270727578718 5122.2258883248732673 5247.1336717428084739 3916.2115059221659976 2477.3274111675127642
714.6490134994808159 971.4122533748701471 1316.5482866043614649 1562.1952232606438429 1894.8473520249222020 2192.7071651090341220 2589.8670820353063391 1969.5711318795431453 -1645.5763239875388990 -4149.9273104880585379 -2503.4776739356179860 -921.6905503634475281 -552.6282450674974598 90.5451713395638649 368.1266874350986313 271.0934579439252161 228.9646936656282321 196.7954309449636412 131.4828660436137113 48.0353063343717537 -2.3935617860851504 -29.6998961578400831 -53.6064382139148492 -67.3644859813084054
2.9493930992168460 3.5898890387409339 4.1763253705943981 3.7946493172727958 3.7880998824979888 3.3050971562197926 2.5424859489589786 1.6066460989911033 0.6196697209471935 -0.0538657004103888 -0.5638157475848417 -1.0945341305719396 -1.8155768306871263 -2.7022568489780796 -3.6102087831306471 -4.1582543715957696 -4.1896644536156469 -3.9204922350271758 -3.8022782656008522 -4.2150055278039860 -4.5028623026921277 -4.2998963898519937 -3.8876698135596164 -3.4182753251564280
-676.1917695473250660 -1185.6666666666667425 -1436.6419753086420315 -1797.8921810699589514 -1962.6567901234568581 -2220.0213991769546737 -1662.3086419753085465 -1439.0526748971192319 -1214.2732510288064987 3016.0559670781894965 4202.2814814814819329 806.8921810699588377 520.3604938271604397 810.3876543209876218 313.3522633744855739 261.3407407407407277 16.9473251028806580 55.6115226337448547 41.0806584362139944 -14.0897119341563783 21.7061728395061735 21.9415637860082313 22.4139917695473265 -14.2905349794238692
24.6394736842105253 31.0719298245614048 40.8964912280701753 56.8824561403508753 71.1017543859649095 61.3140350877192972 34.6535087719298218 -22.5929824561403514 -77.4228070175438603 -74.5728070175438660 40.3096491228070164 438.4499999999999886 1269.1035087719299099 2309.4605263157895934 2641.6675438596489585 1553.9254385964911762 -153.1561403508771946 -1274.8587719298245702 -1828.1052631578947967 -2254.1657894736840717 -2513.5421052631577368 -2518.3482456140350223 -2316.9000000000000909 -1960.8254385964912672
-1209.4674846625766804 2462.5496932515338813 4184.9889570552149962 916.3165644171779149 233.9515337423312928 714.6404907975460219 268.2122699386503086 253.0846625766871227 79.7098159509202446 69.8030674846625772 73.5226993865030636 17.3147239263803669 50.6006134969325174 45.7527607361963220 30.1883435582822095 17.6067484662576703 -13.3662576687116559 -45.6717791411042953 -63.8337423312883416 -68.8398773006134945 -54.6294478527607339 -58.1092024539877272 -115.9576687116564386 -142.8104294478527549
-15.0600255427841638 -55.6206896551724128 14.8965517241379306 -113.6117496807151923 -678.1149425287355825 -1331.9961685823755033 -1857.7688378033205936 -1467.9821200510855306 -418.8544061302682167 -445.2273307790549097 -1129.9974457215837447 -1418.3780332056194311 -1767.7458492975733861 -2051.6283524904215483 -2092.4406130268198467 -1363.8148148148147811 -1186.5083014048532277 -1242.1915708812259709 2628.9553001277140538 4400.6781609195404599 1105.2886334610473114 342.8033205619412342 848.7190293742017957 386.1289910600255553
285.6282608695652243 92.0423913043478308 287.3369565217391255 578.9500000000000455 802.7782608695652016 1145.5445652173912094 1426.4032608695652016 1664.4108695652173537 2032.0847826086956047 2335.3054347826086996 2685.0043478260868142 943.4260869565217718 -3133.3565217391305850 -4025.2369565217391028 -1766.3630434782608063 -732.2630434782608972 -330.3836956521739125 232.2423913043478194 308.3739130434782396 247.2239130434782624 212.2043478260869449 160.1663043478260988 85.9663043478260818 2.7728260869565218
-4.1556256572029442 -7.2776025236593060 -48.7150368033648817 -114.1019978969505786 -123.2492113564668728 -80.0620399579390067 -256.6351209253417665 -620.7213459516298144 -989.5804416403785808 -1223.9852786540484431 -711.8002103049421976 -120.6466876971608855 -509.4574132492113563 -1030.7139852786540359 -1277.9631966351209940 -1650.9957939011567305 -1937.6025236593059162 -2068.6561514195582276 -1466.7539432176656646 -1510.3385909568874013 -585.7371188222923593 3648.1062039957937486 3814.1240799158781556 646.7013669821241137
-1467.8314883148832450 -1369.4637146371462677 -1148.5178351783517883 2693.1205412054118824 3932.4963099630995202 795.6137761377614197 406.8892988929889043 767.6549815498154885 300.4274292742927628 254.6894218942189525 67.9329643296432977 74.8530135301352999 71.9606396063960574 15.9827798277982787 16.9237392373923754 19.4446494464944664 38.9268142681426781 25.9526445264452654 -13.9323493234932343 -49.2669126691266897 -74.3659286592865953 -91.7773677736777387 -88.6402214022140242 -67.8136531365313715
-179.3831417624521123 -101.1176245210727984 -39.8141762452107315 -15.4888888888888889 -11.7701149425287355 -34.0191570881226042 -121.6118773946360108 -256.0432950191570853 -485.7394636015325773 -981.8229885057471620 -1745.2486590038313352 -2592.8306513409961553 -2736.5532567049808677 -1535.0222222222221262 -173.8187739463601531 274.1367816091953955 333.2877394636015538 366.5697318007663057 349.4501915708812021 333.1241379310345110 262.1517241379310121 140.7536398467432832 28.2758620689655160 -39.4145593869731812
41.5183712422459053 37.8942261810084275 36.8490536026721784 33.5213933513599471 24.7291235883569271 18.3774455225067612 8.6425958326705903 -2.5979004294576109 -17.8223317957690455 -32.9820264036901563 -37.5985366629553042 -50.6507078097661818 -65.8395101002067804 -56.0236996977890911 -8.7316685223477020 80.0364243677429670 239.7210116112613321 504.4296166693176247 804.2037537776363934 1034.3360903451566628 1105.8083346588198310 1028.4922856688403954 891.9568951805312054 737.7591856211229242
84.9950911640953706 27.6360448807854127 -11.3990182328190741 -45.8983169705469862 -64.6136044880785363 -56.5035063113604465 -48.9530154277699836 -32.8464235624123404 45.6269284712482488 214.2103786816269348 573.5645161290323131 1395.9214586255259292 2933.4382889200560385 4528.3064516129034018 4660.5049088359046436 3249.4537166900422562 1783.4621318373071972 945.2713884992987232 442.4053295932678793 106.8302945301542763 -85.0596072931276268 -260.8632538569424923 -417.7096774193548185 -433.4438990182327984
4650.9908212560385437 1999.7700483091787191 42.2396135265700465 613.3004830917874415 294.6487922705313736 128.0473429951690889 70.4855072463768124 -15.5922705314009669 57.4241545893719803 11.6367149758454111 47.8864734299516925 59.8086956521739097 60.6536231884057955 83.1801932367149703 37.1874396135265712 -22.9164251207729457 -52.5710144927536263 -61.2946859903381664 -55.3570048309178731 -46.0473429951690818 -49.9357487922705303 -73.6830917874396079 -122.8671497584541044 -124.0454106280193258
77.3584183673469425 51.6573979591836761 19.6653061224489782 3.7553571428571431 -4.1066326530612240 -27.4882653061224502 -43.0045918367346971 -57.3579081632653072 -76.2344387755101991 -103.3084183673469454 -131.6420918367346928 -131.0232142857142890 -100.1237244897959187 -53.6719387755102062 -11.4872448979591830 24.9584183673469404 53.0441326530612258 16.6823979591836746 -46.1122448979591866 -192.8714285714285666 -577.0709183673469624 -1261.8387755102041865 -2424.9260204081633674 -3222.5142857142855064
47.3824145150034894 29.1322400558269372 16.8080949057920463 8.3443824145150032 7.4166085136078159 12.0903698534542912 5.5387299371946961 -6.7205163991625962 -10.8820655966503832 -21.8150732728541534 -27.8527564549895317 -49.9577808792742530 -225.0143056524773328 -642.1151430565247438 -1302.6074668527564882 -1928.2372644801116621 -2003.7651779483601331 -1561.6133984647592570 -1170.0122121423587487 -1187.7055129099790065 -1438.0785066294486114 -1583.9602233077459914 -1664.1622470341940243 -1524.2041172365666171
-289.3674863387977894 -518.4685792349727080 -824.5546448087432054 -493.3770491803278446 501.3688524590164093 727.9330601092896131 237.8524590163934533 242.5368852459016296 562.5806010928961314 768.1133879781421001 1090.9071038251365735 1459.7322404371584526 1671.4795081967213264 2015.4904371584700584 2276.2131147540985694 2764.7336065573772430 2053.4139344262293889 -1982.3524590163933681 -4240.4480874316941481 -2171.4590163934426528 -821.0792349726775683 -559.8155737704918238 163.1024590163934533 391.9890710382513817
-95.7765957446808471 -89.3765957446808557 -75.2606382978723474 -69.2372340425531974 -61.1074468085106375 -42.7308510638297889 -28.4457446808510639 -49.5872340425531917 -103.4617021276595779 -145.6553191489361723 -233.5393617021276498 -440.0382978723404221 -816.3414893617020880 -1653.1638297872341354 -3059.5000000000000000 -4716.8861702127660465 -5665.1680851063829323 -4453.3882978723404449 -2255.6627659574469362 -1434.4287234042553791 -1292.6553191489360870 -953.3351063829787790 -824.4446808510638220 -796.0499999999999545
9.9559999999999995 4.3140000000000001 -12.3480000000000008 -50.6090000000000018 -91.8730000000000047 -128.4590000000000032 -94.7469999999999999 -166.4490000000000123 -598.6340000000000146 -1154.1179999999999382 -1631.6140000000000327 -1452.3420000000000982 -556.7000000000000455 -399.2289999999999850 -1018.6829999999999927 -1346.4280000000001110 -1673.2090000000000600 -2006.4949999999998909 -2174.4819999999999709 -1720.0340000000001055 -1304.5709999999999127 -1324.5080000000000382 1791.3879999999999200 4174.0680000000002110
-1636.2867981790591330 -1839.9339908952958922 -2106.0902883156295502 -1615.5386949924127293 -1471.1889226100151973 -1188.3672230652503004 2987.7807283763277155 4162.4339908952961196 815.5424886191199221 454.7572078907435298 778.2169954476479461 314.8368740515933268 254.5675265553869622 35.3216995447647975 61.9719271623672228 52.0265553869499229 1.0819423368740515 13.2344461305007588 16.4294385432473433 36.0834597875569045 7.4157814871016692 -47.0698027314112295 -75.7435508345978690 -101.3391502276176084
763.8400365630712940 1548.4789762340037669 3063.0201096892137684 4633.8583180987207015 4968.1535648994513394 3861.0475319926872544 2286.3921389396709856 1103.0420475319926936 443.9542961608775045 65.9725776965265140 -109.2641681901279753 -149.3235831809872138 -195.7714808043875792 -175.7358318098720247 -69.7568555758683715 -18.8967093235831811 27.5813528336380251 155.9085923217550373 408.4213893967093441 600.5822669104204579 404.0904936014625264 171.9853747714807923 158.6115173674588732 141.1133455210237742
-612.1840721262209399 -797.3796644127222635 -1065.5389431505134326 -1396.7109942399199554 -1662.8234410217880850 -1632.8432256448784301 -1283.3002754820936389 -890.5259203606310621 -628.7260205359378915 -471.5482093663911769 -346.5952917605810057 -226.1162033558727842 -125.7152516904583024 -53.4916103180566012 -19.6291009266215895 -11.9987478086651649 -9.6028049085900324 -6.5870272977710993 -5.1081893313298270 2.0453293263210619 8.2930127723516147 1.9010768845479589 -1.0100175306786876 -3.3874279989982470
-567.3614947197399943 -408.2274573517465228 -656.2461413484971899 -1203.1608448415922794 -1500.2363931762795346 -1862.8602761982128868 -2048.1949634443540162 -2227.5678310316816351 -1654.3736799350122055 -1199.7749796913078626 -1347.7384240454914561 2304.2851340373681523 4454.6693744922822589 1363.6880584890332102 431.6839967506092535 793.8391551584078343 302.3679935012185069 256.2485783915515754 51.9577579203899234 27.2428919577579194 50.7278635255889512 -9.6181965881397247 22.0503655564581642 23.6571892770105592
-72.6777070063694310 -75.1821656050955482 -70.4012738853503208 -53.7388535031847141 -25.9197452229299365 -40.5630573248407629 -73.7006369426751604 -104.9783439490445858 -165.8853503184713247 -297.0178343949044688 -497.0496815286624042 -1098.8980891719745614 -2502.2649681528664587 -4401.8000000000001819 -6062.1350318471340870 -5686.3082802547769461 -3057.8382165605094087 -1330.3388535031847368 -1180.1872611464968941 -925.2942675159235932 -684.0738853503185055 -709.2101910828025666 -683.7732484076433366 -541.0815286624203964
-24.4421621621621625 -2.2454054054054056 40.3599999999999994 180.8097297297297246 591.2432432432432279 1655.9729729729729115 3442.9881081081080083 4947.0054054054053267 4893.5351351351355333 3517.9945945945946733 2108.3286486486485956 1201.9502702702702663 617.9254054054053995 175.3600000000000136 -171.8799999999999955 -453.7135135135135329 -711.1081081081081265 -819.6291891891892192 -741.6605405405405236 -535.6443243243243160 -231.9351351351351411 280.4054054054054177 1069.4616216216215889 1442.7816216216215253
-44.8005390835579504 -62.0745732255166232 -169.9748427672955984 -377.7583108715184039 -441.4752920035938928 33.6648697214734938 534.4860736747529018 328.7753818508535346 64.4079065588499589 192.5884995507637143 297.0062893081761217 434.9505840071877856 703.1141060197663819 948.8256963162623379 1481.6495956873316118 2187.3719676549867472 2759.5543575920933108 2680.5651392632526040 224.1266846361185969 -2869.4321653189576864 -2905.8068283917341432 -1678.0575022461814569 -1504.2560646900269603 -1190.1769991015273717
78.4982137057486256 75.0191620656057125 48.7797986359207556 18.6235790841182194 -3.4725560246833389 -29.1523221825267953 -73.4462487820721037 -130.4011042546281374 -211.0220850925625200 -306.5306917830464499 -355.4374797012017098 -293.8359857096459677 -161.9743423189347311 1.1156219551802533 297.3465410847678072 737.4400779473854755 1253.0207859694705803 1772.3877882429360398 2129.6573562845078413 2291.1101006820395014 2323.1581682364403605 2288.1065280935367809 2250.5576485872038575 1966.0886651510229512
-135.0132770066385035 -202.4731442365721250 -336.8394689197344860 -563.4610742305370650 -984.9915509957754693 -1739.2619191309595408 -2673.3971031985515765 -3559.8750754375378165 -3568.6222088111044286 -2180.5703077851540002 -882.1931200965600510 -490.1176825588412953 -264.4526252263125912 -117.2679541339770708 -152.8153289076644512 -159.2764031382015730 -130.0476765238382484 -142.0289680144840077 -192.4634882317441225 -220.8135184067592149 -217.7278213639106923 -263.8177429088714803 -279.1882920941460497 -179.0181050090525048
2197.4537703170794884 3073.6975752731150351 1764.1939781508126543 466.1175059952038282 254.9139355182520603 55.4183320010658136 -6.0271782573940849 -16.2792432720490261 -30.0996536104449781 20.5424993338662389 41.3469224620303777 65.2669864108712972 63.2851052491340269 50.1777244870770076 60.5046629363176152 44.7306155075939245 10.4122035704769509 -6.0658140154543032 -10.0615507593924853 -12.4271249666933112 -7.9797495337063680 1.8174793498534505 24.6592059685584850 56.8241406874500399
-62.5592583900492869 -50.4318235156066663 -35.7200187749354612 -19.3705702886646343 -7.9314714855667683 -20.3365407181412827 -44.6477352734099995 -66.9075334428537900 -106.3527340999765300 -187.8629429711335490 -384.2680122037080537 -752.9443792536962974 -1271.5123210513963841 -1805.6627552217789798 -1850.6209809903778023 -1189.6777751701479247 -481.7873738559023877 -180.5151372917155470 -114.9375733395916512 -119.8706876320112684 -139.2396151138230493 -136.5334428537901772 -105.8436986622858456 -99.7444261910349752
68.3574892241379359 57.1414331896551744 46.4329202586206904 34.0619612068965552 12.5757004310344822 -1.5234375000000000 2.1365840517241379 4.8949353448275863 0.7435344827586207 -27.9049030172413808 -72.0247844827586192 -84.5969827586206833 -44.2629310344827616 77.1629849137931103 345.7489224137930819 1024.5196659482758150 1910.5323275862069750 2036.3262392241379075 1322.4598599137930250 647.9388469827586050 306.0546875000000000 119.2068965517241423 41.6648706896551744 21.7106681034482776
-43.4484848484848456 -389.1616161616161662 -811.3252525252524947 -1254.2595959595960267 -1043.8323232323232332 -272.1272727272727252 -331.1777777777778056 -923.3808080808080376 -1213.4010101010101152 -1574.1555555555555657 -1872.8070707070708067 -2084.7565656565657264 -1594.9303030303030937 -1364.8696969696968608 -1351.2717171717172278 2395.7404040404039733 4340.8000000000001819 1239.2505050505051258 428.2727272727272521 931.2121212121212466 448.7626262626262701 306.5929292929292842 69.9252525252525317 34.9222222222222243
-654.4322421682505819 -1019.2858148539246486 -1322.7722632875747877 -1304.5318549806406736 -881.1525871172121924 -290.4512495600141051 71.7446321717705047 191.9885603660682989 225.3086941217881076 197.5853572685674067 135.7954945441745735 89.9475536782822900 70.9589933122140053 55.3854276663146763 40.5371348116860233 35.7050334389299522 30.8593804998240060 17.8164378739880327 6.6180922210489266 -1.7585357268567405 -1.9716649067229848 0.6277719112988385 -6.8875395987328405 -13.9320661738824363
-26.8481963927855709 -31.5025050100200410 -39.4724448897795597 -45.0731462925851716 -51.9248496993987985 -60.4208416833667314 -64.6663326653306569 -62.2044088176352687 -53.4133266533066120 -58.2074148296593208 -80.1823647294589108 -108.4098196392785525 -139.2099198396793724 -225.9293587174348659 -440.8702404809619111 -795.3762525050100294 -1350.3832665330660348 -2131.8502004008014410 -2931.9789579158318702 -3435.9534068136272253 -3365.1272545090182575 -2749.3757515030060858 -2028.3121242484969571 -1475.9689378757514078
158.4093941820122780 427.3912463303976779 733.8582866293033931 1260.1828129170003194 2013.0410995463037125 2145.9306111555911230 1257.4574326127569748 345.4782492660795583 6.7363223912463308 -73.5681878836402490 -80.3474779823859109 -71.6167600747264430 -57.1216973578863119 -12.7261809447558054 27.3453429410194815 43.4432879637043001 29.1961569255404321 18.5919402188417386 24.2506004803843069 20.2663464104617042 9.5697891646650657 3.7304510274886575 1.9186015479049907 12.9653055777955704
84.8878603544035997 60.5868817773075889 47.5575244644274022 35.8532134355990451 35.3332451732345945 79.3845543507008671 185.9888918275588594 376.1925416556466644 736.2419994710394349 1412.1896323723883597 2002.4001586881777257 1780.9590055540861613 973.0481354139116092 361.4342766463898329 116.6596138587675284 34.1904258132769101 12.2536366040729963 -0.4676011637133033 -1.5027770431102883 25.3477915895265795 52.7503306003702690 66.2808780745834412 49.1224543771489053 20.5056863263686857
148.9283667621776601 375.1618911174784898 964.2263610315186497 2119.9957020057304362 3564.6017191977075527 4434.0702005730654491 3991.1404011461318078 2770.1862464183382144 1787.4068767908308928 1104.7292263610315786 544.7034383954154464 98.5530085959885440 -360.4985673352435356 -857.2707736389685351 -1307.6146131805157893 -1538.7478510028652181 -1413.7750716332377579 -949.2263610315186497 -252.0229226361031465 864.2421203438395878 2201.9613180515757449 2476.4727793696274603 1612.6289398280803198 893.8510028653295194
492.1159420289855007 482.9710144927536248 385.4347826086956275 115.9874835309617964 -237.1515151515151558 -558.3313570487483730 -1047.1686429512517407 -1739.3181818181817562 -2387.9295125164690035 -2457.4400527009224788 -1344.7509881422924991 339.5862977602108117 1493.1027667984189975 1683.9756258234519919 1363.7667984189722574 1362.8023715415019979 1389.9967061923582605 1026.9960474308300036 620.2826086956521294 332.5994729907773149 149.7700922266139685 36.1251646903820784 -52.5665349143610001 -83.6324110671936722
2591.3210912906611156 2632.1909758656875056 1416.0482686253935753 -60.7481636935991602 -1015.5351521511017836 -1625.3609653725079625 -2042.0419727177334153 -2337.0031479538301937 -2399.0199370409231960 -2306.5949632738720538 -2136.9989506820566021 -1715.4239244491079717 -1429.8342077649526800 -74.5215110178384066 2252.6180482686254436 2298.4795383001051050 928.3126967471143871 461.7817418677859109 275.0104931794333538 137.4637985309548753 94.5194123819517245 39.8006295907660004 50.2339979013641127 59.1783840503672636
-1851.5339068825910545 -2504.3491902834007306 -3114.8603238866398897 -3543.7079959514171605 -3046.6791497975709717 -1610.3532388663968504 -560.8122469635627567 -119.0369433198380591 215.2697368421052602 277.0197368421052602 152.3922064777327989 62.5050607287449367 -45.0096153846153868 -139.8228744939271166 -183.5652834008097045 -185.8653846153846132 -148.1330971659918987 -122.0728744939271309 -94.4696356275303657 -46.0384615384615401 -29.4969635627530380 -36.7570850202429185 -52.2039473684210549 -75.1325910931174121
-77.7523413111342308 -92.5990287894554314 -116.6066597294484950 -137.6798473812001475 -135.7096774193548470 -104.8088796392646600 -54.5202913631633734 -18.4405133541449864 -9.7062088102670820 -20.4987859868192857 -87.4304543877904905 -234.3694068678459814 -452.0221990981616500 -804.4595907041276632 -1381.4869927159209055 -2097.6906000693720671 -2574.0874089490116603 -2117.3135622615332068 -762.2216441207076514 255.4144987859868081 461.6964967048213566 493.5518557058619535 564.9257717655219722 574.3433922996878209
2844.9512485136742725 3697.2164090368610232 4000.7027348394767614 3393.0154577883472484 2438.5897740784780581 1700.8894173602852788 1135.2520808561237118 621.5790725326991151 108.7134363852556476 -428.7265160523186864 -1025.5683709869203994 -1538.1890606420927270 -1712.3650416171224151 -1466.8668252080856291 -854.3246135552913074 27.9750297265160519 1227.8620689655172100 2225.2889417360283915 2129.6385255648037855 1367.3127229488704870 811.4494649227110585 522.5053507728894147 337.2651605231866938 173.6718192627824067
-1812.6367713004483448 -2086.3228699551568752 -1563.4028400597908330 -1385.8624813153960531 -1145.6098654708521281 2989.6472346786249545 4173.9857997010467443 804.7750373692077801 415.2630792227204779 741.2615844544095580 299.1576980568012232 262.2585949177877183 42.0642750373692067 66.2742899850523202 58.7899850523168936 1.8153961136023917 12.5216741405082210 19.7929745889387156 42.4469357249626285 13.8624813153961135 -39.1539611360239164 -67.2929745889387192 -96.7032884902840095 -119.4409566517189774
585.7691029900332751 1050.5714285714286689 1832.8172757475083472 2989.6495016611297615 4330.8571428571431170 5124.6727574750830172 4911.6029900332223406 4223.6893687707643039 3615.2142857142857792 3178.5797342192690849 2833.2574750830563062 2409.3720930232557293 1894.2591362126245258 1417.6694352159468053 998.8388704318937243 577.2541528239203217 195.0980066445182786 -148.1196013289036557 -381.7873754152823835 -379.0465116279069662 -233.7774086378737479 16.5880398671096358 309.6245847176079451 451.5614617940199196
1190.4942263279444887 1460.3163972286374701 1738.8926096997690820 2084.0357967667437151 2415.0923787528868161 2556.1963048498846547 -185.6281755196304744 -4059.2078521939952225 -3453.2806004618937550 -1139.9157043879906723 -662.3383371824480719 -195.1916859122401888 286.0912240184757707 243.1108545034641963 215.2540415704388010 180.0842956120092424 113.8071593533487231 69.7598152424942270 9.0681293302540418 -30.2875288683602761 -50.6743648960739037 -67.4099307159353316 -63.1362586605080836 -82.4907621247113099
47.8702655637788439 74.2250761863299999 99.5328689595124132 161.4736612973443641 258.0430996952546820 469.6277753591641044 936.9708315193730641 1919.2738354375271683 2930.8254244666954946 2636.7509795385285543 1275.8885502829778034 344.1845885938180345 70.4057466260339595 -17.6769699608184574 -28.1171092729647363 -27.0182847191989559 -24.5576839355681322 10.1541140618197652 54.5742272529386128 78.1671745755333092 60.1963430561602095 40.3883326077492413 36.8367435785807587 46.1114497170222037
45.3841184811722087 40.2891129667559511 23.1523554435166226 10.5786985977627221 -2.4545454545454546 -12.0299354025523861 -14.2878525287537421 -16.2946273830155981 -21.3332282968331484 -38.0334016070584511 -68.9959035764928359 -110.3203088073105391 -149.5813770285174087 -191.1512525602646804 -308.0530959508429305 -535.9388687568930436 -809.6749645501812438 -1036.2103355916181044 -1006.9075153615881391 -665.5139435953993825 -320.7772175831101436 -201.7578383488262261 -220.6010713723018739 -183.0842917913975043
1663.6315228966986979 2047.4483493077741514 2329.8477103301383977 2699.8519701810437255 1125.9872204472842441 -3014.0212992545261841 -4001.5559105431311764 -1654.0234291799786206 -716.6389776357827941 -404.9020234291799625 221.6549520766773185 319.3812566560170580 250.1395101171459032 209.5835995740148974 148.0106496272630352 89.3322683706070251 21.4749733759318424 -13.1554845580404685 -39.8455804046858333 -67.3844515441959544 -69.5612353567625092 -75.9073482428115085 -151.3727369542066015 -305.9403620873269460
-65.9430693069306955 -47.8564356435643532 -35.8415841584158414 -40.1782178217821766 -66.5792079207920722 -80.8230198019801946 -92.7042079207920722 -100.0680693069306955 -111.3353960396039639 -114.4245049504950487 -84.6670792079207928 -74.1150990099009874 -68.8787128712871350 -61.1608910891089081 -78.5569306930693045 -95.3106435643564396 -148.2153465346534631 -270.3019801980198054 -418.3849009900990268 -871.3391089108911274 -1921.1831683168315976 -3574.1596534653463095 -5778.5977722772277048 -6419.1435643564354905
-161.2060260586319203 -502.9079804560260527 -1023.6978827361563162 -1276.7825732899023023 -1641.5203583061888821 -1844.4633550488599667 -2136.7280130293161164 -1645.7646579804559224 -1379.4055374592833232 -1201.3395765472312178 2904.9649837133551955 4336.1091205211723718 960.1449511400651318 486.3175895765472205 850.7475570032573842 354.1799674267101068 282.4438110749185853 38.0879478827361595 44.5887622149837100 42.9112377850162900 -10.1815960912052113 13.4560260586319220 13.8925081433224751 24.8884364820846891
-106.6210731707317052 -35.8610731707317072 56.0485853658536612 212.5627317073170843 468.7402926829268495 929.3406829268292313 1461.5982439024389805 1473.7110243902438924 953.8479999999999563 488.0655609756097419 249.4710243902439117 132.2991219512195187 90.7291707317073133 61.5418536585365885 37.1890731707317101 34.6536585365853682 43.3022439024390238 51.1695609756097554 38.7615609756097541 27.8003902439024380 32.6513170731707305 33.1080975609756081 33.2528780487804880 45.3931707317073148
-74.0613772455089787 -85.9745508982035886 -91.5508982035928085 -70.3697604790419149 -58.6991017964071844 -77.8443113772455035 -70.7739520958083830 -46.1811377245509007 -50.6946107784431135 -74.6167664670658723 -110.0748502994011915 -166.5119760479041986 -294.9880239520958298 -493.4970059880239432 -1006.0329341317365106 -2269.8712574850301280 -4150.3383233532931627 -6158.4625748502994611 -6423.4730538922158303 -3854.4131736526946952 -1584.7874251497005389 -1229.5793413173653335 -1039.5913173652695605 -758.8772455089820141
3966.9623493975905149 4967.0015060240966704 5027.0210843373497482 4348.9352409638549943 3504.2771084337350658 2933.5602409638554491 2677.0075301204819880 2519.1701807228914731 2251.1837349397592334 1857.9924698795180120 1430.6024096385542634 976.6882530120482215 537.5075301204818743 95.0256024096385516 -295.7605421686747036 -394.0737951807228683 -275.1972891566264821 -105.6370481927710898 169.3147590361445793 399.9728915662650479 471.7515060240963862 473.1551204819277245 439.0828313253011856 378.3810240963855449
27.5120896402594859 19.8871633575781388 18.0737173186553974 9.6946137212502457 13.7623353646550033 9.4260861018281901 4.4414193041085115 -3.0639866325928837 -11.1782976213878520 -18.0516021230587782 -26.8599370945547484 -30.5566149007273431 -26.1555926872419882 -16.0615293886377053 -10.6404560644780819 -19.0254570473756637 -29.3625909180263420 -43.3082366817377604 -104.2539807352073922 -238.9898761549046640 -447.2587969333595197 -735.8363475525850390 -1038.6997247886770310 -1189.8959111460585518
-4455.1128107074573563 -5880.2466539196939266 -5931.8680688336517051 -4182.0019120458891848 -2286.5200764818355310 -1740.4665391969406301 -1773.6711281070745372 -1656.0630975143403703 -1700.1434034416824943 -1805.9426386233269568 -1724.7131931166347840 -1466.4608030592735304 -1033.7074569789674570 -415.7514340344168318 428.0783938814531666 1126.7284894837475804 1122.2523900573614810 801.3518164435946574 640.1472275334607502 510.4455066921606203 394.3881453154875771 284.6864244741873904 159.4627151051625162 48.3594646271510484
-450.4488802336903746 -672.4673807205452931 -1125.9074975657254072 -1714.7448880233689579 -2180.1728334956183062 -2102.8188899707888595 -1083.0647517039922150 223.1971762414800367 882.0754625121713843 1092.9990262901656024 1279.7263875365140393 1412.8261927945472962 1282.2925998052580780 926.3982473222979479 588.8446932814021011 341.7862706913339821 187.1056475170399267 82.3977604673807207 -2.4532619279454724 -25.5593962999026303 -7.8407984420642647 -18.3330087633885093 -36.0608568646543333 -33.5063291139240533
98.1668965517241361 94.1882758620689629 81.3620689655172384 53.6620689655172427 16.9965517241379303 -5.9558620689655175 -23.6999999999999993 -47.9124137931034468 -37.4965517241379303 -9.3737931034482767 -10.3648275862068964 10.1999999999999993 93.4358620689655197 279.8317241379310190 702.7206896551724640 1729.4731034482758787 3472.2013793103446915 4661.0000000000000000 4081.0882758620691675 2589.9979310344829173 1441.4006896551723003 766.7420689655172055 378.0931034482758832 159.1779310344827536
-60.3387297633872990 734.5080946450809734 501.3026151930261562 145.9215442092154547 369.8605230386052085 618.8430884184308525 839.2851805728518002 1216.6562889165629713 1491.2926525529264836 1758.0473225404732602 2085.5591531755917458 2397.5529265255290738 2723.0273972602740287 476.3001245330012239 -3595.0846824408467910 -3722.7085927770858689 -1417.0273972602740287 -721.6027397260273801 -249.6712328767123381 311.0547945205479436 298.7272727272727479 257.1133250311332290 213.3997509339974954 162.5691158156911627
-532.1601027397259713 -959.0650684931506476 -712.5693493150685072 -643.6018835616438309 -1166.8613013698629857 -1522.1232876712329016 -1809.8690068493151557 -1986.0941780821917746 -2138.4614726027398319 -1889.4332191780822541 -1310.2636986301370143 -1660.0676369863012951 955.0530821917808453 4428.0984589041099753 2282.9623287671233811 293.7080479452054647 758.6994863013699160 438.1558219178082254 262.6284246575342536 105.0119863013698591 3.2833904109589040 70.2029109589041127 -7.5616438356164384 5.2936643835616435
-32.2076461769115454 -48.7818590704647690 -47.9160419790104939 -28.4430284857571216 3.2391304347826089 35.9287856071964029 93.4257871064467764 231.8890554722638626 595.0637181409294953 1454.0884557721140027 2990.1416791604196987 4510.1581709145430068 4627.5974512743632658 3258.2961019490253420 1758.6536731634182615 868.7353823088456011 376.6889055472263976 68.9182908545727173 -145.5764617691154399 -341.9760119940029881 -486.7316341829085218 -496.3178410794602655 -388.2788605697151638 -243.1619190404797735
59.6191628357125580 43.6312605855310878 41.4497943382530849 19.7166706992499385 -4.1918703121219449 -27.6767481248487783 -57.3556738446648922 -76.7582869586256891 -68.7353012339704748 -19.0914589886281156 40.6612630050810537 32.6300508105492355 -12.2494556012581661 -53.4822163077667554 -81.2373578514396257 -56.7374788289378174 -99.1964674570529894 -391.9433825308492487 -934.7701427534478853 -1719.8928139366078085 -2314.9649165255264052 -1694.9692717154609909 -335.5765787563512959 218.9337043309944306
-8.7289719626168232 -1.4470404984423677 62.0015576323987574 244.8738317757009213 622.4517133956386488 1383.5607476635514104 2604.4470404984422203 3918.1775700934581437 4674.4034267912775249 4541.2352024922120108 3977.8348909657320291 3490.6323987538939946 3193.2040498442365788 3048.5856697819313013 2877.7788161993771610 2538.7071651090341220 1979.8021806853582802 1335.2866043613707916 748.9750778816198817 210.4579439252336499 -258.7647975077881597 -514.1853582554516606 -541.3894080996884668 -382.2258566978193244
-89.9595959595959584 -428.4079254079254042 -975.2191142191142035 -1815.0217560217561186 -2879.4529914529912276 -3913.1926961926960757 -3913.3170163170161686 -2259.6239316239316395 -661.3745143745143196 -298.3512043512043306 -164.2167832167832273 116.4265734265734267 162.8515928515928408 160.9689199689199768 231.9463869463869514 206.3294483294483257 106.1313131313131350 29.8438228438228421 -29.2672882672882686 -149.4421134421134525 -243.8912198912198903 -158.0947940947940822 -59.6915306915306942 -63.4731934731934757
-100.3880000000000052 -53.3759999999999977 -17.6768000000000001 9.8472000000000008 65.3551999999999964 206.5696000000000083 570.3712000000000444 1386.0255999999999403 2902.1968000000001666 4533.5352000000002590 4814.7784000000001470 3505.0327999999999520 1923.2023999999998978 932.4328000000000429 392.4744000000000028 57.8055999999999983 -142.6440000000000055 -295.2056000000000040 -413.7160000000000082 -443.0344000000000051 -362.4191999999999894 -234.6391999999999882 -93.1719999999999970 171.2192000000000007
-317.2319228709159233 -271.2919121585431412 -234.2651312265666945 -231.1831815747187875 -319.0465988216390087 -516.2576325656133349 -818.4108194965184566 -1186.7375468666309644 -1561.8414568826995037 -1922.0744509908945474 -2208.6025709694695252 -2363.1387252276381332 -2480.6389930369577996 -2591.6904124263523954 -2531.8655597214783484 -2215.6620246384572965 -1721.4386716657738816 -1164.8660953401179086 -642.5816818425281554 -245.4815211569362532 21.8864488484199242 194.5120514193893939 231.2758435993572448 173.8184252811997794
-159.2794676806083771 -172.8365019011406787 -171.7091254752851626 -134.9942965779467556 -104.8897338403041886 -84.9980988593155899 -34.1178707224334588 -29.8840304182509513 -64.2794676806083629 -58.4163498098859293 -56.6406844106463865 -51.4315589353612168 -48.4752851711026622 -61.1406844106463865 -89.7946768060836433 -196.4961977186311799 -344.1596958174905012 -643.5190114068441289 -1593.5000000000000000 -3328.4980988593156326 -5625.2281368821295473 -7190.1577946768056790 -5584.5912547528514551 -2506.2623574144486156
-4972.1992337164747369 -6715.9272030651336536 -6427.2950191570880634 -4140.1685823754787634 -1981.6015325670498441 -825.0689655172413950 -153.7241379310344769 303.3180076628352708 619.1302681992336829 849.2950191570881771 1094.3639846743294584 1413.0957854406130991 1665.3026819923370567 1553.7777777777778283 658.6781609195402325 -1082.2107279693486817 -2478.4827586206897649 -2386.7279693486589167 -1417.0306513409962008 -636.7777777777778283 -221.9272030651341083 40.4099616858237525 179.2835249042145733 190.3831417624521123
-756.9241475295755208 -1131.2233820459289291 -1653.8009742519136580 -2200.1169102296448727 -2548.2324286708421823 -2539.0772442588727245 -2344.3368128044535297 -2244.8510786360475322 -2295.3305497564369944 -2402.6200417536533678 -2452.2630480167013047 -2360.2379958246347087 -2026.0640222686151901 -1441.2247738343771744 -840.3597773138483262 -365.5247042449547621 29.4112734864300620 262.5205288796103105 284.4036186499652104 231.4244954766875537 175.9930410577592284 113.1684064022268643 64.8698677800974224 30.1607515657620056
-847.6304347826087451 -1151.2658102766797583 -1503.5167984189722574 -1852.4318181818182438 -2111.1581027667984927 -2186.5849802371540136 -2017.4644268774702596 -1694.9169960474307572 -1396.8181818181817562 -1207.9950592885375045 -1118.2351778656127408 -1134.7855731225297404 -1235.4772727272727479 -1402.8557312252964948 -1618.7114624505929896 -1845.6808300395257447 -2055.3903162055335088 -2160.6156126482214859 -2116.2697628458499821 -1915.9762845849802488 -1588.9515810276679986 -1243.3764822134387487 -934.2045454545454959 -696.1324110671936296
-42.4738292011019283 -70.6955922865013804 -108.5055096418732745 -111.4931129476584033 -132.3333333333333428 -275.9421487603305536 -585.5606060606060055 -851.5426997245178882 -309.3691460055096627 662.3168044077134482 656.5041322314049239 240.6363636363636260 379.3415977961432759 637.8911845730027608 825.9765840220385371 1188.4008264462809166 1503.1212121212120110 1749.5674931129476590 2112.3360881542698735 2337.4586776859505335 2904.5303030303030027 1390.1115702479339689 -3025.8030303030304822 -4088.1294765840220862
1756.8516963973418115 1964.9982511367611551 2001.7075900664567598 1943.1066806575724968 1834.9230500174885492 1757.3217908359565627 1700.9366911507520399 1563.1430570129416537 1320.8880727527107410 1030.5082196572227531 709.2336481287163679 403.5355019237495640 200.0842952081147246 96.8419027632039189 70.9891570479188516 73.1692899615250099 64.5089192025183564 67.2353969919552270 69.5694298705841163 66.1615949632738705 73.2966072053165476 83.3973417278768778 75.2679258481986722 64.0188877229800681
-136.7553444180522604 -136.7838479809976207 -110.4679334916864661 -100.3135391923990483 -65.0736342042755354 -35.3135391923990483 -66.2802850356294471 -83.6104513064132959 -59.1828978622327782 -33.3729216152019035 -54.8907363420427572 -80.2232779097387123 -74.5273159144893071 -162.0831353919240030 -330.4916864608076139 -522.6057007125890550 -1253.9358669833729891 -2861.7695961995250400 -5180.2969121140140487 -7454.9406175771973722 -6869.1876484560571043 -3373.7482185273161122 -1379.9216152019002948 -1290.3325415676958983
-1822.3445512820512704 -2161.0619658119658197 -2061.0149572649570473 -1240.5288461538461888 1.8311965811965811 827.7478632478632790 1149.2094017094016181 1361.9460470085471115 1495.4086538461538112 1404.9775641025642017 1076.8707264957265579 677.2911324786324485 366.7724358974359120 169.8108974358974308 49.1901709401709368 -17.6014957264957275 -32.2003205128205110 -18.9786324786324769 -23.6613247863247871 -38.1239316239316253 -40.5325854700854720 -53.7350427350427324 -82.3685897435897374 -106.6159188034188077
-76.5346153846153783 -125.2576923076923094 -194.2730769230769283 -335.7480769230769511 -587.3173076923077360 -1236.2442307692308532 -2697.0403846153844825 -4801.6269230769230489 -6722.1115384615386574 -6567.1846153846154266 -3966.0480769230771330 -1968.7076923076922412 -1658.4307692307693287 -1447.5403846153847098 -1178.4307692307693287 -1132.0173076923076678 -1057.2365384615384301 -842.7250000000000227 -460.1134615384615358 -66.3346153846153896 392.9096153846153925 863.8461538461538112 712.9403846153845734 156.1211538461538453
-65.8439108061749607 -57.6037735849056602 -80.7855917667238401 -128.2933104631217702 -200.0428816466552178 -334.9142367066895645 -529.4356775300171876 -1032.9056603773585721 -2324.3825042881644549 -4316.0909090909090082 -6360.2933104631219976 -6702.1063464837052379 -4297.1663807890226963 -1880.0445969125214560 -1323.8473413379074373 -1151.7821612349914631 -841.5317324185248253 -761.2058319039450680 -727.9296740994853963 -568.3087478559176589 -265.0926243567752749 25.9005145797598644 278.6226415094339472 449.3121783876500785
-1215.8926507018993561 -1464.4929810074318084 -1806.0685383980180632 -1954.5549132947976432 -2170.0338563170935231 -1558.9843104872006734 -1367.1205615194055554 -1184.5400495458297883 3037.7886044591245991 4213.9430222956234502 815.4558216350123985 477.7349298100743340 747.5276630883566895 288.2683732452518370 252.0867052023121460 18.3575557390586290 53.6168455821634993 40.4384805945499579 -3.7819983484723370 25.3872832369942181 22.2725020644095792 26.6886870355078436 -3.6969446738232867 -57.0875309661436816
4957.3861192570866478 5435.6041055718478674 3484.2776148582602218 1768.5542521994134404 909.2394916911046039 386.4496578690126967 41.4301075268817200 -215.8406647116324564 -336.1915933528836717 -411.9960899315738061 -367.9882697947214183 -193.5102639296187590 -11.9433040078201369 214.1163245356793823 561.2834799608992853 870.8729227761485845 777.5689149560117812 373.6744868035190734 147.0058651026392909 129.7341153470185589 103.1300097751710609 39.3665689149560123 14.0860215053763440 42.7008797653958965
138.2494802494802570 122.5686070686070650 116.9584199584199524 115.8908523908523875 108.6580041580041609 76.7099792099792097 43.7952182952182980 36.1683991683991692 15.3908523908523911 -15.2629937629937622 -2.1049896049896049 19.9771309771309760 33.5654885654885646 66.0654885654885646 145.8555093555093549 396.6808731808731636 1174.3024948024947207 2920.2557172557171725 5029.9074844074848443 5659.6975051975050519 4291.8347193347190114 2602.2713097713099160 1661.4948024948025704 1151.1538461538461888
2826.8468468468468018 988.8584298584298722 -3662.1595881595881110 -4101.1698841698844262 -1313.9832689832689994 -661.4851994851994732 -438.3346203346203538 134.2844272844272950 179.7039897039896914 174.4401544401544299 140.6164736164736269 58.0128700128700103 41.4697554697554693 39.4671814671814687 3.8404118404118406 -42.7709137709137721 -58.0102960102960097 -62.5855855855855836 -82.5173745173745203 -154.3230373230373118 -341.2831402831402556 -333.2934362934362866 87.6409266409266365 432.4800514800514861
463.8433734939758892 1157.2157721796274927 2028.5947426067907600 2324.4644030668127925 1394.9452354874042612 -186.5947426067907884 -1252.3964950711938400 -1836.9572836801753510 -2298.8378970427161221 -2594.8181818181819835 -2646.0098576122672966 -2522.1467688937568710 -2246.8828039430450190 -1781.9485213581599510 -1537.9386637458926543 -345.5038335158816949 1885.4173055859803299 2185.7207009857611411 1035.0887185104052151 522.9309967141292645 284.6834611171960319 148.2573932092004441 104.8882803943044877 47.5104052573932094
-166.3483754512635358 -211.6805054151624574 -232.2779783393501702 -184.3489771359807321 -104.3128760529482548 -20.3369434416365813 63.5415162454873652 64.9019253910950624 -81.3760529482551078 -343.5968712394705449 -620.5691937424788875 -947.6907340553549375 -1480.4175691937425654 -2126.5499398315282633 -2530.6450060168472191 -2076.1859205776172530 -665.5000000000000000 714.1425992779783201 1308.2954271961491486 1368.4699157641396141 1431.5800240673886492 1512.4488567990372303 1376.4777376654633372 1055.8922984356197503
114.0622759856630779 88.5483870967741922 82.9731182795698885 76.0654121863799304 59.4543010752688161 40.0515232974910376 24.1370967741935480 51.8306451612903203 61.7571684587813650 34.1218637992831546 28.3499103942652333 -1.3288530465949822 -30.3239247311827960 -40.8077956989247284 -23.3669354838709680 8.9520609318996414 182.6778673835125346 1215.6948924731182160 2685.9896953405018394 2710.5376344086021163 1200.5972222222221717 -38.7320788530465947 -428.2898745519713088 -571.8315412186379945
119.9857549857549799 96.6794871794871824 40.9914529914529879 -9.8867521367521363 -32.2250712250712255 -51.5249287749287745 -55.3062678062678046 -36.3611111111111143 -12.1944444444444446 26.1061253561253572 103.2763532763532766 261.1132478632478637 644.6759259259259807 1541.7806267806267897 3152.1452991452993047 4661.2215099715103861 4597.2970085470087724 3135.1652421652420344 1734.5206552706551975 903.1474358974359120 394.4985754985755193 104.9964387464387414 -57.1509971509971493 -207.0612535612535510
-687.4310998735777503 -656.5195954487990093 221.7104930467762358 807.4816687737042002 395.8268015170669969 201.2035398230088390 525.9911504424778741 748.7383059418457378 977.6207332490517956 1368.2237673830593394 1621.9013906447535192 1895.2920353982301549 2172.4841972187105057 2517.6219974715550052 2470.5878634639698248 -534.1618204804045718 -3966.0847029077117440 -3078.0707964601770072 -1097.7749683944373373 -663.2604298356510526 -73.3084702907711687 378.8103666245258978 302.0328697850821982 251.8925410872313648
52.4226600985221651 74.6108374384236441 81.9093596059113338 56.9793103448275886 13.9290640394088676 -47.3103448275862064 -98.4039408866995018 -64.8344827586206947 172.3586206896551687 829.8837438423645381 1899.8187192118225539 2731.6068965517242759 2281.9556650246304343 591.8088669950739131 -901.4009852216748868 -1589.6551724137930250 -2022.0118226600984599 -2380.3320197044336055 -2479.8275862068967399 -2413.0975369458128625 -2238.4374384236452897 -1938.3970443349753623 -1763.9783251231526719 -1039.9201970443350547
-14.1288014311270125 -43.5509838998211123 -64.5742397137746025 -135.3139534883721069 -274.7101967799642352 -506.0617173524150303 -378.2093023255814046 263.6028622540250694 475.0098389982110803 140.2137745974955294 80.2799642218246845 265.0813953488371908 389.1261180679785525 604.1538461538461888 890.9177101967799217 1254.1457960644006562 1858.6493738819319788 2361.9427549194992935 2738.2209302325582030 1826.1296958855098183 -1443.3425760286224886 -3471.3944543828265523 -2453.9516994633272589 -1589.6994633273702675
-7.8718274111675131 -72.3845177664974671 -123.1167512690355323 -87.9644670050761448 196.9302030456852890 943.1776649746192334 2028.6078680203045224 2689.6091370558374365 1846.1307106598985683 19.2525380710659881 -1202.5279187817259299 -1811.0558375634518598 -2276.9492385786802515 -2578.3197969543148247 -2624.5266497461930157 -2490.9162436548222104 -2275.6751269035535188 -1846.9111675126903265 -1714.3324873096446481 -756.0571065989847739 1635.0824873096446481 2328.7525380710658283 1168.5685279187816832 533.2449238578680024
-204.4021978021978043 -387.4043956043956314 -676.2945054945055290 -1444.7802197802197952 -3048.9164835164833676 -5264.6813186813187713 -7150.7824175824180202 -6637.9582417582414564 -3842.6417582417584526 -1965.8879120879121274 -1619.1868131868131968 -1323.2483516483516723 -1021.5978021978022525 -920.5868131868131741 -860.9472527472527190 -638.3516483516483504 -245.8791208791208760 119.4285714285714306 529.4263736263736746 838.6417582417582253 580.6791208791208874 -35.1296703296703328 -353.6461538461538225 -229.9846153846153811
230.2797619047618980 149.9982993197278915 126.8494897959183731 134.7015306122449090 122.5246598639455726 123.6870748299319729 129.0629251700680413 116.5161564625850303 82.3197278911564609 54.9974489795918373 43.8690476190476204 38.8248299319727863 37.9379251700680271 28.4141156462585052 31.3341836734693864 63.1037414965986372 91.0858843537414913 145.8290816326530717 257.2219387755101820 620.2763605442177095 1602.4379251700679561 3527.3732993197277210 5529.4294217687074706 5287.1011904761908227
-813.4195804195803703 -1764.8694638694639707 -3659.2587412587413382 -6100.0000000000000000 -7545.4242424242420384 -6139.9090909090909918 -3037.4382284382286343 -1502.6620046620046196 -1297.5874125874127003 -870.5757575757576205 -602.0769230769230944 -560.2167832167832557 -451.2377622377622401 -240.2983682983683025 69.9324009324009381 330.8601398601398387 521.9883449883450339 494.8368298368298497 23.7925407925407910 -497.1701631701631641 -529.4755244755244803 -223.0606060606060623 37.0139860139860133 169.6083916083915994
-118.6621621621621614 -32.8796068796068823 330.4950859950860149 1150.4545454545454959 2193.1769041769043724 2672.4459459459458230 1732.4791154791155350 -8.0085995085995094 -1150.4656019656019907 -1743.6302211302211163 -2205.9766584766584856 -2519.0712530712530679 -2588.0737100737101173 -2475.1228501228501955 -2283.3329238329238251 -1866.6081081081081265 -1684.7628992628992819 -630.9717444717445005 1803.6855036855035905 2425.2285012285010453 1172.8525798525797654 514.2432432432432279 263.9668304668304586 106.2481572481572414
43.0384721077219012 21.5174498488595773 12.8059906567738384 -14.2420994778785381 -35.8722176422093995 -55.9073921406979935 -75.0615553723550448 -105.2388018686452256 -133.3599890079692329 -143.2715031602088516 -126.5674635888980504 -92.4732069249793938 -70.9780159384446279 -55.6161033250893126 -24.9711459192085741 -7.5116790327012914 -98.7416872767243774 -337.3325089310250178 -761.3792250618301978 -1395.8400659521846592 -2156.5768068150591716 -2869.0076944215443291 -2807.6768342951359045 -1828.0788678208298279
93.4600125944584335 60.1643576826196451 36.9496221662468542 21.7229219143576842 25.5695843828715361 23.7761335012594444 15.5377833753148611 43.8359571788413120 102.6429471032745653 228.4389168765742966 532.8699622166246854 1254.0409319899245020 2145.4426952141056972 2136.1693954659949668 1208.6061083123424851 470.8391057934508694 173.2213476070529055 50.9045969773299731 26.9102644836272056 12.7811712846347607 6.3897984886649875 30.2307934508816132 49.6986775818639828 62.1967884130982398
71.6877192982456108 40.4865497076023360 -5.2011695906432749 -68.5801169590643269 -105.7368421052631646 -38.6233918128654992 268.0140350877193214 996.7625730994152491 2041.9111111111110404 2688.3122807017543892 1889.7368421052631220 113.5754385964912245 -1090.0011695906432578 -1669.5216374269004973 -2123.5602339181286879 -2446.2935672514618091 -2527.6385964912278723 -2439.7286549707600898 -2283.9847953216376482 -1870.7578947368422178 -1688.1730994152046605 -747.1918128654971269 1645.9040935672514934 2423.6888888888888687
-53.6377142857142886 -83.0114285714285671 -129.9108571428571395 -113.2628571428571433 -118.0308571428571440 -448.3165714285714216 -954.1611428571428632 -1440.7382857142856665 -1454.2685714285714766 -631.3931428571428341 -233.3668571428571568 -794.4880000000000564 -1220.0582857142856028 -1526.8834285714285670 -1880.6468571428572432 -2137.5817142857144972 -1951.2057142857142935 -1336.2697142857143717 -1574.1920000000000073 827.5485714285714494 4469.1394285714286525 2531.6582857142857392 351.9782857142857324 957.7222857142857038
1606.2364050361638874 860.8048486472006289 175.0269220466113040 -9.1028663273506556 -96.7266273774444159 -64.7461826948834727 -10.3304312885079028 20.4019555317439050 44.4864720064291461 32.7613179748191783 28.1816233592285030 26.0798285561210825 12.9607554245914809 8.7223412804714702 1.1166622019823198 -4.1644789713367265 -3.2299758907045271 1.7567639967854272 13.3142244843289586 15.8576212161800161 18.6354138762389496 13.2267613179748196 4.4990624162871686 13.0294669166889907
127.2050984936268776 359.9327925840092917 708.5538818076477128 1225.9716106604867036 2069.1419466975667092 3085.5938586326765289 3717.7549246813441641 3278.0805330243338176 1919.3140208574739063 775.2757821552722817 230.5950173812282742 -76.1610660486674362 -173.7977983777520308 -145.2247972190034773 -122.6772885283893402 -36.9258400926998860 72.2983777520278039 103.2728852838934017 88.3939745075318655 52.9235225955967579 28.7612977983777505 27.7334878331402095 17.1848203939745083 40.8464658169177284
64.2573770491803344 58.6360655737704946 53.4077868852459048 50.1729508196721312 34.1110655737704889 12.1766393442622949 -1.5926229508196721 1.0500000000000000 34.5889344262295069 169.3684426229508233 494.6782786885245855 974.7442622950819668 1476.1512295081968205 1844.3020491803279128 1971.4897540983606632 1912.2881147540983875 1817.6352459016393368 1777.1762295081966840 1798.2860655737704292 1839.2077868852459233 1772.2557377049179195 1598.7389344262294344 1337.0504098360656826 893.3311475409835793
-73.1881918819188257 -82.1420664206642073 -64.5774907749077443 -71.1697416974169812 -84.7066420664206703 -112.4963099630996339 -188.5516605166051534 -302.8634686346863418 -515.6789667896679248 -1091.8394833948339055 -2473.3265682656824538 -4548.1476014760146427 -6602.3394833948341329 -6764.5516605166048976 -4070.4889298892990155 -1633.9022140221402424 -1187.0036900369004798 -954.4963099630996339 -601.4741697416974375 -551.5830258302582934 -531.6180811808118278 -407.0571955719557309 -184.5645756457564630 34.6568265682656858
117.0772797527047970 93.6367851622874809 74.6445131375579649 63.0092735703245737 56.4126738794435880 46.7156105100463677 29.9258114374034001 12.5811437403400301 8.4853168469860893 73.0880989180834604 254.0618238021638433 568.1638330757341464 1141.8964451313756854 2059.2766615146829281 3209.3693972179289631 4190.4652241112826232 4541.0680061823804863 4382.8346213292115863 4063.7697063369396346 3740.8377125193201209 3551.0463678516230175 3398.5826893353942069 3027.0850077279751531 2307.4744976816073176
45.8619034171138082 52.8635978537136424 62.2948319683705165 46.4268568201073109 37.5461733973453846 34.5244281276475604 30.5094606043490550 28.0275345947472481 23.0883931092911610 16.7229596159277030 -2.7132166054786784 -26.7944083592205580 -32.7376447331262383 -28.4648404405535160 -41.0687658853431259 -79.1376729737362297 -129.6358373340864034 -173.4241739621575960 -196.3716464275628368 -129.6308952273369073 143.7732279017226631 603.2595312058740546 1077.7903134707710251 1356.5347359502966356
