-1.6194762901494948 -1.5329031949594654 -0.9856056822890658 -0.4489119925199486 -0.4904374342573605 -0.9289262301178320 -1.6829929768267158 -2.0949429964831010 -1.8064244504180966 -1.2534265860577791 -1.1002210015193854 -1.2346998948117769 -1.4095168779285359 -1.5466971960432228 -1.7455162191740068 -1.9263735563181996 -1.9739898211800206 -1.9585064334817301 -2.1143098483802074 -2.7880616679239671 -3.5928472008245058 -4.2662669868355341 -4.7099222244652932 -6.1807510864137187
-515.5408587257617228 -407.6135734072022387 -244.0034626038781198 -129.1849030470914101 -65.0588642659279799 -23.8455678670360101 5.9245152354570640 25.0055401662049874 27.1752077562326875 38.0837950138504127 31.9058171745152350 4.8538781163434903 18.8254847645429351 35.7846260387811625 34.3774238227146824 -58.0283933518005526 -443.2534626038781198 -1230.1170360110802449 -2718.7991689750692785 -4317.6772853185593704 -4823.7098337950137648 -4478.1987534626041452 -3073.6315789473683253 -1052.4709141274238391
19.9212962962962976 53.7462962962962933 65.9481481481481495 63.4768518518518547 66.9851851851851876 92.3518518518518476 152.3249999999999886 238.3453703703703752 326.3694444444444684 392.6861111111111313 438.6888888888888687 419.8157407407407504 170.3333333333333428 -466.4898148148147925 -1524.6490740740741785 -2769.6731481481483570 -3716.5675925925925185 -4076.7444444444445253 -3941.2212962962962592 -3578.2268518518517340 -3264.8083333333333940 -3076.0046296296295623 -2838.3370370370371347 -2402.8268518518516430
-35.0467422096317307 -20.5888810198300298 -22.4348441926345608 -38.4571529745042469 -43.3973087818696897 -41.0906515580736524 -24.1526203966005681 0.0711756373937677 5.1310198300283290 1.2312322946175638 -10.6260623229461757 -36.6494334277620410 -47.1242917847025495 -34.9677762039660038 -17.5694050991501420 5.6352691218130309 20.7453966005665720 41.0067280453257794 99.1260623229461686 288.8781869688385200 759.3735835694051275 1587.5014164305948725 2645.2117563739375328 3133.3983711048158511
-481.0793736501079820 -915.3234341252699551 -1497.0070194384450133 -1992.7316414686824828 -2134.5809935205184047 -1603.0647948164146328 -247.7192224622030210 1283.1166306695463390 2201.7354211663068781 2608.8828293736501109 2637.6657667386607500 2216.9730021598270469 1420.4184665226782727 323.6911447084233373 -533.7699784017278262 -716.2224622030237242 -450.3515118790496672 -187.1668466522678216 -165.1349892008639415 -201.7041036717062639 -155.5799136069114468 -95.7348812095032429 -63.2062634989200873 -45.0264578833693321
53.3162162162162190 67.7297297297297263 72.3864864864864899 63.1729729729729712 53.3459459459459424 45.6689189189189193 -25.6756756756756772 -288.4135135135135215 -838.3013513513513999 -1661.5581081081081720 -2559.0513513513515136 -3247.9202702702700662 -3480.2256756756755749 -3249.5472972972975185 -2853.9675675675675848 -2552.5418918918917370 -2447.3635135135136807 -2544.3932432432434325 -2760.5175675675677667 -3007.5891891891892556 -3237.0013513513513317 -3313.0081081081079901 -3075.9162162162160712 -2521.3337837837839288
-14.3950168699714514 -20.5019465351674022 -10.3350635868154690 -40.5066182195691695 -30.6841422268362329 -7.4811834933817805 0.7352712172333247 8.9789774201920576 6.1681806384635349 -6.9532831559823514 -13.7012717363093692 5.1915390604723592 39.8619257721256162 77.6062808201401566 125.5486633791850437 202.2634310926550825 363.1969893589410958 631.1032961328834290 1022.0025953802231697 1462.8364910459381463 1707.6729820918765199 1499.9480923955359231 677.4365429535426983 -223.5024656112120454
150.1044370029300978 272.2653830054416062 396.3363331938049328 577.7279196316450225 838.4089577228966164 1130.0529510255337300 1312.7241523650063755 1221.0621598995396653 832.7130598576810598 365.1915027208036690 76.1653411469233959 -4.1563415655085807 7.9139807450816244 24.5768103809125158 24.5747174550020944 17.2417329426538295 11.3465885307660113 11.9106320636249485 11.7222687316868974 10.3164503976559239 15.4051904562578486 19.3179154457932185 17.3788195897865201 17.6316450397655906
-79.4311431143114248 -70.3991899189918939 -34.3208820882088190 -13.7641764176417638 -1.2916291629162917 -8.1107110711071115 -22.9095409540954087 -20.8442844284428439 -22.5544554455445549 -28.0162016201620148 -17.1710171017101700 -7.0247524752475243 -2.7997299729972998 -24.7335733573357324 -68.9738973897389798 -143.9117911791178983 -245.9167416741674117 -400.4639963996399388 -906.1665166516651198 -1592.7601260126011766 -2161.4144914491448617 -1591.5238523852385697 874.2740774077407195 2672.2137713771376184
3391.5105686216134018 3149.5570110151829795 1402.1372432271509751 -302.9931527240249807 -480.7082465019350934 -168.8052991961893383 -33.4644239356951445 -14.7177731467698720 -92.1860672819291409 -95.3057457576659743 -65.6344150044656089 -53.1836856207204534 -40.1300982435248557 -25.6436439416493016 -13.0940756177433766 -10.7954748437034826 -18.3292646621018172 -18.5951175945221792 -5.1833879130693656 8.2006549568323912 9.3414706757963675 -24.9743971420065485 -100.7570705567133018 -207.9907710628163215
-2704.4180035650624632 -4076.8903743315509018 -4855.8627450980393405 -4925.1283422459891881 -4139.2789661319075094 -2325.6898395721923407 -653.4991087344028529 71.1434937611408174 185.5614973262032095 69.7727272727272663 -25.7700534759358284 -54.0811051693404607 -73.5623885918003566 -85.2201426024955424 -79.5213903743315456 -49.5071301247771842 -26.1693404634581093 -24.7183600713012481 -27.4937611408199629 -23.3832442067736181 -10.9866310160427805 -6.8529411764705879 -14.8609625668449201 -32.6060606060606091
-6.7313006193425444 -208.1905669366364862 -448.0509766555502438 -820.0133396855645742 -1313.0262029537875605 -1722.8346831824678702 -1822.2467841829443387 -1249.2906145783706506 137.4711767508337346 1605.9442591710337638 2457.6803239637924889 2778.4206765126250502 2600.1310147689378027 1952.5478799428299226 1018.0838494521200346 28.4626012386850888 -530.8208670795617081 -534.2577417818008598 -314.8484992853739755 -164.8751786565030955 -181.2048594568842361 -218.9290138161028949 -168.3806574559313844 -102.4244878513577959
-1153.8543897216275127 -2095.6145610278372260 -3249.7376873661669379 -3852.4796573875801187 -3558.5353319057817316 -2337.1070663811565282 -580.8554603854389597 673.2847965738758376 1517.1327623126337585 2396.4571734475375706 2830.5781584582441610 2747.8051391862954915 2624.9796573875801187 2921.5042826552462429 3495.9657387580300565 3741.1948608137045085 2712.2334047109206949 89.9732334047109248 -1987.4860813704497104 -2262.7312633832975735 -1794.5995717344753757 -1115.2869379014989590 -565.4443254817987281 -308.7002141327623121
2311.6656370656369290 2434.8115830115830249 2561.3853281853280350 2913.5837837837839288 3245.5474903474905659 3093.4880308880310622 1306.4463320463321452 -1477.3212355212356215 -2701.3953667953669537 -2347.3057915057916034 -1532.2154440154440636 -769.0193050193049658 -433.2471042471042324 -276.1420849420849208 -149.8023166023166084 -81.1428571428571388 -26.8239382239382245 0.2710424710424710 -9.3111969111969106 -9.6756756756756754 -6.8208494208494210 -49.3204633204633183 -92.1204633204633154 -136.3606177606177710
3858.6339491916860425 2275.7782909930715505 -856.3856812933025822 -2337.8591224018477988 -1842.6062355658198157 -965.4445727482678876 -480.2990762124711068 -321.3464203233256171 -139.8279445727482653 -7.7090069284064668 50.8348729792147793 32.4607390300230918 -26.1131639722863724 -57.3775981524249445 -81.4018475750577437 -76.1512702078521926 -78.6986143187067029 -129.4688221709006939 -213.3949191685912297 -372.4907621247112957 -799.1027713625866227 -1721.6859122401847344 -2791.8695150115472643 -3215.5473441108542829
-18.3227366966136849 -30.5397373876986862 -44.7684865238424337 -52.9357290946786421 -63.5411195577055992 -111.4098134070490715 -183.1389080856945384 -342.0856945404284488 -681.7484450587422771 -1371.6392536281962293 -2579.5418106427091516 -3558.4851416724259252 -3744.7982031789911161 -3168.2902557014513150 -1389.3420870767104134 476.1147201105736144 1334.5507947477540256 2087.5964063579822323 2712.3780234968899094 2780.0691085003454646 2687.4042847270216043 2757.9239806496198071 3105.0414651002074606 3253.4692467173463228
-2017.7767944936085769 -523.2792527040314781 723.9950835791544250 1596.6214355948868615 2369.7640117994101274 2687.2782694198622266 2609.9154375614552919 2559.4975417895770988 2908.0698131760077558 3433.9724680432645982 3598.0806293018681572 2417.5044247787609493 -379.9410029498525319 -2297.8102261553590324 -2253.0845624385447081 -1645.9773844641101732 -982.4159292035398039 -507.1160275319567177 -299.1720747295968295 -142.3667649950835710 -55.5280235988200559 -20.9872173058013765 -18.6204523107177984 -33.1386430678466084
1398.9462333825701990 1845.4791728212703674 2157.8375184638107385 2432.7128508124078508 2606.3884785819791432 2664.4298375184639553 2064.3825701624814428 584.3320531757755134 -448.8986706056130060 -444.3042836041358896 -170.5991137370753279 -79.7208271787296923 -129.1849335302806594 -144.1255539143279236 -90.8700147710487443 -43.6670605612998557 -21.8791728212703092 -13.6401772525849339 -7.4779911373707533 -5.5559822747415071 -14.9066469719350074 -26.1441654357459363 -19.9601181683899540 -14.6369276218611528
155.2063968015991975 154.4642678660669617 27.6056971514242875 -208.3638180909545099 -504.5202398800599894 -990.6176911544228005 -1601.9860069965018283 -2057.1669165417292788 -2080.9790104947524014 -1218.6371814092954082 459.6251874062968454 1869.0909545227386843 2481.2598700649673447 2615.5747126436781400 2267.9760119940028744 1561.7386306846576645 723.4872563718140555 -101.8955522238880604 -521.1774112943528507 -496.0804597701149419 -319.2723638180909802 -205.6256871564217761 -214.4902548725637246 -212.4387806096951579
2430.1366559485531980 790.0803858520899894 -728.7721635277905534 -558.1116214974736067 -248.5875057418465701 -109.6867248507119825 -39.7117593017914530 -100.2452916858061513 -65.0358291226458363 -41.9807073954983920 -28.8096003674781826 -15.7655029857602198 -6.6825907211759299 -1.2645842903077629 -9.5629306384933397 -8.1568672485071207 2.4166283876894807 20.7999540652273787 35.6097841065686751 40.4464859898943487 28.5333027101515846 -13.9237482774460268 -84.5934772622875499 -189.7491961414791035
148.4854368932038824 97.1237864077669855 -181.0643203883495005 -757.2123786407767057 -1676.0497572815534113 -3083.2718446601943469 -4434.0716019417477582 -5006.6759708737863548 -4808.3895631067962313 -3717.3422330097087070 -2018.0194174757282326 -709.4781553398058804 -127.9817961165048530 -28.7463592233009706 -117.9453883495145590 -167.7269417475728233 -180.9805825242718527 -183.0485436893203826 -156.1140776699029118 -112.6286407766990294 -69.1444174757281615 -58.5364077669902940 -61.0109223300970882 -60.9648058252427205
-511.4628975265017630 -286.2134275618374772 -144.8091872791519563 -84.7441696113074272 -29.7074204946996474 11.9936395759717307 16.3088339222614849 -14.8939929328621901 -39.8982332155477053 -81.7349823321554823 -111.1356890459364024 -102.9950530035335703 -135.5858657243816197 -190.4819787985865673 -334.0452296819788103 -678.0713780918728162 -1509.9533568904594176 -3150.1194346289753412 -4472.0904593639579616 -4611.7363957597171975 -3792.4360424028268426 -1631.3441696113075068 353.2897526501766947 844.4939929328621702
2210.6444444444446162 2616.6620689655173919 2677.5095785440612417 2586.8796934865899857 2679.1340996168582933 3028.7409961685825692 3323.9609195402299520 2909.2973180076628523 793.7586206896551175 -1719.2567049808428692 -2495.0773946360154696 -2071.0429118773945447 -1356.6927203065133654 -724.5356321839080920 -419.9011494252873717 -230.3915708812260448 -109.5685823754789254 -51.7333333333333343 -25.0750957854406131 -23.1739463601532556 -27.7279693486590055 -33.2406130268199220 -35.9049808429118755 -64.6222222222222200
316.2804158471480491 937.3815678561393270 1637.3467266085979190 2064.3003652711436189 2019.0963753863445618 1018.7195841528518940 -168.2059567294183751 -482.1070525428490896 -321.1101432986794180 -162.1267209890418712 -69.2888451812306840 -43.5521213824107889 -30.3554369204832817 -25.5481876931722383 -18.4189379039055900 -7.7634166900814838 2.2733914020792358 8.3885923012082042 10.1222253441978083 17.2551278449002545 30.0769879179544830 39.9249789266647923 51.1014329867940447 49.8544534981736476
-150.7884465261514322 -132.1569086651053908 -103.8032786885245855 -71.4597970335675257 -39.7712724434035891 -15.6502732240437155 2.3372365339578454 16.8594847775175651 25.1998438719750197 36.8352849336455890 47.9773614363778265 63.9914129586260714 72.8103044496487115 57.6409055425448855 50.5027322404371617 58.5753317720530831 69.9867291178766635 -32.9453551912568301 -401.3021077283372620 -1383.2201405152225107 -3153.5604996096799368 -4705.4324746291958945 -5263.2724434035908416 -4614.5932864949254508
998.4634581105169673 1718.7032085561497752 2345.5000000000000000 2738.3404634581106620 2797.4081996434938446 2825.5721925133689183 3168.4108734402852861 3655.7459893048126105 3961.1595365418893380 3029.9803921568627629 186.1149732620320947 -2040.9429590017825831 -2240.5053475935828828 -1729.6987522281640395 -1036.6497326203209468 -521.2869875222816063 -301.4260249554367306 -140.1880570409982170 -62.6158645276292347 -26.7727272727272734 -18.3547237076648848 -27.4420677361853826 -38.9982174688057057 -40.4821746880570430
-194.7709384460141280 -222.9424823410696206 -267.3582240161453001 -353.8647830474268403 -544.0766902119071347 -863.4510595358224236 -1239.1160443995963760 -1396.5196770938446207 -473.0524722502522650 1712.3844601412713473 3461.4207870837535665 3733.8072653884964893 3202.0020181634713481 2534.3148335015134762 2123.3370332996973957 2137.2320887991927520 2421.3017154389503958 2741.4530776992937717 2899.7356205852674975 2765.6942482341069081 2349.1957618567103054 1759.4853683148335222 1115.8395560040362398 583.2038345105953567
-2007.4060402684563087 -2795.5693512304251271 -2116.3892617449664613 -1259.4306487695748729 -628.7248322147651152 -293.0738255033556925 -98.6610738255033510 76.8914988814317724 140.3411633109619743 78.9530201342281828 -16.6711409395973149 -83.2863534675615256 -121.6812080536912788 -92.5727069351230369 -49.1588366890380328 -62.0022371364653253 -99.1666666666666714 -213.3881431767337915 -455.5469798657717888 -1023.4015659955257433 -2131.2550335570467723 -3211.6409395973155370 -3673.5581655480982590 -3314.8322147651006162
-109.5683615819209109 -105.4717514124293842 -84.6062146892655420 -63.2412429378531087 -53.8655367231638422 -59.8785310734463252 -75.4288135593220375 -92.2824858757062145 -107.6457627118644069 -99.8435028248587599 -71.4299435028248553 -50.8514124293785343 -48.0615819209039543 -27.4864406779661010 31.1141242937853093 164.9067796610169410 448.1661016949152554 917.4587570621469013 1742.0491525423728945 2805.5966101694916688 3524.0135593220338706 3646.4197740112995234 3217.8214689265537345 2364.8180790960450395
653.6206597222221717 59.4826388888888857 -1686.8020833333332575 -3823.8967013888886868 -4811.1111111111113132 -4315.0147569444443434 -2475.9288194444443434 -477.7100694444444571 327.5564236111110858 432.0164930555555429 385.7222222222222285 193.4748263888888857 20.3619791666666679 -75.4678819444444429 -56.7222222222222214 -44.2126736111111143 -67.1762152777777715 -30.3810763888888893 -11.2092013888888893 7.7326388888888893 37.4817708333333357 36.3237847222222214 14.3689236111111107 -67.2152777777777715
-20.6146297948260475 -48.6355932203389827 -131.5945584299732332 -347.5321141837645200 -770.5419268510258917 -1373.1025869759143916 -1924.4781445138269191 -2135.0749330954504330 -1946.5312221231042713 -1281.7725245316680684 -186.8822479928635119 816.4986619090097975 1449.0227475468332159 1810.7408563782337296 1968.5860838537021209 2066.4884032114182446 2220.4950936663694847 2367.1632471008028915 2241.3461195361282989 1547.5512934879570821 516.7145405887600873 -116.6449598572702939 -173.0967885816235423 -169.9317573595004376
-61.7820121951219505 -42.2934451219512226 -28.5045731707317067 -30.5076219512195124 -48.1272865853658516 -69.0274390243902474 -79.9314024390243958 -70.7820121951219505 -48.0815548780487774 -40.6280487804878021 -39.8719512195121979 -51.9657012195121979 -102.7599085365853711 -54.7698170731707350 59.4527439024390247 601.8102134146341768 2238.6303353658536253 3975.6501524390241684 4485.3490853658540800 3822.4794207317072505 2480.7903963414632926 1161.9634146341463747 488.2164634146341200 446.4336890243902189
-1693.9007594936708756 -987.9939240506329270 634.7073417721519490 2173.2329113924051853 2851.3878481012657176 2665.0248101265824516 1609.0724050632911712 403.0288607594936821 -165.3189873417721572 -288.5508860759493928 -250.7321518987341733 -165.2116455696202593 -135.3306329113923994 -127.6278481012658261 -131.9402531645569638 -130.8344303797468342 -95.5706329113924085 -56.1858227848101279 -29.2015189873417711 -22.7817721518987355 -12.0162025316455701 8.3589873417721527 13.5463291139240507 26.2779746835443042
-13.8930942895086318 6.8413014608233729 10.9535192563081001 10.3061088977423641 5.9525232403718462 4.3625498007968124 25.7148074369189921 49.0458167330677313 59.4661354581673294 16.7440239043824697 -155.9236387782204645 -444.8821381142098517 -864.7516600265604438 -1422.6849269588312836 -1878.1829349269587510 -1997.7828685258964470 -1708.4780876494023687 -857.5391766268260199 323.2015272244356083 1223.3731739707834549 1779.1032536520583562 2107.1225099601592774 2179.9797476759626988 2066.7566401062417754
-365.8835341365461886 -516.2951807228915868 -813.7901606425702994 -1164.6987951807229820 -1449.9427710843374371 -1158.5190763052207785 521.5682730923695090 2542.9628514056225868 3276.8714859437750420 3045.1696787148594012 2579.1495983935742515 2162.6124497991968383 2060.4979919678717124 2263.3935742971889340 2590.9568273092368145 2867.8122489959837367 2935.3674698795180120 2706.9939759036146825 2212.0893574297188025 1537.9016064257027665 838.4477911646586108 266.0692771084337096 -137.7419678714859401 -350.4769076305220779
85.9291882556131270 344.7392055267703199 972.3022452504317243 2331.7012089810018551 4179.9827288428323300 5569.2107081174435734 5977.7910189982731026 5364.8117443868741248 4107.9205526770292636 2870.8497409326423622 2123.9792746113989779 1991.6873920552677646 2207.5820379965457505 2483.2055267702935453 2715.3229706390329738 2811.4300518134714366 2756.4093264248704145 2580.3661485319516942 2316.0483592400692032 1994.2901554404145372 1560.0777202072538330 1026.7789291882556881 541.2227979274611016 209.1554404145077797
190.5043478260869563 254.7695652173913174 298.6072463768115881 328.4739130434782624 374.0768115942029226 477.5072463768116222 468.7898550724637516 75.8565217391304287 -850.6811594202898732 -2454.7579710144927958 -4213.1362318840583612 -5190.3797101449272304 -5255.1681159420286349 -4497.1840579710142265 -3128.2057971014492068 -1861.9217391304348439 -1029.6768115942029453 -578.1000000000000227 -420.0623188405797350 -343.9695652173912777 -228.7304347826086826 -162.8202898550724740 -171.6173913043478194 -146.8594202898550805
-73.5415512465373951 -39.3691135734072049 -26.1800554016620488 -10.6762465373961213 -2.1149584487534625 -9.0294321329639882 -11.1873268698060944 -12.7922437673130194 -6.2409972299168972 14.1308864265927969 31.5491689750692537 31.7506925207756225 -17.3545706371191137 -132.9220914127423896 -328.2887811634349191 -609.5398199445983209 -1079.5896814404432007 -1708.8975069252078356 -2199.9428670360111937 -2143.6655124653739222 -764.4889196675900394 1239.9068559556785658 2185.2870498614956887 2264.4321329639888063
-7.6549086272843176 -21.2834679133021680 -38.0484487887802771 -67.1512962175945631 -119.0067998300042547 -202.2103697407564766 -388.8491287717807268 -737.4432639184020672 -1249.0565235869103162 -1783.0684232894177512 -2019.9069273268169127 -1844.8385040373991615 -1242.3748406289842023 -220.9838504037398934 758.3637909052273471 1346.1304717382065519 1640.0131746706331342 1755.9422014449639846 1813.3450913727156149 1920.6982575435613398 2095.3676158096045583 2158.3297917552063154 1844.3676158096047857 1118.3756906077348958
-21.8145558145558134 3.9686609686609686 17.0898730898730911 15.6578606578606578 8.7329707329707329 4.2509712509712507 8.0979020979020984 27.4773374773374783 21.6715876715876732 -74.7860657860657909 -332.8756798756798503 -774.1468531468531182 -1271.9412069412069286 -1565.0792540792540422 -1432.1509971509972274 -940.0238280238280595 -403.1098161098161086 -70.3843563843563800 25.4706034706034714 13.3084693084693093 4.7213157213157215 10.4744884744884743 9.3354053354053352 13.3592333592333592
1.3757361601884570 -79.5795053003533610 -79.1204358068315656 -18.0524146054181394 -21.3742638398115439 -40.9181389870435837 -32.7594228504122498 -14.7744405182567728 -0.2779740871613663 2.8144876325088339 -0.0744994110718492 -2.1071849234393403 -14.7717903415783276 -50.1478209658421648 -118.8451118963486408 -230.8297997644287420 -400.5895170789163444 -688.1316254416960874 -1166.1590106007067789 -1901.3000588928150592 -2599.4587750294463149 -2854.1937573616019108 -2694.8462897526501365 -2038.9010600706712921
-40.1050049067713417 -40.6712463199214938 -39.4896957801766462 -40.5103042198233538 -37.0932286555446495 -34.1550539744847867 -30.1903827281648667 -30.9371933267909718 -36.4582924435721267 -49.4533856722276752 -67.3052011776251220 -72.8557409224730179 -73.6123650637880331 -73.5201177625122710 -79.2747791952894971 -91.2502453385672254 -157.0039254170755783 -204.7497546614327746 -206.4367026496565245 -110.5260058881256100 1086.3562315996075540 3572.6987242394502573 5600.3562315996077814 5831.9008832188419547
-175.8120229007633668 -437.6440839694656688 -914.8568702290076544 -1564.8979007633588481 -2103.8330152671755968 -2239.0033396946564608 -1907.0186068702289504 -1029.7433206106870784 129.9632633587786188 1012.9680343511450928 1526.5429389312976127 1797.9666030534351648 1916.6946564885495263 2020.2123091603052671 2189.1808206106870784 2349.9833015267176961 2215.6345419847330049 1506.2719465648854111 452.1521946564885752 -157.7228053435114532 -170.2752862595419856 -188.7542938931297840 -284.8392175572519136 -263.6345419847328344
1923.5561280824438199 2185.6768494663233469 2141.1969083548028721 1991.7051895472948218 1855.7309532572689932 1817.9241810820758474 1884.1104158998896310 1969.7390504232610056 1798.2973868237027091 1163.2215679057783291 400.6179609863820588 -83.1450128818549814 -280.8733897681266285 -301.6256900993743102 -257.7136547662863677 -209.2517482517482392 -151.2679425837320650 -101.8847994111151962 -61.5973500184026506 -36.0047846889952154 -28.4994479205005504 -22.2292970187707013 -20.8866396761133615 -22.2675745307324249
-4141.2713675213672104 -3416.6661324786323348 -1017.0897435897435344 374.6768162393162243 373.8969017094017318 155.9914529914530021 -47.9519230769230802 -106.6570512820512846 -77.2019230769230802 -64.7329059829059759 -43.5950854700854720 -1.5731837606837606 3.5753205128205128 -25.0705128205128212 -25.9620726495726508 -23.0582264957264940 -12.8247863247863254 -3.4123931623931623 -10.8498931623931618 -20.7788461538461533 -26.0336538461538467 -38.2441239316239319 -68.5635683760683747 -110.1575854700854649
-2093.7620423892099097 -2657.9046242774566053 -3126.3959537572254703 -3482.5905587668594308 -3756.1551059730250017 -3925.3256262042391427 -3980.1637764932561367 -3671.3843930635839570 -2717.8025048169556612 -1378.8718689788054235 -282.7023121387283027 175.1618497109826649 205.1763005780346703 146.4913294797687797 75.7447013487475971 37.1946050096339107 19.6011560693641620 11.3988439306358380 18.3670520231213885 15.1608863198458579 4.3140655105973025 -4.8786127167630058 -0.7755298651252408 9.7851637764932562
-90.4726134585289543 -73.0477308294209706 -14.5829420970266046 27.4170579029733972 32.8528951486697949 37.4593114241001572 35.9241001564945250 7.2175273865414713 -12.1611893583724573 -15.2128325508607194 -39.8169014084507040 -45.8740219092331785 0.3497652582159624 156.6674491392801372 476.2034428794992209 929.0187793427229508 1520.9851330203443922 1994.5735524256651843 1794.4569640062597955 454.5563380281690229 -1680.5242566510171400 -3228.0884194053210194 -3346.6338028169016070 -2411.5383411580596658
-860.8733055265902294 -1343.8941605839415843 -1767.4775808133472310 -1872.8852971845672073 -1215.4223149113659019 346.3086548488008134 1908.0437956204380043 2705.2518248175183544 2770.6611053180395174 2161.2492179353494066 1138.8154327424399526 152.2617309697601797 -453.2012513034410972 -571.6167883211678600 -397.1793534932220950 -189.6037539103232632 -137.2601668404588224 -177.2127215849843651 -161.9452554744525514 -106.7257559958289903 -66.9124087591240908 -46.5875912408759092 -29.9045881126173114 -16.5583941605839406
-1977.7942202291978901 -1021.6865969108121135 -75.2272047832585997 113.3338315894369686 101.9928583291812032 26.3783424680285670 9.0876930742401587 31.1919946852682273 23.3017771134363052 20.0670984886231523 17.9365553894701861 8.6841056302939705 -10.4005979073243644 -16.4084039196146811 -6.8873941205779774 1.2404916126889221 4.2135857830925092 5.0901843547583461 1.7430659358910481 -5.9627968775950837 -17.3871449925261601 -26.5804683607374201 -42.9634612190666019 -85.1514698555057237
-3.2312411514865502 -7.8688060405851816 -3.8343558282208590 32.3973572439830093 77.9740443605474240 113.1250589900896699 100.4299197734780620 -6.9174138744690890 -182.5191127890514338 -409.3619631901840421 -772.5139216611609072 -1308.6451156205757798 -1829.5228881547900528 -2071.9273242095327987 -1476.0014157621519644 264.7432751297781692 1900.2166116092496395 2502.8263331760263100 2545.0542708824918918 2149.6290703161866986 1469.5044832468145160 749.5832940066069341 37.2807928268050972 -281.6451156205757229
-69.8913738019169273 -73.0798722044728493 -84.7348242811501535 -86.9185303514376955 -87.3067092651757122 -97.1661341853035196 -90.2252396166134218 -79.3051118210862569 -40.5718849840255587 114.2907348242811452 594.7140575079872633 1504.3226837060703929 3027.7603833865814522 5078.6597444089456985 6488.2683706070283733 6674.7587859424920680 5836.7875399361018935 4048.0527156549519532 2154.5031948881787685 1104.3051118210862569 933.2284345047922898 1139.3035143769968727 1379.2348242811501677 1524.7364217252395520
-90.6255110384300906 -86.3442354865085804 -52.9125102207686027 -11.6148814390842183 -10.4358135731807025 -18.7833197056418655 5.1684382665576454 87.6312346688470996 288.9950940310711189 628.6377759607522648 1236.8945216680294834 2271.2878168438264765 3398.1414554374487125 4024.9419460343419814 3884.0179885527390979 2957.9975470155354742 1533.2044153720360100 377.9869174161896694 -29.2739165985282099 -40.3221586263287008 -38.4652493867538823 -29.1954210956663935 -25.0212591986917410 -44.8397383483237917
-1775.2540469973889685 -2414.2699738903393154 -2401.2013054830285910 -1542.7472584856395770 -491.2446475195822586 64.6843342036553537 149.6117493472584954 85.6441253263707551 41.5475195822454282 23.5723237597911215 -3.2913838120104439 -18.7065274151436043 -3.5934725848563969 -8.8587467362924279 -31.1438642297650148 -28.5451697127937329 -20.0295039164490873 -10.1895561357702356 -1.1979112271540471 -1.9689295039164492 -5.0039164490861623 -11.2971279373368141 -27.4819843342036556 -76.2010443864229785
-64.3313868613138737 -86.6255474452554779 -143.0613138686131265 -251.8970802919708092 -463.0233576642335720 -898.6897810218978293 -1711.1299270072993295 -2787.5372262773721559 -3404.0233576642335720 -3203.7992700729928401 -2263.1021897810219343 -720.8613138686131379 525.0934306569342880 1311.3437956204379589 2078.7693430656936471 2474.2656934306569383 2489.7978102189781566 2464.4379562043795886 2708.2948905109487896 3194.6051094890513014 3372.6927007299268553 2472.5167883211679509 246.0620437956204398 -1344.8102189781022844
-110.5494472662085457 -51.3797430534807305 -31.9548849716163730 -38.3746638780997884 -27.4323274574245595 -6.7460412309530922 7.4965640872423069 5.2485808186435614 -6.5162832387212433 -11.8760083657006277 -12.1951000896325059 -19.3253659994024503 -28.8948311921123384 -26.8718255153869130 -68.9342694950702111 -226.6620854496564164 -619.7433522557514607 -1407.5288317896624903 -2285.8831789662385745 -2654.8048999103675669 -2306.6083059456227602 -1438.5201673140124967 -449.0478040035853269 278.4114132058559790
-423.0614072494669244 -620.8460554371001763 -934.3356076759062034 -1294.9283582089551601 -1595.9360341151386820 -1790.6268656716417809 -1867.3739872068231307 -1873.4426439232408939 -1860.5095948827292887 -1793.9466950959488258 -1603.4933901918975607 -1257.5556503198295104 -857.6136460554371297 -541.1982942430703361 -321.8362473347547734 -190.4132196162046853 -139.3168443496801672 -125.8618336886993632 -121.4179104477611872 -102.0136460554371070 -70.4575692963752687 -42.2631130063965870 -22.7236673773987192 -11.3475479744136454
-480.6918020108275300 -791.0162412993039425 -901.0417633410672806 -813.0418922402681119 -642.3789636504253622 -464.5099252384634951 -323.7460685743748172 -226.7701727249290968 -164.2075277133281759 -109.8553750966744076 -71.1162670791441087 -48.5054137664346499 -36.6563547306006683 -31.0458881154936854 -22.1230987367878313 -16.0817220933230232 -9.6379221448827010 -5.5692188708430006 -3.6144624903325600 1.7273781902552203 -3.4387728796081465 -10.7673369425109566 -12.3943026553235374 -25.1647331786542914
-43.0389812889812902 -25.9209979209979196 -8.0197505197505201 48.0374220374220400 150.4132016632016757 301.4932432432432279 493.3544698544698690 539.0322245322245180 260.6907484407484503 -628.5634095634095502 -2162.8877338877337024 -3351.3108108108108354 -3240.5150727650725457 -1886.7910602910603757 -250.1356548856548727 595.3882536382536728 684.1933471933472219 515.0634095634095502 282.6715176715176767 73.0041580041580005 -77.0774428274428232 -102.6320166320166294 -55.9875259875259843 -50.6185031185031207
-149.4089091947458598 -92.0354083380925232 -58.1199314677327266 -15.3523700742432894 -10.4997144488863512 -26.6973158195316955 -38.8206739006282149 -63.7538549400342660 -92.1233580810965123 -95.5539691604797241 -114.1536264991433427 -141.7509994288977850 -211.2878355225585381 -449.8954882924043659 -940.2015990862364561 -2109.5591090805255590 -3667.6790405482579445 -4334.6870359794402248 -4002.8389491719017315 -2588.7801256424900203 -471.8703597944032140 638.2786978869218046 1035.9508852084522914 1455.7292975442603620
-82.6373134328358248 -56.9761194029850770 -7.8179104477611938 81.6179104477611901 281.0731343283582078 741.7402985074627395 1562.3402985074626486 2990.3910447761195428 4712.7313432835817366 5665.9626865671643827 5527.9343283582093136 4653.4522388059704099 3466.5194029850745210 2526.9895522388060272 2136.2223880597016432 2202.5955223880596350 2459.1671641791044749 2717.4597014925375333 2883.8835820895524193 2911.0462686567166202 2782.8597014925371695 2509.8134328358210041 2182.9373134328357082 1747.0507462686566669
46.4848641655886183 72.3451487710219965 90.6926261319534319 113.2489003880983205 126.3394566623544648 75.1730918499353180 -116.6711513583441189 -534.8895213454075019 -1157.8613195342820745 -1666.4051746442432886 -1701.9865459249676860 -1261.6820181112548198 -648.4644243208279022 -198.5050452781371177 -31.2892626131953442 -19.5630012936610598 -16.1795601552393258 -4.3291073738680463 -11.7733505821474775 -24.1922380336351885 -15.5539456662354461 -9.3790426908150071 -29.4934023285899087 -41.3821474773609310
-41.1301832208293163 7.4464802314368370 185.1581485053037568 442.3751205400192816 871.6133076181291699 1181.0433944069432073 1071.0530376084859654 178.8649951783992265 -1965.1803278688523733 -4092.0086788813887324 -4675.6075216972030830 -3586.6345226615235333 -1540.3519768563162415 -48.7782063645130179 402.4310511089681768 491.7878495660559111 434.8910318225650826 286.2410800385728180 105.0019286403085772 -36.7810993249758909 -20.9980713596914192 -12.4879459980713605 -72.2844744455159116 -62.0366441658630663
-52.5043816942551089 -73.4703018500486849 -95.5491723466407024 -144.4654333008763274 -244.0506329113923982 -399.2259006815968974 -721.8568646543329805 -1320.8938656280429313 -2374.5735150925024755 -3452.8247322297956998 -3788.5949367088605868 -3393.6163583252191529 -1780.6611489776046255 341.5822784810126791 1322.6475170399221497 1985.1226874391431920 2730.8997078870497717 2894.1684518013630623 2741.2200584225902276 2727.1032132424538759 3103.1538461538461888 3589.4741966893866447 3547.0983446932814331 2228.1538461538461888
2.8909995477159658 -9.6625961103573044 -4.8338609980401026 -9.2285541987034527 -17.0999547715965612 -18.1684004221317643 -21.6861148801447321 -22.9840192974521322 -11.7850143223277559 2.3200663349917083 2.9743705713854967 -6.2766470676918438 -13.7544097693351421 -13.2223729835670127 -8.2382029247700892 -2.5296246042514698 6.3185587215437966 35.5071611638775835 93.7051108095884189 192.8404944972109263 380.5160560832202350 639.0774913312226317 967.5869139152721345 1228.8335594753505120
45.4786557674841063 69.2261580381471333 73.5354223433242566 25.0485921889191658 -96.0118074477747570 -232.0563124432334234 -425.2138964577656566 -748.0622161671208232 -1148.6802906448683643 -1495.5031789282470527 -1529.2288828337875657 -808.7611262488646844 699.9336966394187129 2138.2774750227067670 2859.3964577656674919 2822.5840145322436001 2101.3964577656674919 1047.5045413260672831 91.0744777475022715 -379.4881925522252573 -360.1548592188919429 -206.6771117166212548 -98.6943687556766633 -116.0322434150772040
6.2963514519731945 -3.8548026805658973 -22.8741623231571118 -33.1928518242740154 -42.9009679821295578 -41.4750558451228599 -32.8384214445271780 -66.8935219657483202 -129.2620997766195217 -300.0640357408786372 -651.0089352196574737 -1359.6396128071480689 -2701.0126582278480782 -3803.8309754281458481 -4006.5800446760981686 -3396.6418466120626363 -1501.6842889054355510 472.6679076693968682 1403.3514519731943437 2252.9769173492181835 2918.8897989575575593 2905.2978406552492743 2637.4817572598658444 2497.8801191362622376
-11.0814717477003946 -5.3342093736311869 -1.4616732369689005 1.3210687691633816 -4.2536136662286461 -10.2452912833990357 -4.2466053438458173 -13.1476127901883491 -60.1410424879544436 -156.0087604029785382 -325.0013140604467594 -591.8537012702583979 -970.1445466491458092 -1396.4248795444591451 -1772.1922908453789205 -1993.9465615418309881 -2015.7634691195794403 -1914.4064826982041723 -1768.6570302233901657 -1648.2286465177398895 -1524.7485764345160533 -1340.7380639509417506 -1120.1327201051249176 -841.9837932544896830
-1974.1031154014917774 -2221.4243089074157069 -2272.0899517332163668 -2273.5686704695040135 -2248.6147433084684053 -2121.2097411145236947 -1732.1948222904782142 -1075.4861781483107279 -452.2799473453268888 -101.4449319877139146 27.9179464677490117 45.3571741992101778 17.5037297060114092 -14.0811759543659498 -40.8165862220272047 -42.8069328652917918 -31.7261956998683630 -17.2566915313734093 3.6020184291355859 17.7551557700745946 28.9346204475647220 32.5489249670908265 27.1496270293988609 28.7573497147871890
379.6258036862408858 -788.2871838834118989 -2358.3771967423917886 -3081.0321474496358860 -2349.6275182168883475 -888.1405915130733320 69.1088726960994393 218.1633090441491731 85.2396056579511310 -11.9039862837548220 -39.1800257179597082 -28.8139734247749679 -30.9215602228889850 -12.7831118731247315 15.2366052293184744 -15.4179168452636084 -53.4273467638234010 -49.5696528075439318 -34.3579082726103735 -19.0060008572653238 -13.4273467638234028 -27.0154307758251164 -59.9309901414487811 -120.5602228889841427
-214.3900279589934712 323.0312208760484509 1027.1654240447344364 1758.1150978564771776 2552.0931966449206811 3219.6915191053121816 3532.1150978564769503 3232.6467847157500728 1838.2171481826653689 95.3415657036346715 -553.0904007455731062 -260.1705498602050284 18.0503261882572232 -18.7437092264678462 -129.3159366262814558 -125.1150978564771634 -78.1057781919850953 -44.8350419384902139 -27.8182665424044728 -23.3331780055917974 -16.4534016775396097 -19.1360671015843415 -34.8485554520037297 -38.6388630009319698
4772.3122489959841914 5356.0783132530123112 4832.9447791164657247 2763.6265060240962157 263.0080321285140599 -530.1104417670683233 -314.4588353413654431 -200.4437751004016093 -50.7138554216867448 -33.2008032128514046 -67.2911646586345427 -69.1746987951807171 -75.5672690763052231 -64.6164658634538114 -69.5401606425702852 -60.1355421686746965 -45.9879518072289173 -39.3775100401606437 -38.3323293172690782 -58.1134538152610460 -77.4076305220883540 -108.9136546184738989 -171.9919678714859401 -251.2861445783132410
7.4490022172949004 10.2365114560236510 8.4556541019955649 -0.4172209903917221 3.8152254249815227 11.9526977087952702 13.0384331116038439 -24.2575757575757578 -175.8569844789356864 -471.2782705099778013 -912.7305986696230775 -1465.3798965262380989 -1892.0768662232076167 -2005.1116038433110589 -1750.4024390243903326 -949.3806356245380584 209.9870657797487183 1139.6607538802661566 1648.5406504065040281 1935.4316334072432255 2055.4508499630451297 2091.5898004434588984 2189.6999260901698108 2009.0351071692534788
2004.8629407850964981 2495.3626081170991711 2930.4843646041249485 2999.7844311377243685 1884.1144377910845833 -774.1876247504990260 -2826.7451763140384173 -2906.1357285429139665 -1986.7997338656020929 -1007.9121756487026005 -469.7491683300066256 -269.5768463073852104 -116.0126413838988668 -2.8689288090485694 59.3626081170991355 73.8536260811709866 60.2302062541583467 49.5229540918163664 46.3260146373918857 -3.2501663339986693 -76.5116433799068574 -96.5063206919494405 -115.0871590153027313 -206.6001330671989251
-35.1405246544029595 -60.3718297594426900 -43.6483073908784149 -35.1114618482638505 -28.4511810166539689 -30.1545662348971355 -28.8693806465657978 -14.0734733863067376 -7.8138674213562647 -7.0046805268313923 -6.6122782192228149 -6.9961902688581690 -7.6676825949711551 -9.4438881027538919 -7.3171873299227173 3.5303145749428539 23.4340916512463266 33.9979318602372942 19.3638837487754429 -46.9280505061499937 -220.6547295090889236 -529.3909872646130452 -1063.3465766844453810 -1609.7739196690977224
-72.6124684077506259 -1.7308340353833194 52.8942712721145725 61.5994102780117956 50.0025273799494556 73.8803706823925808 258.6461668070766677 863.7813816343723374 1820.5492839090143207 2553.0956192080875553 2565.0189553496206827 1707.4616680707665637 463.3778433024431251 -241.0349620893007625 -241.9932603201347945 -76.0791912384161719 -7.4498736310025278 -7.9810446503791068 -23.9764111204717771 -32.8778433024431322 -34.3213984835720325 -24.7973883740522325 -10.3567818028643632 3.9848357203032858
12.8439247585155059 54.5805795627859709 116.9766141331977565 173.1093035078800142 151.8139298423996024 -12.2608032536858165 -310.6166751398068300 -693.0462633451957117 -1146.1072699542451119 -1638.4422979156074689 -1961.0122013218099255 -1851.7036095577020660 -1110.1779359430604472 198.9908490086426127 1438.1520081342146113 2169.6517539400101668 2551.7412302999491658 2618.3675648195221584 2312.2399593289273980 1622.5541433655312176 515.7935943060498403 -490.5129639044229748 -726.0604982206406248 -443.7768174885612780
-2074.0615911035074532 -2050.4747647562016937 -1520.4114627887083770 -485.2959794696321865 637.0590248075277486 1391.8113772455089929 1776.9157399486741724 1942.0714285714286689 2024.6120615911036111 2122.8977758768178319 2262.3464499572282875 2247.9123182207013087 1684.2917023096663343 699.8917878528657184 -73.1762189905902432 -318.6745081266039392 -254.5513259195894022 -238.2857142857142776 -261.0799828913601459 -203.6723695466210415 -135.6894781864841661 -79.6817792985457629 -44.7433704020530385 -32.9161676646706596
-984.3041322314049921 -1672.1057851239670526 -2569.2132231404957565 -3296.7272727272725206 -3603.9322314049586566 -3469.2975206611572503 -3054.4247933884298618 -2651.1520661157023824 -2439.7504132231406402 -2419.6876033057851600 -2554.9371900826445199 -2817.2826446280992059 -3167.7173553719007941 -3463.7504132231406402 -3510.1157024793387791 -3060.3818181818182893 -2112.7289256198346266 -1153.5669421487602904 -458.8611570247933855 -23.7570247933884282 120.5785123966942081 106.7735537190082624 78.8479338842975181 63.3966942148760353
-39.4694570135746616 -44.3167420814479627 -53.8563348416289571 -63.7092760180995441 -67.0690045248868785 -72.5938914027149309 -76.6153846153846132 -82.3653846153846132 -89.5576923076923066 -126.1595022624434392 -287.5599547511312153 -498.3314479638008834 -743.7850678733032055 -136.7816742081448069 2317.2986425339367997 4672.5791855203624436 5030.5644796380092885 3984.7522624434391219 2364.1730769230771330 1100.6018099547511611 775.3518099547511611 1026.3619909502262999 1329.3438914027149167 1423.5056561085973499
-68.8943918426802639 -5.0757465404224327 20.0633648943918423 -3.6372906045156590 -21.4078659868900232 -29.9249817916970144 -46.0568099053168254 -34.4282592862345211 -4.5790240349599420 -14.0917698470502550 -44.5243991260014553 -233.9672250546249188 -650.9104151493080508 -1492.8201019664966225 -2986.5819373634376461 -4036.8171886380191609 -4054.6030589949018577 -3199.4391842680261107 -1174.3634377276036957 604.7807720320465705 1449.9140568099053326 2311.1573197378006626 2833.4712308812818264 2651.8470502549162120
5556.9554753309266744 5693.1432009626951185 4493.5367027677493752 3018.9807460890492621 1950.2262334536703747 1612.3152827918170260 1848.3212996389891032 2281.6149217809866059 2643.9169675090251985 2788.8916967509026108 2707.3730445246692398 2483.2827918170878547 2180.1588447653430194 1807.0830324909748015 1342.6474127557160045 782.9614921780986379 264.1768953068591941 -35.7003610108303278 -147.2647412755715948 -192.9939831528279228 -186.0228640192539160 -124.2876052948255108 -69.8736462093862798 -39.4356197352587259
22.3669565217391302 -14.0973913043478269 -84.3304347826086911 -317.9426086956521544 -879.8191304347826645 -1794.0556521739131313 -2812.7095652173911731 -3524.1599999999998545 -3734.0295652173913368 -3512.9339130434782419 -3066.5373913043476932 -2676.6886956521739194 -2494.6104347826085359 -2512.8747826086955683 -2681.1617391304348530 -2938.6539130434780418 -3233.2573913043479479 -3413.5130434782608972 -3314.5391304347826917 -2859.4608695652173083 -2017.8869565217391937 -1088.9826086956520612 -431.6486956521738989 -99.7686956521739177
2700.6979452054793001 3688.3041095890412180 4420.8643835616439901 4655.8417808219173821 4154.7376712328768917 2231.0431506849313337 142.6198630136986196 -383.7390410958903999 -207.1506849315068450 -101.9630136986301352 -14.8835616438356162 -51.5109589041095859 -77.8486301369863014 -64.5054794520548000 -71.7150684931506817 -72.2609589041095859 -51.5965753424657549 -49.3904109589041127 -61.9945205479452071 -65.4897260273972535 -66.2965753424657578 -65.1054794520547944 -76.0116438356164394 -110.7020547945205493
-1171.1739773287333719 -1812.0448496796450399 -2205.9556431739774780 -2184.0887136520454987 -1689.6835879743716760 -707.9408575653030766 355.7688516510596628 1124.4667323804831085 1597.1306062099556584 1825.1660916707737670 1935.6047313947758539 2050.7846229669789864 2231.5135534746182202 2370.8516510596355147 2107.8807294233611174 1275.2676195170033679 240.7338590438639585 -292.7427304090684856 -258.3844258255298314 -248.7885657959585899 -304.1616559881715034 -233.9586002957121593 -152.3119763430261173 -96.8767865943814712
-899.3951644867221376 -410.0273483947681257 250.6179151803408729 932.2049147839873058 1492.2504954419341630 1928.5065398335314057 2345.2350376535869145 2670.8271898533494095 2855.4011097899324341 2605.0804597701148850 1452.0515259611572674 39.8545382481173220 -466.8228299643282071 -222.1117717003567122 -60.7792310741181154 -117.7047166072136406 -153.1997621878715847 -123.3864447086801448 -72.1264367816092005 -26.5509314308363074 -16.0487514863258021 -15.8640507332540626 -7.2112564407451449 -13.2679349980182320
-7.6735170481083603 -37.2482484820177504 -48.7489490892106474 -52.1746847267631964 -32.3477347034096212 -15.0018682858477348 -15.3612797758056985 -10.4570294255021015 -7.2022419430172819 -6.9677720691265765 -7.4719757122839798 -14.1475945819710418 -23.8619803829985990 -24.1118636151331138 -20.3439981317141516 -24.2244278374591318 -37.3274170948155088 -58.5880429705744987 -104.8173750583839308 -242.7015413358243734 -675.7431106959364797 -1635.6707146193366498 -2853.6445586174686468 -3321.8274170948157007
-157.9093198992443376 -281.6989924433249257 -510.5994962216624913 -906.2418136020150996 -1669.2569269521411570 -2855.2720403022672144 -3801.0201511335012583 -3884.7682619647353022 -3074.4685138539043692 -1422.7455919395465571 189.6221662468513784 1103.1826196473550681 2003.6813602015113247 2769.7015113350125830 2875.0982367758188047 2658.5755667506296049 2699.1234256926950366 3240.6473551637277524 3826.3186397984886753 3548.3261964735515903 1377.9508816120905976 -1380.7808564231738728 -2362.6687657430729814 -2043.4382871536524817
-13.5982404692082106 38.8308895405669574 68.7448680351906205 58.3206256109481913 0.3450635386119257 -40.6275659824046897 -63.0508308895405705 -13.4134897360703818 215.9882697947214183 603.4985337243401773 1157.1290322580646261 1712.9560117302053186 1844.2248289345063768 1059.2287390029325707 -946.2903225806451246 -3199.1945259042031466 -4049.3186705767352578 -3119.8445747800587924 -1451.9491691104594793 -405.0703812316715471 -180.2531769305962825 -114.7174975562072348 1.6109481915933528 139.4594330400782098
7.3128131710808875 -77.5776664280601267 -102.4488188976377927 -68.3664996420901900 -8.4108804581245522 25.6177523264137434 31.9656406585540438 21.8160343593414474 7.0551181102362204 -14.6435218324982106 -45.2705798138868971 -63.8324982104509644 -53.1095204008589832 -18.9219756621331427 42.9527559055118076 201.4473872584108847 472.6828919112383574 901.4395132426628834 1522.8146027201146353 1926.7981388690050153 1575.0472440944881782 -58.0286327845382957 -2471.0658554044380253 -3541.6957766642804017
21.5786974219810048 40.3683853459972894 1.2903663500678426 -40.4124830393487144 -53.4233378561736743 -60.3758480325644484 43.6635006784260540 224.7598371777476132 480.4823609226594385 786.4430122116689290 877.5827679782903488 608.7055630936227999 -491.0230664857530769 -2407.0515603799185556 -3729.7835820895520555 -3518.2991858887380658 -1990.5115332428765669 -315.3833107191316003 360.7957937584803290 400.7537313432835617 333.9023066485752906 194.4029850746268551 64.4755766621438227 -52.2130257801899589
2552.3812580231065112 2644.1572528883184532 2580.0359435173299971 2603.2702182284979244 2664.1540436456994030 2766.2175866495508672 2888.6899871630294001 3010.2207958921694626 3085.7355584082156383 3043.5731707317072505 2745.5250320924260450 2001.2246469833119136 1002.6848523748395792 127.1630295250320870 -406.0237483953786750 -566.2682926829268126 -531.8985879332477680 -430.3472400513479101 -306.8838254172015354 -202.8966623876765141 -125.1039794608472420 -78.1174582798459625 -51.8998716302952516 -40.0295250320924296
-72.2093663911845738 -70.8636363636363598 -73.0550964187327878 -71.1776859504132204 -66.9077134986225843 -70.7382920110192828 -75.7066115702479294 -75.3774104683195532 -64.3595041322314074 -69.3553719008264409 -89.0661157024793368 -86.9848484848484844 -92.6556473829201082 -29.3457300275482105 278.0798898071625445 967.4228650137740715 2198.6115702479337415 3856.0812672176307387 5412.2961432506890560 6262.0977961432508891 6141.6597796143250889 5171.8471074380167920 3607.8498622589531806 2190.3140495867769459
1793.4034620505992734 2628.8948069241009762 3732.6324900133154188 4832.9027962716381808 5559.1278295605861786 5659.8774966711052912 4824.0066577896141098 2988.3888149134486412 1101.3834886817576262 141.8482023968042540 -29.5792276964047929 21.0825565912117163 64.5512649800266303 52.7163781624500700 1.4753661784287617 -37.8402130492676463 -68.9360852197070528 -71.8308921438082564 -48.0719041278295620 -50.1278295605858872 -81.4047936085219703 -103.9733688415446125 -104.4580559254327596 -94.4580559254327596
-3840.6648648648647395 -3295.4648648648649214 -1722.0472972972972912 25.8554054054054063 1087.6527027027027543 1977.0148648648648759 2737.4108108108107444 2900.3824324324323243 2695.6918918918918280 2680.9013513513514226 3191.2297297297295700 3788.3040540540541770 3662.8040540540541770 1526.8310810810810381 -1540.0864864864865922 -2574.3121621621621671 -2115.3351351351352605 -1468.9675675675675848 -752.4256756756756204 -390.4148648648648532 -195.8675675675675620 -64.1040540540540604 -33.4175675675675663 -11.9527027027027035
-18.2703071672354938 -28.8310580204778155 -11.2508532423208187 6.1604095563139936 9.7723549488054609 18.0723549488054616 24.3982935153583611 25.3389078498293507 22.9532423208191112 15.6225255972696253 6.9116040955631401 -46.3952218430034122 -227.5819112627986271 -581.5918088737200833 -1209.5996587030717819 -2008.3327645051194850 -2432.5767918088736224 -2112.7457337883956825 -1187.8180887372013785 -187.8952218430034122 409.7651877133105813 700.5027303754266086 873.0136518771331566 956.1095563139931528
-6.1954120645709434 -12.9847068819031435 -16.2451146983857271 -14.6694987255734919 -10.2060322854715384 -2.7079439252336450 2.0048853016142734 6.6002548853016139 18.5284621920135955 34.3838147833474963 51.7143160577739991 78.1123619371282985 90.6363636363636402 22.2296091758708592 -178.5263381478334850 -539.3761682242990219 -1007.2102803738317789 -1341.9413763806287534 -1319.3702209005946315 -973.9783347493628298 -546.5671197960917880 -275.8508920985556756 -167.4309685641461272 -45.2242990654205599
2642.3758542141231374 3006.3234624145784437 2712.4157175398631807 657.3986332574031621 -1925.0335990888381730 -2577.5643507972663429 -1820.9208428246013227 -971.9515945330296063 -446.9014806378132221 -280.7055808656036220 -204.8479498861047716 -113.0358769931662835 -41.2534168564920307 10.3758542141230077 35.1850797266514803 21.7949886104783594 21.2984054669703866 6.6457858769931661 -53.6651480637813236 -87.2084282460136677 -102.4117312072892929 -165.2853075170842772 -306.8109339407744756 -558.8496583143507905
-28.7809176542084479 -16.0777879064114266 -9.9653600729261615 -14.4199331510179274 -24.0100273473108494 -21.3497417198419939 -10.4943786083257375 9.8164691583105448 41.6423579459130977 81.4111212397447588 132.0197508356122853 195.3539957459738616 318.6198723792160195 574.4700698875722082 1007.5323609845031569 1517.1537526587662796 1819.6496505621391861 1704.2555454269217989 1175.5745973868124565 509.9340625949559467 91.8419933151017887 -10.0142813734427225 21.6599817684594349 56.0179276815557614
-52.0470254957507095 -21.1589235127478759 -8.0932011331444755 2.9008498583569406 39.3107648725212471 104.2453257790368326 184.4883852691218067 275.9810198300283446 390.5067988668555472 589.4209631728044769 962.1016997167138243 1415.1881019830027526 1692.2025495750708615 1578.7218130311614459 1086.7716713881020496 520.5263456090651744 157.5206798866855422 22.7535410764872523 8.6594900849858352 27.0079320113314445 39.4388101983002812 37.3305949008498601 32.0575070821529735 27.0458923512747873
-52.6281859070464790 -56.6716641679160418 -61.5187406296851549 -63.8695652173913047 -64.0029985007496265 -61.4002998500749655 -55.0209895052473783 -56.0074962518740662 -66.1979010494752629 -74.4302848575712090 -73.2938530734632678 -81.4977511244377837 -93.3103448275862064 -112.0329835082458771 -146.7766116941529333 -134.5277361319340343 28.7121439280359816 459.9670164917541229 1490.1844077961020503 3484.4167916041978970 5664.9055472263871707 6724.2353823088451463 6490.4062968515745524 5246.1664167916042061
-3057.1044267877409766 -3820.8785471055616654 -3627.8024971623153760 -2559.2894438138478108 -897.3461975028376401 545.9421112372303924 1429.6765039727581552 2282.0578887627693803 2814.2769580022700211 2780.2258796821793112 2607.2542565266744532 2788.6106696935298714 3342.4926220204315541 3749.3711691259932195 3066.7945516458571547 496.0374574347332555 -1955.1770715096481581 -2399.5754824063565138 -1933.6152099886492124 -1253.6560726447219167 -627.4097616345062534 -332.8467650397275861 -143.4120317820658386 -53.1101021566401812
-1.4083997103548154 165.3714699493120861 411.4402606806661993 693.8428674873280215 720.6828385228095613 352.0535843591600269 -801.2143374366401076 -2747.7958001448228060 -4093.6705286024621273 -3901.3946415640839405 -2356.8602461984069123 -478.2527154236061051 473.5814627081824710 635.9876900796524524 586.8797972483707781 383.2295438088341939 134.4938450398262262 -60.5481535119478664 -125.3845039826212826 -99.4967414916727080 -117.6509775524981904 -111.8877624909485888 -66.2860246198406884 -39.3519188993482985
2446.2500000000000000 4076.2309027777778283 5433.3368055555556566 5826.4965277777773736 5312.8420138888886868 4255.2725694444443434 3096.3263888888886868 2319.8298611111113132 2122.3715277777778283 2261.2465277777778283 2506.3975694444443434 2761.2465277777778283 2922.6059027777778283 2932.0208333333334849 2811.5885416666665151 2570.3315972222221717 2200.5815972222221717 1693.7986111111110858 1050.9392361111110858 488.5989583333333144 133.4184027777777715 -127.3593750000000000 -242.9913194444444571 -215.7291666666666572
2318.2284838481491533 2690.9158217401554793 2766.5529356283896050 2403.2322565432682495 1274.9219523697240675 101.0384343315255791 -252.1912284838481355 -159.6392360292383898 -102.4864418769158192 -126.3944824333883474 -172.0940815845319491 -162.2159867955670904 -115.5380806413581638 -76.4840839424663983 -47.2956849799575565 -30.8976656448950706 -25.7319028531006850 -22.4225418533364760 -24.9502475831171893 -23.6456024522518291 -12.5265267625560011 -8.4017920301815607 -40.3237443999056850 -137.1164819618014690
-24.6843163538874002 -29.6816353887399451 -29.5254691689008055 -16.9235924932975870 -5.0710455764075064 11.2386058981233248 22.5462466487935664 23.9510723860589820 0.5227882037533512 -50.6058981233243941 -96.8947721179624608 -199.3860589812332478 -376.5241286863270602 -741.6146112600536071 -1292.4282841823055605 -1811.5650134048257769 -1669.5985254691688624 223.5328418230562875 2640.2640750670243506 3435.1829758713138290 2923.5274798927612210 1834.6823056300268036 646.0415549597855716 40.6829758713136727
-49.6261877919149654 -63.0355934933161564 -56.0133676920599157 -40.7308745369624745 -29.5128039942019633 -23.0682879690771472 -11.9547431148333061 -4.6305363182477048 -1.9735867289418585 0.1666935094218071 1.6667740376872282 10.5371235303591568 29.1892414237397340 51.5356740215815776 74.6643581897245951 80.2433564181027492 15.1512320824609432 -157.8793686583991018 -466.2475438879046692 -969.2517313577066034 -1510.8215493638267617 -1763.1654050571751213 -1445.6986632307939544 -642.3254952488323397
-4260.3577777777782103 -4892.6400000000003274 -4384.3274074074070086 -2566.8577777777777555 -516.7607407407407436 279.7429629629629630 301.3266666666666538 214.8711111111111052 87.5948148148148107 29.9007407407407406 -8.2940740740740733 -23.2800000000000011 -27.1725925925925935 -38.7155555555555537 -36.7155555555555537 -36.1822222222222223 -27.6992592592592608 -16.3851851851851862 -4.7762962962962963 3.5688888888888890 -3.5814814814814815 -4.0807407407407403 -10.9051851851851858 -41.6488888888888908
-2747.2998776009790163 -3075.9277845777232869 -3005.6548347613220358 -2747.6952264381884561 -2497.2962056303549616 -2393.5336597307223201 -2472.4663402692776799 -2713.8702570379437020 -3072.2239902080782485 -3435.8678090575276656 -3575.2619339045286324 -3112.3476132190944554 -2048.3011015911874892 -929.4700122399020756 -153.9057527539779642 180.5936352509179983 198.5287637698898493 152.8102815177478533 117.9265605875152971 87.6866585067319448 78.2656058751529997 75.2129742962056298 69.8359853121175007 55.8286413708690361
-68.9907407407407476 -69.0055555555555600 -73.8166666666666629 -68.8388888888888886 -48.8814814814814795 -40.0074074074074062 -10.9425925925925931 183.8537037037037010 798.1018518518518476 1998.6500000000000909 3825.5259259259260034 5823.9944444444445253 6896.1351851851850370 6596.5240740740737238 5300.4611111111107675 3393.6796296296297442 1824.2574074074072996 1307.7444444444445253 1396.1296296296295623 1663.4870370370369983 1950.5555555555556566 2062.6685185185183400 2004.7944444444444798 1795.8759259259259125
-128.6911883589328909 -165.0549717057396890 -206.8051738075990329 -248.7712206952303973 -288.6087308003233716 -340.9288601455133403 -448.2465642683912961 -631.6054971705739263 -881.2489894907033658 -1048.9668552950686262 -642.7970897332255618 766.7113985448665971 2489.2255456750203848 3359.5481002425221959 3306.3209377526272874 2870.7671786580435764 2452.1091350040419456 2306.0064672594990043 2423.0210185933710818 2675.1624898949071394 2889.7736459175425807 2900.1867421180272686 2658.6063055780114155 2115.1713823767177018
503.7395191122071765 342.1325524044389681 -123.4759556103575875 -953.2090012330455693 -1869.0856966707767697 -2183.5844636251540578 -1606.0906288532676172 -646.6923551171393001 10.1294697903822435 161.5212700369913819 93.4753390875462458 46.5678175092478455 34.5064734895191094 24.2836004932182483 4.9395807644882863 15.4762638717632548 24.0363748458692967 -12.4056720098643645 -27.2657213316892708 -23.7919235511713936 -25.1155980271270032 -4.7305795314426637 10.2290382244143032 2.8520345252774351
-1048.1242603550294916 -1381.7554240631163793 -1488.2672583826429218 -768.0719921104536070 1063.2238658777121145 2806.2830374753452816 3329.1074950690335754 3073.0887573964496369 2609.1321499013806715 2246.4230769230771330 2205.4664694280077128 2400.0907297830376592 2681.4053254437872056 2888.4398422090730492 2867.3875739644968235 2559.0907297830376592 1961.9428007889546279 1157.7702169625247279 448.9822485207100726 -8.8639053254437865 -320.2347140039447595 -477.8037475345167877 -466.7938856015779265 -351.6666666666666856
315.3276995305164405 326.5183098591549538 229.7004694835680709 -32.1840375586854464 -505.3211267605634021 -1169.6901408450703457 -2018.6347417840374874 -2913.9502347417842429 -3551.0741784037559228 -3805.1436619718310794 -3808.2056338028169193 -3597.1032863849763999 -3002.2244131455399838 -2085.1117370892020517 -1105.5633802816901152 -351.7971830985915744 -19.5727699530516439 56.0244131455399028 20.9154929577464799 -58.6112676056338060 -85.7502347417840411 -90.6403755868544607 -75.8516431924882681 -44.3258215962441326
-33.1398728428701190 0.8038147138964578 29.0990009082652143 58.2316076294277920 81.9736603088101674 49.2579473206176175 -15.1099000908265211 -45.8101725703905558 -61.7093551316984588 22.8074477747502264 296.8655767484105468 726.5458673932788543 1342.1734786557674397 1932.9427792915530517 2006.7656675749319675 1072.9046321525886469 -1010.7929155313350975 -3129.0508628519528429 -3805.2388737511355430 -2909.9282470481380187 -1454.5077202543143358 -525.9482288828337460 -233.7011807447774743 -46.7366030881017238
-78.4109589041095916 -77.4708904109589014 -80.7791095890410986 -83.5291095890410986 -87.7928082191780845 -92.1421232876712395 -83.8613013698630141 -83.3972602739726057 -79.0702054794520564 -42.8681506849315070 20.7089041095890423 214.5496575342465633 672.4863013698629857 1487.4794520547945922 2820.0462328767121107 4532.1044520547948196 5996.3236301369861394 6657.4897260273974098 6344.3630136986303114 5076.1609589041099753 3196.7328767123285616 1659.9931506849316065 1094.6232876712329016 1114.1917808219177459
-408.9158878504672998 -737.6308411214953367 -1339.8411214953271156 -2394.1693925233644222 -3494.2768691588785259 -3890.2640186915887170 -3410.8072429906542311 -1972.9322429906542311 -222.1039719626168107 859.9100467289719063 1729.0619158878505459 2572.8469626168225659 2837.4345794392525022 2665.7371495327101911 2596.8820093457943585 3012.1880841121496815 3622.7651869158876252 3720.3983644859813467 2254.1845794392525022 -533.6518691588785259 -2223.3761682242989082 -2220.4042056074767970 -1707.4614485981308007 -1031.9439252336449044
69.2139917695473201 78.6635802469135825 121.2366255144032863 180.5308641975308603 237.1635802469135683 274.5555555555555429 280.6172839506172636 295.8251028806584486 308.0946502057612975 200.9979423868312836 -178.0689300411522709 -991.3209876543210157 -2303.5833333333334849 -3796.4927983539096203 -4792.5483539094648222 -4963.5339506172840629 -4429.8621399176954583 -3347.4835390946500411 -2128.1337448559670520 -1288.7150205761317920 -879.1296296296296759 -666.6882716049382225 -565.6707818930041185 -518.8734567901234414
-93.3297682709447400 -93.7718360071301191 30.3440285204991085 404.6381461675579203 1120.5080213903743243 2530.3761140819965476 4545.1622103386807794 6133.5026737967918962 6617.9910873440285286 5891.6934046345813840 4084.8948306595366375 1983.7058823529412166 608.8609625668449326 295.6131907308378004 421.4349376114082020 522.1408199643493617 576.3707664884135511 495.3707664884135511 370.8805704099821696 244.2459893048128379 122.2014260249554383 115.9162210338680978 81.3262032085561515 -38.7647058823529420
-15.0437636761487958 -9.6985776805251636 -9.0328227571115978 -19.8347921225382926 -28.4830415754923401 -28.2089715536105032 -33.9989059080962832 -24.6630196936542667 -2.5246170678336979 13.1356673960612689 9.2784463894967182 -17.5175054704595183 -71.1471553610503236 -180.7669584245076635 -406.7149890590809491 -943.6132385120349682 -1666.6225382932166212 -2315.9420131291026337 -1943.9945295404813805 381.8801969365426885 2536.9502188183805629 2938.7210065645513168 2646.8801969365426885 2060.1504376367615805
587.9264448336251689 660.5113835376532734 370.7828371278458803 -526.8073555166374717 -2383.7959719789841984 -4144.7556917688261819 -4630.4597197898419836 -3605.1681260945711074 -1518.9833625218914221 75.8371278458844102 550.7197898423818287 587.9614711033275398 446.5560420315236456 180.9851138353765236 -39.2075306479859904 -139.1155866900175226 -160.1366024518388826 -146.0945709281961342 -95.8712784588441309 -46.4667250437828372 -21.9816112084063064 9.6269702276707534 36.8108581436077031 14.9492119089316979
-1107.3788254755995695 24.4483043837882548 1898.4491315136476715 3112.5310173697271239 3325.3879239040529683 2976.5566583953682311 2462.0529363110008489 2156.3382961124898429 2175.7146401985110060 2399.1629445822995876 2659.3523573200991450 2789.5913978494622825 2663.8238213399504275 2244.9569892473118671 1573.6029776674938603 842.3424317617866564 262.5442514474772793 -120.3308519437551638 -335.5169561621174807 -420.5301902398676361 -382.0231596360628714 -268.3209263854425330 -177.7526881720430083 -134.7253928866832098
-110.9940828402366861 -13.2003381234150456 15.8317836010143704 20.6863905325443795 39.4928148774302628 54.3415046491969562 50.9535080304311094 3.8537616229923923 -42.1031276415891824 -40.3753169907016058 -25.8757396449704125 76.3989856297548613 341.3719357565511245 744.3989856297548613 1349.8072696534234183 1906.8427726120032730 1879.4513947590871794 885.6001690617075610 -1158.9306846999154459 -3169.1978021978020479 -3723.7049873203718562 -2846.4184277261201714 -1441.2806424344885272 -444.1360946745562046
-2003.2414373947219701 -2200.1976417742839658 -1752.2740033688937729 -374.6591802358225891 1342.0505334081976798 2384.7843907916899298 2679.3267827063446020 2299.8506457046601099 1308.3312745648511282 307.3851768669287026 -335.9797866367209167 -605.7860752386300192 -551.2206625491296563 -353.9135317237506797 -222.3335204941044481 -183.9685569904548004 -166.0662549129702370 -128.7394722066254928 -80.9713644020213366 -53.0926445816956800 -29.5468837731611451 -9.4828747894441321 5.6468276249298146 21.6243683323975304
1190.1737800214166327 1342.1337004742235877 1234.2227321401253448 660.0803120697568147 56.2371118249961768 -118.4095150680740431 -87.5534648921523626 -72.0286063943705130 -56.8240783233899336 -43.7313752485849747 -35.8138289735352586 -23.8757839987761962 -13.9362092703074811 -10.6675845188924576 -6.4032430778644640 -2.4398041915251643 -0.9778185712100352 2.8104635153740247 9.7989903625516295 16.4502065167508036 21.0873489368211722 19.5719749120391633 4.5034419458467188 -32.3108459538014401
113.0493569690650020 190.0535279805352786 227.2738964198818223 133.1602363573166485 -177.3566214807090660 -889.2088981578032190 -1867.0573514077163964 -2393.3020507473061116 -1948.6826555439693038 -842.9822732012513598 40.3347236704900922 276.8105665623913865 187.4275286757038543 61.2884949600278048 -17.3614876607577351 -38.5085158150851612 -40.1077511296489391 -5.0264164059784502 21.5116440736878687 -3.0285019117135907 -22.5978449774070214 -37.0351060132081997 -42.0917622523461930 -20.3955509210983656
-137.1046119235095659 -89.2677165354330668 -45.4285714285714306 32.6827896512935894 174.1203599550056254 433.4589426321709880 897.6670416197974873 1650.9977502812148487 2725.2305961754782402 3963.9010123734533408 4899.1721034870643052 5124.5489313835769281 4422.2215973003376348 2796.7952755905512277 1006.7266591676039980 14.1541057367829026 -154.7941507311585951 -65.9122609673790834 10.2710911136107992 34.9988751406074243 0.4015748031496063 -44.6974128233970731 -77.0168728908886351 -82.1361079865016848
-20.8564516129032249 22.4967741935483865 35.5188172043010724 0.3376344086021505 -95.6715053763440864 -287.6645161290322790 -580.2333333333333485 -932.5903225806451928 -1323.9811827956989418 -1704.8107526881719878 -1998.6037634408601207 -2195.5973118279571281 -2319.8413978494622825 -2392.7376344086019344 -2414.3150537634410284 -2268.9580645161290704 -1845.2419354838709751 -1237.1258064516130162 -633.6462365591397656 -206.6467741935483957 -38.0978494623655948 -24.3892473118279582 -41.7650537634408607 -58.5817204301075236
30.3950930626057527 -25.0626057529610833 -22.5829103214890026 -22.4754653130287636 23.9399323181049084 191.7571912013536348 422.7724196277495707 793.5414551607444764 1050.7292724196277049 894.8739424703891245 14.1505922165820639 -1997.7673434856176300 -3967.7986463620982249 -4470.8705583756345732 -3484.1006768189508875 -1626.2343485617598162 -196.7884940778341729 258.3181049069373785 354.6345177664974813 324.4035532994923869 191.2428087986463652 58.2868020304568546 -37.5592216582064324 -38.2791878172588866
