-113.6919332406119594 -102.1091794158553512 -81.1794158553546623 -60.6655076495132093 -40.8025034770514594 -18.5326842837273986 -2.2065368567454797 11.3824756606397770 27.3198887343532668 72.4721835883171082 149.4728789986091897 21.9005563282336588 -341.4951321279555145 -383.0660639777468646 -178.3685674547983240 -10.8484005563282331 15.1745479833101538 3.9123783031988872 6.7816411682892905 9.3956884561891520 34.8268428372739933 60.2607788595271217 94.6571627260083517 120.0319888734353242
-334.0229191797346289 -313.9340570969039277 -294.8291113791717066 -273.0281463610776314 -249.5975070365902582 -234.7651789304382817 -232.2814636107760293 -255.8829915560916675 -290.2295938882187443 -296.8013671089666445 -345.2030558906312763 -503.4961801367109047 -644.2963409730599551 -603.6027342179332891 -497.4503417772416469 -435.8399678327302240 -407.4591877764374885 -385.3502211499799159 -359.2267792521109868 -328.7008443908323443 -295.3252915158826113 -260.3168476075592821 -233.0188982710092489 -239.9887414555689702
-595.2591703805279622 -630.5018854988001067 -633.8357901954062754 -607.5128556736373184 -573.1223860130270396 -536.7435721631813976 -504.0579362358587332 -472.5433664724031360 -443.3671580390812323 -420.6931779225231480 -402.6564964004113563 -392.1714089818306661 -389.3712718546451583 -394.6109016112444010 -408.7161467260884251 -424.4192663695577608 -439.0647925951319621 -451.2931093589303941 -464.1888926979773942 -478.6115872471717694 -488.8416181007884802 -497.6592389441206592 -506.6150154268083838 -505.1895783339047057
68.6313131313131350 72.7432659932659931 83.2205387205387268 98.7533670033670035 120.5858585858585883 143.8223905723905602 165.0521885521885395 189.7516835016834875 216.9840067340067264 242.2095959595959584 267.5707070707070443 290.4419191919191690 311.6094276094275983 328.3872053872053698 344.4436026936027133 359.9814814814814667 371.6363636363636260 380.9898989898990180 385.8047138047137992 391.3493265993266164 393.8282828282828518 395.5757575757575637 394.0900673400673213 390.1144781144781177
148.1585543573302175 157.1740017487612988 164.8837073739434516 171.2083940542115954 173.2477411833284862 173.3815214223258465 172.8577674147478831 172.0606237248615571 167.0588749635674617 167.9288837073739558 174.2404546779364694 179.9405421160011542 183.5937044593412963 180.6837656659865843 171.5339551151267869 155.9460798600991041 125.3885164675021855 91.6645292917516770 58.8598076362576492 26.4666278053045758 -0.7044593412999126 -21.6846400466336355 -36.9658991547653741 -33.8000582920431327
-325.7158509861212679 -237.1482834185536888 -162.9948867786705762 -132.4302410518626800 -113.0986121256391499 -104.2615047479912391 -89.1190650109569020 -64.2447041636230836 -33.0810810810810807 1.3308984660336012 17.0737764791818840 -71.1468224981738473 -77.8181154127100143 160.1957633308984725 110.5500365230094957 -446.5427319211103168 -520.7531044558071471 -314.3761869978086452 -223.6683710737764841 -150.5281227173119021 -124.4375456537618732 -108.6442658875091354 -106.6084733382030691 -92.1271000730460230
21.8546255506607920 35.7867841409691607 69.4273127753303925 155.7330396475771011 117.8079295154185075 -287.5850220264317159 -416.0784140969162763 -225.5656387665198110 -35.1013215859030865 26.3453744493392072 4.0211453744493388 4.8502202643171808 1.4044052863436123 25.8651982378854619 50.4643171806167388 77.9964757709251160 116.3215859030837009 106.4105726872246720 24.4784140969162998 40.1920704845814996 137.0819383259911888 -1.8916299559471366 -154.7982378854625551 -123.9004405286343626
-365.1759143524808451 -364.2600945600782438 -363.4708983207434585 -363.2894407912613701 -362.5715993695994825 -361.1542850932014517 -359.8754958969621498 -358.3111787402858681 -357.2591706972447128 -356.2995489375577449 -355.3068854953535265 -354.2444432367806257 -353.2556926254007976 -353.0132058040323955 -353.0936905602956131 -353.8802239008749666 -354.7550676593663184 -355.7115917613173224 -356.9488614749198518 -358.1283082441171928 -359.4373675343731520 -360.2276506711591537 -360.6891473289495025 -361.8402260746698289
-309.5704855327287532 -309.5346412486890131 -310.6788821025356242 -311.9236843728792792 -312.5645012030353769 -313.5802332037756628 -315.1189462644210266 -315.9396631501018078 -316.2743537540872580 -316.8465050280708510 -317.2919365784440515 -317.9010426306372779 -317.8421247455117395 -318.1240051823061208 -318.0549694614103373 -317.9220186316243826 -317.8282435683879044 -317.6723425257573012 -317.7916589549016066 -317.5647479795175627 -317.9017212659633742 -318.7138009747670822 -319.1803936084891120 -320.0965512986612111
-395.4393320964749705 -418.9996289424860834 -394.5692022263450554 -379.7751391465677102 -348.8293135435992554 -310.6122448979591582 -280.3499072356215152 -254.3836734693877588 -232.4883116883116827 -214.4033395176252270 -196.9966604823747787 -178.3087198515769956 -160.4211502782931404 -149.4486085343228297 -147.0155844155844136 -147.1094619666048118 -150.8259740259740340 -167.2300556586270943 -215.3773654916512044 -288.6745825602968694 -358.7406307977736333 -397.4248608534322784 -400.4875695732838494 -380.8612244897959158
-145.2047477744807225 -120.2498516320474806 -105.7115727002967418 -96.5768545994065306 -77.5454005934718111 -54.9376854599406528 -25.4611275964391695 4.6439169139465877 12.5899109792284865 -71.0379821958457001 -53.1851632047477736 155.3121661721068278 46.2433234421365000 -468.6824925816023892 -482.7774480712166110 -297.5608308605341108 -214.8783382789317500 -147.4528189910979279 -122.8065281899109777 -111.3905044510385807 -108.0249258160237389 -92.8017804154302723 -73.9548961424332276 -50.4362017804154306
-38.8625541125541147 260.1450216450216431 13.0627705627705630 -568.7456709956710483 -466.5746753246752974 -330.3982683982683852 -232.2716450216450141 -130.4220779220779320 -110.6482683982683994 -119.4826839826839802 -120.4393939393939377 -100.0454545454545467 -86.4404761904761898 -63.6904761904761898 -18.3647186147186154 -43.9025974025974008 -111.7326839826839802 -22.3766233766233782 25.9653679653679639 -194.3495670995671105 -327.0627705627705382 -331.8701298701298583 -330.6764069264069121 -266.1277056277056090
-561.2869442980144186 -566.0049200492004502 -568.8251625373396791 -571.9119662625197407 -572.7063784923564072 -570.9753997539975217 -567.9465823229660373 -563.6248462484625179 -559.6496222105078004 -556.0602706027060549 -552.3354419258478174 -547.2799156562994085 -542.2734141627130384 -536.3229660868037172 -529.8784044983307240 -522.4705675628184736 -512.9219820769636726 -503.7724477244772174 -494.4742575997188396 -485.4443858724301322 -476.9135477069056606 -469.2110349674925374 -462.0405904059040836 -457.7972236865225568
-120.2062706270627075 -102.6930693069306955 -92.6468646864686463 -52.7689768976897682 -23.3349834983498354 -35.0099009900990126 -139.4636963696369776 -331.2574257425742417 -532.7838283828382373 -571.4191419141914139 -440.5478547854785347 -301.6600660066006867 -227.7788778877887808 -153.7359735973597310 -103.9092409240924155 -94.5874587458745850 -74.9389438943894390 -57.0544554455445549 -38.0264026402640241 -4.5346534653465342 -111.6072607260726102 -366.2062706270626791 -1.0429042904290429 376.1237623762376074
-61.2050359712230190 -60.1139088729016819 -75.2122302158273328 -182.5695443645084026 -372.1942446043165660 -506.6043165467626181 -462.2853717026379172 -367.1654676258992822 -287.7326139088729064 -217.8717026378896833 -153.7673860911270936 -120.3920863309352569 -107.1942446043165518 -83.4892086330935257 -59.8117505995203871 -33.9400479616306967 -0.5611510791366906 -142.8968824940047853 -278.6019184652278113 138.2937649880095989 269.3081534772182408 -409.2613908872901902 -542.4508393285371994 -316.7553956834532300
-419.6560551361995408 -394.7791270101739656 -374.8972760091893406 -357.6012471283229388 -343.5726944535608709 -325.4253363964555206 -303.5136199540531834 -285.8198227765014963 -280.9658680669510886 -295.5244502789628882 -335.6192976698391703 -379.8880866425992622 -419.6291434197571562 -509.7853626517886596 -607.2497538562520276 -604.6731211027239397 -526.3862815884476731 -479.3990810633409865 -460.9422382671480136 -443.1791926485067279 -419.6777157860190073 -392.7197243190022959 -369.7377748605185275 -353.1266819822776597
-238.7073272273105715 -245.0016652789342118 -241.8080766028309654 -236.6044962531223916 -226.7793505412156492 -210.7006661115736961 -190.4716902581182296 -165.7019150707743620 -136.2564529558701167 -104.1402997502081575 -74.3288925895087402 -45.9746044962531215 -21.4292256452955883 0.2564529558701082 17.1744379683597010 30.6673605328892585 40.6174021648626180 51.7447960033305563 59.1178184845961709 63.8338884263114039 68.4046627810158157 71.3472106577851832 71.3043297252289818 57.4725228975853426
-287.1370237485050438 -282.3171023406799804 -281.4888091576968918 -280.1532547411583778 -279.6699128651973183 -280.1705108491372016 -282.8862121988723857 -288.5482658465743953 -295.1421493251324364 -304.3203485392106700 -316.5537331283102844 -332.3102682385101616 -346.2277464548095054 -360.7828464035537195 -373.2332137365453377 -386.4086793097556551 -397.3432427814796029 -407.5621049034683097 -416.0724414830001479 -422.3478558004442220 -426.8421322398770030 -428.0439091064411627 -426.9760806424055772 -423.2154450709037974
-466.7134350576851602 -473.0297729810197325 -475.5303312244138283 -475.7569780424265105 -471.4101228135467068 -459.2303684406401203 -441.0770375883885208 -420.7160401935243499 -396.2951246743580214 -372.8265723855600982 -346.9419426870115331 -320.1302567919613011 -291.6036471901749110 -263.1868254558987701 -236.2229251953851872 -210.4454782285076249 -187.3021957573502050 -165.5385187941942604 -148.5909936732415417 -135.8061034611090463 -128.0614067733531840 -123.3948641607740910 -125.8310383327130637 -140.0524748790472529
-53.0324809951624019 -30.1686247408431250 -2.6434001382170007 13.7988942639944714 -84.4042847270214196 -153.2011057360055304 100.5908776779543814 127.7760884588804373 -382.9571527297857756 -501.4105044920524961 -297.6586040082930253 -308.0981340704906870 -257.4367657221838499 -201.1554941257774658 -168.0656530753282709 -150.9350380096751962 -139.9267449896337325 -127.4927436074637228 -109.7484450587422202 -80.0124395300621956 -55.5701451278507221 -61.3337940566689710 -86.8845888044229469 -52.0932964754664809
-393.0880893300247862 -383.1600496277915795 -374.6931348221670532 -370.2220843672456567 -375.6141439205955521 -384.9991728701406259 -406.6699751861042387 -443.7043010752688019 -493.9979321753515364 -556.7274607113316733 -615.2200165425971363 -641.3176178660049800 -633.5289495450786035 -612.2874276261372870 -583.4168734491314581 -550.3246484698097447 -514.3027295285360196 -476.0603804797353291 -446.0789909015715580 -422.5334987593051892 -406.8941273779983590 -397.7481389578163657 -396.1013234077749985 -401.3614557485525438
-141.0727802037845606 -121.2882096069868965 -104.9796215429403219 -79.6688500727802023 -56.0291120815138299 -30.6149927219796218 -2.8879184861717615 -14.2634643377001460 -146.1084425036389973 -79.5123726346433699 190.2576419213973793 -9.8828238719068420 -514.9381368267830794 -433.9519650655021792 -317.8915574963609743 -332.6149927219796041 -251.6026200873362484 -188.7008733624454067 -160.7845705967976642 -143.7161572052401652 -135.5749636098981057 -123.7823871906841333 -102.6732168850072782 -71.3624454148471585
-380.8847560006358322 -378.6536321729454926 -378.1928151327293222 -376.0451438563026727 -374.0069941185820994 -372.5531711969480284 -370.2749960260690045 -369.3605150214592072 -368.6046733428707398 -368.1236687331107760 -368.7076776347162763 -371.5485614369734435 -376.7377205531711866 -383.7787315212207773 -395.1157208710856708 -412.7591797806389877 -432.6590367191225823 -453.0767763471625926 -469.9194086790653273 -483.1812112541726378 -494.4334763948497766 -502.5229693212525603 -504.3511365442695933 -496.0413288825305926
-185.4742930591259551 -133.6619537275064147 281.8367609254498802 119.0758354755784012 -550.1246786632390240 -448.1362467866323982 -313.5089974293059072 -334.1465295629819821 -213.8984575835475539 -166.0411311053984491 -161.0385604113110674 -151.1105398457583533 -133.8174807197943323 -125.6940874035989708 -110.4910025706940928 -72.8766066838046243 -60.3817480719794375 -77.9125964010282814 -62.4164524421593825 -48.4858611825192796 -141.4087403598971662 -275.2712082262210629 -368.6516709511568024 -398.0514138817480898
-306.2975412387177130 -318.7787114845938277 -288.1353874883286608 -259.9203236850295866 -228.7787114845938277 -195.1079987550575652 -168.6330532212885203 -147.2552131963896613 -128.8120136943666409 -111.5555555555555571 -100.0196078431372513 -91.1132897603485787 -85.1842514783691200 -80.5365701836290100 -82.1886087768440774 -82.2987861811391213 -81.8963585434173638 -86.3183940242763725 -96.8359788359788354 -112.7830687830687850 -130.3706816059757330 -161.1238717709306059 -189.4052287581699261 -193.4901960784313815
-702.3643410852713487 -708.4952295766249790 -707.1159809183064908 -701.7903995229576140 -693.5128205128205536 -685.7760882528324373 -679.2713178294574163 -675.0524746571257992 -670.7602862254025240 -668.8753726893261273 -669.3234943351222910 -669.8300536672629732 -668.2459749552772337 -663.5477042337507783 -654.4943351222420915 -641.9132379248658253 -626.5366726296958859 -609.6010733452593513 -591.3202146690518930 -574.9475253428742008 -560.5772212283840190 -549.8166368515205704 -544.5175909361955746 -545.0876565295169485
323.6619573593629866 327.7921911122527376 330.4603133829951389 331.8320061649113768 332.5887490367326222 332.6468019522219493 332.8628307218083933 332.9730285127151319 332.8551245825841534 332.5661443616747874 331.6126380683277830 330.4600565116876396 329.9868995633187865 329.0200359619830692 327.3449781659388691 326.1284356537374833 324.6375545851528273 321.9889545337785535 318.8389416902131757 315.2386334446442220 311.9958900590804092 308.1582327254045595 304.4171590033393500 300.0539429745697362
-65.7480400108137388 -40.4238983509056524 -28.2165450121654509 -25.1484184914841862 -19.9897269532306012 -10.2846715328467155 2.2354690456880237 13.2435793457691275 22.5688023790213563 28.9502568261692339 20.3819951338199523 2.8818599621519327 -5.5442011354420115 -29.2465531224655315 -89.8421194917545307 -153.4974317383076539 -192.3073803730738121 -216.0075696134090322 -228.9826980264936367 -226.0851581508515835 -214.3865909705325805 -199.8499594484995896 -190.8002162746688271 -184.5812381724790612
132.5446247464502960 -290.4188640973630982 -550.5851926977687754 -426.9523326572008273 -327.5405679513184509 -185.9056795131845945 -127.2931034482758577 -106.1308316430020255 -105.8955375253549676 -96.6328600405679481 -76.9290060851926967 -58.6632860040567934 -21.4310344827586192 17.5233265720081128 -67.2931034482758577 -160.8711967545638970 79.5000000000000000 118.2768762677484773 -346.9350912778904785 -463.5780933062880536 -347.5476673427991727 -324.1724137931034306 -225.3904665314401541 -169.5547667342799230
470.9000868809730491 473.2814943527367291 474.3340573414422465 474.9248479582971072 474.0125977410946803 473.5238922675933964 472.2623805386620575 470.5912250217202200 468.8284100781928601 468.3735881841876676 467.7580364900086920 468.2975673327541131 468.5443092962641458 469.4426585577758715 470.7519548218940031 472.0312771503041063 473.7241529105126006 475.1741963509991251 476.1828844483057992 476.5747176368375335 476.3470894874022861 475.3683753258036404 473.7971329278888106 471.0486533449174544
-670.2232764073371527 -674.0645161290323131 -556.4642631246047131 -455.9974699557242275 -389.1030993042378441 -343.4484503478810780 -316.4933586337760971 -290.8532574320050799 -255.1132194813409342 -208.2055660974067166 -176.4111321948134048 -195.6369386464263016 -272.1404174573054888 -319.5806451612903061 -281.3605313092979259 -299.5471220746363201 -440.4452877925363623 -503.1151170145477636 -457.1125869702719910 -415.8829854522454070 -412.7122074636305911 -420.9968374446552843 -412.3130929791271342 -384.0702087286527444
-96.1578084757667995 -98.2893935846405924 -86.4703816436431794 -68.5261062982907987 -49.7473659564504800 -32.5563099976586301 -11.8002809646452818 6.7735893233434794 23.9929758838679454 38.4528213533130412 50.6274877077967673 61.8162022945446026 71.1430578318894931 78.3296651837977009 83.0950597049871220 86.5523296651837910 88.8688831655350100 87.7759306953875011 85.3383282603605693 83.1983142121283095 80.4322172793256840 76.9735424959025920 69.2610629829079869 53.5232966518379740
-344.4798021434460225 -301.3540807914262132 -264.8705688375927707 -235.6764220939818699 -214.6995053586149993 -194.7271228359439306 -173.8928276999175466 -159.1389117889530098 -175.5915086562242493 -205.8128606760099046 -163.7316570486397325 -125.5107172300082397 -257.7539159109645652 -465.3755152514427209 -555.2827699917560267 -545.8120362737015512 -493.6995053586149993 -414.8054410552349509 -363.5239076669414544 -319.3701566364385940 -279.4666117065127651 -249.6681780708985912 -227.7807089859851715 -204.7506183017312367
19.8229777256740931 23.8726846424384540 19.3552168815943730 10.6747948417350536 -2.9502930832356391 -21.1723329425556841 -48.9577960140679949 -79.6288393903868723 -101.1584994138335247 -126.7629542790152470 -149.7064478311840503 -159.6837045720984634 -163.6747948417350642 -164.8368112543962525 -161.7589683470105513 -158.2471277842907398 -155.0879249706916880 -152.9273153575615538 -151.3901524032825421 -149.4171160609613196 -146.5927315357561440 -144.3742086752637874 -140.5629542790152300 -134.1718640093786519
-382.4539315002411968 -383.3603473227207132 -390.3806078147612197 -399.7197298601060993 -414.8301977809937284 -435.0458273034249714 -463.5369030390738203 -495.2083936324168008 -529.4876989869753743 -564.2276893391220938 -594.8060781476121974 -624.5976845151953967 -651.8765074770863066 -669.0713941148094364 -677.3010130246020708 -679.7920887602508628 -681.7081524360829690 -679.0665701881331415 -675.1924746743849255 -669.4076218041485618 -663.6333815726001149 -659.2875060299083998 -655.3902556681138094 -649.9589966232513234
-593.6613237789930508 -595.6047520271544045 -599.3415048085988701 -604.2251555723175898 -610.7710729775599248 -617.0756175749576187 -622.4497454271166816 -626.6862153498019552 -630.1018291533094953 -631.6567980388459773 -633.0435602489156963 -633.0780690175372456 -633.6605694889684628 -635.1370922119555189 -637.6309636055062811 -640.6136149349424613 -644.5295115972090798 -650.2402413728078727 -657.7620214972656640 -666.5004714312652823 -673.0646803696021152 -676.6100320573260660 -675.9328681878182579 -670.4612483499905693
73.3952333039869131 74.4297572632373345 74.9431518048044296 74.8617783926550118 75.5297446862029886 75.9787448119733426 76.3314677399069268 76.8542321720538268 77.1911080367249411 77.8594516413029822 78.7209784932712893 79.1319330901773412 79.3459942145642003 79.1045151553263679 79.2255062256320031 79.4337819142246246 79.8472519179977382 80.0416928688215279 80.3669978619041672 80.2616651993459982 80.2389007671990981 80.1575902402213529 79.2934850962143116 77.4299459187523524
237.7929941114298629 240.3761135437113126 242.3317227842367458 244.2246715989732877 245.6959081987014883 247.4291106749207358 249.2775177412048890 250.0930092103276365 251.2898988373848681 252.1792239166540810 252.8719613468216778 253.4117469424732008 254.0306507624943322 254.4330363883436519 254.5219688962705789 254.1087120640193291 253.8970255171372514 253.3936282651366412 252.6626906235844672 252.0939151441944830 251.5243847199154459 250.3952891438924837 248.8654688207760728 245.7116110523931809
-247.4183062446535359 -229.4816082121471368 -210.7091531223267680 -201.4362703165098480 -209.7159965782720406 -213.8704020530367700 -200.7390932420872502 -211.8468776732249808 -340.4508126603935239 -533.4054747647561499 -639.9251497005988085 -599.6822070145423140 -497.1248930710008835 -416.5068434559452726 -362.8481608212147194 -323.8408896492728672 -291.9824636441402959 -264.4798973481608186 -237.4268605645851267 -204.7395209580838298 -179.3378956372968389 -191.9858853721129037 -247.3755346449957244 -262.5355004277159878
-435.0375592347744487 -436.2348914760428329 -437.3340548762651565 -438.6603872930439252 -439.4446849587550332 -439.8039548353127088 -440.0597905575381787 -440.2410928450242977 -440.5217340431755702 -440.3565787164336029 -440.2346574621190030 -440.3986427192418205 -440.3897501901363398 -439.9217808459603134 -439.1839349441291915 -438.3185514538114944 -437.8094541625226839 -437.2059322529690348 -436.1642777745275907 -435.1318668460773438 -433.7535248347276706 -432.7121043702099996 -431.9659509740829435 -431.1972152343064408
-149.4940845903578861 -154.5294291629695351 -148.4263531499556450 -141.1199349304939403 -132.8538893818396787 -121.9180715764566685 -110.4677610174504565 -101.1058858325939127 -92.9948240165631432 -84.4500147885241006 -75.5504288671990594 -68.4900916888494464 -62.1912156166814540 -56.7549541555752768 -49.9381839692398728 -41.7136941733214996 -34.3932268559597745 -30.0096125406684422 -28.3927832002366181 -26.1987577639751557 -23.2749186631174219 -19.5099083111505465 -17.4275362318840585 -22.3346643005028085
199.8388581952117988 200.9610190300797967 198.5758133824432150 192.2575199508901278 192.6212400245549361 196.4020871700429609 194.2891344383057231 189.1141804788213676 179.4923265807243808 152.3161448741559241 112.5577041129527345 71.2228360957642792 31.1384284837323513 5.4907918968692453 -9.1973603437691835 -17.8367096378146108 -17.4825046040515666 -12.6347452424800490 -4.9864947820748924 6.9616329036218536 23.1329036218538988 43.6132596685082845 60.9370779619398419 74.6212400245549361
-96.8606044701045334 -96.6048637536631247 -96.2004548834361231 -96.3284783274285985 -96.6947032322967175 -96.2342212308096094 -95.3611512050037220 -95.1852337838428895 -95.2960678826050867 -95.4243537593491737 -95.3716485150680171 -95.5319949263001291 -95.9031623146568677 -96.0327603551589846 -96.1869833355202672 -96.5929668022569246 -96.4947732143638177 -96.2036040764554059 -96.0369155403927692 -96.4017408039189974 -97.0233565148930523 -97.0812666754144260 -96.6579189082797541 -96.0208634037527844
-174.7480519480519376 -166.6476190476190595 -154.4562770562770595 -142.5432900432900567 -132.2787878787878810 -123.7766233766233768 -115.4177489177489235 -111.4653679653679603 -108.8359307359307309 -103.4082251082251105 -96.1112554112554136 -87.7073593073593116 -86.1541125541125581 -84.3251082251082238 -90.1653679653679632 -108.4904761904761870 -141.2238095238095354 -192.5852813852813767 -255.5887445887445892 -316.9502164502164305 -366.1125541125541076 -396.9852813852813824 -402.6142857142856997 -379.0324675324675354
326.0638297872340559 332.7537234042553109 335.2553191489361666 335.3207446808510781 332.8734042553191443 328.7462765957446891 323.0968085106383114 316.6446808510638107 306.5175531914893554 293.3936170212766115 277.9611702127659782 260.3909574468084998 240.9648936170212892 218.8069148936170336 197.2122340425531775 174.8973404255319224 152.2936170212765887 129.8047872340425499 110.7404255319148945 93.7867021276595807 78.5026595744680833 68.8196808510638363 62.2218085106382972 61.3728723404255305
-48.1101286173633440 -27.0192926045016080 -7.5490353697749200 5.3922829581993570 25.2524115755627001 55.2395498392282960 128.5409967845659196 146.9951768488745927 -176.8239549839228175 -428.0160771704179865 -271.6438906752411526 -63.2025723472668801 28.1237942122186482 11.6985530546623799 14.9453376205787780 13.9742765273311900 31.0635048231511242 55.6736334405144717 83.3818327974276485 123.5795819935691355 123.1270096463022554 49.9356913183279758 42.8167202572347279 121.1374598070739523
-186.8162368672397236 -190.3027698185291285 -195.7465138490926506 -200.9803247373448016 -201.5285577841451641 -199.0618911174785239 -194.0284622731614093 -189.7127029608404882 -187.8202483285577955 -188.0399235912129825 -187.0502387774594126 -183.6666666666666572 -175.0857688634193039 -163.1111747851002747 -149.0126074498567448 -132.6210124164279023 -114.5220630372492820 -95.6045845272206236 -77.8731614135625563 -62.3293218720152851 -48.0613180515759311 -34.7772683858643745 -26.0303724928366762 -29.6930276981852899
-582.5591384144787526 -585.5089217435636328 -588.3214376752484895 -590.0884527147591143 -590.8787917410145383 -591.7322202396125022 -590.9957940351771413 -590.6150904919704772 -589.6844251848075373 -588.8177415243436599 -587.4300280397654888 -586.1502676523068658 -584.9650777466224554 -583.9193219474891521 -583.4068315065001116 -583.2687993882233286 -583.0692072393576382 -582.2833290848840306 -580.3529186846800485 -577.3619678817232170 -574.7272495539127704 -572.9765485597756651 -571.6059138414478866 -570.0661483558501459
-210.8957246425909489 -210.6513313910156455 -210.0657226099329193 -209.5271359848228201 -208.8535808659123347 -207.5074869571109275 -206.2598414526729584 -205.0942475777491723 -204.6070194457619209 -204.3859340063689842 -204.0714818077105406 -203.4522664137136587 -203.2550308286469374 -202.9531133545633281 -202.7378548682160044 -202.6908327122433775 -202.1737922623483996 -201.8619147638729032 -200.9615150077918599 -200.2052307066874448 -199.7850802899925498 -199.5975337082458054 -199.6364252320617823 -200.0309641574632451
19.7320574162679421 -30.0988835725677824 -182.2097288676235962 -256.8795853269537588 -300.7926634768739973 -272.6562998405103713 -206.2902711323764038 -156.7065390749601193 -143.0964912280701640 -123.8110047846889898 -105.6858054226475332 -82.1044657097288706 -58.9210526315789451 -27.5717703349282282 0.3580542264752791 19.3724082934609250 -29.3851674641148328 -64.5183413078149925 133.8564593301435366 219.4401913875598211 -291.0007974481658835 -519.5199362041466884 -307.0023923444975935 -182.1858054226475190
200.7667103538663298 209.0843162953254648 207.0825688073394417 197.2022717343818385 167.0436871996504919 122.1454783748361734 81.4355613805155087 42.6767147225862828 17.8007863695937090 4.9628658802970733 0.1424202708606378 2.3468763652249889 6.4071647007426824 18.8444735692442116 41.5819134993446937 70.0489296636085612 101.7986020096111872 130.0655307994757663 150.8239405854084794 166.4290083005679435 177.8781127129751098 188.1974661424202679 203.4381826124945292 208.5513324595893323
-360.7682181476257597 -364.0253878702397969 -360.3488481429242825 -354.9026798307475588 -346.7884344146685294 -333.5265632346027473 -316.4212505876822092 -296.7296661965208955 -276.0808650681711356 -251.5862717442407188 -225.6779501645510209 -196.6436295251527895 -164.8622472966619625 -135.4833098260460815 -108.8340385519511102 -85.1175364362952536 -65.4809590973201665 -49.5754583921015524 -38.0724024447578770 -29.2284908321579699 -19.3037141513869308 -11.0399623883403848 -9.7574047954866003 -20.3685942642219082
162.8153034300791546 25.2902374670184713 -330.6156552330695035 -343.8777484608619375 -142.6851363236587531 -2.6675461741424802 17.0158311345646425 16.5496921723834660 26.9920844327176788 31.1715039577836421 52.6068601583113491 76.1996481970096795 113.5664028144239239 138.5892700087950686 101.2084432717678055 49.2682497801231278 94.2075637642919901 103.3992963940193448 -50.2365875109938429 -107.1064204045734414 -70.5743183817062487 -106.2102022867194364 -132.1961301671064177 -126.1099384344766889
-47.4059237161730209 -48.4459833795013850 -54.0630726614106081 -61.3839761346686572 -68.6034519497123370 -71.9722991689750700 -70.8318772640102310 -70.1728105689324479 -68.9011293415725561 -64.9284040059663283 -59.0681866609844448 -49.6746217771148508 -40.5033027913914339 -28.7368421052631575 -11.6923076923076916 8.3070530577455788 24.5668016194331997 39.9394843383763032 56.2544214787982071 71.2951203920733008 83.5540166204986150 94.4491796292350330 102.8169614319198786 98.4839122096739885
-229.9620075046904333 -218.1580675422138711 -230.0698874296435292 -254.2349906191369655 -254.3039399624765338 -264.6045966228892894 -366.3269230769230944 -550.3456848030018591 -660.9831144465290436 -606.9033771106942368 -499.4620075046904049 -432.8072232645403119 -392.4976547842401260 -358.5454971857411124 -328.9183864915572144 -302.5900562851782638 -274.9151031894934363 -239.1754221388367796 -209.3869606003752324 -218.2762664165103104 -268.0431519699812384 -273.3212945590994423 -244.6993433395872444 -283.8752345215759760
-6.1154833190761337 -112.0675791274593678 -439.0085543199315907 -530.6022241231821681 -498.1086398631308612 -513.4858853721128753 -445.0111206159110111 -360.6655260906757690 -289.5928143712574752 -236.8426005132591854 -204.9435414884516717 -195.0590248075278055 -184.7536355859709261 -167.9213002566295927 -141.3079555175363566 -150.1881950384944275 -227.8092386655260952 -180.5816937553464641 -19.8083832335329326 -165.0513259195894022 -427.1745081266039392 -480.1505560307955420 -498.8528656971770943 -513.4140290846877406
11.1775625504439056 22.8999192897497998 29.7288135593220346 43.4519774011299447 106.9846650524616649 168.9693301049233298 -84.5593220338983116 -400.3559322033898411 -318.5084745762711691 -112.6828087167070152 13.8910411622276033 3.0217917675544794 -1.0492332526230832 0.1307506053268765 11.1872477804681196 37.0621468926553703 61.4874899112187236 99.3736884584342164 120.3470540758676322 70.4713478611783728 12.3898305084745761 109.7376916868442294 106.5899919289749818 -115.0104923325262263
-397.7996658777669268 -397.4125017402199660 -393.9358206877349176 -388.8850062647918548 -383.2305443408046699 -376.1993595990533095 -368.9344285117638833 -361.9283029374913099 -353.4329667269942661 -343.8397605457329860 -334.8187386885702495 -326.2234442433523327 -319.0012529583739251 -312.1031602394542688 -304.3057218432409741 -295.0701656689405468 -285.3291103995545086 -276.1329528052345950 -266.8975358485312768 -258.0320200473339582 -250.5169149380481599 -246.2260893776973489 -245.3318947514965771 -250.8411527217040202
722.1389543099387538 727.2001884126236746 732.8294865756005265 738.1191709844559909 743.6778144135656703 748.8059349976448402 753.9105040037682102 758.4272256241167725 762.0744229863400960 764.4032030146020134 766.0951483749411182 766.6471973622233236 766.1450777202072686 764.4941121055110216 762.1088082901554799 758.9293452661328274 754.6085727743758298 750.1474328780028600 745.7969853980216612 741.0541686292981467 735.8619877531795055 730.8977861516721077 725.9029674988224770 720.9613754121526199
-18.1614814814814807 12.8866666666666667 25.9481481481481495 -82.9229629629629699 -139.6733333333333462 144.3844444444444548 156.0044444444444309 -398.4859259259259261 -489.3896296296296100 -273.8466666666666924 -269.6762962962963002 -203.9614814814814849 -160.6022222222222240 -141.7162962962962922 -137.9866666666666788 -126.5503703703703735 -112.8540740740740773 -94.6918518518518511 -60.4629629629629619 -38.2000000000000028 -61.2903703703703684 -65.0503703703703735 -8.9266666666666659 -63.5088888888888903
-0.4906417112299465 -188.2139037433155124 -217.3409090909090935 224.9050802139037444 159.0080213903743243 -526.5013368983957207 -475.2874331550802367 -295.6163101604278154 -380.9090909090909349 -275.4251336898395834 -207.0000000000000000 -188.5013368983957207 -167.6671122994652308 -153.2847593582887669 -146.9090909090909065 -135.7473262032085586 -104.8008021390374296 -87.1590909090909065 -98.7500000000000000 -91.1403743315508024 -62.7673796791443834 -142.1711229946523929 -299.4866310160427929 -366.0026737967914414
-693.4514370664023772 -707.5545094152626007 -715.2254707631318524 -719.6605550049554267 -716.9558969276511107 -708.4806739345887081 -696.3562933597621623 -678.5564915758176312 -657.5629335976213952 -634.2368681863231359 -608.3830525272546765 -579.4915758176412055 -548.6020812685827650 -521.7908820614469505 -496.9702675916749399 -475.2031714568880147 -456.3166501486620632 -439.6030723488602803 -423.9762140733399178 -410.9137760158573087 -403.8914767096134710 -397.4781962338949484 -388.4420218037661243 -383.0827552031714731
-931.8442734268900267 -937.6034404708012744 -942.6966953372566422 -947.2032593933906810 -950.7872340425532229 -953.4753282028067360 -955.9004074241738635 -958.0946129470348751 -960.1982797645994197 -961.7166138524219150 -962.5418741511996359 -962.7641466727026227 -961.9959257582617056 -960.6478044363965410 -959.2408329560887523 -957.0534178361249360 -953.9416025350838026 -950.5273879583521648 -946.8451788139429937 -943.2743322770484156 -939.5939339067451783 -935.7872340425532229 -931.5608872793119417 -926.7433227704843830
-212.2988107036669874 -191.2115956392467808 -171.6754212091179284 -154.8116947472745153 -137.6417244796828641 -129.1446977205153530 -159.3250743310208009 -172.3235877106045564 -90.7051536174430169 -104.5530227948463846 -326.9444995044598841 -479.5183349851337766 -482.2998017839444742 -495.8528245787908872 -450.3434093161546343 -368.4137760158573087 -314.3394449950445733 -270.2680872150644404 -233.0441030723488609 -209.3885034687809821 -190.3225966303270695 -169.0044598612487619 -149.8889990089197113 -148.3141724479682750
-435.6589887640449206 -389.5342696629213606 -335.7219101123595237 -285.4016853932584468 -242.9477528089887528 -212.8713483146067347 -187.9174157303370691 -165.5191011235955045 -144.4106741573033617 -127.8910112359550624 -135.1404494382022392 -178.5707865168539286 -156.5219101123595635 -52.6292134831460672 -136.8028089887640419 -371.1174157303370862 -462.1696629213483334 -471.0926966292134921 -491.0926966292134921 -431.6556179775280953 -362.0623595505617800 -310.6016853932584354 -268.1983146067415760 -236.8674157303370862
-341.4550898203592624 -500.1026518391788045 -655.0513259195894307 -671.5722840034217143 -559.4559452523524214 -453.6954662104362797 -385.4088964927288430 -325.6347305389221560 -293.2104362703165066 -270.1291702309666221 -241.6509837467921216 -196.4054747647562067 -145.6287425149700709 -140.4456800684345694 -241.7228400342172847 -340.7023096663814954 -216.2189905902480689 -149.6834901625320811 -405.4225834046193313 -573.3686911890504234 -489.5303678357570334 -452.7707442258340507 -442.1804961505560527 -417.2044482463643931
-134.0195286195286144 -122.4558922558922518 -110.7306397306397372 -102.9367003367003406 -106.1501683501683431 -98.3737373737373701 -75.8673400673400664 -54.1474747474747460 -33.0121212121212153 -16.3858585858585855 -5.5420875420875424 5.5979797979797983 25.1912457912457910 56.8525252525252540 120.0040404040404098 64.9946127946127916 -269.0424242424242607 -395.2855218855218595 -203.8026936026936085 -33.2255892255892249 15.5063973063973055 2.6303030303030304 5.9521885521885523 0.8579124579124580
-391.0644443207746690 -390.8716122210473713 -391.5813345205631890 -392.4552284489955127 -393.0528688296510609 -393.5057042684623525 -394.1626690411263780 -394.9651065724302725 -395.5883465969168924 -396.1421336746619204 -396.8967110022817337 -398.1316712115309429 -398.9771829261505900 -399.4898436195670115 -399.4695308587010913 -399.5818353831598984 -399.7320385107685183 -399.1677333184929353 -397.8665479436807573 -396.5741554900105825 -395.2159830819745139 -394.1187600868161667 -393.6425510601591782 -393.9929879236462966
-278.9034382284382332 -279.1722027972027718 -279.7506993006992957 -280.2393939393939490 -280.5740093240092961 -280.3609557109556931 -279.3323426573426786 -278.2056526806526904 -278.0111888111887879 -278.1305944055944224 -278.1745920745920557 -278.1798368298368018 -277.7289627039626794 -276.7470862470862585 -276.1092074592074823 -276.0300699300699421 -275.6391608391608656 -274.7648018648018819 -273.9198717948717672 -272.9816433566433602 -271.8466783216783256 -270.9453962703962588 -270.7276223776223674 -271.5231934731934871
127.1597038191738136 127.6938425565081872 128.0351519875292183 128.2239282930631248 128.5980514419329666 129.0205767731878268 129.3139516757599381 129.1714731098986704 128.8201091192517538 128.0965705378020232 127.7988308651597862 127.5079501169134772 127.1773967264224439 127.3221356196414717 127.3149649259547971 127.2425565081839380 128.1484021823850412 129.1264224473889328 129.4922837100545507 129.3110678098207416 128.7732657833203405 128.4455183164458276 127.8420109119251720 126.6023382696804305
-73.0290076335877814 -53.5435114503816791 -34.3870229007633554 -13.9091603053435122 2.7740458015267175 16.1274809160305352 32.1282442748091626 66.0221374045801497 150.3984732824427510 104.5824427480916086 -273.7259541984732891 -394.2038167938931110 -199.0061068702290186 -23.6839694656488540 25.6038167938931309 10.4671755725190838 13.5610687022900755 11.3664122137404586 33.4648854961832072 57.4961832061068705 88.6587786259541986 124.0946564885496173 108.6641221374045756 41.3053435114503813
-166.5050893302014288 -167.2101217168481639 -168.4928464659406302 -168.1445654494981738 -168.3884974019503034 -169.3099152964623784 -169.5206064488575635 -169.0318883906327869 -167.9266851733219426 -167.3943341163072205 -166.9891807246067401 -166.4354758345789662 -166.0752366716492361 -166.3208057512990194 -166.1797992739696781 -166.0116734287137774 -165.8268204142643469 -165.3441526087266027 -164.7880987970674198 -164.3951170901843568 -164.2081286924336325 -163.4976866680902674 -162.8867535055875919 -162.9718129404228080
-105.5242038216560445 -90.1885350318471382 -93.7668789808917182 -87.0312101910828062 -67.2745222929936375 -49.4146496815286653 -31.6000000000000014 -12.4254777070063689 0.5528662420382165 14.2980891719745227 31.9949044585987252 59.7331210191082818 125.6178343949044631 67.5235668789808869 -253.6745222929936290 -374.3076433121019022 -195.9490445859872523 -30.1070063694267525 18.0547770700636931 7.3828025477707007 12.5828025477707008 11.5764331210191092 27.0687898089171988 45.0152866242038243
0.8144219436408443 1.0989499624986607 1.2198917818493518 1.2500267866709525 1.2760902175077682 1.3699774991963998 1.5287153112611165 1.5953337619200685 1.7622682952962605 1.8169934640522876 1.7348655309118184 1.5805743062252224 1.3472891888996035 1.0855298403514411 1.0523679417122040 1.0507339547840995 0.8675666988106718 0.6248794599807136 0.1923818707810993 -0.1797385620915033 -0.2534554805528769 -0.0928693881924354 -0.0752437587056681 -0.6943105110896818
-436.4226044226044223 -400.2550368550368489 -374.2673218673218685 -350.4614250614250750 -329.8648648648648418 -311.4786240786240796 -294.8727272727272748 -280.3508599508599559 -262.4221130221130238 -258.5980343980343719 -265.2378378378378443 -249.4879606879606797 -231.3528255528255499 -281.7685503685503932 -373.0398034398034497 -495.9719901719901713 -655.0953316953316516 -675.0216216216216480 -557.2958230958231525 -467.4496314496314540 -411.8422604422604536 -373.0781326781327039 -352.8850122850122943 -338.5665847665847537
29.2665484633569726 20.9036643026004718 -21.0153664302600482 -107.2145390070921991 -180.9225768321512930 -200.8173758865248146 -185.9320330969267161 -153.9355791962175033 -127.4645390070921991 -114.9680851063829721 -114.7624113475177268 -106.0212765957446805 -85.8102836879432687 -63.9846335697399553 -42.6926713947990564 -20.4408983451536628 -3.5910165484633572 8.7139479905437351 7.3770685579196220 37.4781323877068573 137.4473995271867750 53.2919621749408989 -337.6530732860520061 -422.5183215130023768
-6.1616022099447516 11.2458563535911598 -171.5414364640884060 -229.2679558011049608 221.2486187845303789 211.6616022099447605 -506.8784530386740244 -496.5441988950276482 -279.3162983425414154 -370.6339779005525088 -276.3232044198895210 -206.0745856353591137 -185.9613259668508363 -167.5303867403314939 -150.2720994475138241 -146.3480662983425304 -137.8383977900552395 -107.0718232044198857 -91.2914364640883917 -97.8232044198895068 -82.2265193370165690 -75.4337016574585704 -155.0151933701657470 -264.8743093922652179
-460.6645711719802421 -454.8042209250112364 -446.4162550516389842 -438.1001347103726857 -429.9030085316569512 -421.0929501571620790 -411.9730579254602389 -401.9465648854961728 -393.2496632240682288 -386.3430624158060027 -385.6704086214638778 -391.4490345756623242 -409.6915132465200031 -436.3013022002694470 -475.4202963628199541 -528.6264032330489044 -582.3367759317467289 -629.4292770543331699 -662.8190390660080311 -675.8540637629097318 -676.5289627301302744 -663.3147732375392707 -642.4939380332285737 -615.5783565334530749
-575.1156747694886917 -583.3445096395640803 -582.8642078792959182 -576.4056999161776957 -563.2057837384744516 -550.0205364626990558 -537.9430008382229289 -521.7690695725062824 -502.7481139983235607 -481.7845766974015191 -459.4316848281642933 -437.3880972338641868 -418.3239731768650245 -397.8202011735121459 -374.2041072925397884 -348.2703269069572229 -319.6139983235540853 -295.4145012573344502 -273.3344509639563853 -254.1265716680637183 -235.1475272422464400 -219.8453478625314403 -210.9689857502095549 -211.8139145012573294
-106.0177111716621283 -102.2726741922927260 -104.7428960685091539 -109.3783573374853972 -115.6488906189178607 -123.2177890229661301 -131.5229661346827470 -140.7711171662125480 -151.5190735694822877 -164.0307512650836941 -178.1529778123783672 -192.4420007785130338 -206.3431296224211735 -219.4124172829894803 -229.5467107824055972 -239.6191124951342886 -248.7547683923705790 -254.1835344492020283 -253.4143635655897242 -250.3906189178668740 -247.4213701829505681 -245.0416504476449973 -243.3999610743479991 -239.2736473335928338
-139.9122743682310386 -135.0274368231046935 -147.1516245487364642 -176.1657039711191430 -212.7306859205776277 -264.1815884476534393 -333.1288808664260159 -389.8393501805053916 -400.1314079422382406 -387.2462093862815777 -363.4375451263537684 -330.4501805054151760 -299.7212996389891941 -272.5942238267148241 -248.1595667870035982 -224.2223826714801476 -203.7714801444043360 -185.6386281588447673 -168.4194945848375369 -156.1866425992779739 -156.9422382671480136 -142.7963898916967480 -124.0989169675090267 -143.4216606498195006
-374.6622540908255132 -374.7801066372495029 -380.4177238462953028 -387.8382055524912744 -395.6357786357786495 -405.9080713366427631 -417.5545136973708509 -429.5168229453943809 -442.6683213826070755 -455.0827357970214848 -467.2801985659128263 -479.2610774039345642 -489.7234785806214177 -496.6927744070601420 -502.1423055708769994 -508.5037690751976243 -515.5475271189557134 -520.4223202794631788 -522.3767236624379393 -522.8290126861555791 -522.7052767052766740 -522.0755653612797005 -521.3072255929398580 -517.6828461114175752
-525.6478365384615472 -529.2460508241757680 -530.2956730769230944 -530.3427197802197952 -527.3355082417582480 -522.1361607142856656 -516.1552197802197952 -511.1607142857142776 -506.6600274725274744 -500.7161744505494312 -491.7776442307692264 -480.7354052197802048 -470.0329670329670080 -460.0494505494505688 -449.1675824175824232 -436.4926167582417520 -424.3301854395604664 -412.1964285714285552 -400.6167582417582480 -387.9385302197802048 -376.7838255494505688 -368.2906936813186576 -362.0123626373626280 -360.1780563186813424
30.2398508699254336 20.6023198011599007 -2.9589892294946147 -14.0882352941176467 -44.2344656172328072 -159.4449047224523497 -278.0202982601491044 -284.3007456503728463 -230.9714167357083738 -193.7083678541839333 -165.4424192212096045 -144.5836785418392765 -132.4287489643744777 -125.3562551781275829 -115.6934548467274197 -96.9540182270091151 -72.7560066280033197 -50.8512841756420855 -32.2684341342170669 -23.5426677713338854 -37.7680198840099450 -18.8674399337199681 39.1081193040596489 -0.9246064623032312
-263.7494135210066020 -254.8607378972062349 -255.9306888462358813 -269.8272552783109290 -294.4177863083813236 -330.2629558541266874 -365.5244188526338007 -399.7762849221582542 -435.1697590104499795 -465.5003198976327781 -471.1431008743868460 -457.9929622520793373 -447.8739603326935139 -446.5941565365749852 -443.6939645979953184 -433.7596502452548748 -418.7389635316698673 -403.3981659202388528 -391.2089997867349211 -386.2599701428875960 -385.7474941352100473 -386.5320963958200196 -388.6724248240562929 -389.8543399445511000
-84.0599700149925013 -65.8680659670164914 -40.5352323838080935 -11.9765117441279365 10.1339330334832578 -43.8905547226386830 -106.1989005497251384 58.8875562218890565 123.4382808595702130 -295.2768615692153844 -522.3958020989505258 -367.6641679160420040 -293.2618690654672946 -218.3283358320839511 -167.4407796101949089 -137.1384307846076922 -127.7561219390304785 -115.9265367316341866 -98.1369315342328861 -77.2038980509745159 -46.2518740629685183 -24.7386306846576716 -57.3003498250874586 -89.8250874562718593
-485.7685571871211323 -493.1809241546544627 -488.0150882392563858 -475.3645426377475474 -460.7401320220935190 -446.1522295567829701 -433.0815034352687576 -418.8244645022228383 -404.3596928465580049 -390.6095918092415218 -379.2864071130270531 -371.7761013067492968 -366.4653105213525350 -361.7014684089990624 -358.3623871749966270 -356.0719385693116124 -354.3390812340024354 -352.8937087430957718 -352.9734608648794278 -353.7122457227536074 -355.9397817593964533 -357.8169203825946170 -358.7595311868516887 -363.5654048228478814
177.5845661293883779 181.3211525723117745 184.0956060940604857 185.8531684698608899 186.4452417752263216 186.5158975491278568 187.0741885625965892 187.4404945904173019 186.8947891366747740 186.5667917862662932 186.5393022742327105 185.2941046588650806 183.5827997350408509 182.2084345330094948 180.7737911238683921 179.4886288363877327 179.6860234047250913 181.2879222786487219 183.4386177964230455 184.5795981452859280 184.4557297416648396 182.9057187017001525 179.2528151909913845 172.6670346654890693
-75.2468212415856357 -181.6589379207180173 -242.2812266267763732 -245.4786836200448761 -202.3448017950635744 -163.8668661181750110 -144.8848167539267138 -139.6985789080029861 -119.3694839192221337 -97.1062079281974633 -71.4734480179506306 -49.4181002243829468 -21.2438294689603602 2.4599850411368736 11.2243829468960357 -20.4240837696335085 -9.1136873597606574 154.3021690351533266 137.7838444278234817 -372.9611069558713439 -505.0605833956619222 -256.8182498130142335 -119.2221391174270764 -73.2707554225878823
-121.2144970414201168 -114.5710059171597663 -112.2189349112425987 -112.2832840236686422 -115.7270710059171535 -118.1250000000000000 -120.0258875739644964 -125.1323964497041459 -136.6856508875739564 -155.5917159763313578 -182.3949704142011967 -214.9460059171597663 -255.3224852071005841 -299.1900887573964383 -349.8661242603550363 -397.5658284023668898 -444.0414201183431828 -485.0643491124260436 -517.4534023668638838 -542.0392011834319419 -553.7640532544378402 -559.0332840236686707 -558.7344674556212567 -550.2159763313609346
-126.9704824976348192 -126.9570482497634885 -127.8020182907600173 -128.8652790917691675 -129.7106275622831788 -129.6473667612740428 -129.2351308735414648 -128.4081993062125377 -128.0720908230842099 -127.7682119205298079 -127.7313150425733141 -127.5842951750236551 -127.7434878587196465 -128.2613055818353871 -128.9661936297697764 -129.7656259854935286 -130.6305897193314536 -131.3928729107537094 -131.9219173762220123 -132.3116367076632116 -132.8667297382529284 -133.3158625039419860 -132.9140964995269769 -132.2678650268054241
28.3391793514228993 13.9592984778292521 2.2782925215089347 -4.9722038385175384 -10.7448709463931174 -16.2104566512243551 -18.2233620119126414 -13.0953011250827274 1.9778292521508936 23.8381866313699540 49.7547981469225675 79.5939774983454669 107.6502316346790167 132.5178689609530238 152.5919920582395832 170.0562541363335640 185.6532097948378635 200.7329583057577622 214.4738583719391158 225.0668431502316480 231.8603573792190673 235.6336863004632676 237.7336201191264138 230.2508272667107860
11.9473684210526319 12.5949048152295635 21.2228443449048143 37.0179171332586776 60.2169652855543092 86.3519036954087369 108.8037513997760328 130.6298992161254091 151.4809630459126595 168.6461366181410995 179.4678051511758099 187.9823628219484988 195.5425531914893611 201.8684210526315894 205.8166293393057060 208.1808510638297776 208.9286114221724517 208.4263717805151259 205.1405375139977707 199.7712765957446948 191.9930011198208319 181.8589025755879049 175.1623740201567614 169.9991601343785135
-237.4921547215357123 -237.2397838956261751 -237.8784412897292952 -238.2099545950916593 -238.4424392206448715 -238.4440485085349621 -238.5587102707052054 -238.7805621012701920 -238.8623484108282184 -239.4511178803379607 -239.3941605839416127 -239.6619345939421919 -240.2286338295304233 -240.6914765216391743 -241.2341513880108153 -241.5546870509799362 -241.9450543134663008 -242.0190240818437815 -242.2162767975171107 -242.2938674636473309 -242.2788666015288186 -242.3272601873671022 -242.6909592505316482 -243.3007069371803084
-227.3476664918720473 -224.4111169375983081 -204.9470372312532902 -248.5133717881489304 -376.9884635553224825 -523.1636077608809501 -638.5631882538017408 -606.6109071840587603 -495.5416885159937124 -419.9947561615102245 -369.5312008390141614 -328.6654431043523914 -301.0760356581017163 -276.1221814368117293 -252.5233350812794981 -216.7068694284216122 -186.2758259045621401 -193.0744625065547950 -258.1861562663870018 -284.0676455165180982 -228.1615102254850456 -265.6995280545359037 -427.0319874147876362 -517.5091767173571498
-550.7690192483959208 -553.5701191567369506 -564.4216315307057812 -583.4867094408799630 -601.6232813932172121 -625.9697525206232740 -643.2557286892758839 -663.3134738771768752 -683.5059578368469602 -698.6581118240146679 -715.8570119156736382 -736.0632447296059127 -755.7726856095325729 -776.6379468377634794 -798.4537121906507764 -820.0394133822181857 -837.4784601283226948 -851.1228230980751732 -857.8020164986251075 -863.5261228230980350 -864.5077910174152294 -859.7286892758936574 -853.1668194317139751 -841.8460128322640230
63.9023508137432188 110.0271247739602103 159.1880650994575035 -58.3508137432188079 -374.7396021699819357 -299.8363471971067042 -99.2757685352622019 15.9891500904159134 16.9792043399638324 19.5506329113924053 24.5786618444846283 34.6410488245931276 55.9981916817359888 80.4710669077757643 117.8318264014466479 135.3770343580470126 85.5379746835443058 42.4755877034358065 118.6455696202531698 82.1292947558770408 -90.4222423146473773 -100.4783001808318232 -69.5913200723327350 -113.0940325497287517
-500.3043694759118694 -502.2474791485124115 -505.6378687912361443 -509.0639860575127500 -512.6662517116892559 -515.9009087514004932 -518.7420639860574738 -521.9697497821485968 -525.3168181252334534 -528.9403709697497789 -532.6061247354662100 -536.0312461097970527 -539.7306112286817097 -544.0190464334619946 -548.0185484874890562 -550.8160089630274570 -553.0258931905888176 -555.5462467322295197 -558.4084401842400212 -561.5108925681563505 -563.3330013693514502 -564.6011452757376219 -564.7200298767584172 -561.8935640483007319
-278.3405714285714225 -287.0811428571428792 -143.2805714285714203 -33.0354285714285680 4.1719999999999997 18.9777142857142849 34.5394285714285729 48.2171428571428606 67.3857142857142861 90.1502857142857152 119.7131428571428557 131.9171428571428635 97.8234285714285647 66.5651428571428596 90.1137142857142805 74.7148571428571415 -18.4840000000000018 -77.4428571428571360 -87.4560000000000031 -127.3451428571428607 -145.4325714285714355 -125.9125714285714253 -118.4645714285714320 -118.6685714285714255
46.8976020738820480 54.8425145819831528 60.0674011665586534 62.8165910563836647 62.4212572909915764 54.7861309138042785 40.0855476344782886 15.8626053143227477 -16.5346727154893074 -59.5839274141283184 -113.9118600129617676 -165.2443292287751149 -209.8736228127025356 -249.7459494491250780 -273.9462086843810766 -289.6623460790667650 -300.8010369410239946 -306.0939727802981452 -307.0991574854180044 -308.9546338302009190 -310.8593648736228374 -315.3946856772520846 -317.9909267660401611 -316.0317563188593795
64.5759508622726202 75.7696669029057404 83.9617292700212658 91.7776990314198002 99.4103472714386953 103.2017481691471801 97.2560831561540340 89.2610441767068323 74.4207417906921762 42.1457595086227244 14.8091188282541939 -25.3260099220411057 -94.8282541932435663 -133.1377273801086574 -129.5069690526813133 -125.8698322702575041 -120.2941176470588260 -111.5124025513819959 -106.3186865107488757 -105.0160642570281055 -100.7238365225608305 -91.5428773919206265 -80.6997401370186651 -70.3090007087172211
-104.2827855515782574 -98.5353075170842772 -105.7416205662219397 -120.6791409046534369 -145.2997071265863838 -175.3280182232346363 -203.4191343963553606 -241.9850309144158871 -290.2655385616661192 -323.1327692808330880 -338.1851610803774975 -347.6996420436055928 -351.5626423690205229 -354.0367718841523015 -356.6026684022128279 -357.4142531727953269 -352.0117149365440810 -345.8584445167588797 -340.3485193621867779 -334.5860722421086848 -332.3625122030588841 -330.3703221607549381 -330.0130165961601278 -329.9990237552879648
-484.5532012055895734 -487.2781989222760330 -488.3500776326605433 -488.6710201844917378 -487.6210612841355214 -486.3080646634396089 -484.8941455840716230 -483.9220020093159178 -483.2034889030961722 -482.9282126221572753 -482.8940542515298375 -483.4516394191250583 -484.4131884190337018 -485.9928760617407875 -486.4864371175449946 -487.0333363777513682 -487.7583340944378278 -488.3383870673120555 -488.5637044478947928 -488.0968124942917257 -487.3120832952781143 -485.6120193624988701 -483.8238195268974096 -482.0942551831217315
-269.9413075780088889 -208.4829123328380263 -163.6790490341753355 -131.2912332838038765 -116.4947994056463614 -98.3395245170876677 -76.7518573551263046 -48.6976225854383387 -20.9829123328380369 -14.3447251114413081 -125.0066864784546823 -102.9056463595839546 157.3900445765230245 37.5661218424962868 -500.6842496285289599 -504.1419019316493291 -352.1419019316493291 -329.0705794947994036 -234.8930163447251118 -179.0118870728083209 -155.8454680534918282 -142.9606240713224281 -127.0156017830609159 -112.4049034175334327
-882.1850362027353185 -887.4553499597747077 -888.7063555913113078 -887.6950925181013190 -886.0217216411906520 -877.9887369267900112 -868.8777152051488883 -857.4038616251006033 -844.8254223652453447 -829.6178600160900487 -813.6033789219629853 -795.4255832662912553 -777.2035398230088958 -759.7425583266291369 -741.6106194690265738 -725.2936444086886922 -708.8503620273531851 -691.7465808527755371 -676.7409493161705996 -663.7369267900240857 -652.7353177795655483 -641.1995172968623820 -631.1520514883346777 -624.0394207562349038
132.3527428746552346 139.4437634079068289 131.5871897027275566 121.1707018081520033 97.6613545816733080 60.4857493104505082 34.9239963224026937 -9.6754520380018381 -86.7152926754520337 -123.2727551333128986 -123.4664419246092564 -115.5933190315660397 -98.1630401471038851 -83.7134538768004859 -80.1740729390131719 -77.9233833895188468 -69.5718663806313202 -53.3496782102359788 -36.6411277965062823 -18.6328532025743172 0.0588415568495250 16.5430585350904060 35.8256205945448940 46.9840637450199168
-58.1444174757281544 -46.3470873786407793 -48.0922330097087354 -52.9223300970873751 -93.9672330097087354 -247.4417475728155296 -447.1334951456310591 -505.7342233009708821 -418.3373786407767057 -313.9587378640776478 -240.0546116504854410 -175.6298543689320297 -126.8373786407767057 -107.3956310679611619 -88.3094660194174708 -65.4817961165048530 -42.1856796116504853 -5.2500000000000000 -30.2354368932038824 -250.1067961165048530 -110.4902912621359263 340.8009708737864116 -9.8580097087378640 -576.6213592233009422
-453.3516174402250272 -398.3199718706047747 -284.8614627285513166 -184.9556962025316409 -136.0907172995780456 -114.7271448663853732 -111.4873417721518933 -100.2018284106891741 -76.5281293952180022 -47.0302390998593509 -12.8684950773558366 13.1947960618846700 -76.8361462728551317 -126.5822784810126649 109.8488045007032383 125.2004219409282655 -358.0654008438818323 -513.8839662447256842 -359.4071729957805701 -306.5710267229254669 -224.9528832630098520 -170.1322081575246159 -144.0189873417721458 -131.3143459915611686
-848.8263723150357691 -850.9597255369928916 -853.5862171837708274 -855.3063842482100654 -857.2965393794748934 -858.9474940334129087 -861.0253579952267273 -862.5653341288782485 -864.9248210023865795 -866.5590692124104635 -868.1047136038185954 -869.7681980906921808 -871.7133054892601649 -872.9764319809069093 -873.5268496420047768 -873.9498806682577197 -874.3741050119331248 -874.7216587112171737 -874.7771479713603640 -874.0134248210023316 -872.6032219570405459 -870.5865155131265283 -868.0551909307876031 -865.2932577565632073
-60.2207656425928874 -59.4747868746984096 -59.8682242239022031 -60.9509811806337467 -61.5679186102621827 -61.9406466141225707 -62.6264275373974613 -63.4189721730738327 -64.1896815184172453 -64.8747386199131455 -65.4937268779153925 -66.0314460350651444 -66.2225751970403707 -66.1011741997748175 -65.8086295640984389 -65.5139536754061425 -65.3283336014154798 -65.2914589030078787 -65.8034421746823170 -66.0189400032169829 -65.7006996943863584 -64.9763149428984974 -64.3823387485925736 -64.6546565867781879
-33.1444015157143923 -32.9188275503380652 -32.9162642098224225 -33.0203209748123925 -33.1260494836169102 -32.9710231072145064 -32.8359462069990329 -32.8135448398840950 -32.8528493944572375 -32.5745226242662937 -32.2546623077494630 -32.0221041682145753 -31.9301582584144441 -31.8580875250761579 -31.8498031057285083 -32.0711048369121059 -32.1253064863660001 -32.3247269485102890 -33.0941377516903188 -33.4506278326770214 -33.1530574336874935 -32.4644475815439506 -31.9988855041236349 -32.9492904376253790
-280.7981651376146601 -296.0104849279161385 -371.0517693315858310 -517.0753604193971569 -681.6009174311926699 -677.6369593709043784 -538.3885976408912484 -459.3289646133682709 -414.9384010484927785 -379.7660550458715534 -354.0930537352555802 -332.3689384010484673 -307.7778505897771879 -267.6284403669724838 -222.7221494102228121 -225.4967234600262032 -283.6546526867628017 -332.2837483617300336 -329.2647444298820574 -334.9252948885976480 -422.1343381389252727 -495.5412844036697493 -461.7916120576671233 -430.2273918741808529
-389.4155712841254058 -410.9246713852376161 -434.1632962588473106 -456.2199191102123450 -447.7704752275025157 -429.1456016177957622 -415.5005055611729290 -394.3533872598584367 -377.8993933265925307 -359.1385237613751542 -343.1754297269969811 -324.2002022244691375 -312.6491405460060946 -296.8205257836198143 -275.6218402426693501 -269.3650151668351782 -268.5015166835187301 -256.2067745197168733 -248.9797775530839203 -282.1860465116279215 -326.1506572295247679 -424.0874620829120545 -622.2153690596562683 -692.0414560161779036
-435.5495588998443282 -468.4457706279190461 -447.4405812143227763 -448.0809548521017405 -430.9045147898287382 -397.5038920601971881 -376.6331084587441751 -358.8910223144784482 -339.9714582252205446 -324.8448365334717209 -312.5173845355474782 -301.7934613388687239 -281.5614945511157430 -276.5267254800207297 -277.5298391281785371 -256.0991177996886563 -247.6974571873378181 -297.7986507524649937 -354.9216398546964228 -456.8692267773741378 -637.6818889465490656 -717.7716658017643567 -618.0913336792942800 -513.3824597820446343
-199.9167585446527085 -196.1234840132304384 -196.5396912899669246 -201.3208379272326454 -210.8621830209481800 -228.1824696802646031 -255.3566703417860992 -286.1146637265711092 -326.6890848952591000 -374.8687982359426769 -423.9906284454244769 -471.5909592061742046 -514.0496141124586984 -540.9994487320838061 -557.8886438809261108 -569.4255788313120092 -575.0683572216097446 -573.9630650496141016 -571.0132304299889938 -565.2326350606394954 -558.0143329658213815 -552.8484013230430492 -543.0496141124586984 -530.9013230429989108
-685.8549918925180009 -691.3479268010191845 -696.1199907343062705 -699.5909196201065470 -702.6509149872596254 -703.6571693305536428 -703.8114431318044808 -703.9344452165855728 -703.2198285846652652 -702.3059995367152624 -700.9891128098216768 -699.9027102154274189 -698.9397729905026608 -698.4704656011118686 -699.1725735464442550 -700.4123233727125353 -702.3778086634237070 -703.8376187167013995 -704.6886726893676496 -703.1971276349316895 -700.9300440120454141 -699.0822330321982463 -697.4016678248783592 -694.0067176279824253
40.2127247579529765 63.7095435684647313 74.0024896265560130 83.0260027662517359 92.6760719225449492 100.8154910096818782 108.0868603042876970 116.3012448132780037 125.9065006915629255 128.7878284923928049 113.7712309820193610 104.8426002766251770 112.4221300138312643 81.4716459197786946 22.6652835408022142 -9.1889349930843700 -42.2556016597510364 -88.2572614107883879 -118.5123098201936358 -125.7496542185338910 -124.6586445366528295 -119.8910096818810445 -111.9067773167358268 -102.4849239280774498
38.1360576244056304 39.2602514005931909 39.2604397156442744 39.0719834282755016 39.1384115625441353 39.1020667576856056 38.8365425356621614 38.5410762205169277 38.2056871145426271 37.9564992232004172 37.8252436325973349 37.6105644743656171 37.1423190998540562 37.0194906077868282 37.3236194152817689 37.3454168824443329 37.1287604161762630 36.9292406195565164 36.5535050138882340 36.1897744927263290 35.5075090626618319 34.7070288592815785 34.0645449837578269 33.0149239677981257
-96.7735546038543930 -84.0845824411134970 -62.8741970021413294 -40.4282655246252673 -13.3313704496788006 16.6563169164882225 -5.3693790149892937 -97.1322269807280492 -3.4084582441113489 166.5926124197002025 -88.6905781584582371 -484.1124197002141045 -415.7178800856531211 -307.7205567451820230 -239.8747323340471098 -168.7135974304068498 -132.6595289079229190 -117.3329764453961417 -114.4882226980728035 -103.6204496788008527 -82.0235546038543930 -53.5963597430406864 -22.4453961456102782 -27.5155246252676662
-68.0897567660157534 -71.6382322713257906 -64.3638232271325847 -51.3425830763960249 -41.3261390887290148 -36.0578965399109279 -30.2243919150393978 -21.5933538883179175 -13.3244261733470371 -3.8708461801986980 5.1774580335731413 15.6440561836245298 25.6735183281945858 34.1257279890373439 37.1976704350805036 36.6282973621103096 32.9236039739636865 19.4234326824254886 -2.8016443987667010 -38.8132922233641651 -121.6221308667351764 -230.2617334703665506 -262.0729701952723758 -218.2702980472764693
-460.4355620155038764 -449.4467054263565728 -434.9147286821705620 -407.5159883720930338 -373.4917635658914605 -346.6574612403100559 -322.1036821705426405 -300.9389534883720785 -284.7475775193798313 -269.2921511627906739 -254.7839147286821628 -245.3837209302325562 -249.0382751937984551 -230.7524224806201687 -208.6526162790697754 -248.6826550387596910 -324.4646317829457303 -444.4777131782945503 -615.6065891472868543 -687.3682170542635959 -585.3846899224806748 -472.7490310077519098 -413.1918604651162923 -378.4084302325581461
-332.9485962831158758 -339.8869118228548700 -367.1265322261763799 -411.7623566627125342 -472.0557532621589303 -543.8042704626334398 -610.1660735468564098 -643.0648477659153741 -631.8311585606959397 -599.1945432977461223 -563.3396599446421078 -532.6374060893633668 -501.8422301304863709 -472.1676551996836793 -448.9829972321075502 -432.5377619612494868 -423.4310003954132071 -422.8825622775800639 -427.9395017793594320 -439.5108738631870438 -450.4918940292605498 -460.0636615262949931 -465.5318307631474681 -467.0707789640173928
-373.3925885158686242 -379.6980370574206631 -391.5696202531645440 -406.2572005136672146 -423.5215556778572932 -442.6224545954870564 -452.4854155200880541 -451.9567051917079539 -451.9247844432214265 -458.6930838378279418 -461.7110621904237746 -452.8304898183819205 -433.3287470188956263 -411.1243808475509240 -391.2900385250412683 -373.1522656393322563 -356.6263070996147349 -340.6932672904054584 -325.4006604292790144 -310.3155384333149982 -295.7758209502843556 -283.9361585030269453 -278.5211887727022599 -282.7690332049165249
-416.9764560099132495 -552.1524163568773247 -494.9244114002478341 -376.5997521685254128 -278.1846344485749682 -221.2912019826517849 -162.5117719950433752 -139.9033457249070693 -119.6406443618339495 -95.0731102850061944 -70.0793060718711303 -43.9603469640644349 -21.7063197026022294 -187.4349442379182165 -283.0731102850061802 154.2230483271375476 198.1734820322180894 -443.0520446096654155 -522.5117719950433184 -339.1982651796778327 -423.9070631970260479 -344.4126394052044589 -263.2428748451053480 -233.3271375464684070
-232.5638015064244541 -227.1599468320779920 -223.7899867080194838 -220.6601683650864061 -217.3099246787771506 -213.3369517058041538 -211.0210456357997373 -210.9180327868852487 -209.8265396544085206 -211.4118298626495402 -216.2828976517501189 -224.6227292866637129 -235.6451041205139632 -251.7443509082853268 -268.1369073992024710 -284.1187416925121738 -304.0726628267611886 -327.0166149756313416 -344.6395657953034970 -359.6156402303943196 -370.7197607443509355 -378.3216659282232968 -381.2350465219317925 -376.6657066902968722
-335.2407541696881594 -337.9753444525018153 -332.7144670050761306 -324.6481145757795730 -317.3150833937635866 -307.1716823785351949 -295.4325598259608228 -282.4332849891225692 -268.8796229151558919 -255.8803480783176099 -243.9978245105148744 -233.8573241479332978 -225.7358593183466269 -217.8582306018854240 -209.2746555474981847 -200.6996011602610679 -191.6156635242929553 -184.1502900652646986 -176.4635605511240044 -168.2561638868745604 -162.2478245105148744 -158.2897026831037124 -157.0012690355329994 -161.5444162436548083
-761.6777566539924464 -763.9667300380227744 -764.9947718631178759 -766.0672528517110322 -766.2813688212927445 -767.2704372623574045 -768.5615494296578163 -769.3754752851710919 -769.7816064638783473 -771.1898764258554593 -771.8745247148289081 -772.7480988593156326 -773.5446768060836575 -774.4011406844106205 -775.1021863117870225 -775.8236692015209428 -776.5349334600759903 -777.1440114068441289 -777.3471958174905012 -777.3726235741445407 -777.4130228136882579 -776.8548003802280846 -775.2652091254752804 -773.1765684410646600
-212.9071803852889673 -229.4273204903677765 -195.3473438412142400 -162.7302977232924661 -137.4623467600700621 -129.4600116754232317 -124.6906012842965623 -109.8581436077057845 -89.5948628137769987 -66.5049620548744826 -41.8382953882078255 -15.4746059544658490 1.0291885580852307 0.5359019264448336 2.5440747227086984 64.0490367775831828 136.4337419731465388 -103.3666082895504985 -465.9153531815528595 -406.8657326328079193 -186.6246351430239372 -65.9743140688849934 -55.0134267367192038 -56.8342089900758936
