-1626.2696202531644758 -2030.8189873417720719 -1699.1936708860760064 -1014.7379746835442802 -415.2772151898734023 -90.1151898734177195 -38.8645569620253184 -79.6202531645569564 -136.3227848101265920 -165.8025316455696156 -171.3113924050632875 -206.2025316455696213 -281.1506329113923925 -498.1075949367088356 -851.9759493670885604 -1569.8468354430378895 -2765.1620253164555834 -4661.2607594936707756 -7420.7405063291134866 -8903.9367088607596088 -7186.2113924050636342 -2916.0936708860758699 985.3898734177215601 2491.8164556962024108
-3105.7681117253418961 -3366.1472214140239885 -2911.8545242944428537 -2059.1667151585684223 -1026.4501018329938233 -202.7233052080302684 169.9034041315100296 239.4454466104160701 172.5586267093395350 86.9176607506546475 2.8644166424207156 -62.0660459703229535 -93.0308408495781265 -87.1495490253127798 -35.6784986907186479 8.9959266802443985 26.5388420133837641 36.1867908059354093 35.9909805062554540 32.3965667733488516 31.6139074774512672 29.5804480651731154 42.4838521966831522 71.6883910386965368
94.5378989361702082 99.2652925531914860 113.0984042553191529 141.4694148936170279 219.1143617021276668 395.9361702127659441 700.3351063829787790 1273.9089095744679980 2172.8111702127657736 3523.6210106382977756 4904.3550531914897874 4991.6057180851066732 3529.3464095744679980 984.1954787234042215 -1511.1496010638297776 -2599.3736702127657736 -3067.8437500000000000 -3526.3038563829786654 -3554.2121010638297776 -3312.9195478723404449 -2927.7865691489359961 -2489.7646276595746713 -2081.1196808510640039 -1600.8204787234042215
-476.1767441860465055 -235.7883720930232698 116.3488372093023315 587.1311627906976582 1228.8241860465116133 1775.5165116279069935 1788.7397674418605220 1309.6558139534884049 705.0148837209302428 214.2346511627906978 -62.2474418604651163 -153.3630232558139426 -156.4379069767441877 -127.6827906976744202 -88.1195348837209309 -46.9223255813953486 -28.7174418604651152 -24.2302325581395337 -12.1148837209302318 -2.2446511627906975 6.2967441860465119 17.0486046511627904 33.7965116279069733 62.7955813953488402
68.4403834631515906 83.9227082085080838 120.1198322348711827 220.5020970641102451 402.4793289394847307 763.1138406231276576 1415.0275614140202833 2463.0533253445178161 3978.4913121629720081 4990.6722588376269414 4350.4301977231871206 2152.2792091072496987 -494.0329538645895582 -2028.3139604553625759 -2534.0862792091070332 -2958.4128220491311367 -3094.4116237267826364 -2899.1426003594965550 -2582.0766926303176660 -2157.5704014379866749 -1740.9772318753744003 -1343.6908328340323351 -1000.2396644697423653 -637.0575194727381358
6864.5438871473352265 7180.5901253918491420 5787.8268025078368737 1139.0579937304075884 -3714.8252351097180508 -4550.3048589341697152 -4614.3338557993729410 -5095.1998432601876630 -5157.8064263322885381 -5209.9537617554860844 -4772.5094043887147564 -4447.0000000000000000 -4336.7750783699057138 -2732.9584639498434626 -131.5078369905956208 2458.1214733542319664 4389.7750783699057138 3600.6927899686520504 1593.1402821316614791 682.9020376175548108 353.3213166144200841 299.3824451410658298 277.0101880877742815 178.3918495297805578
236.1139240506329031 192.0283303194695463 158.0198915009041514 162.4490657022302571 174.0916214587100797 169.8884870403857690 182.1657625075346516 200.6359252561784103 263.4689572031344369 473.6986136226642543 753.9529837251355957 1405.7974683544302934 2322.6901748040986604 3828.7498493068114840 6182.3863773357443279 7046.5997588908985563 6296.3930078360453990 3109.9698613622663288 -2361.6732971669680410 -4593.9047619047614717 -4424.0916214587105060 -4840.2754671488846725 -4900.7004219409282086 -4898.3556359252561379
25.2228985507246364 32.4730434782608697 52.8426086956521743 65.1565217391304401 68.7217391304347842 81.0547826086956462 87.5275362318840564 70.3072463768115909 29.8921739130434787 -64.2646376811594138 -234.9678260869565349 -506.4150724637681265 -900.9765217391304759 -1393.7040579710144357 -1851.3353623188406800 -2055.2472463768117450 -1919.8762318840579155 -1566.1884057971014954 -1161.5559420289855552 -847.8692753623188310 -670.2400000000000091 -553.7971014492753739 -444.9240579710145198 -302.0799999999999841
1035.2342126298960920 1797.7042366107114049 2858.9064748201440125 4897.6163069544363680 6975.6954436450841968 7172.6626698641084658 5571.7202238209429197 776.3525179856114846 -3875.1542765787371536 -4579.4028776978420865 -4701.2797761790570803 -5127.7282174260590182 -5159.9808153477215455 -5214.1934452438053995 -4751.2829736211033378 -4482.4036770583534235 -4349.8968824940047853 -2629.3876898481216813 15.6650679456434858 2721.8441247002397176 4583.8009592326143320 3581.5691446842524783 1585.5587529976019141 678.9304556354916258
4979.4275244299669794 5436.1172638436482885 5741.0228013029318390 5949.5977198697064523 5891.0903908794789459 5349.2793159609118447 3554.0570032573291428 614.2003257328990458 -1826.0684039087948349 -3077.9128664495115117 -3120.5219869706838836 -2086.3281758957655256 -959.8460912052116782 -348.7850162866449750 -122.5285016286645003 -78.3387622149837171 -94.4804560260586328 -107.4389250814332257 -118.6400651465798006 -139.9185667752443010 -170.3542345276872823 -254.4934853420195395 -448.6864820846905673 -807.2353420195439639
-21.6680731364275658 -28.8742381622128441 -32.0203938115330544 -33.4928504453820892 -26.6186122831692451 -14.6744022503516174 -10.8624003750586038 -13.3901781528363806 -14.4108063759962501 -15.9606188466947962 -16.6245897796530713 -13.9880450070323494 -9.4043600562587901 0.3139943741209564 17.2744960150023452 39.8538443506797933 61.2981715893108330 49.4452648851383003 -38.7112048757618368 -269.4867557430848706 -675.3983825597749728 -1155.6511954992968185 -1555.0932958274729572 -1658.4735114861696275
236.6484133126934921 183.9082817337461222 62.8488777089783284 -223.8815789473684106 -753.9771671826625834 -1347.3475232198143203 -1629.0187693498451154 -1442.9129256965943569 -967.1122291021671344 -458.9496904024767900 -80.3612616099071175 105.7337461300309656 140.8705495356037147 110.0456656346749185 60.8976393188854459 25.4986455108359138 0.9272445820433437 -18.8674535603715157 -20.2310371517027860 -12.9508513931888540 -3.7693498452012384 -1.6317724458204335 -1.9518188854489165 19.6735681114551078
-1702.5100591715977316 -187.1928994082840347 946.0106508875740019 1729.8437869822485027 2441.5065088757396552 3078.0461538461536293 3595.7207100591717790 3924.3739644970414702 4051.2946745562130673 3998.2142011834321238 3746.4366863905324863 3343.9159763313609801 2745.3775147928995466 1815.4804733727810344 666.7301775147928993 -391.4319526627218693 -1103.7455621301774045 -1343.5065088757396552 -1168.5964497041420600 -839.1526627218935346 -552.5372781065088930 -328.2508875739645191 -189.0059171597632997 -128.2615384615384642
-217.7017592851158838 -240.0268081541468916 -259.1823512985199613 -228.8776877967048335 -92.9114772409941310 186.2485339290701063 667.2356883552080262 1330.0231778832728651 1893.6900307176765637 1962.3183468304941925 1394.1069533649817913 569.4607651493996627 -23.8539514102206098 -291.2566322256353146 -333.0807037140463649 -265.0700921530298615 -186.1192404356324914 -114.3990505445406285 -59.0698129014241857 -40.0932700363027053 -31.0815414688634455 -22.1415805640882439 -18.0603183468304955 -9.1714604858977946
134.9785841760856613 136.2790005948839962 155.1945270672218840 162.9030339083878687 183.1374182034503235 214.3723973825103997 282.4497323022010846 487.7632361689470599 774.9387269482450620 1431.5621653777513984 2350.1415823914335306 3893.9696609161214838 6246.0481856038068145 7072.1957168352173539 6261.6995835812012956 2963.2105889351578298 -2473.6234384295062227 -4605.1284949434857481 -4440.9220701963113243 -4873.2528256989889996 -4963.0232004759072879 -4991.0190362879238819 -4714.2153480071383456 -4209.8399762046401520
838.8796445880452666 1469.8675282714054902 2420.7762520193859928 3877.4030694668822434 5248.2722132471726582 5262.1163166397418536 3869.8150242326332773 948.9951534733440894 -2112.3481421647820753 -3208.4216478190628550 -3531.3933764135704223 -3982.0315024232631913 -4049.2035541195477890 -3857.6558966074312593 -3509.1704361873989910 -3133.1235864297254921 -2837.3844911147011771 -2506.5621970920838066 -1828.5557350565427441 -727.1437802907915966 489.8949919224555742 1484.1001615508885152 1827.1429725363489069 1494.5363489499193292
-28.9634607307853855 -16.7457650846983057 -16.1577768444631111 -21.8765224695506078 -28.3106537869242629 -32.3665126697466050 -32.9553408931821394 -26.8938821223575530 -15.0923981520369601 -0.5713285734285314 21.1224975500489975 44.6460870782584323 50.6627467450650997 21.8266834663306746 -67.6186476270474657 -266.2671146577068271 -596.3271734565308861 -981.9095618087637831 -1258.7928041439170102 -1282.5934481310373485 -1057.9174016519668839 -692.0795184096317598 -290.2372952540949314 -3.5286294274114516
-1095.4826347305388481 -519.8491017964072398 -134.0598802395209646 3.1652694610778442 -25.4670658682634716 -88.9029940119760482 -143.1748502994011858 -164.0011976047904056 -178.6107784431137588 -234.1389221556886184 -418.0862275449101730 -734.5652694610778326 -1323.6143712574851179 -2376.0826347305387571 -3962.1329341317364197 -6458.3485029940120512 -8558.0095808383230178 -7973.6514970059879488 -4301.3209580838320107 103.3365269461077816 2250.9017964071854294 3163.9293413173654699 4278.0598802395206803 4909.3808383233536006
371.0294117647058556 193.6803069053708555 -99.2544757033248146 -496.5204603580562548 -914.0530690537084411 -1313.8932225063938404 -1692.8196930946292014 -2040.5358056265984033 -2250.8171355498720914 -2205.0485933503837259 -1832.3312020460357417 -1059.7538363171354376 70.7736572890025570 1418.1010230179028895 2538.5127877237850953 2663.2039641943733841 1877.9328644501279086 1076.4776214833759695 569.8478260869565020 265.7723785166240305 121.1835038363171293 49.4271099744245532 10.5773657289002561 -5.8650895140664963
3440.1382886776145824 4414.1374243733798721 5161.0613656006917154 5573.6404494382022676 5804.9360414866032443 5949.2878133102849461 5898.3033707865170072 5336.9325842696625841 3485.1469317199653233 553.9965427830596809 -1912.5514261019879996 -3202.3673292999137630 -3186.1106309420915750 -2083.1797752808988662 -944.8323249783924211 -337.1045808124459882 -117.0976663785652505 -86.0008643042350940 -100.7104580812445960 -116.4762316335350079 -139.6767502160760728 -160.1866897147795896 -185.9878997407087411 -278.8323249783924211
-140.7797833935018161 -149.2936221419975880 -154.9494584837545119 -218.3501805054151532 -383.7436823104692962 -677.9157641395908058 -1202.4151624548735526 -2186.3140794223827470 -3684.3429602888086265 -6031.3020457280381379 -8353.2346570397112373 -8409.0348977135981841 -5371.5728038507822930 -866.9759326113116913 1965.2418772563175935 3043.5403128760531217 4179.0324909747296260 5023.5439229843559588 5430.2587244283995460 5699.1287605294828609 5844.0505415162451754 5929.0505415162451754 5503.6064981949457433 3832.5126353790615212
-4720.7058346839548904 -3660.9035656401943015 -1245.6531604538088231 1498.8257698541328864 4192.7698541329009458 4343.7974068071316651 2189.3160453808750390 842.4829821717989944 353.3249594813614181 201.8905996758508934 222.8865478119935233 174.3014586709886657 198.5542949756888049 229.5591572123176718 239.7779578606158850 237.2034035656402011 242.0016207455429367 337.8217179902755447 588.9286871961102179 1060.2293354943274153 1876.8962722852511433 3120.1985413290112774 5014.9611021069695198 6829.4797406807128937
4.7349617207437111 22.2336857455340855 40.2909223477943854 62.9803135253372233 68.1972293109733840 59.1246810061975907 56.9763033175355460 76.6693401385344515 96.4451330659861412 67.7152752460809353 17.3332118118847980 -30.3463361283266480 -68.3186292380605238 -82.5865840320816602 -137.1924899744805089 -275.5410134888807647 -543.5213270142180590 -1008.7750637987604705 -1678.8042289464090118 -2428.0397375136712981 -2875.8756835581480118 -2757.3966460080205252 -2132.6522056142907786 -1269.7575647101714367
2109.0132090132092344 3247.5761460761459603 3759.0889665889667413 2775.3512043512041600 1383.1118881118882200 575.2059052059051965 70.5112665112665127 -191.9992229992230079 -288.3970473970474018 -307.3329448329448610 -236.6484071484071592 -167.7894327894327944 -115.0672105672105658 -74.3908313908313943 -36.4914529914529879 -8.4735819735819735 11.2917637917637919 29.3900543900543916 44.7447552447552468 68.2571872571872547 72.5625485625485567 76.2665112665112730 121.0874125874125866 238.8986013986013859
-57.2104775150672253 -87.8664812239221078 -35.5419564209550316 11.4691701437181273 37.8785350023180314 44.0166898470097365 32.0788131664348626 17.6397774687065372 35.9026425591098715 62.8154844691701442 74.2800185442744549 92.1729253592953199 158.1214649976819544 307.5224849327769903 583.9290681502086500 1115.9248956884562176 1933.0361613351876713 3057.9332406119610823 4033.4172461752432355 3696.6124246638851218 2041.5076495132127548 252.9902642559110006 -956.5141400092721824 -1556.8632359758923940
5367.5104777870910766 5928.4383906119028325 6227.7896060352049972 5823.2782900251468163 3861.4870075440067012 633.6621961441743451 -1858.9488683989941364 -3068.7242246437554059 -3227.1550712489520265 -2289.7627829002512954 -1161.1399832355407398 -479.1844090528080642 -172.0645431684828282 -83.2523051131601051 -87.3847443419949741 -135.6730930427493718 -193.1433361274098957 -244.0905280804693973 -262.7225481978206290 -304.5414920368818343 -440.5012573344509406 -742.1802179379715199 -1285.4769488683989493 -2204.9538977367978987
-501.8736104935526896 -802.1661849710982324 -1067.8896176078258122 -1078.8632725655847935 -854.2177634504223533 -529.0115606936416270 -242.0708092485549230 -69.8592707870164560 2.0500222321031569 22.8024677634504229 21.1212761227212091 21.4290795909293017 27.8193641618497125 28.3812805691418397 33.2588928412627851 35.3590484659848840 28.6197198755002233 23.3859493108048007 18.1072698977323263 13.6632947976878611 12.5007781236104929 10.9026233881725219 9.3339261894175181 6.9367496665184527
57.0375083724045524 57.1714668452779620 66.2230408573342260 80.2779638312123183 93.6389819156061662 97.6075016744809147 115.2096450100468843 174.0281312793034090 318.5673141326188897 570.5820495646349855 1049.0837240455459778 1872.5298057602142308 3165.4105827193570804 4737.3449430676491829 5241.1152042866715419 3844.2022772940390496 1208.9223040857334581 -1255.2645679839249624 -2380.6088412592098393 -2830.4514400535836103 -3260.4876088412593163 -3315.4876088412593163 -3065.1922304085733231 -2697.3007367716008957
-30.8683948155533407 10.2701894317048854 54.3105682951146562 95.7442671984047848 121.0807577268195416 121.0209371884347007 76.3818544366899346 -62.7711864406779654 -277.7213359920239100 -504.1729810568294852 -748.5807577268195701 -1019.5902293120637978 -1333.5972083748754358 -1634.3574277168495428 -1780.3619142572283636 -1621.9032901296111504 -991.1181455633101223 102.0433698903290178 1304.9730807577268479 2106.6061814556333047 2171.3344965104683979 1668.0922233300100288 1095.8958125623130400 680.8823529411764639
-392.7931547619047592 -592.6860119047619264 -944.3988095238095184 -1610.1636904761903679 -2607.6994047619045887 -3937.2708333333334849 -5207.4508928571431170 -5338.4955357142853245 -3615.7842261904761472 -1030.5163690476190368 710.1755952380951840 1618.3705357142857792 2505.5446428571426623 3260.0357142857142208 3739.2053571428573377 3963.1592261904761472 3920.1547619047619264 3722.7008928571426623 3351.1979166666665151 2942.0907738095238528 2457.4732142857142208 1566.8988095238096321 534.9151785714285552 -314.7767857142857224
-5026.9409918392966574 -5284.8920276208409632 -5319.9322033898306472 -5062.6666666666669698 -4904.8662900188328422 -4326.4569993722534491 -2093.4582548650346325 823.1255492780916256 3638.1217827997488712 4878.2919020715635270 2993.2661644695544965 1022.8851224105461597 494.5674827369742843 215.6133082234777021 185.3590709353421175 189.8888888888888857 176.5386064030131763 235.3816698053986158 249.4444444444444571 240.7407407407407334 235.3264281230382835 291.1902071563088725 454.2780916509730105 762.1054613935970110
130.4031451036454712 198.5260900643316688 361.9142244460329039 637.5632594710507419 948.2480343102215556 1661.9864188706219466 2656.0064331665475947 4509.2973552537523574 6793.3037884203004069 7307.4596140100074990 6113.0979270907791943 1800.5125089349535301 -3388.4660471765546390 -4613.4832022873479218 -4604.2694781987129318 -5086.0035739814156841 -5175.0443173695493897 -5253.4503216583270842 -4852.1636883488208696 -4475.3581129378126207 -4346.2037169406721659 -2980.0157255182271001 -388.8784846318799282 2156.1929949964260231
1360.1217616580311187 -464.7467616580310619 -1812.4579015544040885 -2645.2053108808290744 -3426.0207253886010221 -3818.0479274611398068 -3740.1638601036270302 -3264.6677461139897787 -2526.4663212435234527 -1626.6528497409326519 -713.9825129533678592 -70.7415803108808348 274.9702072538860307 369.1930051813471323 270.6308290155440659 112.9106217616580352 13.6042746113989637 1.1107512953367875 21.5835492227979273 31.2577720207253869 45.7797927461139906 80.9863989637305650 92.7927461139896366 114.7875647668393810
-1833.8640897755610695 -1387.6446384039900295 -742.0935162094763200 -271.5386533665835600 -34.4538653366583532 -23.4912718204488762 -76.0174563591022405 -123.4763092269326705 -156.2182044887780421 -165.8316708229426411 -201.3029925187032347 -338.4650872817954905 -611.0798004987531158 -1058.0149625935162021 -1961.8566084788030821 -3344.0099750623439832 -5576.3578553615961937 -8138.9064837905234526 -8620.5286783042392926 -5853.8628428927677305 -1257.8815461346632674 1839.4052369077305684 2907.0947630922692042 3973.3753117206983916
16.3296760710553812 33.6201671891327081 41.4482758620689680 67.1431556948798374 143.9608150470219528 277.4874608150470294 478.9346917450365595 783.1562173458725056 1238.3923719958202128 1874.3908045977011625 2499.8260188087774623 2800.2011494252874400 2245.0940438871471088 762.0809822361546821 -649.2131661442006134 -1442.4346917450366163 -1783.1050156739811428 -1794.2439916405432996 -1635.8129571577846946 -1382.0313479623823696 -1083.1154649947752660 -779.7173458725183082 -499.1671891327063690 -271.8228840125391912
7030.2861685214629688 5707.2718600953894565 1071.7988871224165450 -3742.1104928457871210 -4568.1565977742448013 -4629.3195548489666180 -5083.5421303656594318 -5121.6709062003183135 -5148.7750397456284190 -4723.8696343402225466 -4422.7996820349762856 -4353.6184419713827083 -2786.6152623211446553 -174.1573926868044566 2435.5850556438790591 4484.6923688394272176 3777.3934817170111273 1658.2496025437201297 645.4952305246422384 287.6383147853736091 229.2384737678855231 222.3044515103338767 156.4117647058823479 178.9697933227344890
6272.8488830486203369 5527.4862023653085998 3259.6544021024965332 420.9053876478317875 -1796.3508541392905045 -3097.7910643889617859 -3102.3193166885675964 -2033.7161629434954193 -859.3232588699080452 -199.9198423127463968 -62.6530880420499372 -111.8620236530880447 -146.5124835742444134 -179.1116951379763407 -212.1222076215505865 -220.3337713534822626 -248.2575558475689945 -382.4415243101182682 -676.8107752956635750 -1283.6662286465177658 -2354.6911957950064789 -4073.4323258869908386 -6501.7398160315378846 -8278.1563731931673829
4888.7672209026131895 6913.3879651623119571 7108.2882026920033240 5582.4996041171816614 799.4243863816310522 -3877.1029295328580702 -4559.3887569279495438 -4670.8851939825808586 -5109.8376880443393020 -5147.1781472684087930 -5204.3974663499602684 -4760.1536025336499733 -4474.2874109263657374 -4370.1583531274745837 -2710.5566112430719841 -82.5771971496437089 2528.7315914489313400 4462.0530482977037536 3656.7838479809975070 1649.5170229612035655 695.8131433095803686 350.7474267616785255 308.2723673792557406 277.7616785431512199
-111.6286472148541122 -127.4575596816976173 -139.0397877984084971 -145.2533156498673748 -179.4283819628647336 -264.0809018567639441 -495.5663129973474952 -893.5901856763925935 -1671.5026525198938998 -2914.4509283819629673 -4851.1511936339520616 -7539.6472148541115530 -9020.1047745358082466 -7512.5570291777185048 -3271.9429708222810405 919.4177718832891060 2703.5928381962862659 3703.9482758620688401 4790.0610079575599229 5368.7108753315651484 5721.8169761273211407 5928.6007957559677379 6108.3010610079572871 6033.7214854111407476
-3908.8992700729927492 -4585.1591240875914082 -4317.3284671532846914 -2705.4116788321166496 -607.7854014598540289 793.5270072992700534 1663.8963503649636095 2529.2277372262774406 3300.7109489051094897 3851.6204379562045688 4195.7197080291971361 4311.6627737226281170 4235.3357664233581090 3955.3503649635035799 3467.2861313868611433 2756.3489051094888964 1674.9094890510948517 447.5547445255474486 -587.8583941605839982 -1246.7138686131386294 -1353.9693430656934652 -1090.4291970802919423 -753.8029197080292079 -481.7080291970802932
427.1309460887949285 869.5893234672304288 1237.4254756871036989 1236.4211152219872929 954.2161733615222374 613.6337209302325846 286.3767177589851940 68.8423625792811862 -6.2900369978858350 -23.8673361522198739 -25.2429968287526414 -21.1730972515856237 -14.5359408033826636 -8.3570295983086673 -6.4065803382663846 -4.0031712473572938 1.5380549682875264 7.9364429175475690 9.9088266384778017 13.4207188160676534 20.1579016913319222 27.3594080338266394 40.2247621564482003 66.8796247357293936
135.9263473053892142 168.7095808383233475 214.3155688622754553 345.7994011976047659 609.7197604790419518 925.1976047904191773 1636.3275449101795402 2616.5227544910180768 4383.7365269461079151 6545.3275449101793129 6970.1622754491017986 5820.9401197604793197 1768.7796407185628595 -3275.5694610778441529 -4504.6538922155687033 -4442.7197604790417245 -4915.4221556886232065 -4989.7940119760478410 -5037.5383233532929808 -4674.7395209580836308 -4305.2748502994008959 -4223.6790419161679893 -3163.4892215568861502 -990.9317365269461106
4449.7954164337616021 4793.3840134153160761 3930.8926774734486571 1671.0715483510341528 -797.3951928451648428 -2166.6394633873674138 -2768.0519843487982143 -2863.7166014533258931 -2438.7713806595861570 -1900.6288429290107160 -1389.0430408049189737 -913.8546674119619411 -512.8010061486863833 -211.5623253214086219 -96.2822806036892160 -118.3801006148686383 -149.1000558971492467 -150.1749580771380579 -121.7697037451089983 -99.1358300726662947 -93.8692006707657924 -127.6444941307993304 -204.6484069312465124 -335.3437674678591520
383.8776470588235270 225.3752941176470586 194.3111764705882365 164.2988235294117771 165.8805882352941126 175.0429411764705776 167.7652941176470449 178.9423529411764662 193.2958823529411632 248.1264705882352928 452.0941176470588516 724.0305882352940898 1356.8347058823528641 2262.7964705882354792 3731.9505882352941626 6100.5158823529409347 7061.1705882352944172 6341.0594117647060557 3197.1100000000001273 -2265.7876470588234952 -4570.6488235294118567 -4396.5076470588237498 -4790.5305882352940898 -4840.8852941176473905
5942.9097744360906290 1567.2255639097743369 -3578.2372598162073700 -4608.3015873015874604 -4602.1060985797830654 -5089.4661654135334174 -5110.6850459482038787 -5138.3876357560566248 -4725.1654135338349079 -4406.6098579782792513 -4347.6574770258985154 -2776.8796992481202324 -170.3416875522138696 2417.4778613199664505 4514.0451127819551402 3762.5054302422722685 1544.0334168755221071 571.6917293233083228 241.8045112781954913 177.7309941520467760 207.9197994987468689 162.0208855472013454 177.3467000835422027 188.9632414369256423
-2861.7705345501954071 -4612.2724902216423288 -7165.7079530638848155 -8809.3820078226854093 -7665.4693611473276178 -3813.8604954367665414 424.2372881355932464 2525.9465449804433774 3629.8591916558016237 4688.3937418513687589 5206.5723598435461099 5575.6479791395049688 5883.0443285528035631 6165.8539765319428625 6221.3363754889178381 5269.6805736636242727 2898.0299869621903781 47.6714471968709290 -2108.1225554106908930 -3244.1003911342895663 -3089.8748370273792716 -2023.7483702737940803 -1040.6805736636245001 -522.3220338983051079
35.5216152019002394 62.9985748218527348 82.9206650831353898 99.7619952494061693 112.5581947743467879 132.1016627078384715 187.2042755344417913 293.2460807600950261 473.3852731591449015 757.6864608076009517 1146.5059382422803083 1621.1178147268408338 2102.0275534441807395 2402.5904988123515977 2290.6821852731591207 1636.9657957244655790 631.5520190023753457 -328.7239904988123271 -1033.2156769596199410 -1482.0779097387173806 -1715.4389548693586676 -1763.8874109263658738 -1666.6014251781473376 -1452.0137767220903697
-3282.3701948393891143 -2838.3991574512901934 -1171.3644023170088531 715.4971037388098694 2835.8483412322275399 4503.1384939441813913 3061.2527646129542518 975.5750394944707296 492.7393364928909705 211.6819378620326404 100.4660347551342880 135.9594523433385973 115.0394944707740876 142.3559768299104746 117.3817798841495517 91.3928383359663030 76.0210637177461876 62.3638757240652950 72.7830437072143184 133.8857293312269690 227.7093206951026900 404.8746708794101892 694.1411269088994231 1158.6313849394418867
-8634.2380952380954113 -7819.0438596491230783 -4084.3283208020052371 191.8170426065162815 2345.2418546365915972 3433.4060150375939884 4602.8997493734332238 5279.3270676691727203 5651.0313283208024586 5883.3157894736841627 6031.8734335839599225 6040.7556390977442788 5263.9874686716793803 3114.2644110275687126 313.6240601503759535 -1905.1027568922306727 -3103.8784461152881704 -2987.7619047619045887 -1891.9072681704260503 -832.0187969924811568 -268.4498746867167824 -105.3170426065162957 -100.0526315789473699 -109.0162907268170471
674.0292353823087979 1024.7488755622189274 1777.2053973013494215 2826.5104947526237993 4847.0899550224885388 6931.8065967016491413 7149.5202398800602168 5609.8950524737629166 877.6521739130434980 -3828.3523238380807925 -4564.5892053973011571 -4653.7331334332830011 -5094.0172413793106898 -5137.2046476761615850 -5180.4842578710640737 -4716.7398800599703463 -4430.6881559220391864 -4297.5202398800602168 -2671.1469265367318258 -125.8583208395802160 2485.5022488755621453 4304.1071964017992286 3493.4362818590702773 1673.8935532233883805
2049.1146907216493673 109.4226804123711361 -1385.1713917525773923 -2212.0167525773194939 -2270.8466494845361012 -1547.1984536082475188 -695.5412371134020759 -189.4432989690721740 -53.1894329896907223 -76.7783505154639130 -103.6198453608247405 -138.8956185567010380 -169.9703608247422721 -193.9097938144329873 -212.5734536082474335 -327.2074742268041518 -585.0000000000000000 -1042.2474226804124555 -1934.8002577319587090 -3314.3775773195875445 -5586.3994845360821273 -8171.0451030927833926 -8753.2835051546389877 -6198.2087628865983788
-848.3771428571428714 -1416.7960248447204776 -1865.3386335403727116 -2131.7217391304347984 -2153.1426086956521431 -1892.7309316770185887 -1479.9818633540371593 -1073.0881987577640757 -750.2998757763974709 -548.4939130434783010 -412.2099378881987377 -294.3575155279502837 -198.5602484472049696 -110.7627329192546597 -43.8554037267080759 8.0549068322981370 68.1483229813664622 100.6963975155279485 96.8027329192546517 93.2504347826086928 74.4894409937888184 58.2568944099378854 51.0618633540372642 49.2250931677018642
-33.1572871572871577 -104.1847041847041879 -227.4213564213564212 -489.7243867243867044 -927.0735930735930879 -1723.2655122655123705 -2993.4531024531024741 -4912.4357864357862127 -7556.4891774891775640 -9010.7344877344876295 -7534.1327561327561853 -3416.9365079365079509 792.3261183261183760 2715.4949494949496511 3762.8210678210680271 4846.5367965367968281 5389.7922077922075914 5714.2236652236651935 5962.2395382395379784 6170.9466089466086487 6208.2712842712844576 5159.8037518037517657 2550.6450216450216431 -271.4949494949494806
62.0351493848857629 134.7387229056824935 285.3016988869361512 542.1739894551844827 1012.4176918570591397 1822.6900995899238751 2967.9156414762742315 4067.0497949619216342 4023.7065026362038225 2358.2343292325717812 246.3977738722905713 -1169.1236086701815111 -1885.2595196250731533 -2295.0234329232571326 -2451.2999414176920254 -2302.5336848271822419 -1993.1253661394259780 -1610.4704159343878018 -1203.0515524311658737 -826.9302870533099394 -549.2442882249561080 -397.9226713532513031 -288.6895137668424240 -92.0339777387229105
-886.6015239802778751 -1097.6759300761989380 -1288.0654415060510019 -1461.5437023756162489 -1598.3532048408785613 -1570.8951142985208662 -1243.5580457194082555 -582.9704168534289010 401.9995517705065140 1575.6575526669655574 2529.4298520842671678 2447.9610040340653541 1458.1869116987897996 725.0712684894666609 394.0022411474674868 197.3635141192290519 126.1196772747646833 50.0376512774540529 17.8843567906768257 19.9632451815329439 15.9045271178843564 25.1268489466606901 43.9067682653518574 99.9009412819363547
-1278.5502183406113090 -2322.9068413391555623 -3779.1135371179038884 -6024.7554585152838627 -8439.0043668122270901 -8798.5531295487635361 -6094.3842794759821118 -1524.2736535662299957 1863.5764192139738498 3255.1353711790393390 4350.0320232896656307 5106.5007278020375452 5443.0422125181949013 5800.1906841339159655 6172.2328966521108669 6469.7962154294027641 6142.5764192139740771 4279.5312954876271760 1228.5021834061135451 -1445.5924308588064378 -3164.5705967976709871 -3604.0742358078600773 -2717.7467248908296824 -1530.8427947598254377
26.5818850691361170 27.3918558924267401 22.4116453126982123 10.4670810605099582 7.0820753520233417 -1.4688570341240645 -8.9301027527591010 -11.4597234555372314 -9.7977927185081821 -3.9193200558163137 1.0677407078523404 2.8204998097171128 5.2615755423062289 7.8982620829633392 12.5627299251553985 22.6043384498287452 33.9276925028542422 68.9094253456805745 151.5846758848154252 315.8631231764556446 587.0432576430292784 943.4836990993276231 1312.1123937587212822 1488.3625523277939919
-2364.2870304748403214 80.2409638554216826 2967.2572643515236450 4853.4507441530831784 3483.4174344436569299 1314.0999291282778358 525.0403968816442557 217.1020552799433005 181.1105598866052446 188.5825655563430132 155.3727852586817733 198.4720056697377686 212.2133238837703857 211.9029057406094978 195.0885896527285581 208.1793054571226094 317.0248051027639917 562.9489723600283924 1028.5988660524451461 1796.2466335931962931 3054.5570517363571525 4957.0510276399718350 6701.3281360737064460 6750.0815024805106077
-1236.0732394366198150 -1971.7549295774647362 -3016.5028169014085506 -4269.4619718309859309 -5180.3380281690142510 -4693.5126760563380230 -2676.2591549295775621 -453.5873239436619997 927.1323943661972180 1812.5676056338027138 2711.4816901408448757 3452.2478873239438144 3918.6507042253520012 4163.6591549295771983 4161.1366197183097029 3960.7154929577463918 3553.4690140845068527 2977.6760563380280473 2283.7915492957745300 1276.6802816901408733 157.2535211267605746 -671.6760563380281610 -1125.1619718309859763 -1137.2042253521126440
1763.5408805031447628 2800.3899371069182962 4838.8796046720572122 7065.0161725067382577 7341.1087151841866216 5843.6765498652293900 1123.0790655884995886 -3782.8706199460916650 -4631.2434860736748305 -4724.9155435759212196 -5183.9964061096134174 -5217.4339622641509777 -5282.8589398023359536 -4808.5085354896673380 -4506.1275831087150436 -4355.4815813117702419 -2540.9910152740339981 219.4600179694519397 2966.5840071877805713 4710.0278526504944239 3429.7070979335130687 1356.6927223719676476 597.5283018867924056 340.4824797843666033
106.7973597359736004 126.6270627062706211 164.8495049504950600 225.0448844884488437 354.0613861386138410 600.4013201320132112 889.0607260726072809 1594.4759075907591068 2559.1603960396041657 4283.8785478547852108 6633.3577557755779708 7221.3894389438946746 6150.4468646864688708 2262.9953795379537951 -3086.2943894389441084 -4647.9445544554455410 -4517.5788778877886216 -4987.2943894389436537 -5095.9333333333333940 -5196.9854785478546546 -4881.5564356435643276 -4464.7155115511550321 -4375.8957095709574787 -3263.5221122112211560
-3768.0170454545454959 -4086.8437500000000000 -4173.9467329545450411 -3912.9012784090909918 -3514.0205965909090082 -3157.4112215909090082 -2815.3068181818180165 -2620.8366477272725206 -1664.9488636363637397 -178.1512784090909065 1201.0546875000000000 3286.1001420454545041 3722.4154829545454959 1876.2848011363637397 786.0227272727272521 404.0497159090909349 149.3927556818181870 159.2443181818181870 101.1683238636363598 84.4311079545454533 85.0767045454545467 71.0667613636363598 67.3046875000000000 55.1768465909090935
-454.2231520223152188 -897.1994421199442513 -1723.9790794979080601 -2989.3668061366806796 -4823.5843793584381274 -7408.9288702928870407 -8923.1827057182708813 -7557.0097629009760567 -3611.5564853556484195 558.1952580195257951 2613.5062761506274001 3759.3835425383540496 4837.7224546722454761 5297.5648535564851045 5608.5788005578797311 5926.7182705718269062 6261.2050209205017381 6379.9149232914924141 5351.3821478382151327 2764.7224546722454761 -163.4365411436541251 -2300.9623430962342354 -3413.6387726638772619 -3159.1129707112972937
-2888.1268498942918086 -3848.3481324876674989 -3940.5320648343904395 -4160.0514446793513343 -4106.0338266384778763 -3842.4594785059903188 -3537.8104298801972618 -3255.2346723044397550 -3128.9372797744890704 -2798.3361522198729290 -1598.7533474277661298 -202.1691331923890118 1219.0732910500353228 2778.8040873854829442 2955.7223396758281524 1868.7723749119097647 972.8949964763918388 514.8083157152924514 284.9309372797744686 167.5440451021846400 121.5694150810429903 112.5454545454545467 105.3530655391120519 101.2487667371388369
50.7366440933032337 106.4462001504890907 171.4785553047404107 229.8081264108352286 276.8164033107599948 303.4416854778028778 243.4544770504138569 111.6245297215951808 -9.8239277652370198 -88.8186606471030871 -144.6410835214446990 -240.4702784048156445 -422.5199398043641850 -735.0120391271632343 -1255.9721595184348644 -2026.8209179834461793 -2970.7765237020316818 -3742.5146726862303694 -3945.5402558314522139 -3499.4371708051166934 -2455.1211437170804857 -1124.9187358916478843 -8.9097065462753946 781.8788562829195143
192.4116652578190951 267.6610312764158834 451.5697379543533430 740.4150464919695196 1320.6830092983939267 2181.6728655959423122 3529.2992392223159186 5259.0329670329674627 5756.3947590870666318 4750.0312764158916252 2023.5697379543532861 -1782.4699915469145708 -3449.1462383770076485 -3610.4378698224850268 -4092.4218089602704822 -4257.8934911242604358 -4117.5071851225693536 -3807.1631445477601119 -3371.2755705832628337 -3070.9239222316145970 -2774.1081994928149470 -2070.8064243448857269 -1000.6458157227388028 370.1259509721048175
-2631.7436489607389376 -2383.8244803695151859 -2156.7080831408775339 -1337.6069284064665226 -54.6508083140877616 1270.1496535796766238 3306.5501154734411102 3843.1866050808312139 2047.4831408775980890 852.5062355658199067 465.5866050808314185 182.2300230946882209 158.1404157043880048 105.1390300230946906 71.7635103926097031 64.3958429561200916 52.4896073903002289 53.4965357967667430 39.9228637413394907 46.5399538106235582 77.5538106235565863 129.7926096997690593 224.6286374133949266 397.1274826789838244
1421.8986599664990536 -3418.2721943048577486 -4510.7981574539362555 -4513.5762144053605880 -5048.4882747068677418 -5176.4757118927973352 -5253.6273031825794533 -4906.1591289782245440 -4592.7420435510885000 -4532.9807370184253159 -3026.4882747068677418 -299.3978224455611326 2474.5678391959800138 4674.5125628140704066 4020.3534338358458626 1742.6105527638189869 649.3140703517588008 256.0611390284757363 151.7026800670016655 182.7922948073701832 158.6457286432160743 194.1708542713567738 209.3199329983249584 211.0971524288107162
4406.9987937273826901 2968.0096501809407528 1312.2002412545234620 620.6718938480096313 255.9975874547647834 220.1351025331724998 177.8455971049457105 167.2364294330518817 203.9203860072376244 203.6381182147165134 213.8190591073582709 211.3558504221954024 264.2195416164053086 479.6924004825090719 784.1652593486128353 1504.6670687575392549 2478.2110977080819794 4175.0747889022923118 6754.2870928829916011 7642.2786489746686129 6565.5693606755130531 2648.1242460796138403 -2976.7961399276236989 -4828.6996381182143523
-3046.5774647887324136 -3672.3591549295774712 -3971.0314192849405117 -3959.1208017334779470 -3587.0173347778982134 -2970.5086673889491067 -2059.6614301191766572 -1072.8954496208016280 -343.3445287107259105 56.7849404117009726 146.6533044420368412 94.6570964247020612 50.3510292524377050 10.0942578548212349 2.1278439869989167 35.8044420368364058 65.8829902491874293 99.3938244853737842 123.8380281690140805 122.9182015167930615 127.0557963163597037 137.9907908992416026 149.5920910075839743 170.6321776814734505
312.7946096654275152 394.3169144981412728 436.1598513011152249 393.9609665427509526 285.2936802973977706 171.1301115241635671 57.7072490706319670 -57.7741635687732327 -240.8206319702602229 -560.0566914498141387 -986.0027881040891771 -1556.9851301115240858 -2333.2091078066914633 -3186.8262081784387192 -3837.8568773234201217 -3947.3252788104091451 -3345.7239776951673775 -2210.1208178438660070 -913.9470260223048399 273.3763940520445885 1387.6598513011151681 2367.2323420074349087 2828.8801115241635671 2715.9721189591077746
200.4208021753908895 164.9102651257647949 162.4343983684568400 175.9279401767504964 176.1611148878314168 191.6770904146838745 212.0047586675730713 268.6383412644459554 480.0000000000000000 764.9673691366417643 1428.2372535690005861 2362.3976886471787111 3879.3834126444594403 6283.1434398368455732 7195.7743031951049488 6489.1210061182864592 3251.8286879673692056 -2440.5152957171990238 -4759.2372535690010409 -4533.5479265805570321 -4949.1930659415365881 -5025.6995241332424484 -5063.0210740992524734 -4794.2746430999322911
-46.8074669345387591 -42.4391428093085565 -36.0718232044198928 -33.3028628829733790 -32.4346224677716393 -36.4381382889670178 -38.5677214130252821 -36.7101958814665963 -36.5945086221329348 -43.4033149171270694 -57.7426753725096233 -67.3437133768625529 -55.3063787041687576 9.8876611418047879 149.2685417713042000 369.1528545119705313 666.8371002846140527 962.7627657793403841 1146.4177130420223421 1129.7751548635526433 893.4532060940900919 504.4694458396115806 65.7034990791896831 -222.5511468273899141
2870.9414519906322312 4904.1451990632322122 6963.4910226385636633 7137.0226385636224222 5567.5644028103042729 795.4761904761904816 -3880.1069476971115364 -4562.9234972677595579 -4662.0429352068695152 -5103.6487119437942965 -5134.3130366900859372 -5187.5300546448088426 -4730.4402810304445666 -4443.9141295862609695 -4308.4800936768151587 -2615.6424668227946313 -12.6393442622950811 2605.5714285714284415 4437.0257611241213453 3512.9765807962530744 1562.4855581576894110 655.0679156908664709 325.0796252927400474 306.1725214676034170
641.4383438343834314 2493.6552655265527392 3475.1008100810081487 4459.1656165616559520 5128.4464446444644636 5484.3375337533752827 5709.5553555355536446 5806.2961296129615221 5729.5481548154812117 5086.5562556255626987 3154.8289828982897234 405.1242124212421345 -1829.1692169216921684 -3080.8802880288030792 -3035.5769576957695790 -1969.9972997299730650 -913.0405040504050476 -318.5148514851485402 -115.4572457245724593 -87.9414941494149360 -87.5535553555355506 -105.7083708370837059 -131.1665166516651766 -143.6777677767776709
-178.4469273743016799 -263.2290502793296127 -368.2039106145251139 -520.0935754189944191 -784.5125698324022778 -1283.5488826815642369 -2127.9874301675977222 -3248.3924581005585424 -4477.1787709497202741 -5092.7374301675981769 -4118.9581005586587708 -1965.1019553072626422 -55.9064245810055880 1067.2807262569831437 1944.9944134078211846 2806.7863128491621865 3449.9888268156423692 3852.7960893854747155 4022.1759776536314348 3960.4092178770947612 3658.3407821229052388 3229.9902234636870162 2757.7779329608938497 2024.9511173184357631
-135.6508785332314631 -433.1634835752482786 -525.9022154316271553 -497.0443086325439026 -345.6890756302520913 -152.0443086325439310 -32.1650114591291043 17.8189457601222294 26.1886936592818955 20.8907563025210088 11.0229182582123766 -2.8296409472880062 -26.3743315508021396 -58.0962566844919763 -88.6233766233766289 -117.0550038197096967 -172.9129106187929779 -326.5951107715813464 -621.8135981665393501 -1227.2780748663101349 -2215.7960275019099754 -3598.2169595110772207 -5228.0939648586709154 -5900.3697478991598473
5169.5307629204262412 4097.7547169811323329 1451.5996718621820492 -1732.8146021328957431 -3189.0082034454471795 -3515.8187038556193329 -3948.1558654634945924 -4120.7809680065629436 -3976.5586546349468335 -3658.8433141919604168 -3295.8720262510255452 -3010.2912223133716907 -2734.8014766201804377 -2122.8613617719443027 -1015.3092698933552356 201.1566858080393843 1333.8359310910582280 2046.4643150123051782 1870.3404429860540858 1251.4298605414273879 784.8941755537325662 471.6915504511895278 255.4716981132075375 162.7506152584085442
-51.9580615097856509 3.7157502329916121 68.5237651444547993 122.4841565703634672 133.4615563839701906 76.9100652376514375 -102.1143988816402555 -533.7546598322460341 -1190.5542870456663422 -1644.9508387698042498 -1579.4732059645853042 -1116.3401677539609409 -518.3306150978564801 -11.9699440820130469 268.9983690587138767 316.5566169617893593 231.5538210624417559 122.1404939422180860 33.5908667287977636 -20.8133737185461314 -51.9899813606710168 -55.3280521901211557 -39.7092264678471594 -19.7719012115563828
804.1279069767441570 431.8228454172366355 251.9753761969904247 209.4815321477428256 176.0834473324213434 174.0212038303693589 180.6142270861833197 173.8597811217510127 185.9952120383036913 198.9432284541723561 253.8495212038303634 467.3563611491107963 743.7311901504788239 1392.6675786593707471 2324.3720930232557293 3825.5636114911080767 6233.2660738714093895 7211.5704514363887938 6576.2250341997259966 3369.5745554035565874 -2382.2482900136797070 -4775.5930232558139323 -4544.7441860465114587 -4916.6067031463744570
361.7457943925233508 47.6454828660436149 69.5838006230529658 92.0778816199376990 122.8099688473520246 107.4654205607476598 83.2598130841121531 98.6367601246105892 96.5246105919003128 101.6080996884735157 117.2118380062305363 138.9831775700934600 191.0504672897196201 339.6517133956386374 561.3445482866043221 999.7975077881619654 1770.5950155763239309 2963.2112149532708827 4962.2242990654203822 6306.2635514018693357 5916.5738317757013647 3530.3632398753893540 -864.4778816199376479 -3469.5214953271029117
51.1796246648793556 7.1866621983914207 63.9242627345844525 55.7714477211796265 -35.7104557640750642 -86.9691689008042914 -69.8498659517426290 -15.7603887399463805 36.1638739946380667 53.5626675603217137 47.7298927613941046 32.3468498659517394 17.7597184986595167 16.1769436997319040 25.1266756032171585 46.5693699731903479 72.9148793565683633 149.4142091152814942 296.6920241286863416 602.9101876675603080 1222.6122654155497003 2155.0683646112602219 3566.0613270777480466 4556.1896782841822642
-5806.2968036529682649 -8288.2070015220706409 -8919.5296803652963717 -6431.5646879756468479 -1803.3774733637746976 1745.6925418569253452 3183.2633181126329873 4307.9726027397264261 5121.3378995433786258 5490.2557077625569946 5843.5418569254188697 6164.1826484018265546 6388.9345509893455528 6108.9223744292239644 4434.8401826484014236 1434.9893455098933828 -1288.1095890410958873 -3031.7458143074582040 -3555.1248097412481002 -2722.1004566210044686 -1494.9665144596651771 -674.0974124809740715 -338.2754946727549736 -232.8203957382039562
59.3791987049777390 31.7227842978551209 40.9550789154188593 52.5042492917847028 86.5402670983407489 102.1873735329826047 50.3966005665722392 -108.9635774989882577 -426.9939295831646859 -972.0380412788344984 -1776.7859166329421896 -2502.4492108458111943 -2674.5313638203156188 -2263.8757588021044285 -1564.7551598543100226 -866.6604613516794871 -362.0056657223796037 -103.1978955888304341 -16.6139214892755973 -28.2557668959935242 -70.0165924726831292 -84.9198704977741841 -104.1367867260218532 -105.1088628085795165
2641.0125925925926822 3659.0962962962962592 2802.5014814814812780 1332.3325925925926185 522.6429629629629972 237.4029629629629596 119.1014814814814855 105.3155555555555623 94.3007407407407356 93.4177777777777720 93.9777777777777743 85.6400000000000006 81.4785185185185128 62.0851851851851819 61.2074074074074090 93.9022222222222211 155.4992592592592473 294.9525925925925662 549.2251851851851825 1001.3977777777778329 1747.2888888888887777 2935.0096296296296714 4484.9881481481479568 5281.5266666666666424
728.0079957356076648 341.4243070362473418 123.5437100213219566 30.0954157782515992 -32.3832622601279283 -12.9642857142857135 8.0234541577825151 29.3987206823027734 42.8214285714285694 40.2361407249466936 43.4616204690831580 44.8400852878464846 56.1316631130063968 98.4307036247334821 154.4413646055436971 235.1220682302771934 397.5069296375266390 680.8411513859275601 1225.0533049040511742 2120.5980810234541423 3583.6791044776118724 5447.0437100213221129 6281.5218550106610564 5052.5607675906185250
-4193.7012888551935248 -4130.6269901440482499 -3821.5451099317665467 -3521.1379833206974581 -3075.3912054586808154 -2869.4920394238060908 -2196.2539802880969546 -542.5936315390447362 825.3593631539044964 3006.5026535253978182 4396.0083396512509353 2528.9128127369217509 858.4109173616376438 488.2911296436694215 182.4526156178923486 153.0000000000000000 118.1675511751326724 94.6459438968915805 99.8741470811220609 77.3199393479908963 80.6080363912054594 68.4700530705079586 69.1015921152388159 97.2714177407126641
-0.1118800461361015 -2.4763552479815454 2.2981545559400232 11.9821222606689730 30.8166089965397916 63.0305651672433669 94.7445213379469493 117.7001153402537454 149.4382929642445106 240.5253748558246798 413.2041522491349497 725.1943483275663311 1337.4844290657440524 2268.0974625144176571 3659.4567474048444637 4827.5726643598618466 4331.1222606689734675 2351.3471741637831656 78.9054209919261780 -1504.2560553633218206 -2198.0599769319492225 -2668.7266435986157376 -2941.3068050749711801 -2857.7474048442904859
1398.7006335797254906 2260.7270327349524450 3399.8558606124602193 4141.3189017951426649 3769.0036958817318009 2235.4656810982046409 135.7935586061246056 -1448.3035902851108858 -2238.4450897571277892 -2715.8854276663146265 -2890.8431890179513175 -2699.9065469904962811 -2322.7592397043295023 -1860.9208025343189092 -1334.6752903907074597 -842.5121436114044400 -494.3215417106652581 -297.2903907074973517 -163.9588173178458419 -24.5163674762407595 40.2565997888067599 67.9086589229144693 141.5902851108764651 175.3590285110876437
2.7981888745148771 -78.8392626131953449 -107.8958602846054333 -119.0413971539456668 -97.8997412677878458 -63.5947606727037495 -27.6445666235446303 -9.4757438551099611 3.2574385510996118 30.0339586028460559 66.3984476067270322 118.0152005174644216 186.5003234152651999 271.3845407503234242 391.2056921086675061 571.2063389391979626 860.0401034928848958 1284.4631306597671028 1842.2018111254851647 2545.1539456662353587 3072.0320181112547289 2949.5042043984476550 2145.5498059508408915 1000.1138421733505766
-369.3316770186335134 -64.9440993788819867 -26.1478260869565204 -75.5167701863354068 -117.3478260869565162 -153.2931677018633536 -163.6757763975155342 -197.7937888198757719 -291.8683229813664752 -528.4086956521739467 -922.6509316770186615 -1700.2981366459628134 -2943.3888198757763348 -4922.8571428571431170 -7608.4062111801240462 -8873.1813664596265880 -6956.4670807453412635 -2511.8608695652173992 1274.1627329192547222 2671.1167701863355433 3683.5838509316768068 4701.8708074534160914 5161.3627329192549951 5446.4745341614907375
-0.9095894964267908 22.8220043210902439 44.9262090742895097 71.6592986538141901 100.4527173009805523 134.6165863387070090 183.2660794415821783 252.6549775635698722 362.1470832640850972 532.0496925378095057 760.5172012630879408 983.9124148246634149 1077.1798238324747672 1002.6012963270733280 801.4387568555758889 516.4058500914077285 262.6290510221040222 120.6571381086920383 64.0752866877181333 54.8952966594648473 62.8376267242812006 67.9916902110686436 59.5185308293169371 36.3009805550939006
-205.2931937172774894 -435.7702152414194074 -645.6992437463641181 -831.2344386271088297 -974.4171029668411848 -1126.6265270506107754 -1311.1652123327517074 -1392.9424083769633853 -1249.2431646305992672 -735.9930191972076727 189.9435718440954020 1473.8726003490401126 2901.7707969749853874 3242.9162303664920728 2029.8487492728329471 806.2641070389761353 291.8126817917394078 88.8981966259453174 47.8057009889470592 37.5578824898196615 27.7801047120418865 37.4118673647469464 51.5293775450843512 70.7219313554392102
403.3535269709543627 175.4082987551867348 -68.2634854771784205 -351.2585062240663660 -722.7352697095435587 -1191.9759336099584743 -1785.7414937759335771 -2340.4734439834023760 -2537.7717842323650075 -2375.6630705394190954 -1997.5336099585063039 -1519.6896265560164920 -1116.0618257261410236 -815.5373443983402240 -596.2867219917012562 -445.7078838174273869 -320.2381742738589310 -222.8759336099585084 -143.1738589211618375 -71.7892116182572551 -16.6813278008298767 37.6858921161825720 98.0000000000000000 166.4406639004149326
282.3701657458563545 547.8250460405156446 1037.5193370165745819 1880.5003069367710395 3120.0178023327193841 4290.8974831184777941 4276.6095764272558881 2572.7255985267033793 233.0190300798035707 -1374.0386740331491637 -2085.2664211172500472 -2451.6273787599752723 -2576.0491098833640535 -2393.7489257213014753 -2041.0165745856354533 -1606.9582565991406682 -1152.8882750153468351 -732.8004910988336178 -458.0963781461019266 -397.9705340699815679 -367.3806015960711875 -221.5046040515653658 -89.2909760589318608 3.6488643339472069
3831.1658676893575830 4164.7171620325980257 2345.2790028763183727 1002.5675934803451810 423.6625119846596590 178.5915627996164972 186.1025886864813117 144.9271332694151511 160.5637583892617499 186.7804410354745812 187.9069990412272375 189.3672099712368038 179.9022051773729629 224.5503355704697981 423.8130393096836315 712.6922339405560933 1360.2617449664428477 2266.1371045062319354 3808.1045062320231409 6295.4937679769891474 7348.5062320230108526 6478.7842761265583249 3118.9894534995205504 -2119.5244487056565958
-3833.2302955665022637 -4488.7949507389166683 -4708.4519704433496372 -5137.0394088669954726 -5319.9926108374384057 -5286.4759852216748186 -4986.2185960591132243 -4805.9538177339900358 -4369.0701970443351456 -2342.3756157635466479 522.4371921182265623 3192.2075123152708329 4764.6650246305416658 3465.2210591133002708 1284.7641625615763132 485.5018472906403986 235.2068965517241281 174.6120689655172384 188.8897783251231601 166.4316502463054235 204.1736453201970392 225.0467980295566406 227.1908866995073879 228.0116995073891530
-1514.5038126361655486 -67.4847494553376919 1717.1486928104575327 3983.9270152505446276 4278.6644880174289938 1912.6427015250544628 481.2189542483660034 253.3382352941176521 29.8485838779956438 40.2331154684095864 36.2559912854030486 31.6612200435729854 55.3409586056644898 41.0855119825708073 38.2837690631808272 24.5152505446623081 11.1029411764705888 16.3698257080610006 56.2412854030501066 126.3687363834422683 247.4046840958605742 459.9498910675381467 746.2565359477124503 1251.3044662309368960
1.6101213359594704 2.0421779383419527 1.7895842768819186 0.9668037664704086 0.5683120398554923 0.6311286772063238 0.7645271373350326 0.7585103693795224 0.7135333831878075 0.6513118397354202 0.5015746289879190 0.4429552468323099 0.5677985738811708 0.9262267887048018 1.1348493306510221 0.7925966105979377 0.1163540229400798 -0.7648352169196254 -1.7826459033314725 -2.5321982663282179 -2.7110977112583341 -2.6246906038359858 -3.0081627924122896 -3.9876399523924881
-85.0130718954248437 -29.0705194358445134 6.3336773305813550 8.7822497420020635 11.6718266253869967 14.4396284829721360 22.9370485036119724 38.9129686962504309 49.8981768145854829 83.8593051255589899 164.6130030959752446 315.3952528379772957 600.1995184038527213 1044.2287581699347356 1645.4148606811145328 2256.3722050223595943 2449.3047815617474043 1964.8703130374956345 1085.2091503267974986 290.6608187134502828 -203.1651186790505790 -457.1929824561403279 -598.6250429996559888 -701.0526315789473983
1508.6397394136806724 2132.2501628664495001 2598.8097719869706452 2931.9270358306189337 3087.5615635179151468 3058.3276872964170252 2766.2625407166124205 2255.2377850162865798 1667.8039087947881853 1102.1648208469055135 610.5009771986971145 183.3335504885993430 -164.1407166123778438 -358.1231270358306347 -419.4097719869706680 -402.2345276872964064 -320.6449511400651318 -229.2736156351791408 -157.0319218241042449 -122.1237785016286637 -116.8736156351791493 -136.4586319218240931 -191.1420195439739302 -238.7381107491856653
401.3202011735121459 691.6068734283319372 1045.0704107292540357 1804.3914501257333995 2863.9304274937135233 4904.9547359597654577 7028.3646269907794704 7224.1668063704946690 5633.2053646269905585 906.4702430846605239 -3835.9522212908632355 -4626.1056160938805988 -4711.2740989103103857 -5149.2045264040234542 -5203.8038558256494071 -5272.1701592623639954 -4815.7133277451803224 -4548.6077116512988141 -4420.0880134115677720 -2666.4870075440067012 40.3654652137468588 2784.1014249790446229 4631.9362950544846171 3642.2204526404025273
40.5172832019405718 56.6355366889023628 67.3311097634930320 75.8211036992116476 92.9933292904790818 129.7865372953305041 229.4087325651910305 419.6943602183141024 781.9114614918132702 1438.1224984839295757 2470.4906003638570837 3964.8198908429349103 4954.0424499696782732 4315.2171012734988835 2290.4160097028502605 -275.2886597938144178 -1958.2692540933899181 -2540.0624620982412125 -2999.0800485142508478 -3208.9345057610671574 -3058.6585809581565627 -2771.7083080654942933 -2368.0090964220739806 -1948.7101273499090439
2479.7535650623885886 1935.1339126559714714 814.4639037433155409 160.5597147950089152 -109.9955436720142643 -148.1301247771835961 -106.7938948306595393 -78.9249108734402824 -53.5989304812834249 -36.3308823529411740 -14.6392602495543667 -8.5523618538324424 -14.7277183600713020 -5.3524955436720143 6.5298573975044567 12.7219251336898402 24.6702317290552600 30.3197415329768276 35.9819518716577562 45.7749554367201412 56.6085115864527637 80.3277629233511590 115.4389483065953641 177.7502228163992868
-37.0179992653361083 -42.4970001224439784 -55.6776049957144608 -69.8203746785845425 -81.1214644300232663 -95.6520142035018921 -112.8436390351414218 -136.2446430757928226 -175.5871188931064069 -248.0562017876821415 -370.1839108607811681 -525.6351169340026672 -694.1361577078486107 -821.5792824782662365 -822.5110811803599518 -696.6359740418758975 -500.7868250275499236 -295.9002081547691887 -142.3462715807518180 -52.8849026570344094 -15.0057548671482799 -11.6249540835067950 -20.4117791110566920 -22.3389249418391103
1978.6090452261305472 3147.0180904522612764 4824.4180904522609126 5663.1105527638192143 5070.4562814070350214 2853.9266331658291165 -1051.7356783919597092 -3428.9165829145727002 -3685.1658291457288215 -4034.0412060301505335 -4285.7628140703518511 -4242.0381909547741088 -4051.3557788944722233 -3688.2683417085427209 -3475.6050251256283445 -3346.1869346733669772 -2757.0613065326633659 -1482.1366834170853508 117.5688442211055218 1715.6703517587939132 2743.2713567839196003 2457.4814070351758346 1449.9557788944723598 822.0381909547738815
-6474.9433139534885413 -2044.8575581395348308 1639.9883720930231448 2986.1700581395348308 4062.4055232558139323 5093.5421511627910149 5554.8081395348835940 5870.8997093023253910 6075.2470930232557293 6185.2325581395352856 5946.8706395348835940 4500.2659883720925791 1683.7776162790696617 -1107.0276162790696617 -2901.2296511627905602 -3414.8851744186044925 -2603.6468023255815751 -1328.7514534883721353 -463.2325581395348877 -132.5043604651162923 -75.2456395348837219 -94.9985465116279073 -122.5130813953488342 -148.1497093023255900
1847.2153558052434619 -1206.4157303370786849 -3035.7191011235954647 -3437.3005617977528345 -3795.0290262172284201 -4040.2986891385767194 -4012.1825842696630389 -3813.6647940074908547 -3538.0608614232210130 -3358.2593632958801209 -3242.0299625468164777 -2776.9353932584267568 -1592.2743445692883597 -116.6788389513108655 1371.6601123595505669 2708.6685393258426302 2851.1320224719102043 1860.5430711610486014 1021.0552434456928950 588.6151685393258504 309.1423220973782691 187.8782771535580594 151.8202247191011338 128.5486891385767763
-76.5017667844523004 -81.4440518256772634 -107.8998822143698533 -135.8398115429917539 -176.6478209658421576 -201.4687868080094120 -246.1401648998822225 -395.7915194346289809 -671.7561837455830300 -1181.0058892815077343 -2138.9587750294463149 -3605.6513545347465879 -5951.6101295641929028 -8275.7856301531210192 -8357.9917550058889901 -5302.3309776207306641 -742.8244994110718835 2013.2485276796230664 3003.3733804475855322 4122.9375736160191082 4949.1943462897525023 5339.0718492343930848 5575.6042402826851685 5644.0612485276797088
1636.6353820598005768 3937.3812292358802551 4191.9908637873750195 2233.6993355481727122 840.4925249169434665 362.2583056478405297 171.4460132890365571 192.0755813953488484 158.0847176079734311 165.7142857142857224 194.4593023255814046 191.2990033222591251 183.7516611295681059 173.3421926910299078 211.6395348837209269 382.0838870431893497 663.8571428571428896 1230.7200996677740932 2095.2450166112957959 3468.5257475083058125 5788.4302325581393234 7281.0847176079732890 6747.7026578073091514 4085.1976744186044925
503.1078947368421268 450.6407894736842081 381.9506578947368212 249.6335526315789366 -48.7315789473684191 -464.3342105263158146 -882.7657894736842081 -1280.3842105263158828 -1652.1309210526314928 -2004.6473684210525334 -2280.6401315789471482 -2379.7085526315790958 -2200.4901315789475120 -1552.9730263157894115 -468.2703947368420927 827.6605263157895251 2052.2394736842106795 2629.6197368421053397 2280.6473684210527608 1490.0421052631579641 810.9592105263158146 390.2335526315789593 178.9401315789473585 105.8592105263157919
3797.1739799846036476 4996.9114703618170097 4949.9207082371058277 3514.9761354888373717 741.9030023094687749 -1979.5396458814473135 -2973.2994611239414553 -3360.6497305619709550 -3841.4757505773673074 -3925.8129330254041633 -3752.4372594303308688 -3430.4849884526556707 -3075.4495765973824746 -2781.5904541955351306 -2437.3225558121630456 -1734.1000769822940129 -647.9584295612008873 463.5150115473441019 1410.5688991531947067 1796.4872979214781026 1476.5612009237875100 996.9330254041570925 640.2386451116243506 379.2525019245573503
-76.0809090909090884 -73.8409090909090935 -61.4868181818181796 -41.6318181818181827 -11.6886363636363644 23.3981818181818184 40.3486363636363663 46.7731818181818184 58.6790909090909096 34.1227272727272748 -59.4604545454545459 -187.9272727272727366 -341.0722727272727184 -582.4418181818182347 -921.0440909090908690 -1373.3399999999999181 -1830.3150000000000546 -1999.0754545454544768 -1664.4340909090908553 -719.9349999999999454 517.5668181818182347 1448.1427272727273703 1804.9168181818181438 1650.8704545454545496
325.1406610299769682 548.1268255188316516 939.1913912375096061 1641.8385857033051707 2709.9139123750960607 4294.1783243658719584 5466.3927747886236830 5201.6894696387398653 3470.5564950038433381 121.6056879323597286 -2675.4404304381246220 -3372.0830130668714446 -3719.2313604919290810 -4099.2697924673329908 -4071.3843197540354595 -3834.0899308224443303 -3427.2244427363566501 -3040.6126056879325006 -2726.2198308993083629 -2260.4373558800921273 -1393.5411222136817742 -240.7202152190622542 888.5549577248270907 1659.3658724058416283
120.7201695941853359 138.2749848576620195 148.1144760751059835 177.1035735917625686 217.0890369473046633 314.7092671108418926 533.9600242277407460 823.1441550575408428 1524.8328285887341735 2474.8885523924896006 4100.8764385221074917 6424.1465778316169235 7128.1774682010900506 6196.0205935796484482 2586.1804966686854641 -2800.5178679588129853 -4635.6923076923076223 -4480.4633555420959965 -4907.9842519685034858 -4992.9273167777100753 -5056.9139915202904376 -4755.3615990308899200 -4310.5499697153236411 -4210.6723198061781659
-306.9203233256350813 -1311.3729792147805711 -1797.0600461893764077 -1596.5173210161663064 -986.1812933025404391 -421.3140877598152656 -98.2644341801385650 -17.3325635103926103 -54.8833718244803705 -108.5866050808314043 -140.5288683602771300 -158.7032332563510408 -190.9330254041570356 -239.3025404157043852 -410.6697459584295871 -722.6905311778291434 -1299.6131639722864293 -2314.7748267898382437 -3887.1882217090069389 -6351.7321016166279151 -8369.9826789838334662 -7788.4411085450346945 -4319.5461893764431807 -232.0450346420323342
1106.9675467546753680 510.4592959295929404 287.3492849284928639 180.3861386138613909 167.7750275027502767 147.1017601760175921 153.1083608360836195 163.4114411441144057 156.2398239823982351 163.8833883388338961 179.0588558855885708 236.5462046204620492 436.0484048404840678 706.9845984598459836 1323.4389438943894675 2226.6765676567656556 3690.6265126512653296 6022.8058305830581958 6982.1606160616065608 6192.8993399339933603 3102.1116611661163915 -2095.8558855885589765 -4345.7079207920787667 -4216.8663366336631952
-4438.5132370637784334 -4853.2172081829121453 -5210.2695547533094214 -5351.5162454873643583 -5223.4199759326111234 -4945.7135980746088535 -4773.1347773766547107 -3548.8231046931409765 -828.7394705174488081 1990.5517448856799092 4363.1913357400726454 4362.1522262334538027 2024.0463297232249715 659.1805054151624290 328.9253910950661748 142.2496991576414018 179.7785800240673950 168.7605294825511351 197.6468110709988082 232.8501805054151532 226.9819494584837685 229.6209386281588536 251.4873646209386209 347.1371841155234392
-2920.9553820412716050 -2817.4467373117681745 -2626.4166201896264283 -2436.3853876185162335 -2139.1466815393196157 -1045.5778025655326928 166.0814277746792982 1815.9269380925823043 3708.8717233686556938 3202.5281650864471885 1472.6687116564417011 715.1210262130507544 343.7473508087005030 185.2710540992749486 139.2437255995538123 65.1751254880089306 68.3948689347462420 58.5571667596207490 52.3948689347462349 50.0574456218627972 40.3686558839933056 57.8204127161182342 100.2526491912994970 188.2771890686001086
202.4564705882353053 384.8886274509803798 667.7505882352941171 1020.4462745098039704 1778.5419607843136873 2839.0305882352940898 4846.7866666666668607 6963.8000000000001819 7222.7019607843139966 5680.9772549019608050 1008.4619607843137601 -3726.2494117647056555 -4584.0823529411763957 -4702.0658823529411166 -5132.8760784313726617 -5181.0290196078431109 -5250.2541176470585924 -4791.5850980392160636 -4504.4047058823525731 -4359.4023529411761047 -2674.3827450980393223 -17.4478431372549032 2772.0313725490195793 4555.0039215686274474
4945.1106623586429123 3409.1050080775444258 -70.8529886914378011 -2137.9281098546043722 -2575.3392568659128301 -2510.6768982229400535 -1935.8231017770597191 -1307.7382875605815116 -834.1663974151857701 -489.5605815831987115 -272.9151857835217925 -156.0145395799677033 -185.9281098546042017 -296.8683360258481230 -361.3424878836833614 -325.3667205169628573 -242.1954765751211767 -174.9474959612277871 -126.6946688206785154 -125.6914378029079131 -166.3497576736671988 -226.5767366720517089 -339.3134087237479548 -523.5533117932149025
-30.4444444444444429 -321.3251028806584486 -651.3004115226337944 -1242.2578875171468553 -2259.1124828532238098 -3743.2482853223596067 -6056.5912208504796581 -8471.7338820301774831 -8741.5308641975316277 -5905.1001371742113406 -1340.5185185185184764 1888.3347050754457541 3200.3292181069959952 4316.0781893004113954 5093.2537722908091382 5428.7434842249658686 5757.4938271604942202 6059.1687242798352599 6305.6748971193419493 5955.1893004115227086 4081.7901234567902975 1171.8875171467764176 -1349.4183813443073632 -2985.2524005486966416
27.9152644230769234 6.4921875000000000 -3.2812500000000000 -1.6748798076923077 6.4362980769230766 27.6370192307692299 55.1448317307692335 82.5889423076923066 99.9399038461538396 120.3786057692307736 171.8040865384615472 302.2265625000000000 525.5294471153846416 959.6045673076922640 1698.5600961538461888 2871.3251201923076223 4491.0462740384618883 5155.6304086538457341 3839.7674278846152447 1426.1820913461538112 -879.4741586538461888 -2103.5210336538461888 -2564.9525240384614335 -2963.9062500000000000
84.0139771283354548 -59.8284625158831034 -151.8005082592121937 -188.9186785260482964 -201.2770012706480429 -273.9466327827191776 -468.2617534942820612 -791.8221092757306678 -1330.0000000000000000 -2148.9707750952984497 -3215.9517153748411147 -4318.7179161372296221 -4723.6556543837359641 -3822.8030495552729917 -2021.5806861499363549 -314.1842439644218530 828.6391359593392281 1778.4942820838627995 2700.0292249047015503 3369.6531130876746829 3696.0368487928844843 3692.5628970775096604 3452.7306226175351185 3026.6912325285898078
-2182.2678254700249454 -1663.1997162114225830 -671.6539553032990852 16.1055338772614398 274.2795317488470914 244.8245831855267909 146.2766938630720119 83.2685349414686016 43.1165306846399403 6.3082653423199719 -17.7213550904576103 -17.4083008158921615 -5.6647747428166015 10.7805959560127711 19.7495565803476403 18.4865200425682872 16.6892515076268175 12.8070237672933658 7.2765164952110677 6.5154310039020933 7.4689606243348710 11.8930471798510116 24.8912735012415745 51.2740333451578607
472.8417218543046374 171.1556291390728575 150.7807947019867640 123.1582781456953626 92.6112582781456979 83.4774834437086071 66.7609271523178762 58.2377483443708641 63.0933774834437102 75.6251655629139066 90.0298013245033104 112.5192052980132473 142.0079470198675438 180.7629139072847693 304.3993377483443510 515.7801324503311662 898.6735099337748807 1631.9430463576159127 2736.6046357615891793 4638.0953642384101840 6326.9033112582783360 6232.0874172185431235 4084.4456953642384178 192.8688741721854285
-5201.6725815684030749 -5165.1637092157989173 -4932.1997710360619749 -4739.2839152833430489 -3448.7979393245564097 -743.2844876931883391 2043.2255294791070810 4327.6021751574126029 4268.5935890097307492 2073.8952489982825682 778.5752718946765754 399.9679450486548262 181.4132799084144381 177.2175157412707449 159.4510589582140767 208.5632512879221565 253.9879793932455527 237.4825414997137898 210.1991986262163721 203.0108757870635259 270.5815684029765293 455.2919290211791576 789.7349742415569835 1316.8723526044648224
-5078.2445573294626229 -4970.7206095790998006 -4605.9622641509431560 -2664.9927431059504670 239.2213352685050722 3163.7242380261250219 4895.5740203193035995 3490.2670537010158114 1284.2140783744557666 532.2525399129173138 247.6378809869376028 176.1291727140783792 190.8838896952104562 173.5188679245283083 239.7329462989840465 261.7380261248185889 247.4941944847605271 227.1828737300435535 253.0856313497822896 386.0805515239477472 674.0029027576197223 1184.0174165457183335 1980.4658925979681499 3218.1509433962264666
