38.8212258796821814 59.3257661748013589 73.5919409761634569 76.0959137343927381 68.5822928490351842 56.1271282633371200 43.5295119182746859 31.0771850170261068 19.9608399545970485 10.8303064699205454 3.4602724177071509 -2.3564131668558455 -6.5527809307604992 -9.2247446083995452 -10.3535754824063559 -9.8933030646992055 -8.4381384790011342 -6.6140749148694669 -4.8796821793416569 -3.4063564131668560 -2.2309875141884223 -1.4279228149829739 -0.8694665153234961 -0.4449489216799092
-3.8094701240135289 -1.8387824126268320 -0.8686583990980834 0.0507328072153326 0.7096956031567080 0.9436302142051860 1.1685456595264938 1.2243517474633596 1.2074408117249154 1.4165727170236753 1.5349492671927847 1.6860202931228860 2.3139797068771140 1.8511837655016912 2.9842164599774521 2.3906426155580607 3.0822998872604286 4.6544532130777903 2.4419391206313414 43.1956031567080032 109.1803833145434055 127.9323562570462229 119.6031567080045050 106.7542277339346128
115.7144067796610187 139.7550847457627015 144.3305084745762770 138.3186440677966118 152.7491525423728831 152.9644067796610045 161.9305084745762713 189.8016949152542452 12.8364406779661024 -185.0389830508474631 -173.1245762711864415 -165.5864406779660953 -173.6855932203389727 -163.5211864406779796 -170.0491525423728945 -166.6584745762711748 -166.7542372881355845 -166.7389830508474518 -166.1050847457627242 -169.1610169491525539 -170.0516949152542452 -166.4296610169491544 -162.2864406779661124 -157.9805084745762827
101.8019017432646649 120.9128367670364526 122.9746434231378771 121.3581616481775001 124.3629160063391481 132.4881141045958657 141.9936608557844693 153.0190174326465922 159.1331220285261452 132.3470681458003071 75.3803486529318576 -5.3312202852614901 -99.3518225039619693 -157.9540412044374023 -171.8320126782884358 -170.8748019017432682 -139.3486529318541898 -56.0824088748018994 34.1822503961965154 104.2456418383518155 156.2361331220285194 171.2599049128367596 162.6862123613312292 151.2599049128367596
-2.6233097394525204 -2.6810005835045794 -2.7333891468148259 -2.7657863358449402 -2.7801963619757974 -2.7948093462211734 -2.7967628180734203 -2.7943273206991908 -2.8029530405662531 -2.8062003703985590 -2.8238069868330924 -2.8627749448207624 -2.8925083085978129 -2.9128294898140394 -2.9158231220031965 -2.8981911358043484 -2.8775655174163433 -2.8618362635411119 -2.8565086130349848 -2.8511048532359133 -2.8419717380825533 -2.8378110967349115 -2.8238069868330924 -2.8548849481188321
-161.3762254901960773 -167.5220588235294201 -171.5906862745098067 -172.6372549019607732 -172.6985294117646959 -172.3382352941176521 -172.3345588235294201 -171.5833333333333428 -171.8750000000000000 -173.2340686274509665 -147.4485294117646959 -70.8786764705882320 33.4644607843137223 110.0428921568627487 128.6274509803921546 121.7463235294117680 124.7316176470588260 139.0588235294117680 147.1678921568627345 165.8223039215686185 160.5674019607843093 15.9840686274509807 -150.7536764705882320 -175.9350490196078454
3.7239958805355302 3.4902162718846550 3.3141091658084449 3.1040164778578783 2.9618949536560248 2.7703398558187438 2.4469618949536560 2.0041194644696190 0.9083419155509783 -0.6385169927909372 -3.5767250257466530 -10.5087538619979401 -27.1483007209062812 -62.0545829042224497 -101.4809474768280069 -125.8012358393408903 -116.3192584963954630 -60.2863027806385148 -9.7363542739443876 1.4933058702368691 2.5036045314109168 1.4768280123583934 -2.1822863027806387 -5.4181256436663237
4.6891975308641971 5.3654320987654325 5.9262345679012345 6.5521604938271603 6.9697530864197530 6.9638888888888886 6.6509259259259261 5.7947530864197532 4.1706790123456789 2.1820987654320989 0.0990740740740741 -2.3493827160493828 -5.1441358024691359 -8.0725308641975317 -11.2620370370370377 -14.4197530864197532 -17.1250000000000000 -19.2055555555555557 -20.2077160493827144 -20.1944444444444429 -18.7330246913580254 -16.0774691358024704 -13.0916666666666668 -9.8907407407407408
2.5236860864493553 2.4804938111593544 2.4211327846542674 2.3564577797939212 2.2725682068563282 2.1813881148337764 2.0663599248266475 1.9287797291167130 1.7801179443976411 1.6040114056120796 1.4188322208541249 1.2420776359276779 1.0732940185341195 0.9233037392262329 0.7997861447735078 0.6830730348000777 0.5850560559911866 0.5299721340159419 0.4866502494977643 0.4563864947184240 0.4276456483701639 0.3925863521482730 0.3502041345343789 0.2266217354675653
146.8590029761904816 153.9747023809523796 151.1659226190476204 149.0703125000000000 150.3069196428571388 151.9045758928571388 152.1512276785714164 150.0835193452381020 148.5066964285714164 147.5794270833333428 146.9707961309523796 146.3417038690476204 145.0455729166666572 143.0930059523809632 141.4216889880952408 140.4306175595237960 140.3869047619047592 141.1930803571428612 140.0213913690476204 139.8277529761904816 141.3072916666666572 144.1709449404762040 148.5319940476190368 142.7492559523809632
117.1689059500959758 141.6353166986564247 156.6333973128598984 117.9289827255278311 57.1209213051823426 -3.6890595009596927 -74.9155470249520192 -137.2437619961612256 -169.5412667946257272 -172.4894433781190060 -170.4357005758157300 -172.6928982725527817 -172.3973128598848348 -172.2399232245681446 -173.9059500959693025 -151.3339731285988421 -100.7677543186180458 -38.0268714011516309 27.4088291746641062 81.0134357005758119 131.3416506717850325 154.1036468330134426 145.9596928982725501 139.9117082533589382
-162.3436185133239746 -165.1683029453015479 -170.9789621318373065 -170.4417952314165632 -169.9733520336605750 -176.2524544179523218 -96.9887798036465654 29.1626928471248235 98.9060308555399672 127.6984572230013981 128.0603085553997289 135.4908835904628290 145.9831697054698338 164.4179523141654897 153.8302945301542763 -1.7208976157082749 -159.4263674614305728 -176.3534361851332335 -165.9438990182328268 -169.5063113604488194 -164.5427769985974749 -165.1781206171108067 -162.4726507713884871 -155.4375876577840074
1.0978809283551967 -0.1463168516649849 -4.6548940464177599 -13.4803229061553989 -32.3935418768920300 -69.0211907164480323 -106.8264379414732588 -127.6649848637739666 -114.5983854692230040 -58.7578203834510617 -9.8082744702320888 2.3612512613521695 3.2502522704339052 1.0302724520686175 -2.9646821392532794 -6.2411705348133202 -9.2169525731584265 -9.9838546922300715 -9.0363269424823418 -5.6922300706357216 -2.1130171543895058 0.1675075681130171 1.7628657921291624 2.5247225025227045
67.2244683644001100 67.6332370700971381 67.9446048831714364 68.2186925702284128 68.4639012864268892 68.7051719611446572 68.8957731688107060 69.0777106852192162 69.3092675242845928 69.5093200315043305 69.6810186400630016 69.8020477815699678 69.7624048306642095 69.6810186400630016 69.5649776844316108 69.4389603570490976 69.5156208978734611 69.3454975059070620 68.7734313468101846 68.2599107377264431 67.9574691520084002 68.0178524547125249 67.9551063271199780 67.2522971908637430
-172.0838557993730547 -140.6708463949843235 -24.7437304075235112 104.7797805642633193 174.8910658307210042 169.1065830721003067 164.8683385579937237 168.8808777429466943 166.3040752351097069 168.8252351097178803 167.7053291536050210 167.7139498432601954 167.0775862068965409 166.0125391849529706 165.0062695924764853 163.7264890282131660 162.3424764890282006 159.9874608150470294 158.8550156739811996 157.0909090909090935 153.5344827586206975 147.8268025078369874 139.4749216300940304 131.2351097178683403
26.7903459705821412 26.9241765071472976 27.1429459291485387 27.4420965402941803 27.7878599544230376 28.1723637870312835 28.5757199088460752 28.9950279676817892 29.4058421379738952 29.7497410399834266 30.0128444168220412 30.2053035011394257 30.3722809198259789 30.5301429459291498 30.6212968717630005 30.6664594986534063 30.7219805262067531 30.7603066086596222 30.7025067329604298 30.5423658587114133 30.3563289828050564 30.1029625025896017 29.8011187072715984 29.5550031075202000
-42.0617870722433480 -77.5275665399239529 -111.7538022813688201 -127.3041825095057078 -109.8764258555133040 -51.6121673003802286 -6.1397338403041823 0.3127376425855513 1.0180608365019010 0.0589353612167300 -3.8060836501901139 -6.6425855513307983 -9.8146387832699613 -10.3555133079847916 -8.6530418250950571 -5.4096958174904941 -2.5038022813688214 -0.2747148288973384 1.3887832699619771 2.4562737642585550 3.8517110266159698 4.7633079847908748 4.9524714828897336 4.6844106463878328
-32.3699999999999974 -32.9271875000000023 -33.3387499999999974 -33.6559375000000003 -33.8584375000000009 -33.9353125000000020 -33.9662500000000023 -33.9862499999999983 -33.9731250000000031 -33.8862499999999969 -33.7531249999999972 -33.6290625000000034 -33.5178124999999980 -33.4312499999999986 -33.3428125000000009 -33.2312500000000028 -33.0953124999999986 -32.9450000000000003 -32.7881250000000009 -32.6409374999999997 -32.4915625000000006 -32.3759374999999991 -32.2740624999999994 -32.0031249999999972
2.9155509783728117 2.7229660144181258 2.4222451081359422 1.9670442842430484 0.9917610710607621 -0.3192584963954686 -2.7003089598352212 -9.2389289392378995 -24.0772399588053538 -56.7085478887744614 -98.3480947476828078 -123.2770339855818804 -118.8856848609680696 -69.6663233779608646 -10.0926879505664271 5.6930998970133881 3.0030895983522141 2.7373841400617920 -1.7837281153450051 -4.9691040164778579 -8.2183316168898042 -10.1894953656024718 -9.3326467559217310 -6.9886714727085479
1.6025492468134415 1.9073001158748553 2.0480880648899187 2.1147161066048668 2.4721900347624564 2.8395133256083431 2.8974507531865585 3.3476245654692933 3.6465816917728855 3.3847045191193512 4.5822711471610660 4.4600231749710311 8.5463499420625730 16.2966396292004632 31.7259559675550413 79.0307068366164600 123.0069524913093915 128.0202780996523870 118.6471610660486675 103.9055619930475132 85.3366164542294285 65.5411355735805330 43.4119351100811102 25.3563151796060247
-2.7739938080495357 -1.6842105263157894 1.2848297213622291 3.1733746130030958 3.4613003095975232 4.3436532507739942 4.3281733746130033 3.2507739938080493 2.4148606811145510 2.6501547987616099 2.6006191950464395 1.4643962848297214 2.5975232198142413 2.4582043343653250 4.1950464396284826 2.3900928792569660 -5.3684210526315788 -2.7647058823529411 -22.1981424148606798 -35.2972136222910251 -98.1795665634674890 -155.4365325077399405 23.3467492260061924 148.1083591331269247
41.3497178226834166 41.5121063171308933 41.6424540324048778 41.7573275077371164 41.8723830329510278 41.9745130165665401 42.0780993992353913 42.1876934279992710 42.2799927180047348 42.3779355543418887 42.4800655379574010 42.5603495357728008 42.6098671035863816 42.6054979064263577 42.5457855452393972 42.4387402148188571 42.2781722191880576 42.0981248862188266 41.9035135627161850 41.6606590205716358 41.4025122883670136 41.1470963043874036 40.8776624795193868 40.5993082104496636
2.6689520078354554 2.2086190009794318 1.0940254652301664 -0.8031341821743389 -3.8501469147894221 -10.6797257590597461 -27.9294809010773761 -61.9373163565132216 -101.4221351616062634 -125.2556317335945124 -115.7551420176297796 -66.5749265426052830 -13.9706170421155722 4.0039177277179236 2.9461312438785505 1.4378060724779629 -2.1772771792360430 -5.8873653281096967 -8.6601371204701270 -10.1332027424094022 -9.2899118511263463 -6.3614103819784527 -3.4897159647404505 -1.6904995102840352
146.5628415300546408 156.5519125683060224 164.8743169398907185 145.4098360655737565 83.0109289617486326 -0.9781420765027322 -85.4699453551912569 -145.4153005464480941 -170.4699453551912427 -153.1584699453551934 -107.5355191256830665 -49.4316939890710358 22.6120218579234979 86.1311475409836049 143.7431693989070993 169.5956284153005527 139.1639344262295026 82.9398907103825138 7.7978142076502737 -61.6557377049180317 -122.0983606557377072 -168.5846994535519059 -176.6939890710382599 -172.5355191256830665
-164.6315049226441545 -167.2587904360056257 -168.8860759493670969 -172.5597749648382546 -171.0225035161743961 -175.3614627285513450 -166.6132208157524701 -86.8565400843881861 51.2095639943741219 135.3459915611814210 127.8129395218002884 117.7454289732770718 122.8874824191279913 133.3248945147679194 145.2911392405063395 158.9338959212377063 171.3586497890295277 66.8171589310829859 -109.0815752461322035 -175.3924050632911360 -166.8537271448663830 -166.1125175808720087 -161.1392405063291164 -154.9493670886076018
127.3251783893985731 158.1274209989806252 155.0387359836901169 148.3720693170234313 146.6727828746177238 147.2477064220183536 148.9898063200815557 153.5453618756370986 159.2884811416921593 158.9969418960244525 185.7737003058103937 104.8899082568807302 -104.0652395514780864 -185.5555555555555429 -166.8980632008154998 -173.1345565749235504 -170.6921508664627822 -169.0795107033639226 -170.1783893985728753 -166.9694189602446386 -167.3700305810397424 -166.1987767584097924 -161.8766564729867525 -155.8419979612640134
-164.8662420382165692 -171.7436305732483959 -171.4187898089172108 -123.0079617834394838 -49.0350318471337587 64.5318471337579638 159.4315286624203907 153.3773885350318551 137.6544585987261087 138.7213375796178241 137.3980891719745330 142.3757961783439612 147.7611464968152859 154.4156050955413946 154.0987261146496792 172.5238853503184657 137.5207006369426779 19.5254777070063703 -68.4426751592356624 -123.5031847133758021 -160.2181528662420362 -163.6656050955413946 -158.3773885350318551 -145.9601910828025382
-171.0306365094287457 -171.0792180501022983 -170.8823204114361545 -170.9918155173367325 -170.8778134159155115 -170.9553724492617448 -170.9655477520323075 -171.0023779240170256 -171.0452635071614225 -171.0484985898357593 -171.0637338937123388 -171.0604158602001803 -171.0597522534977486 -171.0624343305867399 -171.0508765138527849 -171.0633744400818443 -171.0438809931980302 -171.0471437261516314 -171.0679090858817801 -171.0076867776364509 -171.1286843997124265 -170.9845434938892765 -171.1809434275286321 -171.0651440579549956
8.0530131850122917 8.0537084398976990 8.0246567179003296 7.9842077818886104 7.9386685868944458 7.8980706676929957 7.8455540933131376 7.7819879323616314 7.7185707545998561 7.6515283192213142 7.5890298711295410 7.5286916792888539 7.4717801008119586 7.4147443696769546 7.3579072827949243 7.3035035880118198 7.2434881930822135 7.1865269535420753 7.1275544409405809 7.0720085417028775 7.0173813721351772 6.9614878454547711 6.8981203287562387 6.8337099297295953
-152.9859681945743546 -172.0430308699719433 -172.9700654817586667 -172.0626753975678298 -171.3124415341440567 -169.2834424695977589 -180.6314312441534184 -143.9083255378858723 -28.2413470533208617 108.2544434050514468 175.6389148737137589 165.4742750233863546 161.0551917680074894 162.6183348924228369 159.8624883068288227 162.1468662301216170 161.0692235734331064 161.5397567820392908 161.2142188961646525 161.2909260991580993 161.5986903648269504 166.8288119738072908 161.7539756782039149 134.3030869971936454
-160.0014025245441758 -163.2692847124824596 -168.3029453015427634 -169.1949509116409445 -169.1136044880785505 -169.2917251051893288 -170.0575035063113489 -169.5820476858345103 -168.8302945301542763 -170.1472650771388544 -166.4502103786816178 -171.4670406732117840 -140.6086956521739069 -36.4726507713885013 58.5105189340813467 118.9523141654978957 149.2762973352033669 118.6661991584852700 47.5932678821879378 -64.8232819074333833 -164.1178120617110778 -175.6395511921458592 -165.1472650771388544 -165.7531556802244097
3.5946617008069524 3.9267535692116700 4.7901924270639356 6.0850403476101800 9.2892613283674734 15.1874612042209804 24.4394785847299829 41.6617008069522043 62.0173805090006240 73.4369956548727458 71.4463066418373671 60.5921787709497224 47.9342023587833665 35.2538795779019267 23.3711980136561159 13.6219739292364999 5.6350093109869643 -0.7392923649906891 -5.5710738671632525 -8.9118559900682808 -10.6542520173805091 -10.8597144630664175 -9.8261949099937933 -8.0614525139664810
-137.2814516129032256 -161.8080645161290363 -170.2782258064516157 -181.6024193548387018 -140.7072580645161395 -19.9798387096774199 107.8387096774193594 173.8532258064516043 169.4104838709677381 164.3499999999999943 167.5056451612903174 164.9927419354838776 166.9177419354838605 166.2588709677419274 166.6814516129032313 166.3516129032257993 165.5104838709677324 164.6830645161290363 163.5161290322580783 161.6564516129032256 160.6137096774193651 160.2451612903225850 151.2572580645161224 135.7491935483870975
139.5287128712871265 152.7940594059406010 162.4732673267326675 157.1871287128712993 152.1782178217821695 152.0178217821782312 151.4841584158415912 150.9217821782178248 148.6356435643564282 148.7524752475247567 149.2564356435643447 152.0653465346534574 158.5267326732673325 159.9792079207920779 174.0841584158415856 158.9683168316831825 30.9960396039603978 -128.2960396039603950 -181.6455445544554550 -170.5465346534653577 -171.1128712871287121 -173.2366336633663479 -166.3831683168316715 -148.8702970297029822
-160.6803441429516965 -164.9338186631370036 -168.4956982131039069 -169.8788881535407143 -169.8510919920582296 -170.1369953673064117 -169.6551952349437329 -168.8001323626737360 -169.0787557908669783 -170.7776307081402933 -171.1151555261416206 -170.3395102581072251 -170.7180675049636136 -169.0661813368629964 -172.6889477167438827 -168.5486432825942984 -171.8166776968894851 -174.1078755790867092 -164.6393117140966353 -189.7081403044341528 -70.8994043679682306 138.6803441429516965 158.7511581733951118 126.8510919920582438
-0.2253605769230769 1.2247596153846154 1.9489182692307692 2.2854567307692308 2.5631009615384617 2.6081730769230771 2.8479567307692308 3.0931490384615383 3.0793269230769229 2.9549278846153846 3.2109375000000000 3.8395432692307692 4.0450721153846150 5.1231971153846150 4.7103365384615383 7.4717548076923075 13.0192307692307701 26.0540865384615401 73.3479567307692264 120.8503605769230802 128.4627403846153868 120.8407451923076934 107.6460336538461604 89.3996394230769198
-0.0608108108108108 1.5405405405405406 2.8378378378378377 2.8986486486486487 1.9932432432432432 2.1587837837837838 1.4425675675675675 0.5777027027027027 0.8851351351351351 0.3952702702702703 0.0472972972972973 0.7905405405405406 0.1790540540540541 2.8513513513513513 -2.9358108108108110 -3.4459459459459461 -17.0878378378378386 -37.3986486486486456 -65.2770270270270316 -159.9358108108108070 -67.6520270270270316 139.1587837837837753 120.9932432432432421 73.0000000000000000
7.7159171487217764 7.6997200970330288 7.7146855756671018 7.8128008956894943 7.9362567643217021 8.0801642097406230 8.2606829632394110 8.4431796977047959 8.6430304161224107 8.8530696025377864 9.0634073521179328 9.2913230080238858 9.5468184362754247 9.8083224482179503 10.0546743795484232 10.2812091808173172 10.5042358649001688 10.6726628102257877 10.7588356036573991 10.7751072961373389 10.7504385146482555 10.7247994028736713 10.6870311625303227 10.7694719164023134
-9.9365066751430380 -10.3105530832803556 -10.6499523204068662 -10.9388111888111883 -11.1940559440559433 -11.4795772409408769 -11.6807851239669418 -11.7780514939605840 -11.8214399237126511 -11.8467101080737436 -11.8625238397965678 -11.8364589955499042 -11.7530197075651621 -11.6106961220597587 -11.4505721551176105 -11.2793229497774945 -11.1122059758423397 -10.9833916083916083 -10.8295454545454550 -10.6908773045136680 -10.5876509853782572 -10.4892720915448194 -10.4356325492689130 -10.3764303877940236
12.8904990757855824 12.9137892791127538 13.0190757855822543 13.2143438077634006 13.4734935304990753 13.7735304990757861 14.1008502772643247 14.4562661737523097 14.8243253234750458 15.2087985212569308 15.6084288354898337 16.0184103512014779 16.4314232902033268 16.8123475046210729 17.1225878003696863 17.3341219963031428 17.4227726432532357 17.3761922365988895 17.1634011090573004 16.7987430683918681 16.4010351201478741 16.0104990757855816 15.6646210720887247 15.4696487985212574
-180.5377503852079997 -120.1402157164869067 11.6640986132511557 97.7812018489984638 130.5562403697996956 131.8705701078582422 135.9830508474576334 148.8613251155624084 167.0816640986132597 129.8073959938366784 -27.3744221879815086 -162.1787365177195568 -176.3836671802773424 -166.4776579352850661 -168.7334360554699515 -164.2003081664098545 -165.5454545454545325 -167.0354391371340625 -166.9830508474576334 -167.5084745762711975 -166.7026194144838200 -164.2788906009245125 -163.0477657935284981 -163.3405238828967754
2.6477272727272729 2.8295454545454546 3.0107954545454545 3.3244318181818180 3.6022727272727271 4.3397727272727273 5.4454545454545453 7.9886363636363633 13.5460227272727280 21.9477272727272741 36.5272727272727238 55.0426136363636331 67.3306818181818159 68.1545454545454561 59.4335227272727238 47.4988636363636374 35.6761363636363669 24.3119318181818187 14.7130681818181817 6.9880681818181820 0.6789772727272727 -4.1528409090909095 -7.5437500000000002 -9.6681818181818180
2.4769736842105261 1.0493421052631580 5.1151315789473681 0.2203947368421053 -0.7006578947368421 -6.6085526315789478 -25.6578947368421062 -41.4967105263157876 -137.9934210526315894 -99.2368421052631646 117.2664473684210549 137.2532894736842195 75.6348684210526301 68.9111842105263150 33.5921052631578974 16.4769736842105274 5.0493421052631575 -4.2434210526315788 -4.7532894736842106 -7.2401315789473681 -6.3486842105263159 -5.2532894736842106 -3.5328947368421053 -0.0526315789473684
-115.1789161098737964 -115.1195248700816620 -77.3303637713437269 -27.5931700074239039 1.3355605048255383 3.5582776540460284 1.3704528582034150 -0.3994060876020787 -4.5746102449888637 -7.4142538975501111 -9.3526354862657755 -9.0631031922791383 -7.0697847067557538 -4.4714179658500370 -1.7379361544172234 0.4283593170007424 2.2880475129918336 3.5842613214550854 4.2249443207126944 4.3801039346696360 4.2791388270230142 4.0876020786933926 3.8723088344469190 3.6228656273199702
22.6894886987052899 25.6513056835637485 26.3859995611147689 26.3622997586131227 24.8516567917489581 21.5905200789993401 17.6642527978933508 13.5532148343208245 9.8068904981347380 6.4753127057274522 3.6098310291858677 1.0706605222734256 -1.0392802282203204 -2.3482554312047399 -2.9719113451832344 -2.9699363616414307 -2.4976958525345623 -1.7895545314900154 -0.7919684002633312 0.1408821593153390 0.7608075488259820 1.1878428790871187 1.4687294272547728 1.6324336186087338
102.8115942028985472 110.9257246376811565 121.0615942028985472 132.8387681159420310 144.5688405797101552 156.1213768115941889 162.5942028985507193 141.7663043478260931 60.1195652173913047 -48.3043478260869534 -127.6050724637681100 -170.5652173913043441 -165.1956521739130324 -118.5344202898550776 -38.8641304347826093 69.7626811594202962 149.6268115942029056 169.5652173913043441 167.4438405797101552 168.9365942028985614 169.0507246376811565 165.1630434782608745 157.7047101449275317 147.4221014492753739
-163.1506456241033050 -166.7173601147776196 -167.4548063127690227 -168.2439024390243958 -169.5050215208034388 -168.9870875179340146 -169.1076040172166302 -169.3486370157819181 -170.0315638450502149 -169.3256814921090267 -169.4791965566714396 -169.5724533715925304 -166.8077474892396026 -168.5380200860832076 -138.0932568149210908 -60.4648493543759002 17.0487804878048763 83.4906743185078852 133.2697274031563950 147.9081779053084631 115.6111908177905292 -6.8866571018651364 -147.8923959827833698 -177.9641319942611233
134.8007142857142924 137.5657142857142787 181.3942857142857008 143.2685714285714198 -98.3992857142857105 -197.1042857142857088 -160.2299999999999898 -175.1207142857142856 -167.6299999999999955 -166.3614285714285757 -169.8642857142857281 -165.0642857142857167 -167.6271428571428430 -166.7535714285714334 -167.8849999999999909 -169.8985714285714153 -169.9857142857142946 -170.6092857142857042 -171.2899999999999920 -170.9171428571428635 -171.2121428571428510 -167.9571428571428555 -162.8100000000000023 -159.7135714285714414
116.0194225721784846 134.5349081364829260 125.0593175853018408 112.1527559055118104 94.6488188976377955 72.7223097112860870 48.5580052493438288 26.6818897637795267 11.2860892388451450 0.9700787401574803 -5.5601049868766408 -9.9002624671916006 -12.3112860892388447 -11.8603674540682409 -8.9280839895013120 -5.6325459317585302 -2.8950131233595799 -0.3879265091863517 1.3543307086614174 2.2950131233595799 3.2535433070866140 3.9238845144356955 4.1086614173228346 4.0619422572178481
-0.9567901234567902 -2.4506172839506171 -4.8858024691358022 -4.5154320987654319 -1.0771604938271604 1.3425925925925926 6.7160493827160490 10.6327160493827169 12.9660493827160490 11.6172839506172831 0.4382716049382716 -5.3086419753086416 -28.3086419753086425 -39.4722222222222214 -95.0462962962962905 -156.3425925925925810 19.7932098765432087 161.9783950617284063 101.0277777777777715 79.6481481481481524 60.7716049382716079 29.1327160493827151 15.6790123456790127 -0.2746913580246914
-157.6780626780626733 -162.9821937321937355 -167.2037037037036953 -169.5740740740740762 -171.1431623931623847 -171.1082621082620960 -171.4594017094017033 -171.0256410256410220 -171.0064102564102484 -173.7250712250712184 -169.0911680911681003 -174.4209401709401845 -171.2236467236467377 -173.4928774928774828 -178.0448717948717956 -22.8354700854700852 153.8254985754985853 153.5156695156695150 134.4465811965812065 142.5398860398860279 139.5940170940170901 150.8447293447293589 158.8233618233618358 139.3240740740740762
-5.8152004164497662 -4.0067673086933890 -1.9396147839666840 -0.3742842269651223 0.6043727225403436 1.4893284747527329 1.9515877147319105 2.1712649661634567 2.3404476834981782 2.4029151483602291 2.4659031754294638 2.7178552837064029 2.8204060385216034 3.1561686621551277 3.5637688703800103 3.2988027069234773 4.5002602811035919 4.0171785528370636 7.3529411764705879 12.7673086933888591 23.8948464341488815 72.2389380530973426 120.0645497136907807 124.1004685059864698
-164.8863198458574288 -169.3140655105973167 -169.4470134874759140 -168.9486191393705781 -169.7109826589595514 -170.5831727681438679 -170.6615285806037150 -170.7045600513808665 -170.3018625561978183 -169.8464996788696340 -170.5420680796403303 -171.5324341682723173 -170.7803468208092568 -171.1881824020552472 -170.8631984585741748 -171.0590879897238210 -172.8805394990366153 -167.2992935131663330 -175.4881181759794515 -167.4393063583815149 -174.3840719332048934 -170.5619781631342278 13.9543994861913934 162.7565831727681314
7.8419452887537995 7.6686930091185408 2.5227963525835868 0.9331306990881459 -21.8996960486322187 -36.9787234042553195 -99.7173252279635278 -148.0395136778115557 31.4802431610942257 154.8632218844984720 92.5653495440729444 72.5045592705167223 51.4650455927051667 23.4802431610942257 14.0182370820668698 -1.0942249240121580 -6.4437689969604861 -8.4468085106382986 -9.0334346504559271 -9.5835866261398177 -9.4984802431610937 -7.7872340425531918 -3.2006079027355625 0.1094224924012158
1.6826424870466321 1.7266839378238341 2.0246113989637307 2.3205958549222796 2.5466321243523318 2.8076424870466323 2.9222797927461142 3.0757772020725387 3.2616580310880829 4.1107512953367875 4.2551813471502591 4.3911917098445592 4.8115284974093262 5.3724093264248705 11.4073834196891184 19.9313471502590680 51.7933937823834185 107.6250000000000000 133.0841968911917093 128.3937823834196763 118.0699481865284923 101.0375647668393810 82.5654145077720187 61.0453367875647643
2.9368847712796757 3.4377533294730749 3.6635784597568035 3.8123914302258251 4.2982049797336419 4.9009843659525192 10.3132599884192242 18.8170237405906207 46.0932252460914853 97.8859293572669316 127.9779965257672245 125.7637521713954811 114.4302258251302788 97.5344528083381590 78.5240301100173781 57.0839606253618967 35.7979154603358438 19.3178922987840203 6.6722640416907932 -1.9982628836132021 -8.0440069484655474 -12.1517081644470171 -13.6635784597568044 -12.3138390272148239
175.5436817472698863 -39.0577223088923589 -199.7191887675506905 -163.8736349453978107 -170.6957878315132575 -171.6833073322932819 -164.2285491419656864 -170.9469578783151462 -166.2254290171606783 -168.5070202808112185 -168.3798751950077985 -168.5093603744149675 -170.1677067082683266 -170.8744149765990699 -170.7527301092043786 -171.3541341653666166 -171.9212168486739358 -171.7433697347893826 -171.8229329173167059 -171.6053042121684769 -170.9040561622464907 -170.3876755070202762 -169.0858034321372827 -163.9609984399376117
-154.1548183254344337 -159.1832543443917984 -168.7709320695102804 -173.3048973143759781 -171.2890995260663374 -170.9936808846761380 -170.3562401263823176 -172.2132701421801073 -170.3143759873617569 -173.7377567140600263 -173.3475513428120109 -173.8183254344391742 -177.0300157977883089 -43.9202211690363384 141.8436018957345937 163.8633491311216517 138.2069510268562453 143.8925750394944600 139.6003159557662059 148.5371248025276429 152.7448657187993604 161.5900473933649266 160.3001579778830887 110.5829383886255926
119.9429967426710135 138.2915309446254071 155.0993485342019653 137.5863192182410444 86.3306188925081415 15.1205211726384370 -74.5846905537459293 -146.6237785016286637 -172.4055374592833800 -172.2915309446254071 -152.5749185667752386 -84.6270358306188939 10.1530944625407162 90.2752442996742701 148.2280130293159743 170.0439739413680797 167.7003257328990173 167.9299674267101068 168.4478827361563447 168.7003257328990173 170.6628664495113981 171.8094462540716734 167.8843648208469119 156.5228013029315832
-157.6055103318722672 -163.4658735128365663 -170.2943018159048165 -171.2316844082654939 -169.9104571070757572 -169.1521603005635654 -168.4514715090795107 -169.5929868503444027 -170.9079524107702071 -170.1865998747651929 -170.7157169693174694 -169.4859110832811382 -171.5322479649342426 -171.3888541014401881 -168.9931120851596802 -176.8015028177833301 -164.5729492798998024 -184.4038822792736312 -136.0745147150907997 75.3237319974953010 168.8409517845961147 135.4107701941139510 135.6850344395741956 122.7150907952410819
-61.2171790235081374 -61.3075949367088597 -61.3943942133815526 -61.4777576853526213 -61.5517179023508163 -61.6117540687160954 -61.6618444846292917 -61.7030741410488233 -61.7381555153707069 -61.7672694394213408 -61.7862567811934866 -61.7954792043399621 -61.8001808318264025 -61.7963833634719677 -61.7808318264014460 -61.7578661844484600 -61.7226039783001781 -61.6754068716094039 -61.6267631103074152 -61.5712477396021711 -61.5018083182640112 -61.4236889692585919 -61.3414104882459341 -61.2656419529837279
-5.8925549258597938 -5.9803974846673391 -6.0805061718810656 -6.1395854359133608 -6.1674171259995338 -6.1899697228476054 -6.1831379551277079 -6.1597313873146495 -6.1400900551199440 -6.1271252231969564 -6.1183914292368602 -6.1116761121030976 -6.1016613616955206 -6.0597779675491035 -5.9670444841239032 -5.8713609191832932 -5.7860802732707084 -5.7082524648707400 -5.6549569132831303 -5.6119090132753664 -5.5779830758481488 -5.5496079496933470 -5.5213492741246801 -5.5388556789069172
-164.2189141856392212 -168.5726795096322235 -173.5411558669001693 -173.5394045534150678 -172.7057793345008747 -172.4273204903677765 -140.0210157618213600 -77.6007005253940463 12.8143607705779328 121.0070052539404486 156.9229422066549944 137.0823117338003385 132.8021015761821388 134.0070052539404628 137.3695271453590294 144.7057793345008747 154.4605954465849322 156.1576182136602426 172.3432574430823081 156.3905429071803894 24.9194395796847630 -117.3082311733800367 -169.5761821366024549 -165.5026269702276807
2.1165038560411311 2.1157497857754928 2.0409254498714655 2.0038389031705228 1.9677463581833763 1.9437874892887745 1.9649357326478150 2.0170008568980293 2.1140017137960583 2.2511396743787491 2.4118937446443871 2.5866323907455011 2.7728877463581836 2.9682262210796915 3.1606512425021425 3.3450899742930593 3.5171550985432734 3.6766409597257925 3.8345158526135390 3.9663067694944303 4.0919280205655530 4.2392459297343619 4.3783376178234787 4.6167952013710369
-21.7033639143730888 -36.4159021406727845 -85.6941896024464853 -157.3149847094801146 -4.6758409785932722 153.3730886850152899 100.8654434250764496 72.6177370030581102 56.8929663608562706 21.8256880733944953 10.4556574923547405 -3.1926605504587156 -8.5351681957186543 -11.2568807339449535 -13.2446483180428132 -12.0428134556574928 -9.1712538226299696 -4.4067278287461775 1.2905198776758411 4.8195718654434252 5.7951070336391437 5.8318042813455655 5.6299694189602443 6.0581039755351682
170.6348940195193222 172.3343651919686863 172.0319876176963874 172.1848316780601067 172.2402080914914677 172.2239993120942358 172.3148028720065383 172.2958854636914623 172.3685025151554271 172.4023818736833107 172.4223311406337302 172.4673029794918193 172.4860484113676478 172.5009673674706505 172.5289565329549930 172.5271507803431064 172.4902188400189118 172.4950341803173046 172.4248247990025504 172.4212132937787487 172.3747366610774350 172.1426114622296666 172.2722816974074647 170.9980652650586990
-49.9931506849315070 -143.8561643835616337 -102.5376712328767184 121.4383561643835634 144.4143835616438309 82.6404109589041127 77.9554794520547887 40.4794520547945211 14.8116438356164384 -2.3184931506849313 -11.1027397260273979 -13.4178082191780828 -16.2500000000000000 -15.3047945205479454 -16.0890410958904120 -13.4280821917808222 -8.9349315068493151 -4.2020547945205475 1.7123287671232876 7.8356164383561646 8.8664383561643838 7.8698630136986303 11.3458904109589049 12.7123287671232870
119.1624365482233543 149.4517766497461935 161.9401015228426388 155.9137055837563537 153.2060913705583687 150.3340101522842644 146.9959390862944133 148.5482233502538065 149.0111675126903492 154.1147208121827532 159.2294416243654780 160.3949238578680081 179.9167512690355295 120.7868020304568546 -59.3583756345177633 -173.6842639593908757 -174.0934010152284372 -170.1238578680203091 -172.2548223350253807 -168.8355329949238524 -168.8862944162436577 -171.1076142131979623 -169.3624365482233429 -154.8517766497461992
-176.1722628340147878 -175.9176888448354248 -175.9067443109073565 -176.0491884524842021 -175.9178540453475534 -176.0526576632387616 -176.0038822120348527 -176.0403502250856889 -176.0505926568372388 -176.0394003221410060 -176.0507991574773996 -176.0431586337917622 -176.0382852186841660 -176.0376244166356798 -176.0186676578697416 -176.0217238673439795 -176.0092512286788065 -175.9699748069218970 -176.0240779746417275 -175.8929500681452112 -176.0122248378970085 -175.8793210258951945 -175.8517325403708753 -176.1227026803782962
143.7555066079295045 156.9647577092511028 157.0000000000000000 147.2797356828193927 138.4251101321585793 133.3193832599118878 130.8303964757709252 133.5638766519823832 138.5947136563876541 145.4162995594713550 151.8524229074890002 160.7555066079295045 165.9317180616740188 139.6894273127753365 70.2533039647577056 -22.8590308370044042 -107.0770925110132197 -163.0220264317180749 -153.6431718061674019 -86.6872246696035234 -5.6674008810572687 100.9757709251101261 170.1145374449339158 163.9074889867841307
23.9690320788779339 24.0484654909040394 24.1526176919872242 24.2020552701013756 24.1730315233995263 24.0463824468823759 23.8904318844604902 23.6974031384529944 23.4182752395500628 23.0881821969170957 22.7360088876544921 22.3602277461463679 21.9745868629357020 21.5951951117900300 21.1978891820580486 20.8126649076517154 20.4477155950562413 20.0954034161921946 19.7761422024718776 19.4877100402721837 19.2195528398833488 18.9712539925010404 18.7429523677267049 18.5572837105957511
144.2296157450796557 157.4123711340206171 167.0552952202436643 167.4189315838800383 162.9850046860356088 158.3055295220243579 154.6532333645735662 152.3458294283036594 151.5454545454545325 149.8697282099344079 146.6269915651358815 144.9934395501405788 146.8819119025304474 148.2183692596063622 155.1218369259606504 159.8819119025304474 164.9381443298969145 177.2886597938144462 109.7975632614807893 -55.3542642924086223 -169.6691658856607319 -177.6476101218369195 -160.4076850984067448 -145.9597000937206985
1.8774193548387097 2.7064516129032259 2.5258064516129033 0.8290322580645161 -0.3032258064516129 0.0483870967741935 0.6870967741935484 1.7677419354838710 2.0258064516129033 0.5612903225806452 3.3838709677419354 -1.3548387096774193 -0.3548387096774194 -5.1774193548387100 -27.3967741935483886 -41.2322580645161310 -132.4548387096774320 -115.7999999999999972 99.4709677419354819 146.2677419354838833 84.9000000000000057 74.2709677419354790 36.6580645161290306 19.1258064516129025
-165.0830985915492874 -173.9661971830985863 -149.6535211267605519 -94.7718309859154999 0.1549295774647887 120.3281690140845086 145.7802816901408391 122.5577464788732414 127.2760563380281695 128.5042253521126838 142.8084507042253506 150.2591549295774769 166.9366197183098564 162.6676056338028218 32.4183098591549310 -121.5197183098591580 -173.6591549295774541 -168.6028169014084597 -165.9042253521126895 -167.1535211267605519 -167.3000000000000114 -170.3295774647887413 -166.3647887323943735 -154.9859154929577585
1.4372881355932203 2.3559322033898304 2.1661016949152541 3.2440677966101696 3.4271186440677965 -2.5728813559322035 1.2677966101694915 -15.8711864406779668 -25.7966101694915260 -83.2305084745762684 -153.2135593220338876 18.2033898305084740 160.2203389830508513 95.7830508474576305 72.4881355932203348 52.7694915254237316 22.1796610169491508 14.1525423728813564 0.3491525423728813 -3.1762711864406779 -4.7830508474576270 -5.7593220338983047 -5.9457627118644067 -5.4203389830508470
-124.6873239436619656 -123.9825352112676029 -123.2073239436619758 -122.5780281690140896 -122.6338028169014081 -123.0873239436619713 -123.2766197183098598 -123.0242253521126798 -122.6867605633802754 -122.4377464788732368 -121.4811267605633844 -120.3859154929577500 -120.0208450704225385 -120.1312676056338091 -120.1036619718309879 -120.1938028169014103 -121.2428169014084460 -121.7092957746478845 -121.1757746478873230 -121.6428169014084517 -122.2783098591549305 -122.5352112676056322 -123.8456338028169057 -124.5718309859154971
-156.4872681981732683 -165.8874896208137386 -160.8927484085247670 -161.5381954054802236 -161.8710213119291552 -161.2543592582341603 -162.0833102684749463 -161.6616385275394521 -162.0482978134514269 -162.1115416551342321 -162.0556324384168363 -162.3418212012178117 -162.4864378632715329 -162.3944090783282661 -162.4525325214503084 -162.5026293938555284 -162.2731801826736842 -162.7377525601992829 -162.0004151674508819 -162.7625242181013050 -162.4652643232770686 -161.7323553833379322 -165.5806808746194179 -154.6331303625795783
1.7335423197492164 1.4420062695924765 1.6927899686520376 2.1849529780564265 0.7335423197492164 4.5141065830720999 0.1724137931034483 0.8338557993730408 -3.2068965517241379 -23.2915360501567399 -37.7178683385579916 -130.2037617554858855 -108.6269592476488981 101.9937304075235147 141.3667711598746166 80.6050156739811854 69.9278996865203766 37.3542319749216318 20.8965517241379324 9.2789968652037622 -2.0815047021943576 -3.7993730407523509 -6.5987460815047019 -6.5579937304075235
-157.9469026548672446 -19.9616519174041294 145.5221238938053148 88.9351032448377623 58.9675516224188812 48.7197640117994126 18.7876106194690280 13.4631268436578164 0.6401179941002950 -2.8318584070796460 -4.7286135693215341 -6.6696165191740411 -5.6637168141592920 -4.3923303834808261 -1.5250737463126844 0.5693215339233039 0.7138643067846607 1.5545722713864307 2.8495575221238938 2.0501474926253689 2.9528023598820057 5.3834808259587019 5.0235988200589974 4.9734513274336285
-146.6731843575419134 -162.8957169459962699 -173.0288640595903189 -172.0642458100558656 -172.6480446927374430 -172.0130353817504556 -171.6052141527001993 -171.8230912476722665 -171.9273743016759681 -180.0148975791433941 -135.6396648044692768 12.9459962756052143 151.3966480446927392 171.6675977653631264 154.5865921787709567 156.1731843575419134 153.1061452513966401 154.9990689013035308 156.2448789571694476 158.5865921787709567 159.8435754189944191 162.7858472998137813 167.3929236499068907 138.8677839851024203
4.0338389731621938 3.9264877479579932 5.8868144690781801 10.7252042007001158 18.5175029171528571 56.2351225204200702 109.0081680280046612 128.8185530921820430 122.9871645274212426 109.4358226371061846 91.2129521586931133 71.5303383897316252 49.2117852975495893 29.0046674445740962 14.2730455075845981 3.3611435239206533 -4.3774795799299886 -9.6592765460910144 -13.0618436406067673 -14.1231038506417743 -12.1639439906651106 -8.4264877479579923 -5.1773628938156362 -2.7952158693115519
4.4437689969604861 4.2451874366767983 4.0374873353596756 3.7639311043566361 3.6089159067882473 3.4599797365754812 3.3130699088145898 3.1590678824721379 2.6494427558257345 1.9736575481256333 1.1914893617021276 -0.0871327254305978 -3.0253292806484295 -9.7578520770010133 -24.5369807497467072 -58.9270516717325208 -99.3110435663627129 -126.8277608915906853 -120.9777102330293843 -52.6180344478216853 7.1438703140830802 9.4650455927051667 6.7537993920972648 4.8054711246200608
123.3989405052974746 112.9400977995110082 93.3985330073349616 70.8133659331703313 45.5431947840260776 25.1361043194784024 10.6556642216788919 0.8594132029339854 -5.7290138549307255 -10.3109209453952726 -12.9348003259983706 -13.2966585167074172 -11.2612061939690307 -8.0264873675631616 -4.9930725346373270 -2.5688671556642215 -0.7616136919315404 0.2147514262428688 0.9983700081499592 1.8166259168704157 1.9380603096984514 1.9242053789731051 2.1238793806030971 2.1858190709046457
5.1506319994760625 5.1346519090968625 5.0804898814591652 5.0135896260396882 4.9385683410832408 4.8518239570371344 4.7554522234592964 4.6508284759971179 4.5320584190189273 4.3991093064378806 4.2636714912567948 4.1329163664942037 4.0073023773659049 3.8855524264850350 3.7651123190778701 3.6358635143100400 3.5066802017158949 3.3994695133931496 3.2941908441941190 3.1983757940926059 3.1265963717335779 3.0684720675879231 3.0214159407950749 2.9436112384570046
12.9297914504104927 12.9430027366235727 12.8853449089364922 12.8360385014626779 12.7881475889402658 12.7214305935642162 12.6452297820137769 12.5434556950080207 12.4195998867604036 12.2685665754458810 12.1129564971218269 11.9466358403321689 11.7830046239501751 11.6514107766348971 11.5139190336887793 11.3734075681796742 11.2615362838539212 11.1382938567519112 11.0136831178635468 10.8978484476738693 10.7923468906294229 10.7044918373124478 10.6161649523450041 10.5494951401340007
-153.3271276595744723 -160.3896276595744723 -166.7779255319148888 -168.5957446808510554 -168.0744680851063890 -161.6648936170212778 -115.0784574468085140 -42.1010638297872362 30.7593085106382986 101.5930851063829721 143.7885638297872219 151.0332446808510554 88.8710106382978751 -68.2327127659574444 -175.2553191489361666 -172.5292553191489446 -168.7087765957446948 -171.1316489361702224 -166.1476063829787222 -167.2699468085106389 -166.2500000000000000 -167.8856382978723332 -165.1436170212765830 -155.8869680851063890
-81.4749903561784805 -81.5394110839655326 -81.5984312716986011 -81.6492220650636540 -81.6952552398096969 -81.7351163687797282 -81.7693197891217665 -81.7997942651408039 -81.7821782178217802 -81.7258583001157319 -81.7293300758647234 -81.7681625305387740 -81.7877073421627898 -81.8046804680468114 -81.8229394368008229 -81.8374694612318336 -81.8406840684068442 -81.8163816381638185 -81.7306159187347276 -81.6391924906776438 -81.6163044875916199 -81.6132184647036070 -81.5387681625305447 -81.3998971325704019
5.8365325077399381 10.9015479876160999 18.6278637770897824 42.7572755417956643 93.5721362229102169 128.3164086687306451 129.4928792569659493 119.8402476780185708 104.4309597523219821 86.2074303405572806 65.2934984520123862 43.0687306501547980 25.3269349845201255 11.2712074303405565 1.3739938080495355 -5.1857585139318889 -9.8835913312693506 -12.0941176470588232 -11.6724458204334365 -8.8024767801857582 -5.5479876160990713 -3.0947368421052630 -0.7417956656346749 1.2458204334365326
0.7127921279212792 1.1703567035670357 1.4987699876998770 1.7367773677736777 1.9354243542435425 2.1555965559655594 2.3966789667896680 2.6752767527675276 2.9526445264452645 3.3413284132841330 3.8284132841328415 4.4034440344403443 5.6396063960639609 7.6094710947109467 12.1131611316113155 20.3333333333333321 33.7410824108241059 54.6476014760147635 72.6045510455104619 76.0153751537515348 68.8376383763837651 58.2681426814268164 46.6857318573185722 35.2134071340713390
-9.0081706763504314 -7.8719927371765772 -6.2360417612346799 -4.4580118020880617 -2.9187471629596007 -1.8138901497957332 -1.0671811166591012 -0.6009986382206083 -0.3281888334089877 -0.1543349977303677 -0.0331366318656378 0.0517476168860645 0.2178847026781661 0.4502950522015434 0.5783023150249660 1.0871538810712664 1.0304130730821608 1.6059918293236495 2.1071266454834316 3.2051747616886064 9.6232410349523381 17.3254652746255111 46.0889695869269147 91.8111665910122525
-2.3913043478260869 -0.8922495274102079 0.4171392564587272 1.6181474480151228 2.7901701323251418 3.4215500945179582 3.6880907372400755 3.7473219911783238 3.5658475110270951 3.3686200378071836 3.1833648393194709 3.0100819155639571 2.8733459357277882 2.7649653434152488 2.6956521739130435 2.2060491493383743 1.6553245116572148 0.4914933837429111 -1.6408317580340264 -4.6212980466288593 -13.5809703843730301 -35.5828607435412749 -83.4694391934467603 -119.8185255198487766
2.5235148514851486 2.6410891089108910 2.8353960396039604 2.8409653465346536 2.6305693069306932 2.7722772277227721 3.5476485148514851 3.6132425742574257 4.5643564356435640 5.1138613861386135 6.6058168316831685 13.7605198019801982 23.0198019801980180 57.8155940594059388 111.7004950495049513 132.1553217821782198 125.7902227722772324 113.9232673267326703 96.1986386138613909 77.2128712871287064 54.7698019801980180 33.2964108910891099 17.3836633663366342 5.3960396039603964
-157.6875000000000000 -156.1835937500000000 -106.7773437500000000 -36.1992187500000000 15.4414062500000000 52.1054687500000000 81.6132812500000000 105.8203125000000000 124.9687500000000000 142.6757812500000000 149.3437500000000000 127.3632812500000000 77.5781250000000000 -4.3125000000000000 -94.2734375000000000 -150.5898437500000000 -173.0898437500000000 -167.4140625000000000 -129.3710937500000000 -65.1328125000000000 27.9492187500000000 130.3632812500000000 173.0273437500000000 156.7031250000000000
1.7970183486238531 2.0183486238532109 2.3274082568807342 2.3795871559633026 2.8297018348623855 3.2167431192660549 3.5045871559633026 4.2700688073394497 4.3830275229357802 8.8652522935779814 15.1439220183486238 35.8853211009174302 86.3417431192660558 124.2121559633027488 126.6903669724770651 116.1915137614678883 99.9982798165137581 81.1450688073394559 59.9713302752293558 37.8371559633027488 20.4799311926605512 7.6032110091743119 -1.4042431192660549 -7.2775229357798166
-164.3810289389067520 -152.5096463022508146 -66.9324758842443686 36.8456591639871363 113.0209003215434080 140.2588424437298897 104.8794212218649449 17.4903536977491960 -114.4163987138263678 -179.5401929260450231 -168.8665594855305585 -170.0627009646302383 -170.1093247588424333 -167.4083601286173746 -168.1286173633440626 -167.1639871382636784 -168.5530546623794237 -168.8954983922829456 -167.5016077170417930 -165.8472668810289292 -164.0546623794212167 -162.2540192926045108 -159.9726688102893775 -155.7926045016077126
34.1722109074451268 20.4847250509164986 10.3969223806291016 2.4761258203213399 -3.9970581579542883 -9.0398280153880961 -13.2525458248472496 -15.9411631590857663 -16.3073093460058836 -14.6367956551255940 -11.8660330391491282 -8.6010409594930977 -5.5820321339669610 -3.3602625028286943 -1.8929622086444897 -0.9984159312061552 -0.5333785924417289 -0.2783435166327223 -0.0959493097985970 0.0502376103190767 0.2278796107716678 0.4301878252998416 0.6451685901787735 0.8216791129214754
-161.0000000000000000 -167.3596774193548526 -166.9338709677419388 -168.9274193548387188 -147.5629032258064512 -51.4048387096774206 60.2999999999999972 129.4580645161290420 148.4225806451613039 104.0354838709677381 0.2274193548387097 -126.2467741935483900 -178.3741935483870975 -169.3822580645161224 -169.8112903225806463 -168.0887096774193594 -166.2870967741935431 -167.1274193548387075 -167.7854838709677381 -168.8306451612903345 -166.6419354838709808 -161.2887096774193481 -154.1032258064516043 -149.0258064516129082
-1.0650882623609135 -1.0703589057140468 -1.1071139741766363 -1.1085919852756629 -1.0982459075824758 -1.0776095261998382 -1.0276360188516132 -0.9566078250927242 -0.8664212610502245 -0.7635461111575894 -0.6506874145960567 -0.5383864580718927 -0.4245517164449650 -0.3131989179843275 -0.2029058255946903 -0.0929752642293427 0.0116288797791349 0.1094843693354527 0.2044953847011908 0.2911124125045316 0.3609693521849466 0.4465266739172872 0.5263113862628629 0.6960316796341225
116.4663677130044874 143.6278026905829677 151.4402092675635174 158.7376681614349820 190.8019431988041958 13.6083707025411069 -187.5680119581464851 -172.6165919282511254 -166.2683109118086691 -174.2488789237668243 -163.2249626307922199 -170.5568011958146428 -166.2974588938714362 -166.9080717488789105 -167.8863976083707144 -168.2122571001494862 -170.6046337817638232 -170.5433482810164492 -170.5739910313901362 -171.1106128550074743 -172.2376681614349820 -170.9245142002989439 -163.8856502242152544 -157.8632286995515699
-170.2667597765363041 -170.4371508379888382 -109.0181564245810080 0.4553072625698324 91.6829608938547551 129.9581005586592255 127.1564245810055809 124.9692737430167568 139.5600558659217825 146.1913407821228930 164.1438547486033599 161.6382681564245729 5.9301675977653634 -161.5335195530726367 -175.4203910614525057 -163.4301675977653758 -167.9664804469273633 -163.7611731843575456 -167.2416201117318337 -167.7639664804469248 -168.3030726256983201 -170.9036312849162016 -166.4217877094972096 -157.3924581005586560
2.0797378481703985 2.2129983615510649 2.3500819224467504 2.4827962861824138 2.6608410704533041 2.8033861277990169 3.1507373020207536 3.4008738394320042 4.0873839432004369 5.1343528126706719 7.0376843255051886 12.0251228836701252 18.6712179137083574 31.2179137083560896 50.6308028399781520 64.7607864554887982 67.6744948115783700 60.8356089568541805 49.4582195521572885 38.0065537957400323 26.8443473511742212 17.2097214636810492 9.4369197160021852 3.1665756417258328
3.4839961202715810 4.0436469447138697 3.9321047526673132 3.6779825412221143 3.6847720659553831 3.7972841901066925 3.6430649854510184 3.4034917555771096 3.1862269641125121 2.7536372453928224 2.0785645004849660 1.8147429679922404 0.8545101842870999 -1.5693501454898158 -5.1610087293889428 -13.0902036857419972 -30.7691561590688636 -64.6178467507274519 -102.4907856450048484 -124.4335596508244492 -115.3472356935014602 -64.2647914645974794 -13.8283220174587775 0.0543161978661494
-1.2388059701492538 1.0776119402985074 -20.2656716417910445 -35.3402985074626841 -101.2000000000000028 -143.1014925373134190 40.2955223880597018 151.5283582089552112 87.6477611940298544 68.9283582089552169 46.1731343283582092 22.6328358208955223 15.1194029850746272 2.3940298507462687 -0.5283582089552239 -3.9223880597014924 -5.1701492537313429 -5.4029850746268657 -4.3880597014925371 -2.7492537313432837 -2.8328358208955224 -1.1313432835820896 2.0208955223880598 2.9492537313432834
3.9333333333333331 3.7343750000000000 3.5052083333333335 3.4812500000000002 3.2906249999999999 3.0468750000000000 2.2739583333333333 0.6364583333333333 -2.5354166666666669 -10.3979166666666671 -26.5968750000000007 -60.0229166666666671 -100.2104166666666600 -124.9208333333333343 -119.0177083333333314 -64.2843749999999972 -7.9864583333333332 4.2656250000000000 4.3656249999999996 3.7500000000000000 -1.4427083333333333 -6.0499999999999998 -10.1260416666666675 -11.3572916666666668
11.0124610591900307 21.3096573208722724 58.6760124610591873 109.7040498442367635 128.2971962616822452 120.6722741433021753 106.1676012461059173 87.3433021806853560 67.0280373831775762 44.7694704049844248 25.6105919003115261 11.6934579439252335 1.1775700934579438 -5.7950155763239879 -10.7433021806853581 -14.1395638629283482 -14.7358255451713394 -12.2174454828660437 -8.5557632398753896 -5.7626168224299068 -3.3794392523364487 -1.3545171339563864 -0.2031152647975078 0.7551401869158878
2.8366459627329195 2.8341614906832300 2.9807453416149068 3.6478260869565218 3.6391304347826088 4.4695652173913043 4.7788819875776394 7.3254658385093165 14.1453416149068332 26.4782608695652186 68.2608695652173907 118.1204968944099392 131.3111801242235970 123.8031055900621169 110.8310559006211236 92.4652173913043498 72.7111801242236027 50.2950310559006226 30.3068322981366443 15.2807453416149066 3.7664596273291924 -3.9621118012422358 -9.2074534161490682 -12.7838509316770192
156.1577928363988406 165.3514036786060046 169.8528557599225621 169.2013552758954518 168.6379477250725927 167.8383349467570156 165.1171345595353444 160.9506292352371872 155.7192642787996135 151.3736689254598389 149.8673765730880802 148.4327202323329971 146.5808325266214922 144.5450145208131687 145.3378509196514869 147.2274927395934299 151.7473378509196493 159.4598257502420040 161.0755082284607909 174.3552758954501485 157.6505324298160815 31.1965150048402720 -127.1306873184898336 -174.9854791868344535
7.2895033860045144 10.8611738148984198 17.3227990970654631 27.5457110609480829 43.4097065462753946 61.0158013544018090 69.4040632054176143 65.1693002257336360 54.5152370203160288 42.4926636568848792 30.7200902934537261 20.1004514672686234 11.1980812641083514 3.8335214446952595 -2.1760722347629797 -6.6828442437923252 -9.7178329571106090 -11.3041760722347622 -11.3594808126410829 -10.2279909706546270 -8.5237020316027081 -6.6534988713318288 -4.9238148984198649 -3.5000000000000000
-7.2068193384223918 -7.6778625954198469 -8.1518575063613223 -7.8410178117048348 -6.6306361323155221 -4.9436132315521633 -2.8765394402035622 -0.7636641221374045 1.1811704834605599 2.8148600508905854 4.2143511450381679 5.3344529262086517 6.2236132315521626 6.9728244274809157 7.5495165394402033 8.0566921119592880 8.4822391857506361 8.7086005089058531 8.8430534351145038 8.8609669211195925 8.7980661577608146 8.8048854961832053 8.8482442748091596 9.6304325699745554
74.5276828434723200 62.7183868762816132 45.6233766233766218 29.3636363636363633 15.4531784005468218 3.9377990430622010 -5.3677375256322621 -13.1244019138755981 -19.1100478468899517 -23.0512645249487349 -24.6069719753930265 -24.1011619958988383 -22.2611073137388935 -19.6671223513328783 -16.9815447710184557 -14.6643882433356119 -12.7539302802460703 -11.3144224196855774 -10.3752563226247432 -9.7423103212576905 -9.3239917976760083 -9.0280246069719752 -8.7662337662337659 -8.5481886534518114
-17.4794369645042842 -18.0499388004895955 -18.5563035495716022 -18.9609547123623017 -19.2410036719706241 -19.3745410036719719 -19.3516523867809056 -19.2406364749082002 -19.0757649938800498 -18.9275397796817622 -18.7974296205630367 -18.6842105263157912 -18.5872705018359845 -18.4831089351285200 -18.3736842105263172 -18.2600979192166477 -18.1495716034271730 -18.0187270501835997 -17.8727050183598521 -17.7290085679314551 -17.5563035495716022 -17.3656058751529976 -17.1330477356181134 -16.8009791921664622
3.8457317073170731 3.6347560975609756 4.6841463414634150 4.5189024390243899 8.9402439024390237 14.3646341463414640 29.7329268292682940 81.6195121951219562 126.5128048780487831 130.7542682926829229 121.6475609756097498 106.4182926829268325 87.4932926829268354 66.8695121951219562 44.0091463414634134 25.4554878048780502 11.4225609756097555 1.1945121951219513 -5.4835365853658535 -10.3310975609756106 -13.0670731707317067 -12.6195121951219509 -9.6640243902439025 -6.2323170731707318
121.6517027863777116 139.5534055727554232 141.8459752321981284 154.6230650154798809 147.8049535603715299 187.7012383900928683 125.5170278637770878 -116.5626934984520062 -193.7143962848297178 -160.3908668730650220 -175.9001547987616050 -166.8753869969040124 -167.1416408668730753 -169.7546439628482915 -166.7577399380805048 -168.0905572755417836 -165.2074303405572664 -166.5750773993808025 -169.1416408668730753 -170.4659442724458245 -171.4094427244582164 -168.9473684210526301 -164.3196594427244577 -158.0936532507739969
5.7562514079747693 6.1239017796801081 6.6936246902455512 7.4361342644739805 8.5987835097995049 10.3462491552151388 12.7102951115116021 15.4584365848164005 17.8436584816400092 19.6021626492453258 20.4212660509123687 19.7260644289254330 17.7348501914845684 14.9502140121649028 11.5679207028610040 8.0128407298941209 4.6792070286100476 1.5537283171885561 -1.3757603063753097 -4.0002252759630545 -6.0871817977021854 -7.7283171885559812 -8.9569722910565446 -10.5422392430727641
2.0948501600232761 2.4629036950829213 2.7841140529531567 3.0491707884783241 3.3619435554262438 3.6985743380855398 4.0904858888565609 4.5068373581611869 4.9391911550771024 5.4256619144602851 5.9330811754437009 6.5321501309281347 7.1969741053244105 8.0069828338667435 9.1315100378236842 10.5487343613616531 13.0721559499563575 16.5723014256619159 21.5787023567064296 29.5080011638056448 36.9967995344777449 40.8338667442537115 41.6281640965958672 40.1661332557462885
5.0390292828641821 5.0913372435296429 5.1354686784553998 5.1762204827420799 5.2136580685956000 5.2539301833722174 5.3013540326624948 5.3520266881800147 5.4044436691886704 5.4559012711772015 5.5119595316486052 5.5683666572182373 5.6285240825938123 5.6884198591457169 5.7419270435863332 5.8019100364127949 5.8611952990428016 5.9014238056821400 5.9444868412445766 5.9861326123454637 6.0189477356474717 6.0479035388003402 6.0719098183721085 6.1277718422257594
-159.7406209573091758 -167.3628719275549770 -170.9818887451487797 -170.6306597671409975 -169.3188874514877114 -169.4333764553686876 -170.5763260025873080 -170.2270375161707534 -170.3725743855110011 -170.0051746442431977 -171.0705045278137106 -172.9579560155239335 -168.4961190168176017 -175.6073738680465794 -168.0970245795601556 -177.0950840879689565 -165.4501940491591085 17.9146183699870640 162.9262613195342908 142.5912031047865582 135.3900388098318217 142.9773609314359533 142.6216041397154015 133.1636481241914680
49.1269412559081715 95.9729912221472006 129.3889264010803402 130.5185685347738058 121.9770425388251169 108.1390952059419277 91.4145847400405103 71.7839297771775762 49.5469277515192417 30.9642133693450354 15.8102633355840645 4.7184334908845376 -2.4983119513842000 -8.0047265361242399 -10.9642133693450372 -10.3335584064821067 -7.0762997974341664 -3.8217420661715056 -1.2802160702228225 1.2943956785955435 2.8386225523295070 3.7386900742741389 4.6185010128291699 4.9817690749493586
-19.6831790963527489 -20.4269642533115601 -21.7105788423153676 -22.2182906913445848 -20.9457448738885859 -18.4674287788060241 -15.4349482852476871 -12.5601524224278709 -9.9455634186173114 -7.8513881328252584 -6.2912357103973866 -5.0812919615314822 -4.1272001451642168 -3.3043004899292323 -2.5507167483215389 -1.8236254763200872 -1.1320994374886590 -0.4873888586463437 0.0963527490473598 0.5882779894755943 1.0520776628561059 1.5648702594810380 2.2681908909453821 4.0415532571221195
0.6943521594684385 2.6544850498338870 4.1926910299003319 6.0564784053156142 8.1794019933554818 9.1229235880398676 8.9601328903654487 10.6046511627906970 0.4651162790697674 -3.6345514950166113 -16.8604651162790695 -34.6445182724252518 -60.4119601328903642 -153.1627906976744100 -66.5747508305647813 139.9368770764119461 130.0897009966777489 81.7774086378737479 72.5016611295681059 34.3289036544850532 13.8039867109634553 -5.9102990033222591 -13.5581395348837201 -14.2259136212624586
133.5902912621359349 153.8825242718446589 142.7728155339805767 143.5669902912621296 144.9174757281553525 145.8912621359223181 159.7388349514563117 152.5048543689320297 184.5145631067961176 139.8805825242718583 -86.8873786407767028 -192.5339805825242649 -163.6349514563106879 -171.9757281553397945 -168.6825242718446702 -167.2427184466019412 -170.0087378640776592 -166.7951456310679532 -167.8029126213592122 -166.6650485436893234 -169.2854368932038938 -168.8213592233009592 -162.9359223300970996 -158.3165048543689295
-153.3896774193548254 -159.4425806451612857 -164.8051612903225873 -169.7896774193548310 -169.6399999999999864 -169.5006451612903220 -170.2580645161290249 -166.9703225806451599 -171.4503225806451496 -131.3870967741935374 -29.4400000000000013 55.4154838709677406 117.2206451612903209 153.3393548387096814 131.7251612903225748 70.3019354838709631 -46.9625806451612888 -160.5496774193548504 -176.8980645161290397 -166.8335483870967835 -171.0606451612903243 -163.4387096774193537 -158.8735483870967755 -156.9199999999999875
157.6853932584269558 164.9063670411985072 97.0299625468164777 -10.3707865168539328 -97.3146067415730300 -158.5917602996254629 -159.6441947565542989 -97.0337078651685374 -18.2865168539325857 65.0374531835205971 142.0917602996254629 172.1067415730337018 170.2228464419475529 170.4868913857677910 170.4344569288389550 170.4494382022471939 170.5936329588014928 170.9325842696629252 171.6067415730337018 170.9456928838951342 171.2752808988764173 169.1647940074906273 162.9007490636704176 155.7397003745318216
0.5778364116094987 1.3905013192612137 1.8188214599824100 2.3254177660510114 2.7431838170624450 3.1855760773966577 3.3254177660510114 2.9252418645558489 2.7211961301671064 2.4828496042216357 2.0624450307827615 1.7880386983289358 1.5189094107299912 1.2972735268249780 0.6965699208443272 -0.5883905013192612 -2.9753737906772209 -9.6833773087071240 -23.4001759014951638 -54.7115215479331596 -96.3500439753737936 -126.4696569920844382 -128.5426561125769638 -77.8619173262972737
-165.5957746478873105 -169.2549295774647931 -170.0394366197183160 -171.2126760563380401 -171.7507042253521092 -170.9605633802816840 -172.8830985915492988 -168.9084507042253449 -175.0014084507042185 -154.9323943661971725 -39.4901408450704210 89.9760563380281724 132.7915492957746437 125.5957746478873247 129.1507042253521149 139.2943661971831091 152.4605633802816840 166.2690140845070346 101.0464788732394368 -60.3352112676056365 -169.7521126760563277 -172.8422535211267643 -164.4464788732394425 -162.4492957746478794
88.0921253822629922 67.6735474006116249 44.5894495412844023 26.9105504587155977 13.5439602446483178 4.6597859327217126 -1.3432721712538227 -5.1865443425076450 -7.0558103975535165 -6.8176605504587160 -4.5668960244648318 -1.7121559633027523 0.5921253822629969 2.4338685015290520 3.9308103975535169 4.9506880733944953 5.5684250764525993 5.8283639143730888 5.9935015290519882 6.2637614678899078 6.3776758409785934 6.4843272171253821 6.6204128440366974 6.7511467889908259
-3.7769857433808554 -12.0631364562118133 -30.3900203665987796 -67.0855397148676218 -104.9765784114052991 -126.7820773930753546 -115.5488798370672043 -50.7545824847250486 1.9439918533604887 5.6802443991853364 4.8238289205702651 2.5458248472505089 -2.3920570264765786 -4.8309572301425661 -8.6150712830957232 -9.9154786150712830 -8.8085539714867611 -6.1079429735234214 -3.1812627291242364 -0.5040733197556008 1.8340122199592668 3.5315682281059062 4.6558044806517316 4.5101832993890021
142.0942249240121669 196.1671732522796390 56.3837386018237083 -174.2332826747720276 -180.0676291793313055 -162.4179331306990832 -176.1648936170212778 -163.8259878419452775 -170.4878419452887499 -167.3655015197568332 -166.1367781155015280 -166.3092705167173335 -165.0942249240121669 -167.3594224924012224 -169.0873860182370834 -170.1079027355623055 -170.5440729483282780 -170.9513677811550281 -170.7302431610942222 -170.5319148936170279 -169.9407294832826665 -168.2507598784194442 -165.0463525835866392 -160.3632218844984720
