-134.7237394957983270 -337.0136554621848859 -367.7205882352941444 -324.7983193277310647 -344.2216386554621863 -370.6313025210084220 -384.8823529411764639 -360.8287815126050191 -342.8981092436974905 -325.2552521008403232 -158.0798319327731178 -241.6575630252100950 -84.9212184873949525 682.1869747899160075 189.7678571428571388 -617.5766806722689353 -790.0336134453781369 144.1670168067226996 -53.7605042016806749 -375.9884453781512548 -115.7405462184873954 -20.0808823529411775 -149.3802521008403232 -74.7415966386554658
-41.7454968041836167 -55.4363742010459006 -14.6077861708309129 5.2027890761185356 25.9296920395119130 -62.3184195235328318 -123.8146426496223143 -77.7989540964555459 -158.6600813480534669 -563.8814642649622328 -583.8634514816966430 558.4334689134224163 346.6478791400348882 -60.1080766995932620 48.0976176641487498 -45.4636839047065635 -86.0307960488088383 6.1167925624636839 -18.0581057524694941 -2.7646717024985472 25.6647298082510176 17.6821615339918665 -14.0790238233585132 -92.5607205113306151
144.8763171240209715 144.5719839972953196 143.3580886910463619 141.9931255986927283 140.7690877331380079 140.2261790725193009 140.3891361920324528 140.6654082380120485 141.4914633459176230 142.7262635938468520 143.6698596945962834 144.5940158900095867 144.6942018369301763 144.4623880092410104 144.5678142784695979 144.4320730264269912 144.7886403335775185 145.0339212261227146 144.6225277511692013 144.1828478052628668 143.2975150729700715 143.1503352679326042 143.3083338028962714 144.5023384233955142
762.4427312775330847 686.3656387665198508 643.2312775330397017 631.6222466960352904 602.4647577092511028 453.8149779735682614 88.6497797356828130 -547.4107929515417936 -168.5803964757709252 466.6795154185022056 60.6464757709251074 50.9284140969162991 627.1563876651982810 1268.8656387665198508 349.5418502202643367 674.3557268722466915 702.4151982378854200 441.2026431718061872 387.4306167400881122 322.1839207048458320 329.9030837004405043 324.9988986784140934 292.7885462555066169 252.6420704845814953
-32.6080363912054594 -595.9696739954511031 -802.6595905989386210 598.2221379833207493 147.7619408642911196 -255.0257771038665737 105.9287338893100809 -19.4442759666413956 -147.8567096285064508 -4.2501895375284304 -3.9105382865807430 -13.8483699772554960 11.4238059135708863 4.4366944655041696 -20.9423805913570895 -21.6292645943896886 -44.1296436694465513 -68.2463987869598157 -101.5564821834723261 -103.7801364670204691 -27.4662623199393465 25.6353297952994694 -33.0098559514783929 -94.6884003032600390
354.1251366120218336 238.7103825136612159 -6.2065573770491804 -82.7136612021857900 109.8480874316939833 -209.5683060109289499 -83.5939890710382514 780.4786885245902113 1305.3934426229507153 793.2874316939891060 759.8743169398907185 816.9825136612022334 663.1448087431693921 601.1153005464481112 561.9836065573770156 540.4409836065573245 506.4185792349726967 405.5185792349726626 226.7491803278688565 -41.1344262295081933 152.5060109289617571 212.4191256830601162 157.3502732240437183 146.5956284153005527
-32.1122529916887984 -29.7662516812084021 -28.3123426561368419 -28.2635789909300961 -28.3482429216815532 -30.6421698796427222 -33.0489705831637721 -34.5806117874262853 -35.3307238679863431 -35.7619753767631110 -34.9548229127151089 -34.1028727109701038 -33.1169776183743139 -33.1949167155222966 -33.1953305514363564 -33.0404179742732040 -32.7972548884367328 -32.1144256302376121 -31.0567644928785747 -30.8098079111632224 -31.7055557471462564 -32.6952788219470989 -33.3517950132772327 -34.0888022898920582
-285.4225352112675864 -248.9884009942005036 -141.6984258492129243 -317.0289975144987693 406.0546810273405072 557.6255178127588579 -216.0778790389395283 -836.2170671085335698 -312.4689312344656287 139.7042253521126725 -313.4324772162386239 -259.5940347970174003 -36.8873239436619684 -104.4946147473073808 -152.2485501242750559 -32.7928748964374464 -15.4258492129246072 22.6876553438276716 30.1565865782932896 3.0505385252692627 -19.7986743993371981 -38.3860811930405958 -76.7763048881524384 -35.1275890637945309
652.7943107221007040 628.3873085339168938 559.9584245076586058 295.5514223194748524 -327.5196936542669732 -554.3052516411378292 332.4540481400437670 251.1487964989059094 40.9671772428884040 268.0470459518599569 1159.9967177242888283 751.1159737417942779 376.5984682713348093 839.0240700218818120 495.9923413566739328 414.7045951859956290 350.9715536105032925 334.6411378555798706 318.4584245076586626 326.4857768052516462 290.1717724288840259 260.1761487964989215 188.1772428884026169 72.3490153172866570
238.4188163884673770 147.4681335356600869 4.1259484066767831 -69.4825493171471891 -35.2761760242792093 -29.5371775417298927 -32.6600910470409715 -48.7078907435508341 -8.7359635811836114 -0.4984825493171472 10.1206373292867990 -89.1638846737481003 -146.3110773899848311 -66.0735963581183654 -189.2071320182094212 -649.4112291350530768 -600.6229135053110895 658.0295902883156032 358.2101669195751015 -46.2541729893778424 93.1449165402124493 -52.4157814871016683 -94.1107738998482546 17.4506828528072830
-80.0018382352941160 -66.9497549019607874 -131.8394607843137294 -98.1390931372549034 -44.5643382352941160 -21.0723039215686292 -12.6605392156862742 -12.8155637254901968 3.5055147058823528 54.3026960784313744 62.7524509803921546 44.0851715686274517 -16.9025735294117645 -142.5698529411764639 -223.6011029411764639 225.1311274509803866 297.6550245098039227 -296.5361519607843093 -564.5667892156862990 -339.7383578431372371 -258.9852941176470722 -373.9460784313725412 -361.5998774509803866 -374.5986519607843093
193.2126906318082717 131.4975490196078454 52.6555010893246163 47.8425925925925952 106.7973856209150370 148.2350217864923820 179.3022875816993462 272.6775599128540080 399.1375272331154633 476.0269607843137010 492.2505446623093803 492.1906318082788516 473.3611111111110858 445.5999455337690733 421.4422657952069926 396.2581699346405344 376.7047930283224559 363.8747276688453098 357.6151960784313815 354.4052287581699261 352.5683551198256964 340.1767429193899943 323.9174836601306993 298.1655773420479250
56.0979299363057322 242.9068471337579638 106.0350318471337516 -0.2794585987261147 -82.2977707006369457 -40.2738853503184728 -23.2547770700636960 -41.5764331210191074 -57.8598726114649651 -16.3216560509554149 -7.4028662420382165 8.9052547770700645 -97.4347133757961785 -150.8375796178343933 -66.1640127388535007 -189.4028662420382148 -646.4665605095541423 -623.9681528662420078 647.3980891719745614 354.1831210191082846 -62.9800955414012762 107.7858280254777128 -57.0820063694267503 -105.4546178343949094
-76.1276359600444010 -39.6759156492785792 54.7769145394006642 -121.2386237513873510 -344.2008879023307486 -357.6392896781354125 -309.5826859045504875 -334.2630410654828097 -370.2142064372919208 -382.0077691453939792 -364.6803551609323222 -352.3851276359600320 -334.5849056603773306 -164.1187569367369576 -258.0632630410655111 -91.9278579356270740 690.8690344062152917 185.0532741398446035 -643.4439511653718000 -805.3773584905660528 159.0865704772475056 -66.8779134295227493 -380.0455049944505959 -122.5305216426193056
-113.9872029250457075 61.4600853138330265 153.4960390006093860 -122.3954905545399185 90.2772699573430799 759.7245581962217784 1133.9695307739184500 567.9829372333942956 742.5569774527726850 685.2876294942108188 569.0633759902498241 525.0572821450334686 472.8592321755027683 450.1681901279707745 425.2937233394271743 396.6087751371115360 352.6459475929311225 292.5399146861669806 169.1310176721511311 134.4180377818403542 189.9171237050578895 123.1084704448506955 47.0609384521633132 215.1499085923217649
-328.8801932367150016 -365.2975845410628040 -333.4328502415459070 -343.0028985507246375 -365.6685990338164061 -381.3304347826086769 -353.2212560386473683 -338.4038647342995318 -318.5632850241545952 -155.1603864734299520 -233.0589371980676390 -90.0309178743961382 663.8483091787439889 184.3140096618357404 -596.4038647342995318 -776.4917874396135176 136.9729468599033737 -44.3188405797101481 -376.5420289855072724 -115.6483091787439577 -19.2067632850241559 -150.7449275362318701 -75.2676328502415402 -20.4666666666666650
-282.9448674192701674 -289.1019515183337489 -290.6881071147282682 -292.2039905487004603 -294.0584580379802446 -295.9986873195064163 -296.0806860943379775 -295.8565677780694614 -295.6580904874419957 -294.6514395729412854 -293.2620110265161202 -292.7860330795484174 -292.3321081648726931 -291.8717948717948616 -291.9555438872844775 -292.6073335083573852 -293.0797234619760161 -293.0998512295440719 -292.4533123304454421 -292.2459963244946266 -290.1369563314955826 -288.2385578016977092 -286.3679880983635258 -281.6710422683119077
312.2222222222222285 316.3293391430646579 317.9622367465504453 319.5079883805374266 318.2661583151779041 314.1673928830791738 309.7661583151779041 303.2904865649963426 295.4938271604938222 282.2011619462599583 261.9517066085693386 234.3957879448075516 204.3449527959331817 164.6060275962236688 125.5083514887436422 97.4357298474945566 125.9694989106753837 255.8159041394335418 433.3700072621641084 558.5174291938998294 593.1230936819172257 580.2799564270152359 550.0856935366739435 508.6673928830791738
320.6609157266091756 325.4341959743419466 327.4083167440831517 322.3786772837867716 310.8252598982526251 299.5799601857996208 286.7865516478655081 272.2530413625304391 258.0610484406104774 242.0278699402786913 224.6828135368281494 206.3592125635921377 191.9566467595664676 177.1643441716434495 160.0369387303693998 141.4541030745410239 121.7701835877018368 103.8431762884317635 89.5001105950011038 79.7905330679053293 80.9712452997124501 94.4357443043574420 120.3892944038929471 151.0787436407874225
-946.3608724388632254 -86.0442828816919985 638.9325842696629252 -193.0436219431592804 -116.0264375413086526 89.6913417052214186 -128.0330469266358193 -100.6100462656972923 -4.0535360211500331 -22.3053536021150016 -8.3317911434236613 6.1493721083939192 -16.1288830138797081 -23.3073364177131523 -25.4884335756774618 -54.9358889623265014 -67.3258426966292092 -88.7283542630535322 -93.1566424322538040 -22.7534699272967629 21.7640449438202239 -36.1163251817580999 -84.3179114342366205 -118.1976206212822262
-541.5997286295794311 787.8663500678426317 -67.7340569877883354 -261.0861601085481425 57.1051560379918612 -78.7740841248303951 -122.5624151967435580 -18.5732700135685214 -13.9341926729986429 -23.6648575305291722 -11.9070556309362274 -14.7001356852103129 -25.9097693351424709 -17.4111261872455891 -39.1933514246947112 -49.7659430122116717 -49.8758480325644484 -70.2109905020352727 -18.7449118046132988 17.5176390773405686 -33.5386702849389451 -86.5149253731343322 -113.3697421981004112 -105.3785617367706919
752.9828178694158396 895.7411225658648846 899.7863688430699085 838.7514318442154035 789.8865979381442912 770.7617411225658088 739.2411225658648846 723.7233676975945400 687.4077892325315133 645.5263459335624248 610.0332187857960662 569.8797250859106498 524.3006872852233755 479.9255441008018579 455.0326460481099389 415.8837342497136547 372.4421534936998910 335.0967926689576188 311.0040091638030049 286.2170675830469690 269.8339060710194985 251.9072164948453576 255.0286368843069909 283.6426116838487701
39.4087837837837824 50.4121621621621614 38.4301801801801801 5.0394144144144146 -73.9177927927927954 -54.3299549549549567 88.1317567567567579 -32.7759009009009006 -333.9898648648648418 -398.0202702702702595 -328.6880630630630549 -333.8772522522522763 -377.4403153153153312 -403.6362612612612679 -370.8693693693693945 -374.4594594594594810 -358.8074324324324493 -202.7826576576576656 -222.4177927927927954 -231.8006756756756772 723.5281531531531982 325.3952702702702595 -507.4301801801801730 -815.9549549549549283
400.8259620907524550 380.5588742102240190 368.9052268811028057 348.8116025272831848 347.4669730040207014 316.1952900631820853 266.8219414129810616 175.4399770246984360 73.8276852383687583 -7.9988512349224585 -221.3251005169442749 -274.9368179207352227 558.1585295807007014 1212.8690407811602654 1059.3790924755887772 880.3004020677770995 839.5106260769672417 791.5858701895461991 708.4152785755312607 677.1033888569787678 647.6329695577254597 617.0459506031016872 489.2848937392303128 299.3308443423320000
-135.5110821382007771 -389.5736636245110844 109.9608865710560650 1019.9165580182528856 1129.9256844850065136 932.4732724902216887 879.5306388526727233 807.6857887874837161 702.6049543676662097 659.6649282920469659 644.0899608865710206 623.4837027379400070 517.6662320730117699 265.6792698826596961 -384.4680573663624727 -490.5580182529334934 422.5867014341590675 223.8761408083441893 63.3102998696219004 415.6727509778357330 1182.0664928292046625 655.3063885267274600 500.2425032594524055 809.5801825293350475
-345.9234828496042269 -366.1363236587511096 -339.2744063324538502 -324.0351802990325609 -312.7440633245382742 -151.8381706244502993 -262.2497801231310746 -21.9771328056288482 674.1213720316623039 122.3139841688654315 -633.8821459982409579 -705.6385224274406482 169.7150395778364214 -100.1609498680738852 -370.8821459982409579 -87.4986807387862768 -14.1706244503078285 -159.4036939313984078 -65.5664028144239239 -9.6147757255936668 -13.9094107299912046 23.8865435356200528 13.9357959542656111 -1.2823218997361479
-237.2881621919667339 -239.4619332400220628 -240.5004453492810796 -240.6516944479789686 -240.4590066590320987 -240.3438520592102350 -239.8141409000296846 -239.0958561309751076 -239.2436696780760883 -239.2209780718496859 -239.0439835432837015 -238.8587182423548256 -239.0295627094201905 -239.4115875641515174 -238.9860881367434331 -238.9248420070407519 -239.6896975866310413 -240.2336175085888783 -239.0640454680408880 -238.3299826101709300 -237.5697077660431660 -237.1040844891207655 -235.5074861093438585 -233.2407006828688907
-353.7337087691070110 -329.5028157683024688 -312.8543845534995853 -303.1713596138374669 -144.8141592920353844 -273.4078841512470035 70.3242156074014417 644.2107803700723707 57.4038616251005607 -687.3443282381335848 -624.5840707964601961 196.1552695092518093 -163.1697506033789296 -346.4392598551890501 -63.3652453740949326 -28.0965406275140772 -166.3362831858406992 -51.2735317779565563 -10.0643604183427193 -6.8326629123089297 24.5985518905872880 9.6725663716814161 -7.2180209171359611 -18.7964601769911503
273.5017335529166758 273.7272254485567942 272.9399757302591638 271.5388749241570849 269.8530380514865215 267.9751668544682275 266.9516772124468957 266.8220074542775251 267.0225361879171260 267.3705035971223083 268.6018462338562927 269.3989772037791681 268.8503077056427060 268.9614284476033390 268.7846060500996828 268.6841466585767648 267.5084077316460025 265.5656149778972122 264.0266967149172501 262.8380428187570601 262.3833318887059249 262.5907081563664747 262.7137037358065186 262.6218254312212821
-60.0901007705986956 -44.8316538233550688 -30.7302904564315362 -52.1446354475400113 -10.8008298755186729 2.9620628334321282 8.1677534084173082 -67.3604030823947824 -117.8120924718435134 -68.6526378186129165 -184.1126259632483766 -597.0551274451689778 -536.1802015411974480 585.0782454060462214 338.3034973325429746 -41.4196799051570821 43.6461173681090671 -49.9425014819205657 -82.5643153526970934 10.0290456431535269 -23.6538233550681696 -0.8435091879075282 20.6639004149377605 12.6111440426793120
674.2987588652482600 267.9095744680851112 -551.4884751773049629 -775.0718085106383342 -14.1187943262411348 -68.6117021276595693 -335.8750000000000000 -183.4751773049645465 -101.3732269503546064 -139.4875886524822590 -91.6214539007092128 -46.6072695035460995 1.0416666666666667 44.9210992907801412 13.7828014184397158 -3.5771276595744679 -37.3226950354609954 -80.5186170212765973 -139.3829787234042499 -10.6312056737588652 50.4760638297872362 -159.8404255319148888 -273.8448581560283515 -210.8741134751772961
-371.3378537735849250 -407.8744103773585152 -422.3640919811320487 -425.7343750000000000 -422.7992334905660528 -416.1768867924528195 -402.7933372641509209 -387.7903891509433834 -362.1220518867924625 -318.5253537735849250 -275.2735849056603570 -226.8549528301886653 -172.7222877358490507 -121.5061910377358458 -75.4840801886792434 -44.9831957547169807 -35.2435141509433976 -50.5807783018867951 -68.7895047169811278 -84.1783608490566024 -95.9021226415094361 -93.1568396226415132 -87.1199882075471663 -80.4793632075471663
-438.3130630630630549 -445.0752895752895597 -448.2876447876448083 -450.8008365508365500 -453.4449806949806998 -455.5838159588159328 -456.1312741312741537 -456.1956241956241911 -456.6869369369369451 -456.8219111969111736 -456.9250321750321859 -456.5674066924066778 -455.9938867438867192 -455.5490669240669490 -454.6792149292149361 -454.4464285714285552 -454.3388030888031039 -453.2553088803088599 -451.8453989703989464 -449.6311132561132808 -448.0740025740025771 -446.3301158301158580 -442.3955920205920052 -437.0432754182754138
183.7486573576799174 90.0032223415682040 31.9591836734693864 -125.2148227712137469 -456.2588614393125681 3.1278195488721803 1059.1256713211600982 1210.8345864661653195 947.7572502685284235 883.1879699248120232 843.8539205155746004 716.5617615467239148 677.4801288936627088 663.5725026852846895 627.6777658431793725 543.3716433941997366 312.3856068743286869 -231.3222341568206275 -324.5037593984962427 395.8796992481202892 278.6090225563909826 201.6143931256713131 464.6852846401718580 1017.1439312567132447
-372.8435100548446144 -376.0369287020109823 -377.3954296160877675 -377.5718464351005537 -379.0383912248628917 -376.9771480804387807 -376.1680073126142361 -374.2705667276051145 -371.9634369287020377 -369.7987202925045835 -368.7213893967092986 -367.1837294332723900 -367.3780621572212226 -367.6639853747714710 -368.7031078610603458 -369.6769652650822877 -371.3074954296160968 -373.1764168190127862 -375.2232175502742280 -375.9447897623400650 -376.0413162705667105 -373.5027422303473372 -371.8954296160877675 -366.3232175502742507
4.3442244552780815 5.8163366829171226 5.7757835041289427 5.2469008058899611 5.1429907471893346 5.0861008854840311 5.2787981295393491 5.8075415381554079 6.2786787384339870 6.2123370808874743 6.2893244453288233 6.6267038105661129 6.9233907073922989 7.5301761018804099 7.6243557854939805 7.3924783603621531 7.4296288926474974 7.8685105959606005 8.0046960501442648 7.7340961098398173 7.3218585215401450 7.0470599940304446 6.7482041587901698 5.4610088548403146
-34.9570200573065932 -52.4366762177650401 -63.4865329512893979 -69.8326647564469880 -87.3151862464183353 -116.3604584527220567 -119.0189111747851030 8.6882521489971349 93.9724928366762242 34.3994269340974199 -58.4028653295128919 -86.4469914040114560 -58.7237822349570209 -60.3438395415472755 -67.7249283667621711 -64.3828080229226316 -33.2647564469914059 -27.1988538681948420 -21.9833810888252152 -116.1856733524355292 -74.4034383954154777 -8.7948424068767910 -144.4911174785100343 -947.0710601719197257
856.9939559368298205 868.4564242542405736 873.4556443751218922 876.6851238058101217 876.0705790602456773 873.4410216416455341 873.2376681614349536 872.5663872099825085 872.8904269838175196 874.8065899785533475 876.1538311561707815 875.7379606161044876 876.2975238837980214 875.7674010528368171 877.1996490543965592 876.2316240982647741 873.5340222265548391 872.6859036849288032 872.4147007213881579 869.1134724117762289 868.7383505556638283 866.1337492688633120 862.1440826671865807 853.7364008578670109
11.9479553903345721 54.4163568773234232 65.1858736059479611 45.2726146220569987 10.9851301115241640 -87.2552664188351912 -126.4448574969021024 12.4473358116480792 1.6071871127633210 -256.3258983890954141 -386.4820322180917174 -347.1883519206939468 -336.7806691449814025 -348.6356877323420349 -400.5762081784386623 -346.8847583643122903 -343.0185873605947791 -332.9021065675340765 -201.1239157372986313 -165.5142503097893325 -377.8463444857496825 744.4448574969021593 405.3928128872366869 -571.2688971499380841
-141.9743583007119696 -142.5622257835693460 -143.2824002311956519 -144.0343115361374657 -144.6165304889262586 -145.4205396316633028 -146.5075007224864123 -147.1845887081942976 -147.4299450910332894 -147.7470772140924282 -147.7505451488322024 -147.8955153298478820 -147.6659222867351389 -147.7343614533799325 -147.6683656043927044 -147.2194256889893040 -147.4558757848829487 -147.6510259306938622 -147.3655255760187117 -147.0431915508499117 -147.0905078422615020 -147.4798886057326115 -147.0819430943435862 -146.8315949872579722
-3.1243523316062176 -3.9407023603914797 -14.3857225100748423 -25.9516407599309140 -33.4645941278065635 -40.2878526194588389 -42.8842832469775459 -44.9188255613126088 -25.4715025906735768 13.6321243523316067 86.7829591249280412 192.4478986758779513 297.4507772020725156 350.7161773172135781 332.6447898675878037 242.4726540011513976 100.4720782959124961 -4.3287276914219923 -61.2867012089810004 -90.0713874496257887 -81.9804260218767951 -76.9953943580886602 -97.4478986758779513 -120.9930915371329831
989.2718846549948921 877.6096807415035528 820.7888774459320302 748.9165808444902268 671.9567456230689686 645.6549948506693681 621.5695159629248110 578.4644696189495789 395.1163748712667143 -71.0823892893923812 -590.5118434603501782 92.4232749742533457 386.0710607621008990 8.5818743563336763 125.6395468589083464 905.3357363542739904 1044.0216271884655725 319.1915550978372949 777.5818743563336284 600.5695159629248110 432.7754891864057640 359.7837281153450135 326.9680741503604509 329.0401647785787986
-48.9052815364469637 -49.7325767495998861 -50.7804452204277581 -49.4850865706387282 -45.2626218536301437 -44.2279935981376369 -44.9230321548086735 -47.1476793248945114 -48.5303360977738976 -46.9225956641932171 -44.8188563945875131 -46.8645424123381318 -52.5939182307580353 -65.2454532227557138 -88.9431107231194460 -122.9064455114215093 -158.4655899898152143 -191.6580823512294387 -226.2342499636257855 -274.9180852611668797 -317.5610359377273539 -331.8168194383820833 -317.0237159901062114 -296.2873563218390700
512.6560549313358024 712.0755305867664902 671.3283395755305492 602.8089887640448978 605.2147315855180523 540.2958801498127741 454.3639200998751448 402.4026217228464475 395.7340823970037604 384.5324594257178319 360.8202247191011338 344.3645443196004976 286.1997503121098703 189.9794007490636716 88.5580524344569255 58.6716604244694153 -41.9637952559300871 -378.4007490636703892 -126.2403245942571743 924.8801498127340892 1229.1560549313358024 899.2553058676654700 845.6260923845193247 808.6716604244694508
996.7366375121476949 1084.2827988338192426 906.7541302235180183 844.6190476190475920 797.4742468415937537 699.1953352769679668 641.6929057337221138 649.8347910592808603 621.8872691933916030 522.9378036929057316 222.2798833819242077 -432.4810495626821876 -396.0029154518950349 389.2040816326530717 168.7298347910592895 40.8814382896015545 463.3673469387754835 1172.9212827988337722 586.6229348882410477 531.1020408163265074 775.7823129251701175 489.5539358600582887 412.5860058309037868 348.7327502429543529
-10.2019288728149480 4.8273056057866182 4.9617239300783602 7.5684147076552142 12.9237492465340562 5.8131404460518388 3.1362266425557563 -5.5229053646775164 -13.9689572031344191 -13.5123568414707655 -31.0524412296564201 -45.7715491259795044 -40.4933694996986162 -44.6591320072332749 -74.7820976491862552 -124.3794454490656989 -165.3390596745027210 -229.5415913200723423 -311.8143459915611970 -259.3294153104279758 -51.5165762507534666 100.4773960216998177 117.7127787823990417 36.6124171187462295
-185.8036654318580645 -195.1559758237473261 -206.8518229674400573 -216.9787482940144230 -220.4922986937024803 -218.9762136868785376 -217.5158900370442723 -217.1741080132579498 -211.9114837200233978 -206.1879508676155126 -211.9923961785923154 -221.6434002729576775 -233.7582374731916559 -250.8348605966075127 -255.6344316630922151 -237.3618639110937920 -200.9929810879313834 -147.5882238253070682 -92.3946188340807169 -41.5234938584519426 -2.0581009943458763 25.4357574575940717 36.9625658023006451 25.6519789432637957
777.5406480955088000 -144.7151790790221639 -134.1785105173393902 100.1313246162592350 -114.6861853325753202 -98.0864127345082437 -4.1529277998862995 4.9488345650938035 -2.9596361569073335 -12.9181353041500859 -19.5895395110858459 -28.5696418419556579 -35.0625355315520153 -52.2080727686185355 -62.7003979533826055 -71.9755542922114842 -58.0847072200113672 6.6645821489482664 41.0852757248436617 -18.3189312109152915 -71.7754405912450295 -70.5844229675952306 -57.1523592950540049 -69.2575326890278546
-298.1835994194484556 -180.6872278664731368 -47.8200290275761972 -136.4753265602322188 -145.4005805515239445 -72.1465892597968121 -39.0312046444121918 -30.7380261248185782 -30.2191582002902770 -22.1378809869375921 30.1400580551523944 66.2568940493468830 53.8896952104499292 17.1037735849056602 -71.6799709724238028 -239.6139332365747521 -11.2002902757619740 429.1698113207547181 -72.6182873730043497 -578.9941944847605555 -439.2380261248185889 -229.8730043541364410 -329.1502177068214792 -357.1894049346879569
363.0981719702098758 352.8909952606634874 330.6702775897088600 284.5179417738659708 201.9634394041976861 97.3236289776574068 7.1090047393364930 -156.3466486120514674 -395.3155044008124719 283.2545700744752821 1190.8490182802979689 1135.7230873392011290 889.3730534867975166 848.0236966824644469 810.0880162491537249 710.8943805010155756 684.4779959377116256 648.7718348002707671 624.5768449559918736 530.8618821936357790 337.9566689234935666 14.2450914014895051 8.5646580907244410 305.9275558564658013
-31.7573264781490998 -10.7737789203084837 14.7393316195372748 -63.3655526992287932 -114.9043701799485859 -52.0853470437018018 -133.9948586118251797 -554.6874035989717413 -591.3182519280205724 529.3223650385604060 340.5239074550128748 -75.7367609254498717 39.4087403598971733 -35.8565552699228789 -90.5444730077120852 -2.4395886889460154 -16.6560411311053969 -5.0560411311053981 19.5275064267352185 13.7604113110539839 -14.3285347043701794 -85.1912596401028281 -68.6015424164524461 -86.4354755784061695
50.9525423728813536 29.9875706214689259 -9.4011299435028253 -91.1559322033898241 -50.8225988700564955 68.9694915254237344 -94.7762711864406810 -362.3141242937853121 -379.3220338983051079 -319.4158192090395687 -340.1175141242937912 -382.6406779661016913 -395.3536723163841771 -367.7152542372881499 -362.0858757062146651 -342.5762711864406924 -171.1966101694915210 -251.9740112994350341 -142.5175141242937968 730.8971751412428830 221.6463276836158229 -608.7502824858756867 -804.7536723163841543 102.3514124293785272
290.6146788990825485 281.9271297509829424 270.6078636959371124 252.1832241153342125 221.2432503276540103 187.4956749672346064 161.0120576671035337 138.7536041939711708 113.1226736566186162 104.4456094364351202 128.1627785058977622 188.2838794233289548 264.7766710353866415 360.3572739187417824 443.8655307994757777 487.9258191349934464 482.9748361730013357 467.2988204456094081 449.0634338138925159 427.2951507208388193 403.5976408912188731 387.6904325032765541 370.2466579292267284 357.9562254259502083
428.2100170745588912 363.4507683551508421 239.4923164484917493 -18.2595332953898684 -88.6807057484348320 165.6061468412065949 -153.9083665338645517 -266.8821855435401176 550.9863403528742083 1351.3136027319294499 830.3841775754126502 741.3437677859988071 827.7922595332953506 656.0853727945361697 592.2834376778599790 553.2157085941946661 528.4889015367102729 508.7495731360273226 406.6989186112692209 233.2396129766647732 -19.6289129197495740 88.1553784860557812 211.0278884462151439 192.1826977803073362
26.6601731601731586 -101.3852813852813881 -329.1742424242424363 -365.1168831168831161 -322.9058441558441359 -334.7337662337662323 -367.4502164502164305 -386.1352813852813597 -358.0432900432900283 -349.9264069264069121 -338.4145021645021529 -160.3939393939394051 -253.3235930735930594 -65.6504329004329037 697.8095238095238528 169.6125541125541076 -632.0075757575757507 -788.5378787878787534 164.5519480519480453 -75.9837662337662323 -381.2077922077921812 -94.2261904761904816 -16.7608225108225106 -156.4837662337662323
-23.8377088305489266 -17.5115354017501978 -13.2084327764518701 12.7820206841686552 70.1861575178997583 69.9968178202068430 47.2824184566428016 -27.4431185361972965 -166.8647573587907686 -199.8082736674622026 339.6722354813047104 237.1782020684168515 -417.6921241050119420 -551.7525855210819827 -293.3190135242641077 -271.0397772474144631 -382.1941129673826367 -375.4407319013524216 -382.4375497215592645 -396.0739856801909582 -354.4065234685759833 -262.1169451073985783 -219.9140811455847313 -121.0302307080350062
-101.0148083623693367 -110.2681837979094013 -140.9866071428571388 -155.1431837979094155 -146.5918989547038223 -128.9949912891985946 -100.1050740418118465 -68.8467987804878021 -46.1738893728223019 -32.5798127177700323 -24.1326219512195124 -24.7332317073170742 -22.3767421602787451 -15.3603005226480835 -6.4103876306620213 3.6621297909407664 10.2845165505226479 15.9484973867595823 24.3604094076655038 30.9640679442508713 34.7820121951219505 33.3656358885017426 30.5132839721254356 24.0275479094076658
-49.4144680851063853 -71.1497872340425488 -83.3472340425531968 -143.7072340425531820 -223.5565957446808625 13.7114893617021281 254.3880851063829880 122.9651063829787176 -28.1140425531914886 -110.5863829787234067 -39.5642553191489341 -40.1982978723404258 -57.8646808510638309 -69.9829787234042584 -22.3804255319148950 -19.8953191489361707 13.8953191489361707 -110.0893617021276611 -138.5234042553191500 -30.0238297872340425 -224.5208510638297810 -742.9080851063829414 -498.7131914893616909 786.7387234042553246
-102.4920744314266017 -147.2687801516195805 -89.6960716747070990 -42.0055134390075793 -25.3039283252929010 -21.0151619572708483 -18.7629221226740164 21.1571330117160592 76.0323914541695416 71.0606478290833934 38.8187456926257752 -46.2784286698828424 -208.1915920055134279 -143.5217091660923643 385.0833907649896446 112.6747070985527159 -478.5520330806340326 -528.0668504479668854 -267.9607167470709896 -305.1350792556857527 -385.7498277050310094 -374.6616126809097409 -401.3101309441764215 -394.7353549276361377
43.6147244805781398 39.0185185185185190 34.4715447154471519 30.6124661246612462 32.0758807588075854 31.2168021680216796 31.8346883468834676 30.7434507678410114 32.2962962962962976 25.1350496838301716 17.6124661246612462 8.8224932249322485 4.5772357723577235 9.3961156278229456 16.7990063233965685 29.1169828364950334 51.8301716350496804 92.9534778681120173 154.1829268292682968 240.6964769647696585 326.9078590785907750 377.1296296296296191 368.5998193315266462 316.8242999096657400
-331.9935304990758027 -344.8890942698706112 -357.1811460258779789 -381.5055452865064467 -350.2985212569316218 -332.7513863216266259 -320.7865064695009210 -158.0573012939001956 -228.6598890942698574 -92.0600739371534189 660.2421441774491768 174.8567467652495395 -585.0369685767097963 -761.8086876155267646 146.1839186691312307 -51.6432532347504605 -383.4334565619223554 -99.4205175600739324 0.6146025878003697 -154.2680221811460228 -68.7587800369685738 -6.7393715341959330 -17.5110905730129396 14.9140480591497226
-65.2951541850220281 -84.3083700440528645 -92.7033773861967632 -94.0959373470386709 -89.9941262848751791 -99.5462555066079346 -13.3705335291238381 45.8556045031815955 8.4968184043073904 -47.3059226627508593 -69.4106705824767545 -48.3475281448849756 -49.9055310817425379 -43.9353891336270195 -38.4973078805677957 -13.1194322075379350 -22.5790504160548231 -43.8423886441507591 -135.2971120900636208 -39.3959862946647092 104.5937347038668577 -182.4312285854136064 -813.4615761135585217 -349.7993147332354624
-83.4755301794453572 33.9241435562805904 -218.7104404567699873 -890.8670473083196839 -259.7667210440456529 726.8058727569331268 -56.3743882544861350 -84.2724306688417641 149.7601957585644357 -117.8580750407830351 -98.0497553017944483 19.0138662316476363 -13.9347471451876022 -5.9632952691680261 12.5709624796084825 -6.1655791190864599 -22.6908646003262646 -25.9584013050570945 -51.5212071778140270 -79.3548123980424123 -117.3482871125611808 -117.5179445350734113 4.1296900489396409 71.5611745513866282
128.2944862155388535 -501.9373433583959923 -264.0150375939849710 420.0927318295739497 -7.0250626566416043 64.5062656641603951 556.1115288220551065 1395.6441102756891723 384.3383458646616759 635.6065162907268586 759.2706766917293635 468.1253132832080155 411.0137844611529090 344.2581453634085165 360.5488721804511556 328.8082706766917340 327.1779448621554138 316.9122807017544119 290.5701754385964932 183.0714285714285836 59.3358395989974952 42.5213032581453660 -72.0751879699248121 -82.9147869674185500
-61.7913593256059031 30.8451001053740796 -100.5342465753424648 -328.6733403582718438 -362.5268703898840954 -320.4762908324552200 -331.7291886195995971 -367.5911485774499283 -381.2729188619599654 -355.5669125395152719 -346.6870389884088581 -334.5637513171759565 -158.3993677555321256 -254.4994731296101236 -57.0105374077976848 694.1959957850368710 161.1264488935721886 -637.8746048472075927 -774.6996838777661196 155.9978925184404659 -70.3572181243414150 -371.0579557428872590 -99.5416227608008484 -22.7418335089567982
43.9619377162629732 2.7543252595155709 -299.9307958477508578 -404.0242214532872254 582.2122260668973013 1250.4832756632065411 1035.9538638985006855 872.7254901960784537 861.7808535178777447 767.6493656286044143 662.7162629757785908 661.1833910034602013 628.4798154555940073 600.2433679354094238 425.3771626297577768 71.0807381776239851 -500.1476355247981473 -37.9250288350634364 410.7831603229527104 149.0438292964244624 217.6908881199538541 746.3425605536332341 982.8177623990773100 447.3552479815455740
-6.5619107479572598 -2.6467630421118793 -4.4607165304839720 -16.1194217473287225 -6.2696417347580136 -11.8246385920804524 -21.1709616593337522 -31.1665619107479586 -41.5405405405405403 -42.5185417976115616 -47.3827781269641761 -45.7875549968573239 -38.4632306725330011 -12.1213073538654932 46.9289754871150251 160.2036455059710818 307.6549340037711886 392.8422375864236074 354.2972972972972912 229.2137020741672018 59.4934003771213042 -47.4839723444374613 -97.2067881835323675 -96.0716530483972377
-190.7540064102564088 -166.3205128205128176 -265.8133012820512704 586.1738782051281760 392.2419871794871824 -397.5689102564102768 -803.6057692307692832 -116.6931089743589780 41.2179487179487154 -346.1113782051282328 -195.7227564102564088 -44.8485576923076934 -136.8782051282051384 -121.8068910256410220 -34.0504807692307665 -5.0849358974358978 44.1217948717948687 20.3060897435897445 -1.0961538461538463 -22.6666666666666679 -52.2035256410256423 -90.0953525641025692 -15.5849358974358978 50.5112179487179489
33.7238636363636388 0.0113636363636364 -68.6227272727272748 -59.2193181818181813 38.7545454545454575 -99.0556818181818244 -345.0386363636363853 -376.4795454545454731 -332.6477272727272521 -342.2295454545454731 -377.9193181818181984 -397.0795454545454390 -367.2340909090909236 -362.4852272727272862 -346.3818181818181756 -163.9613636363636431 -264.9284090909090992 -79.6284090909090878 716.1250000000000000 165.9375000000000000 -626.3079545454545496 -801.2875000000000227 160.2090909090909179 -85.2011363636363654
-580.1447252164693964 -582.7768156918183422 -584.4597985509807359 -585.1360664428344762 -586.3730341049655408 -587.4009542321964545 -587.6843965364905671 -588.3770984272839542 -589.2228308888496713 -589.4921364198621632 -589.2579961123873318 -589.1263474112033691 -589.2007421805973308 -588.6541791836012862 -588.2157625022089178 -587.1795370206750704 -586.9137656829828984 -586.5016787418271633 -585.8588089768510372 -585.7617953702067553 -583.7409436296165950 -582.2307828238205047 -581.2565824350591583 -580.2611768863756652
-303.7031763417305683 586.4622124863088857 1220.7995618838992868 1046.3548740416210876 856.8904709748082951 862.0131434830229864 762.3439211391018944 662.9233296823658748 657.6265060240963294 628.1084337349398083 605.0821467688937219 434.1040525739321083 55.1960569550930984 -541.3997809419496434 -43.7207009857612263 408.3537787513691342 123.4589266155531249 182.5980284775465634 746.2223439211390996 1012.0240963855421796 414.6473165388828193 694.7097480832420615 626.9255202628696679 432.0065717415114932
-187.9759271899886244 -190.1616837315130795 -191.3376564277588159 -193.0656200227531372 -194.3475767918088764 -195.3943572241183233 -195.5900796359499338 -195.1451194539249059 -194.5889419795221897 -193.5288737201365166 -191.7965870307167222 -189.9699203640500684 -187.5854379977246822 -185.4535153583617841 -184.7624118316268493 -185.3899431171786034 -186.0759499431171662 -186.9852559726962511 -189.1801592718998961 -190.4074175199089893 -190.0601137656427682 -189.2074175199090007 -187.5001592718998893 -185.2028668941979390
204.3857439857439999 200.4363528363528246 200.6533412533412672 203.1588357588357496 205.5100089100089065 208.4395604395604380 211.1038313038312992 211.9874071874072001 211.4376596376596353 211.4987822987822881 211.6739530739530721 211.7833679833679810 212.2691416691416748 212.4833382833382700 214.1588357588357496 217.8144342144342147 222.3116721116721237 224.3556875556875525 225.0063558063557991 226.4288090288090416 229.1356103356103233 231.0474012474012397 231.5372141372141357 232.3539649539649474
100.9979324603721551 2.5796002756719503 -78.6705720192970404 -58.8821502412129547 -34.3749138525155047 -38.8297725706409338 -52.0261888352860069 -13.3694004135079254 -1.2605099931082013 10.7215713301171611 -80.0192970365265381 -134.2818745692625839 -61.7580978635423818 -183.2143349414197075 -636.2315644383184008 -568.0964851826327049 647.3721571330116831 332.5120606478290597 -68.8008270158511408 67.4252239834596878 -58.5051688490696051 -93.2067539627842905 7.4507236388697446 -23.4672639558924878
854.9477272727273203 782.8590909090909236 708.6375000000000455 658.8193181818181756 632.8204545454545951 610.8829545454545951 510.6204545454545496 252.9034090909090935 -359.3784090909090878 -474.6886363636363626 428.1215909090909122 193.2750000000000057 7.0772727272727272 290.5284090909090651 1232.2090909090909463 629.3670454545454049 433.0681818181818130 828.6693181818181984 463.3079545454545496 426.2659090909090764 331.5863636363636147 323.8590909090909236 333.7761363636363399 306.0193181818181642
-58.6990595611285286 -214.4036050156739748 112.2515673981191213 872.9310344827586050 1142.3675548589342270 881.8659874608150631 794.2115987460814495 750.9819749216301261 688.2625391849529706 644.6575235109718278 597.9310344827586050 559.4537617554858571 531.2429467084639327 460.0493730407523572 386.5227272727272521 293.5579937304075315 217.8456112852664717 320.8456112852664432 325.8228840125391912 272.2249216300940589 268.7460815047022038 376.2492163009404180 381.7006269592476428 361.3738244514106555
669.4308714541272138 670.8579095323281081 631.4260158446204514 568.6654740608229304 533.2484027600306717 478.3766930743674948 437.6031178124201233 392.7076411960132987 360.5847176079734027 331.6565295169946239 310.2604140046000794 294.5926399182213231 282.9105545617173334 269.5399948888320978 265.2379248658318147 266.4124712496805500 271.6212624584717332 274.6217735752619546 273.9118323536928301 280.6818297981088790 284.2532583695374342 290.5619729108101410 293.3976488627651520 299.5103501150013017
-50.4332538736591189 -37.6787842669845077 -56.7455303933253887 -12.9690107270560198 1.6162097735399286 16.4475566150178771 -63.5458879618593571 -115.1042908224076342 -68.9970202622169211 -171.2985697258641267 -589.4880810488676843 -572.6239570917758783 580.3349225268176497 333.2413587604290797 -57.4719904648390951 48.6567342073897464 -45.0816448152562543 -86.9207389749702060 9.2783075089392142 -19.0500595947556626 -1.7932061978545888 20.7794994040524443 14.5035756853396904 -16.6096543504171628
-5.5497342444950641 2.0341685649202734 -23.7232346241457854 -82.4677296886864042 -158.6651480637813165 -216.9893697798025869 -271.0417615793469963 -339.3826879271070425 -392.7892938496582929 -404.5987091875474562 -408.6127562642369071 -412.6074411541382005 -396.4343204252087958 -351.7551252847380283 -305.3887623386484620 -258.1085801063022132 -204.5846621108580052 -151.0170842824601323 -105.6545178435839034 -69.8006833712984047 -52.4396355353075165 -56.9457099468489005 -92.4176157934700058 -116.8572513287775223
53.5624726636535939 59.7145842445448807 60.2350196821694155 60.1311172668513407 59.9891626573358607 57.7562326869806100 55.6852310832482900 54.5372989259853256 53.1744180395587307 53.4256694367497715 53.7474364581814612 54.4819458618846255 54.7826213733780421 53.9128152791952147 53.6650143363950036 53.1204743159838628 52.6687563784808290 51.8850658502211175 51.7114739757982207 51.9037274627010774 50.5885697623560304 50.0881080818389464 50.7573018418622723 49.2432327355785588
-32.2169811320754746 9.3726415094339615 -76.7104952830188722 -122.5501179245283083 -12.2965801886792452 -126.9587264150943327 -618.6804245283018417 -646.2258254716981583 561.8968160377359027 282.5524764150943611 -126.8691037735849108 79.3543632075471663 -38.6432783018867951 -111.8071933962264097 2.1715801886792452 -7.5123820754716979 -6.9398584905660377 20.4056603773584904 5.8974056603773581 -13.5678066037735849 -52.6002358490566024 -64.5229952830188722 -83.0760613207547181 -123.3956367924528337
-357.5407478427612773 -338.8513902205177146 -349.9271332694151511 -358.7938638542665331 -383.4918504314477445 -351.2358581016299013 -333.1073825503355579 -321.0565675934803380 -156.3537871524448803 -231.3326941514860948 -94.4544582933844623 668.2080536912751541 178.0767018216682516 -593.5800575263662040 -777.0910834132311038 145.9731543624160963 -43.1045062320230130 -386.0019175455416871 -105.2205177372962623 -2.9760306807286674 -155.7420901246404696 -74.5062320230105399 -14.7756471716203261 -24.0019175455417049
-11.5443037974683538 -3.7158931082981717 31.3699015471167364 78.4767932489451425 81.7763713080168770 60.3403656821378362 -30.1828410689170177 -197.2925457102672340 -134.1476793248945114 294.7791842475386943 -0.2278481012658228 -468.3305203938115255 -459.3881856540084527 -288.9001406469760695 -312.0407876230660804 -406.7341772151898454 -395.3052039381153122 -372.1293952180027986 -401.7482419127988464 -356.3192686357243133 -179.0014064697608944 -273.8832630098452796 -144.7918424753867725 772.7932489451476386
-106.8376667250569341 -107.1595305422787163 -108.1776732314006182 -109.2580015515127201 -109.6841170140887414 -110.0611846550386588 -109.7970521258226739 -109.5021145616976526 -109.2067766071920119 -108.4044943820224773 -108.0974950576812432 -107.7513825980330893 -107.5716323415329896 -107.6681514476614723 -108.0860088586371717 -108.6235329446210045 -108.7489302069517834 -108.7972272966141958 -108.1320787768073899 -107.7307624934311008 -108.4061459923425303 -108.8698481018993505 -108.8207502314756852 -108.7626686018868440
-69.9728308501314586 -91.2182296231376029 -123.1113058720420668 -161.2874671340929069 31.9553023663453111 182.6283961437335677 76.1831726555653006 -50.3952673093777364 -104.4110429447852795 -16.3277826468010510 -47.9097283085013146 -78.6967572304995571 -89.5460122699386574 -38.1323400525854481 -37.1446099912357610 -18.2042068361086748 -132.4688869412795782 -165.4049079754601337 -67.4057843996494341 -217.5530236634531036 -665.7879053461875856 -583.4680105170903062 819.2532865907098767 279.8001752848378487
20.0575996495838815 27.7043363994743750 23.7594174332019286 21.2739816031537465 23.1047963206307507 23.0743539202803341 24.3377135348226012 23.6131187034603585 21.2184625492772660 19.5394218134034183 17.7519710906701711 12.4394437144108636 6.5871660096364435 -0.8401226456416995 -10.2689443714410871 -20.9067017082785824 -33.8338808585194926 -50.6524310118265433 -65.5931887866841805 -94.8549058256679842 -136.8656373193166758 -171.3576434515987614 -185.8462549277266760 -184.7655497152869088
550.3861490031479207 546.4979013641133179 478.8457502623294886 407.3105981112277050 376.4648478488982164 364.0041972717733643 354.5629590766002366 345.5718782791185504 316.4758656873032692 258.8336831059810947 183.8824763903462838 104.9926547743966410 60.6159496327387188 -111.9428121720881393 -338.8746065057712258 161.6941238195173014 1047.8195173137460188 1122.9952780692549368 885.5141657922350760 826.7570828961174811 778.8950682056663481 702.9239244491080854 663.6657922350472063 637.6972717733473246
189.4778812572758966 293.3766006984865840 325.0110593713620233 482.6891734575087298 659.4033760186263180 641.9481955762514644 560.0023282887077585 583.5378346915017573 518.1932479627473640 433.7613504074505499 393.1618160651920562 376.4243306169964853 367.9278230500581799 356.8684516880093156 344.5739231664726390 281.6559953434226031 194.2823050058207173 81.3440046565774111 54.3766006984866124 -14.1990686845168810 -334.7729918509895128 -172.5192083818393485 821.4807916181606515 1218.2625145518043155
-391.0658897355446015 -417.5907664724338701 -433.0327207530255578 -446.1748095024652798 -459.4966382787987413 -466.1680860600627625 -464.1855670103092848 -456.6131779471089089 -452.1940833706858029 -444.4262662483191662 -434.8771851187808011 -427.0143433437920066 -416.0797848498431222 -396.8650829224562813 -366.0268937696100124 -333.5948005378754146 -286.4639175257731836 -230.3245181532944912 -182.0959211116091581 -139.4464365755266613 -107.6055580457194054 -80.8162259076647302 -62.5472882115643216 -60.7956073509636923
-113.3919156414762739 -143.9847685998828410 221.3503222026947981 26.3169302870533102 -457.5114235500878976 -894.1921499707088969 343.6818980667838446 245.6162858816637424 -303.0363210310486011 -4.2571763327475098 -1.7229056824838898 -142.8342120679554910 -42.5729349736379632 -9.4985354422964257 -15.6707674282366725 16.8096074985354420 13.1318101933216163 -9.9912126537785593 -13.7234915055653186 -43.1323960164030495 -74.4979496192149924 -46.7650849443468104 -56.3497363796133541 -96.9958992384299989
-63.7792155276991508 -60.5382126971289907 -83.5928022644561253 -109.6728669632025941 -134.5349777598059120 -168.4439951475940234 -221.9995956328346267 -290.5487262434290301 -342.0355843105539861 -376.1233319854428032 -405.4435907804286217 -429.7941771128184314 -445.7707238172260418 -452.8754549130610485 -453.6910634856449747 -453.6243429033562506 -451.4371209057824785 -447.7064294379296143 -442.4003234937322873 -434.6271734735139489 -426.5414476344520835 -412.5095026283865991 -400.3752527294783476 -384.6995551961180695
-16.7608991825613067 4.5333787465940052 33.7050408719346066 35.7425068119891023 17.7288828337874662 -25.3106267029972756 -41.7363760217983639 51.1798365122615806 32.6226158038147105 -294.4625340599454830 -456.6914168937329919 -386.5688010899182814 -346.0681198910081662 -404.8153950953678191 -435.2792915531335325 -431.4121253405994594 -415.6423705722070849 -384.7104904632152511 -323.2547683923705790 -210.1777929155313416 -146.3644414168937260 -143.5565395095367762 237.8821525885558685 198.0504087193460521
274.1212121212121247 294.4438285291943771 309.8008130081300919 364.1559497413155668 446.0439763488544145 470.1141906873614289 415.7560975609756042 476.6049519586105134 454.1452328159645049 431.3758314855875824 411.5801921655580031 394.8580931263858247 377.9249815225425095 366.5535846267553666 360.4733924611973634 350.8521803399852388 335.2394678492239564 299.6884700665188461 248.6097560975609895 199.7376201034737733 136.6515151515151558 14.1729490022172957 -126.0576496674057694 -13.4430894308943092
-707.9993635977938311 -706.8682647433178090 -709.6342808655069803 -710.0797624098430560 -710.8406873143826488 -710.8218073822655469 -711.6686465846414649 -711.2225286380993339 -710.9974543911752107 -710.9872719558761673 -711.8867204072973891 -711.4679677556215438 -712.1274925753075422 -711.1226134917267245 -712.1107339838778216 -713.2129826050063457 -712.3260500636401957 -712.2208315655494744 -711.5988544760288050 -711.0680950360628003 -709.8118370810352644 -709.8913873568095596 -708.4603309291471760 -707.3498090793381152
45.5460930640913091 -173.8867427568042103 -806.8542581211588640 -462.5355575065847233 777.8577699736611066 16.3169446883230904 -165.5504828797190555 165.4863915715540088 -100.0632133450395145 -123.8077260755048314 23.1545215100965756 -9.6865671641791042 -6.7559262510974536 15.4407374890254605 -5.7813871817383671 -22.9587357330992106 -23.1861281826163292 -51.5004389815627732 -71.0500438981562752 -111.1597892888498649 -131.7734855136084207 -10.8173836698858654 73.9262510974539140 5.1571553994732220
-132.8988842398884174 -72.8458856345885692 -33.6394700139470046 -18.9149232914923289 -15.6394700139470011 -8.7057182705718272 44.6506276150627599 81.9253835425383556 71.3988842398884174 19.9177126917712677 -84.7608089260808981 -244.0585774058577329 36.9253835425383556 432.1227336122733504 -83.4567642956764359 -541.0027894002789708 -439.3716875871687648 -235.8528591352859110 -339.0488145048814772 -375.6199442119944365 -361.6290097629009779 -400.7656903765690117 -382.2796373779637520 -309.0557880055787905
307.8590441000376359 308.5007355708372074 310.5433644667966746 312.8483355571521543 312.9782750008553194 313.7466557186356226 313.8663998084094828 313.9619898046460662 313.0303807862054555 312.4386054945430828 311.5047726572923921 310.6742276506209350 310.5593759622292964 309.8364979985630612 309.1761606623558691 308.4944404529747999 308.5946833624140595 308.2641212494440310 307.3237195935543582 306.7509665058674386 306.7551062301139382 308.3252933730199743 309.9476205138732325 310.2981285709398094
-71.4939482029598281 -70.8415169133192393 -70.5966966173361499 -70.3830073995771670 -70.3985200845665986 -70.5775105708245292 -70.9426004228329816 -71.2109672304439698 -71.2738900634249433 -71.3187103594080298 -71.4713530655391054 -71.4555761099365725 -71.0040961945031768 -71.0084038054968261 -70.8240750528541270 -71.2662262156448207 -71.9963794926004255 -71.8169661733615214 -71.2469080338266423 -70.9499207188160739 -71.5845137420718771 -72.2924947145877326 -72.2103329809725096 -72.4212209302325647
1.2390208783297336 -82.7429805615550720 -116.9877609791216742 -19.0914326853851684 -163.8272138228941799 -640.9942404607631943 -681.8696904247659631 615.9611231101512203 286.7278617710583148 -146.0201583873290190 119.5313174946004295 -34.5370770338372921 -125.0964722822174195 9.9798416126709864 -2.9172066234701224 -7.0921526277897771 16.5442764578833703 2.3441324694024477 -22.5104391648668098 -40.5500359971202329 -63.4643628509719235 -85.3520518358531319 -143.0388768898488081 -150.0381569474442074
-41.3448911840649203 -34.0014754703061612 -31.0582810770933229 -32.6879380302471390 -35.4795278495020270 -35.4721504979712279 -34.4658797491700497 -28.0667650313537429 -7.8675765400221325 16.2729620066396166 -83.5322759129472558 -220.4636665437108149 -262.8336407229804763 -284.9147915898192309 -344.5215787532275726 -403.3946883068978195 -438.3094798967170505 -455.2334931759498318 -463.5942456658059996 -463.9594245665805943 -447.5499815566211623 -417.8240501659903998 -392.6934710438952152 -389.1390630763555691
-5.7334070796460175 -68.0896017699115106 -46.2311946902654896 43.7157079646017692 -106.2488938053097343 -342.8019911504424613 -365.0342920353982095 -322.8230088495575387 -336.8484513274336223 -375.8761061946902373 -390.6946902654867131 -366.6482300884955521 -357.5564159292035242 -342.2920353982300981 -160.4303097345132869 -256.9247787610619298 -72.1227876106194685 700.1902654867257070 176.5918141592920279 -626.7544247787610630 -793.9369469026548813 165.5188053097345176 -73.2256637168141538 -378.5265486725663777
-56.9131736526946099 -61.0425149700598837 -64.5520958083832284 -67.4700598802395177 -51.0275449101796426 -12.6383233532934138 93.4892215568862213 237.6227544910179574 372.3000000000000114 383.1592814371257418 269.9706586826347348 109.4101796407185674 -14.7742514970059879 -62.1730538922155702 -85.7227544910179660 -80.7628742514970099 -69.6622754491017986 -81.3077844311377191 -109.4868263473053958 -129.1802395209580823 -132.4682634730538950 -126.5035928143712596 -102.4305389221556908 -72.8760479041916227
-334.9972573839662573 -277.1552742616033811 -144.3050632911392483 -56.6312236286919841 8.5763713080168777 59.7934599156118125 57.6531645569620252 28.0518987341772146 1.9251054852320675 -14.0864978902953588 -24.9763713080168763 -9.7672995780590721 1.2099156118143459 2.0350210970464135 6.4662447257383970 10.8569620253164558 11.9126582278481017 11.5183544303797465 7.0789029535864980 8.9440928270042193 7.8630801687763716 9.0286919831223624 9.7938818565400840 0.8985232067510549
-155.3346394984326082 -312.3471786833856072 -262.8432601880877542 -48.7045454545454533 -133.8064263322883960 -166.6112852664576849 -100.9710031347962342 -60.9772727272727266 -46.7962382445141074 -41.9498432601880893 -39.0783699059561158 2.6943573667711598 55.3871473354232009 51.1873040752351116 29.8761755485893410 -32.0830721003134798 -181.2225705329153698 -175.5666144200627059 359.1073667711598887 193.2954545454545325 -506.5352664576802226 -523.5877742946707940 -247.4623824451410599 -276.5117554858933886
355.4850326022525451 357.6045741948231580 359.7236712112230634 360.6138608970559289 360.6591582691168014 361.5488045840742757 361.1756569847856326 361.5010373443983553 361.6634064414147360 361.6800039517881942 362.1810906935388061 362.4281762497529940 361.8491404860699276 361.7184350918790869 361.9645327010472329 361.9373641572811948 361.7937660541394962 361.0089903181189470 360.2438747283145517 359.2273760126457205 358.5843212803793563 358.2697095435684673 358.4549990120529515 356.1891424619640247
-64.9590425531914946 -23.5398936170212778 3.8664893617021279 26.0606382978723410 -60.5191489361702111 -121.5606382978723445 -71.4936170212765916 -132.2824468085106275 -548.4845744680851567 -591.0297872340426011 533.3026595744680662 341.0515957446808670 -67.2601063829787194 44.6505319148936195 -36.8026595744680876 -85.7388297872340388 2.3281914893617022 -17.5526595744680840 -2.5648936170212764 24.4308510638297882 18.5170212765957451 -13.6127659574468094 -86.6686170212765887 -67.8117021276595722
-189.0517560073937204 194.4017252002464602 128.3629081947011628 -313.1447935921133876 -991.4109673444238524 71.7060998151571170 387.4436229205175550 -284.5834873690696440 -79.7855822550831846 58.9439309919901433 -133.2729513247073214 -81.5372766481823845 -5.7609365372766481 -17.2384473197781887 10.2248921749845962 21.3555144793592113 -4.1028958718422670 -12.1903881700554528 -37.0936537276648153 -75.7252002464571774 -39.6444855206407851 -36.2347504621072076 -101.2667898952556982 -112.6247689463955624
425.1003194888178882 432.2247603833865810 438.8218849840255871 442.4423322683705919 446.6285942492012850 451.4480830670926252 453.5498402555910502 460.3814696485623017 461.7785942492012623 464.2541533546325923 467.3924920127795417 469.2023961661341787 468.9734824281150054 469.3867412140575084 467.2905750798722124 464.7062300319489054 461.9765175718849832 458.3421725239616649 452.2600638977635867 447.4204472843450731 443.4293929712459885 438.6686900958466708 433.7327476038338432 422.3964856230031728
314.7253317945758795 410.8747836122331023 597.0819388343912806 669.1673398730524696 584.4777841892671404 581.0894402769763474 547.5539526832083084 480.7299480669359468 412.5193306405078033 387.3110213502596935 378.8765147143681702 364.9948066935949100 344.7853433352567549 310.4293133294864333 231.6918638199653913 139.5793421811886788 80.5297172533179406 48.5954991344489358 -188.9382573571840851 -374.6912867859203971 359.5695326024235214 1192.2769763416042679 1031.8620888632428887 837.6837853433352166
-917.0907868190988665 -918.0813718897107947 -919.1217215870881319 -920.0484196368527137 -920.6439139206455593 -921.0205110961667287 -921.2219233355749566 -921.1365164761264168 -921.0178211163416790 -921.1361802286482998 -921.0285810356422189 -920.8503698722259969 -920.4377942165433524 -920.5067249495629085 -920.3856758574311243 -920.2252858103564677 -920.2151983860120481 -920.0511096166778771 -919.9243443174176491 -919.8248150638870584 -919.8207800941493133 -918.9038332212508067 -917.8614660390046538 -916.8059852051109146
-62.3350417337823970 -61.8969102357592647 -65.4567286571972460 -73.2804217308537176 -83.0184507248498988 -93.2804217308537176 -107.2763215697759591 -125.7731732318055293 -148.6077024454532136 -174.2271196368428718 -197.9755454678576712 -218.6756479718846151 -239.3340166935129503 -256.3808756772587572 -269.7866451896324520 -278.3600820032215779 -281.6112168692341697 -281.4858690877141498 -279.2378093425098768 -269.6153170303119282 -256.8973495387318735 -240.8424366671547716 -231.4492605066627675 -216.4521891931468645
-289.8649063555419048 -310.0184218606079298 -323.5314706785385397 -329.3776481424623626 -327.6140620202640434 -308.8345102855388404 -270.8243782622045046 -215.6023948418790326 -142.6969603929996993 -59.1464537918329754 18.6410807491556660 73.1888240712311955 85.4540988639852657 46.3540067546822243 -1.0279398219220142 -53.7519189438133225 -78.9594719066625714 -58.5191894381332531 -36.0521952717224465 -17.1854467301197431 -6.3715075222597486 -6.3914645379183295 -9.6856002456248085 -13.6619588578446418
32.5241610738255034 51.2851006711409383 55.1256375838926189 45.3830872483221484 31.4033557046979865 12.1061744966442948 -11.1723489932885904 -38.0100671140939568 -60.1367785234899301 -83.1433557046979814 -112.0868456375838917 -143.4186577181208122 -173.8355704697986539 -190.1095302013422952 -192.2238926174496783 -182.5295302013422827 -162.3418791946308772 -138.9461744966442893 -119.5587919463087303 -113.1518120805369136 -118.2824161073825451 -127.8783892617449709 -130.2440268456375918 -124.4885906040268395
507.0945872061235491 431.3603061782394548 389.7145981410606623 370.5232367413887573 361.7299070530344238 351.9863313285948720 338.2307271733187690 287.6386003280481418 224.8655002733734420 133.5549480590486553 65.0371787862219861 -40.8627665390923980 -317.0371787862220003 -81.9343903772553261 846.0781848004373842 1195.8042646254784813 956.7419354838709751 843.9896118097320823 814.7490431930016257 741.5675232367414083 684.3187534171678408 658.7424822307272052 632.2203389830508513 573.7813012575177254
-326.2501335232330462 -363.2189781021897943 -326.8965640021363583 -264.2681146519494177 -201.0336478547267234 -151.8235713014064459 -113.2118568630941837 -88.9223784938579342 -83.3934484600320474 -90.6079757877870691 -103.7915257254762338 -118.8362115008011415 -123.3792059818408404 -107.1119814847783545 -88.1482998041659300 -68.2034894071568516 -58.5285739718711042 -58.4897632188000713 -58.2483532134591400 -58.5974719601210623 -59.5641801673491216 -57.8041659248709294 -54.2330425494035993 -52.9396474986647689
-140.1686075949367023 -133.1848101265822777 -133.8337552742615912 -151.2511392405063191 -184.1355274261603370 -221.6264978902953544 -254.2383122362869301 -264.1027848101265931 -259.5149367088607733 -248.8443881856539974 -217.4209282700421966 -169.2268354430379702 -120.9851476793248963 -74.8666666666666600 -34.9633755274261588 -8.6747679324894520 3.0535021097046413 -5.2200843881856542 -13.5603375527426167 -25.8995780590717288 -25.2702109704641344 -26.8911392405063303 -21.5542616033755259 -21.3446413502109706
-70.7076350093109909 -53.3575418994413440 -41.5145872129112377 -34.6958410924891396 -49.7709497206703944 -8.7541899441340778 3.3550589695841091 7.3469894475481068 -74.8547486033519505 -128.6443202979515945 -68.5946617008069524 -188.4723774053383067 -614.8559900682805619 -530.1030415890751328 611.7467411545624145 337.6064556176287965 -34.3736809435133424 52.1632526381129722 -55.8069522036002468 -84.3829919304779708 10.4953445065176911 -21.7194289261328350 4.1253879577901928 18.7759155803848543
569.9960202604920596 577.6338639652677784 585.8317655571635214 584.5814037626628306 602.9569464544139237 625.5115774240231303 642.2832850940665139 656.9960202604920596 664.1447178002894134 666.5510130246020708 667.8730101302460298 669.2601302460202533 670.2192474674385494 666.7970332850940167 670.8780752532561564 667.2514471780028771 669.5712735166425773 665.7521707670043725 669.8560057887119683 661.7746020260492514 654.0155571635310707 645.2217800289436127 634.1335021707669739 624.1913892908827393
-109.8012422360248479 -161.1480331262939956 -226.1252587991718315 20.4927536231884062 235.5062111801242111 137.0062111801242111 2.3581780538302279 -110.2981366459627282 -35.6459627329192514 -23.9130434782608710 -37.3561076604554856 -59.6790890269151149 -8.0051759834368532 -7.1542443064182191 30.2691511387163565 -99.8447204968944106 -156.0414078674948257 -40.2039337474120089 -202.4958592132505260 -726.0000000000000000 -632.1625258799172116 751.0062111801241826 325.7639751552795246 -104.6656314699793029
-301.9221645663454296 -982.6478873239436780 416.2468495181615822 459.4988880652335297 -310.4351371386212008 -88.0185322461082222 1.9414381022979985 -129.7820607857672428 -81.1764269829503320 -35.4744255003706428 -33.1927353595255710 -9.4899925871015576 -7.0140845070422539 -22.6041512231282447 -21.5166790214974064 -29.1423276501111950 -57.8020756115641205 -73.0059303187546362 -97.9955522609340193 -64.1467753891771650 -11.7116382505559677 -13.4432913269088221 -61.9933283914010360 -92.5959970348406216
-179.9349376114082020 39.7005347593582911 219.0980392156862706 110.1737967914438485 -13.1729055258467032 -104.1711229946524071 -35.6203208556149704 -28.6016042780748663 -47.4750445632798588 -65.5793226381461665 -21.8315508021390379 -11.7263814616755795 16.9973262032085550 -97.2691622103386777 -158.7468805704099850 -50.1327985739750446 -190.0784313725490335 -657.3805704099821696 -649.8181818181818699 701.1622103386808931 359.5499108734402967 -113.3137254901960773 118.8716577540106982 -62.9964349376114114
-52.6840696117804583 -22.8975903614457827 -18.8768406961178030 -17.3688085676037467 1.5368139223560910 55.7891566265060206 78.7295850066934406 61.1820615796519434 -2.8755020080321283 -119.1606425702811265 -227.0575635876840579 214.3112449799196781 355.4390896921017315 -259.2797858099062864 -556.6780455153949561 -346.5401606425702994 -240.8232931726907680 -357.9892904953146058 -361.2550200803212874 -361.6057563587684172 -397.1813922356091098 -362.6184738955823263 -285.1867469879518353 -223.7182061579651986
-1.7578740157480315 -72.1765091863517085 -52.9914698162729678 -45.1003937007874001 -36.8182414698162717 -51.2020997375328051 -11.1154855643044623 2.0984251968503935 7.9803149606299213 -78.5013123359580050 -136.9120734908136399 -68.6574803149606367 -190.2755905511810965 -631.0275590551181040 -545.1961942257217970 638.3937007874015990 337.4015748031496287 -47.6561679790026247 63.1968503937007853 -53.8431758530183728 -84.2559055118110223 12.0898950131233605 -17.8727034120734913 5.8503937007874018
-341.0669565217391437 -350.8139130434782373 -373.0165217391304395 -342.7860869565217286 -325.5260869565217376 -317.1008695652174083 -159.4478260869565247 -238.2347826086956388 -68.4104347826086894 657.5052173913043134 160.8643478260869699 -601.9565217391303804 -736.7121739130434435 150.2939130434782555 -66.3913043478260931 -375.6834782608695491 -97.9852173913043458 -5.5852173913043481 -154.8278260869565202 -70.1147826086956485 -9.9130434782608692 -14.3852173913043480 19.3034782608695643 11.0313043478260866
466.2402659069325637 454.7483380816714202 443.0916429249762700 408.1149097815764435 307.0550807217474016 114.7108262108262124 -136.0251661918328523 73.5123456790123413 110.7037037037037095 -240.4150047483380774 -18.4031339031339023 969.3528015194681302 1168.6191832858498856 660.4833808167142024 819.0854700854700923 717.4610636277302547 610.5441595441595837 545.4962013295346424 525.0004748338081981 506.4226020892687643 468.7511870845204385 356.0835707502374134 164.4093067426400694 -3.0460588793922128
-321.9305439330543663 -307.0820083682008317 -290.7020920502092167 -132.0468619246861977 -307.0619246861924694 231.5623430962343150 644.1129707112970664 -58.9037656903765665 -776.1271966527197037 -488.0987447698744859 192.1313807531380746 -251.6945606694560809 -317.3071129707112732 -42.6301255230125520 -62.9037656903765665 -170.7372384937238508 -41.1832635983263629 -14.5121338912133897 -6.6460251046025105 25.8661087866108801 6.5581589958158997 -13.2979079497907957 -27.4878661087866121 -54.7196652719665266
734.1422440220723047 641.5481299816063938 619.1005518087063138 594.2035561005518502 511.6928264868179212 430.5542611894543370 402.3556100551808754 391.5910484365419961 364.3519313304720981 357.3488657265481265 321.8442673206621976 252.4610668301655494 112.2207234825260542 34.6290619251992666 34.8080931943592873 -238.5456774984671995 -357.3899448191293686 503.1661557326793286 1277.4941753525445165 1035.4218270999385823 846.4947884733292085 850.4954015941140142 763.3439607602697379 686.3832004904966198
-174.7840375586854407 -247.0340375586854407 15.4225352112676060 277.4776995305164178 138.8650234741784004 -22.1314553990610321 -127.7335680751173754 -41.4225352112676077 -35.0622065727699521 -51.6138497652582160 -73.8568075117370881 -17.2910798122065721 -16.6701877934272318 27.4061032863849761 -118.1338028169014081 -186.4014084507042242 -37.2969483568075120 -210.7018779342722894 -717.8427230046947898 -683.7053990610328356 804.4812206572770492 354.4812206572769924 -118.2511737089201915 175.2582159624413123
