460.0526124818577500 519.0787373004353640 555.8414368650218194 574.8925979680697083 577.9746008708273166 570.9481132075471805 560.3878809869376028 553.1487663280115612 547.5939767779390195 547.0420899854862000 552.7862844702467555 567.4089259796807028 591.6607402031930860 623.1255442670536695 660.5145137880987249 704.6171988388969112 750.6596516690856333 793.6788824383163501 829.8004354136429583 851.0529753265602722 852.5983309143686029 831.3675616835994333 782.9510159651669028 704.9833091436864834
808.6241043542164562 757.6176740767958790 614.4830056953885560 415.2687855961785885 208.1892338783758873 41.2524343193092022 -61.6911629616020605 -108.9713393349255881 -114.1477126584604065 -91.3551350358258247 -52.8219731765570444 -7.8954620613632187 32.3178394267866977 62.5335293036928164 79.8530222303876513 87.3358442035642071 86.0564027190887373 79.4934778614734512 69.4881499173250035 55.7697960683446610 41.5987506889582974 21.9748300569538841 3.4317471982362666 -15.7049421275032159
-414.5302410186448583 -429.4142792178262766 -392.5543428831286974 -303.9331514324692876 -166.5648021828103822 17.1464301955434273 221.6148249204183855 419.3856298317417099 578.6630286493860922 666.1682582992269772 627.2824010914051769 446.5043201455206940 158.0486584811277737 -149.2764893133242481 -416.4815825375170562 -624.9486130059117386 -732.4829467939972574 -737.8763074124601644 -630.0204638472032457 -435.6057298772169020 -222.6689404274670210 -28.0864029104138240 128.2428376534788583 235.5238744884038340
-425.3226587227704272 -491.3392291938186531 -552.3673431390802762 -606.6455036306088004 -651.0167566561161721 -682.5555762427853779 -698.6348910817351907 -702.2148575684229854 -691.7972444609941931 -669.6989387451126277 -637.7488363433252516 -601.9856637497672409 -565.0245764289703629 -528.3626885123812826 -491.1139452615900041 -455.1859988828895780 -417.9080245764289430 -377.9324148203314166 -337.7330106125488669 -298.2762986408490065 -262.5185254142617737 -228.5848072984546775 -195.8450940234593247 -162.9123068329919874
328.9871936105756163 368.7455246488570424 397.3068025337372546 415.9296337097218270 424.8398512806389249 425.0676122280363529 419.5375929496006506 407.3976865877168621 391.1454144863673719 375.3720738088680946 362.7323051500964084 352.7098595428256544 346.7502065546681251 346.3980996970531692 351.0180391076838191 359.0225833103827995 366.1630404847149407 371.7411181492701644 372.7911043789589485 367.2853208482511604 355.1007986780501255 335.5539796199394118 306.9697053153401498 270.6160837234921246
-261.9897435897435685 -137.7769230769230830 -1.1256410256410256 161.7410256410256295 366.4538461538461434 633.4333333333332803 956.5974358974358438 1344.7948717948718240 1791.4358974358974592 2268.8615384615386574 2749.6538461538461888 3245.0641025641025408 3758.2128205128205991 4252.9717948717952822 4649.6948717948716876 4768.8794871794871142 4391.5666666666666060 3735.4846153846156085 2315.6205128205128858 502.5717948717948502 -1007.4384615384615245 -1109.1410256410256352 -969.7282051282051043 -986.3974358974359120
101.4986072423398298 182.0097493036211631 267.6991643454039149 360.3913649025069503 462.1239554317548937 572.5069637883008227 700.9484679665738440 840.6086350974929928 983.6225626740947519 1129.7242339832869220 1275.7799442896935034 1414.4038997214483970 1539.7061281337046239 1645.6448467966574754 1720.8398328690807375 1757.7994428969359433 1749.1657381615598297 1687.3147632311977304 1594.0821727019499576 1466.0696378830084541 1306.9233983286908369 1130.3036211699163687 947.5738161559888795 768.1532033426184398
77.7733716131347563 80.1692086847299521 78.1232729230217160 69.1717207966983665 51.3850708774448250 18.8137448411986377 -41.1562892517495058 -135.0759016687600820 -256.4406962138883728 -387.8996949578324234 -510.7595549973084417 -617.2537233088103221 -692.3974520007177489 -730.4437466355643664 -716.9809797236677014 -655.9425802978646516 -555.1286560200968552 -427.6578144625874529 -289.9567557868293761 -154.6124170105867677 -32.0339135115736582 69.2386506369998216 144.5842454692266301 194.5734792750762665
417.7194656488549640 616.6723918575063408 798.8886768447837312 897.3543256997455728 853.2805343511450928 662.6997455470738032 345.5699745547073576 -33.1870229007633597 -388.8498727735369016 -661.2029262086514336 -831.4853689567430592 -883.7671755725191360 -783.0877862595419856 -550.5788804071246432 -248.8301526717557124 59.5095419847328273 313.2162849872773336 474.0330788804071176 522.5203562340966528 467.9306615776081344 341.7487277353689592 196.1189567430025420 58.3791348600508897 -21.8390585241730264
-825.1254385964912217 -863.3780701754385518 -843.6342105263157691 -768.0530701754386200 -653.1688596491228509 -503.9030701754385859 -329.2350877192982352 -148.1758771929824547 16.3535087719298247 154.5710526315789366 272.5837719298245361 373.1750000000000114 457.8127192982456108 532.7004385964912672 602.3258771929824889 667.9828947368421268 724.4728070175439143 766.7271929824561312 793.0991228070175794 798.7947368421052943 784.1710526315789593 756.2758771929824206 712.0907894736842536 651.7776315789474211
2651.4698795180725028 3264.6746987951805750 3863.8132530120483352 4340.5361445783128147 4540.2831325301203833 4300.1445783132530778 3718.6204819277108982 2286.4216867469881436 499.3313253012047994 -1053.5000000000000000 -2499.5662650602407666 -3272.1024096385540361 -3704.2168674698796167 -4082.8975903614459639 -4219.5722891566265389 -3976.8132530120483352 -3385.2951807228914731 -2575.3493975903616047 -1720.6746987951808023 -958.2771084337349521 -328.4096385542168832 108.9457831325301242 327.1204819277108413 380.1204819277108413
-634.0402662229616908 -705.0692179700498627 -745.0625623960066832 -743.1101497504159852 -693.2782029950083142 -599.9194675540765047 -473.9332778702163296 -327.6386023294509187 -172.6534109816971636 -23.2417637271214659 107.3207986688851889 207.7569051580698840 274.0282861896838540 305.2464226289517342 304.0865224625624137 277.8331114808652273 240.9800332778702057 203.6214642262895040 167.2221297836938447 127.9600665557404255 89.2831946755407699 55.7384359400998335 32.3151414309484224 18.5114808652246268
-201.7194018829610513 -223.1954956618054382 -225.4232970278752077 -201.1750046151006188 -148.5829795089532865 -69.1600516891268171 39.0402436773121622 168.1833117961971595 302.2927819826472273 421.5419974155436762 510.4026213771460334 556.8999446187926878 543.2148790843640427 453.7478309027137016 296.3302565995938949 107.3149344655713548 -76.8921912497692404 -230.2916743585010124 -344.6256230385822619 -415.1556211925420143 -441.5761491600516706 -423.7144175743031269 -374.7144175743031269 -314.6680819641867970
4559.5317919075141617 4615.1907514450867893 4223.0693641618499896 3225.9364161849712218 1756.5982658959537730 238.6156069364161851 -463.9537572254335487 -411.8583815028901540 -237.9797687861271811 -151.3121387283237027 -139.0057803468208135 -158.1849710982658905 -200.3063583815028892 -273.9913294797688081 -384.2254335260115568 -531.4190751445087244 -718.4393063583814865 -938.0375722543352595 -1176.0578034682080215 -1416.8612716763004755 -1642.5578034682080215 -1836.0982658959537730 -1989.7456647398844325 -2106.5057803468207567
211.2118878965198689 344.7502309824453164 501.1096396673852951 670.2645518940560123 825.8152140437326807 937.4148444718201745 977.8546350477363376 938.5506621496766684 829.5552817985833371 669.0551278102864217 474.9599630428087380 279.5522020326455390 103.3473975977825745 -40.0948567908838953 -143.8481675392670240 -210.7157376039421024 -246.7295965506621371 -253.4681244225438945 -238.1105635971666175 -207.3748075146288841 -163.3129042192793463 -113.9251616877117357 -70.2476131813982079 -42.0834616569140749
114.4311416421328147 99.2198233562316005 76.0546287209682674 38.9820085050703327 -29.5610075237160608 -138.2257114818449395 -280.0680405626430911 -439.9486424599280099 -606.3765129211645899 -763.7006869479881743 -885.7497546614328030 -949.7311089303238987 -929.8141969250899592 -824.7026496565259777 -654.3091265947007287 -442.0179914949296744 -209.3722603859993399 17.7716715734380095 212.3722603859993399 362.8086359175662210 465.1040235525024400 518.8207392868825991 532.9506051684658132 507.2041216879293302
1383.7079741379309326 1537.3776939655172100 1579.1007543103448825 1499.0937500000000000 1304.9445043103448825 1034.1918103448276725 727.7882543103448825 437.4477370689655231 212.8771551724137794 59.6088362068965552 -32.5474137931034448 -91.6923491379310320 -126.7494612068965552 -148.2171336206896513 -166.7095905172413666 -176.7182112068965409 -177.6907327586206975 -172.7823275862068897 -165.4784482758620641 -155.6029094827586334 -149.2683189655172384 -142.1357758620689538 -132.3550646551724128 -116.2995689655172384
626.0000000000000000 983.4893048128342343 1399.6604278074867125 1862.1524064171123882 2336.1283422459891881 2809.6684491978608094 3266.5000000000000000 3725.8128342245991007 4172.8074866310162179 4524.1069518716576567 4611.6096256684495529 4219.1550802139036023 3674.3796791443851362 2237.5748663101603597 850.7192513368984237 -323.6764705882353041 -519.8208556149733113 -249.8074866310160473 -160.1711229946523929 -157.9786096256684402 -192.8743315508021396 -234.6283422459893018 -283.2593582887700450 -355.5026737967914414
-506.2825852395338870 -524.8281182563659968 -518.8593008200258510 -491.0048554164868619 -447.6156668105308540 -396.4495036685369200 -343.8139835994820714 -295.1095166163141812 -254.4532801035822160 -223.0304272766508404 -199.2408286577470733 -181.7007984462667309 -167.9317004747518354 -154.0667889512300519 -137.3480794130340996 -116.4382822615450976 -91.4281398359948270 -63.1541864479930979 -32.9751834268450565 -2.8513163573586535 25.2487052222701784 47.9815494173500241 65.0470435908502367 74.7774061286145866
-5.9925284316318432 5.4216477122454378 16.2538349642951587 26.2923829674689244 33.5267125099180134 34.8695450938905083 31.1926738957947620 27.6366040729965619 24.5199021422903982 24.0257868288812482 26.9450542184607258 35.9173499074318983 49.4475006612007419 66.1048003173763590 89.1018910341179549 118.6121396455964003 154.4555011901613284 194.8871330335890093 236.7778365511769323 275.2726130653266523 304.7602486114784597 320.8703385347791368 321.5270431102882753 304.1434144406241558
-98.1661631419939624 -171.9635304272766518 -269.5392749244712718 -381.1603366422097565 -493.0466119982736473 -590.1262408286577283 -669.4264134656883698 -726.3914544669831912 -755.1877427708243431 -746.4490720759603164 -702.5416486836426202 -623.0729391454467532 -514.7563659905049462 -378.9958998705222371 -230.8243418213206724 -83.9102287440656056 51.3150625809236089 167.2893828226154369 260.0211480362537486 322.5690548122572068 355.8690116529995748 364.8016832110487826 351.8860595597755605 330.5858869227449190
-1336.6066838046272096 -2184.5475578406171735 -2940.6966580976863952 -3346.1079691516711137 -3620.6658097686377005 -3828.1465295629818684 -3917.3984575835474971 -3790.3341902313622995 -3427.6066838046272096 -2914.7609254498715927 -2361.8149100257069222 -1831.3316195372751736 -1334.2570694087403353 -899.9691516709511916 -555.4267352185089521 -271.3984575835475539 -17.0514138817480720 205.0437017994858593 374.9203084832905120 501.1079691516709431 607.2159383033418862 725.8611825192801916 891.6143958868894970 1120.4910025706940360
-89.7985074626865725 -47.4365671641791025 8.4972014925373127 83.0289179104477597 176.0018656716417809 321.6986940298507420 547.7024253731343606 839.3348880597014841 1140.6110074626865298 1386.5438432835821914 1513.3656716417910957 1472.4449626865671235 1243.5802238805970319 827.0802238805970319 338.3097014925373287 -101.2369402985074629 -416.6847014925373287 -615.3526119402985159 -738.4542910447761415 -799.5522388059702052 -787.6222014925373287 -702.2593283582089043 -556.5876865671641553 -386.1044776119402968
47.3886480094599918 15.3795821836815136 -29.4572329523058727 -83.5569570358691323 -146.8983050847457719 -229.9850216791485877 -336.0741032715806114 -465.0098541584548570 -618.7016160819865718 -787.1970831690973682 -956.0610957824201250 -1110.0279858100118417 -1233.7875443437130798 -1316.3602680331100601 -1346.7772960189199694 -1324.8407567993692737 -1243.7457627118644723 -1116.4469846275128475 -954.0067008277493414 -775.0405991328340178 -595.1667323610563471 -422.4119038234134678 -265.4111154907370747 -129.4304296413086206
88.5707263790278603 81.2037138175860207 68.0821955215729133 47.2157291097760776 14.4830693610049153 -23.3457127252867274 -72.1054068814855214 -133.1534680502457775 -210.0496996176952393 -302.3050245767340130 -409.3926815947569366 -532.6619333697433376 -669.6747678864009004 -815.1114145275805640 -956.6575641725833066 -1080.9519388312396586 -1179.8757509557619869 -1243.8249590387765693 -1264.9877116329873843 -1242.0838339705078397 -1179.7413981430911463 -1086.8448935008191256 -968.4639541234298576 -835.8533588203167710
-862.7297191887676036 -973.2254290171606499 -1064.0530421216849390 -1132.3291731669266937 -1171.7921216848674248 -1184.0510920436818196 -1168.9746489859594476 -1131.3432137285492445 -1083.1950078003119415 -1025.4762090483618522 -959.9379875195007799 -892.8611544461778067 -829.0456318252730625 -766.0760530421216572 -705.7503900156006011 -642.1068642745709667 -571.1805772230889033 -498.5464118564742648 -425.7730109204368318 -356.1170046801872218 -292.2063182527301137 -236.6981279251170065 -186.2815912636505402 -145.8229329173167059
67.8746081504702232 217.9780564263323015 421.2884012539184937 690.0783699059561513 1023.5141065830721345 1427.9404388714733614 1901.7680250783698739 2416.4420062695926390 2954.2257053291536977 3508.8432601880876973 4059.1159874608151767 4555.6990595611287063 4858.1912225705327728 4775.2382445141065546 4107.3699059561131435 3256.5109717868340340 1357.4357366771159832 -783.8056426332287856 -1677.3166144200627059 -1569.1159874608149494 -1588.8840125391850506 -1728.4357366771159832 -1826.8902821316614791 -1742.3636363636362603
-3671.6005665722377671 -3897.3456090651557133 -3902.6430594900848519 -3689.2124645892349690 -3269.3201133144475534 -2688.3739376770536182 -2017.9603399433428876 -1382.1359773371104893 -845.0594900849857822 -422.8328611898016902 -108.9575070821529721 109.4759206798866842 234.8611898016997088 296.7507082152974363 327.0878186968838577 337.6997167138810028 340.7110481586402102 366.4107648725212698 444.0793201133144521 590.1104815864022157 814.8951841359773880 1101.7025495750708615 1438.1926345609065265 1800.4079320113314679
-84.6311746788504848 -174.6510395974043206 -274.6519666269368258 -369.9116673288306174 -450.2216924910607645 -509.9406701099192105 -538.9442457952588938 -529.7108992186465457 -481.1757383128062315 -401.9149781485895687 -301.9005429744404978 -188.3104224606012451 -73.4192822142762509 31.6079989405376764 119.9357700966759381 181.0231757383128013 210.4355714474903891 207.3733280360217179 179.7416236260098117 138.4349092835386159 94.4500066216395169 55.4289498079724510 24.2852602304330567 3.9878161832869821
-1473.9134734239801219 -1621.3244746600742019 -1695.2731767614338878 -1672.0234857849195578 -1539.9313967861558012 -1321.4524103831890898 -1049.9295426452410993 -757.1143386897404071 -471.4666254635352516 -222.6106304079110032 -20.5154511742892467 130.8226205191594431 226.3776266996291611 270.9097651421508317 277.8504326328800857 259.6285537700865120 223.4647713226205212 186.4431396786155801 160.5760197775030917 143.1112484548825705 129.1872682323856623 123.5210135970333738 123.2033374536464834 127.2410383189122314
-60.2059574468085117 -26.3880851063829773 15.7821276595744688 63.7872340425531945 120.9574468085106389 191.1642553191489355 268.7506382978723423 372.8289361702127849 518.9642553191489469 716.2297872340425329 954.7080851063830096 1196.6757446808510394 1375.6365957446807897 1457.0893617021276896 1390.8170212765958240 1152.5642553191489696 750.6646808510638493 295.1829787234042328 -127.3855319148936189 -456.3744680851064004 -709.4987234042553155 -886.6187234042553200 -968.9199999999999591 -949.6876595744680571
-27.3556145297727653 -34.5412174489965196 -37.1413169679880610 -36.0170840935478509 -33.9615193232708563 -33.3577707745894827 -36.4380494277657974 -46.1421462929175661 -61.5843423453309029 -82.1955548183778433 -112.3360424614363922 -156.6453806601426493 -220.3614198042793078 -306.9902139658317992 -410.6963012108143971 -523.5891524299220237 -632.0527450655166604 -726.7371039973461393 -797.0880743075136934 -835.3712058384475085 -838.4884723834798024 -804.6331066511859262 -741.0011610549013312 -656.2292254105158236
212.2150803461063049 216.8749859534779318 207.7065400606809646 188.3886391729407705 160.4199348241375560 125.4310034835374807 86.4381953028430132 47.4460613552084496 11.7566018653781317 -17.9119563995954607 -41.8749859534779176 -60.7554781436116400 -74.8309360602314797 -84.1480503427351323 -88.9739296550174146 -90.5480952916058044 -90.1306326553545318 -89.1124845488257051 -88.2151927182829496 -86.4813462186762507 -85.2033374536464834 -83.3422294639847223 -80.4112821665355710 -76.1240588830205667
-44.4705432287681717 -52.4231063504208095 -43.2540168324407048 -41.9296097934200489 -51.4085692425401675 -64.9701606732976273 -64.4605967865340403 -35.4001530221882206 31.5363427697016050 124.8163733741392463 264.4544758990053310 471.0497322111706353 749.5103289977046188 1075.6526396327467410 1389.2647283856158538 1611.2272379495027508 1679.4445294567713063 1569.3741392501913197 1266.6335118592196523 820.9961744452945140 344.4682478959448986 -40.7069625095638870 -277.4391736801836146 -398.9846977811782835
-505.6635459332943014 -481.2429783499122209 -419.6853423054417931 -327.2722352252779388 -213.8105617320070166 -87.7118197776477473 41.8687829139847878 163.2649210064365093 266.4689877121123232 345.0983031012287938 390.9078408425980342 405.5490052662375433 398.0612931538911425 376.5046811000585194 347.9839087185488324 318.9618197776477473 290.8995026331188001 263.3842890579286404 237.4065242832065508 216.7456114686951310 201.4695728496196523 187.3188999414862508 169.8889701579871314 147.7347864248098404
321.8625858838225895 127.6214865708931967 -148.5434103685196874 -447.9350405996252107 -711.4428482198626398 -889.3066833229231634 -932.6520924422236476 -800.3479075577763524 -516.1118051217988523 -156.4159900062460906 206.6733291692692092 487.2567145534040947 620.1299188007495786 591.6364772017489031 412.8276077451592982 166.3372891942536000 -63.1936289818863202 -227.5977514053716391 -312.9531542785758802 -352.8657089319175384 -347.0274828232354594 -286.6876951905059059 -195.7289194253591518 -99.0537164272329846
56.7985309548793253 -7.5047219307450161 -69.8027282266526754 -146.8971668415530019 -236.8572927597061835 -342.0031479538300232 -465.6138509968520225 -618.6852046169989308 -799.2266526757607608 -1002.3955928646379334 -1218.6128016789086814 -1432.2161594963274638 -1627.8142707240294840 -1786.9674711437564838 -1905.8698845750261626 -1979.3252885624344799 -2001.3084994753410228 -1978.6705141657921558 -1906.0891920251835927 -1784.8614900314794340 -1616.9024134312696788 -1410.6002098635885886 -1178.5939139559286559 -937.6432318992655155
1136.4693534844668648 1119.9798488664987417 1018.6003358522250437 850.2107472712007166 634.6053736356003583 377.0159529806884962 97.1687657430730525 -175.5130142737195627 -426.0621326616288798 -656.4492023509656065 -860.8261964735515903 -1016.6549118387908948 -1105.8908480268680705 -1120.1276238455079692 -1068.8169605373634568 -966.5743073047858616 -837.2510495382032332 -689.4701931150293603 -533.4097397145255854 -403.2124265323257646 -302.1276238455079692 -225.1763224181360101 -170.3971452560873274 -117.0310663308144399
1100.5911371237457388 1339.2566889632107632 1543.6555183946488796 1690.9356187290970865 1761.0443143812708513 1737.1020066889632290 1634.3486622073578474 1460.1856187290970865 1234.5877926421403572 980.4874581939799327 735.6396321070234308 515.0376254180602018 328.6847826086956275 183.4406354515050168 78.1655518394648823 1.8821070234113713 -51.1998327759197309 -93.6245819397993273 -125.6839464882943105 -149.6270903010033351 -164.1714046822742432 -179.4038461538461604 -188.4941471571906391 -188.5008361204013454
4560.9526627218938302 4297.9585798816569877 3694.7278106508874771 2224.6863905325444648 420.8934911242603789 -1157.0177514792899274 -2571.6863905325444648 -3316.1065088757395642 -3749.9467455621302179 -4101.6153846153847553 -4187.3313609467459173 -3900.4556213017749542 -3281.4733727810648816 -2457.2958579881656078 -1592.0532544378697821 -837.4615384615384528 -235.0414201183431828 161.9467455621301895 361.4852071005917082 409.2781065088757373 373.8461538461538680 340.3491124260355036 332.6923076923076792 332.9467455621301610
-412.3680307607800160 -436.3261466630046925 -441.1752265861027240 -430.3884921724800847 -404.7525405108486893 -366.6730293875309030 -320.5439439714364198 -272.0394122493820532 -224.8742103817632483 -184.0955781378742131 -151.7313924745948839 -130.8817632518538971 -123.7076352650370836 -130.8028014281790661 -153.3158472946992674 -187.2970337819280360 -227.9633342488327514 -273.3231255149684102 -319.2147761603955018 -359.2868717385333639 -386.8926119198022775 -396.8260093380939111 -389.8891787970337646 -364.0392749244712718
-495.5308219178082254 -805.8972602739726199 -1243.5890410958904795 -1684.8287671232876619 -2133.8013698630138606 -2577.1541095890411270 -2974.6061643835614632 -3291.7157534246575779 -3519.6575342465753238 -3648.8972602739727336 -3671.4486301369861394 -3579.2363013698632130 -3374.4691780821917746 -3075.4897260273974098 -2715.4623287671233811 -2336.0273972602740287 -1962.8835616438357192 -1584.3664383561642808 -1192.9246575342465349 -781.4246575342465349 -370.3835616438356055 6.0924657534246576 312.4075342465753238 538.1164383561643945
-880.1802701115677792 -936.2425132119789168 -920.3311802701115312 -826.7621843805050048 -656.3593658250147200 -426.3875513799177952 -155.9682912507340120 135.5625366999412904 424.7727539635936864 695.9577216676453872 928.5701702877275920 1088.8549618320610080 1143.8878449794481185 1095.0575455079272160 958.4122137404580144 777.7081620669406448 589.8520258367586848 420.5995302407516192 284.3223722842043344 181.1221374045801440 100.0851438637698152 30.9624192601291846 -27.8737522019964779 -71.8790369935408080
239.3908870128368278 254.7008210940210517 254.6691338036313255 245.5891060483404544 233.5726841679195047 221.3505261940557318 208.7259165028333427 196.0890482248178444 186.0011564704521732 180.9366254192205474 180.3751590146871706 180.1475656296981640 179.7626922632126707 172.9473805944258231 155.9598704753093443 125.4707991210824503 76.8703596623106336 9.0675378744073090 -74.3443969006591914 -169.9420608303457811 -269.5645888747542358 -360.1927836243784213 -425.7564473227708959 -455.9077136579160197
49.1432190958794521 41.6163488465128708 32.9295906120816113 25.9077210294705971 17.7654353913855196 10.8399786638218423 5.3559141218829174 2.2751033471129483 0.6971596212828377 0.4007200960128017 -0.7308974529937325 -1.9247899719962662 -5.1709561274836648 -12.6232831044139218 -31.6226163488465133 -71.1802907054273959 -140.3077743699159896 -239.4856647553007178 -364.8981197492998945 -504.4632617682357818 -641.9886651553540560 -758.0561408187758161 -833.8229097212961278 -850.2008267769035683
1300.2164048865620316 1255.9458987783596058 1055.9075043630016353 722.7469458987783355 308.6893542757417208 -95.4869109947644006 -426.0244328097731454 -709.5898778359511425 -973.8202443280977150 -1200.9528795811518194 -1332.5462478184990687 -1337.7626527050611003 -1211.7678883071553173 -962.2233856893542452 -598.4240837696335120 -114.9005235602094217 438.7329842931937378 979.8516579406631308 1428.8848167539267706 1710.4432809773124973 1783.7050610820244856 1632.4153577661431882 1315.6736474694589560 941.7347294938917912
-57.2527519965465146 -100.6697604144183060 -139.5719835959421573 -176.0830995035614137 -207.3541981437513471 -223.9641700841787042 -215.3656378156701976 -177.2743362831858462 -107.9389164688107030 -4.6729980574142020 122.9067558817181123 261.3112454133390656 396.5262249082667836 511.5175911936110538 582.8724368659616175 581.9058925102525563 487.8070364774443988 311.9253183682279200 91.7245845024821875 -122.7114180876321967 -300.7776818476149288 -431.4750701489315929 -507.2039715087416312 -518.6635009712929332
-405.1932748538011424 -414.4700292397660633 -396.0368421052631334 -360.2754385964912558 -313.3814327485380318 -259.2896198830409276 -206.5055555555555600 -159.1728070175438461 -119.3801169590643241 -84.9953216374268976 -53.8552631578947398 -22.6941520467836249 11.1592105263157890 50.5555555555555571 95.7400584795321663 149.1850877192982523 209.0213450292397681 271.1271929824561653 334.5478070175438461 390.2244152046783370 431.1254385964912217 453.1938596491228282 450.4710526315789707 425.6647660818713348
-1343.4188861985471704 -1464.3438256658596401 -1545.9285714285713311 -1596.6537530266343765 -1605.3123486682809471 -1564.6537530266343765 -1465.7457627118644723 -1317.8365617433414627 -1123.2881355932204315 -890.3946731234866547 -639.9188861985471704 -379.6113801452784742 -119.0617433414043518 131.5157384987893465 365.7021791767554646 586.8861985472154856 796.1065375302663369 985.0956416464890708 1151.3801452784502999 1285.2469733656173503 1380.2978208232445922 1439.1900726392252636 1459.2324455205812228 1446.0084745762712828
477.6559897501601313 533.2966047405509471 560.0978539397822260 551.4983984625240510 503.8640294682895728 419.8643497757847740 313.1947469570787916 191.6521460602178024 65.0361947469570794 -53.8116591928251111 -152.9034272901985787 -229.9123959000640696 -285.2743433696348347 -321.3441704035874409 -339.2445547725816937 -341.9002242152466238 -331.6229980781550353 -312.4799807815502959 -285.7017937219731039 -252.6185137732223041 -214.3733183856502365 -171.5691864189622038 -131.2786675208199938 -96.7709801409352934
-44.4294871794871824 -56.6666666666666643 -120.3846153846153868 -201.0801282051282044 -345.1314102564102768 -572.0384615384615472 -896.4519230769230944 -1305.4198717948718240 -1760.4230769230769056 -2231.7564102564101631 -2678.5673076923076223 -3065.9198717948715966 -3369.1858974358974592 -3572.4423076923076223 -3673.2371794871796737 -3663.0705128205127039 -3538.7083333333334849 -3312.3397435897436480 -2998.9134615384614335 -2641.2596153846152447 -2272.0128205128203263 -1903.6089743589743648 -1525.9262820512819872 -1124.7916666666667425
-896.1157230298392733 -948.9064651874522269 -966.6317903596021779 -950.4060826319816897 -903.0866488140779893 -833.4762815608263509 -747.9280795715378645 -655.7697016067329514 -566.6566564651874387 -482.4376434583014657 -407.2840474368783248 -340.7029456771231821 -282.2280030604437684 -228.2938026013771946 -178.1308339709257780 -133.1576128538638102 -93.7828997704667131 -60.2725707727620517 -32.6652639632746755 -10.7220734506503437 5.5992731446059683 17.7440703902065806 28.5032517214996162 35.5644605967865317
-1370.4892086330935399 -1048.8681055155875583 -756.4028776978417454 -498.9832134292565797 -269.2350119904076564 -87.7458033573141449 34.3117505995203871 98.5683453237410134 130.8848920863309218 147.8393285371702746 165.5419664268585223 202.2182254196642646 273.3021582733812807 396.9592326139088527 596.6618705035971288 875.3141486810551442 1239.3141486810552578 1695.9304556354916258 2230.9328537170263189 2819.4652278177459266 3417.0455635491607609 3922.0191846522779997 4236.5803357314152890 4302.2877697841722693
-768.4843205574912872 -1013.3972125435540192 -1202.3623693379790893 -1240.5156794425085991 -994.7038327526132662 -390.9790940766550307 514.2961672473867338 1483.7526132404182135 2082.3728222996514887 2129.1289198606273203 1731.3414634146340632 1136.4111498257839230 625.3205574912891507 232.2543554006968520 -152.1567944250870994 -599.8954703832752102 -1050.5749128919860595 -1321.9581881533101750 -1254.7038327526131525 -773.8048780487804379 114.9163763066202080 1135.3693379790940980 1842.4668989547037654 2023.9790940766549738
805.1938232161874112 895.6751863684770569 960.9534078807241713 994.5260915867944504 999.1922257720980269 980.8841853035144140 941.4166666666666288 886.0263578274760903 818.2473375931842838 747.2055378061768351 674.4747071352502417 601.0383386581469267 527.6778487752928868 458.5907880724174674 398.1384451544195713 345.8485090521831467 305.1435037273695343 275.4632587859425144 251.4166666666666572 229.1600106496272531 204.5417997870074487 176.9720447284344971 143.6954206602768807 106.1592119275825326
-79.2961912479740647 -126.5056726094003210 -178.7301458670988552 -227.0619935170178394 -262.4789303079416527 -276.6521474878443883 -267.6861831442463426 -231.0705024311183138 -161.1645056726094083 -61.5820502431118300 60.4712317666126395 204.0702998379254325 353.2856564019448911 487.1239870340356788 596.8126012965964264 665.9406401944894469 682.4282820097245121 650.7404781199351191 588.6857779578606369 505.6969205834683976 408.0476094003241769 307.0850891410048575 214.4677876823338636 141.7273095623987160
354.2963715136745009 343.4543731383698741 294.2663146493366071 206.1872461413485098 84.0201733008394314 -51.7236663958841021 -182.1858922285404958 -288.2567018683996594 -362.0463038180341186 -404.4099647982669694 -414.7320606552938216 -395.2791768210127543 -354.0901705930137950 -300.5653939886271360 -242.6329542377471000 -186.6980774438126218 -133.3387489845653988 -82.2275927430273441 -35.1796642296236115 6.3356349851069593 32.1139994584348756 40.6536691037097242 37.0601137286758728 29.8800433252098578
-76.6627573625228109 -64.5019546520719302 -48.8686473807662267 -32.1441230127703932 -14.2116236643210847 -3.9546520719311964 -6.1991138910607244 -21.0857440708887154 -38.0258014073494905 -59.8636955955173278 -85.2533229085222786 -112.7083659108678688 -138.3231691425592942 -153.4980453479280698 -150.5360959082616716 -122.7479801928590035 -59.0521240552514968 48.0286682303883268 205.5029971331769616 409.6020328381547984 645.9280688037529217 871.7193119624706696 1043.6247068021891664 1110.4800625488662718
-2993.5514018691587808 -3013.1838006230527753 -2946.2741433021806188 -2809.0311526479749773 -2619.3769470404986350 -2363.1246105919003639 -2039.8193146417445405 -1662.5514018691587808 -1272.7071651090343494 -890.9688473520249090 -529.7476635514018426 -186.2492211838006142 148.3520249221183747 483.7632398753893881 842.8971962616822111 1235.8940809968846679 1672.2959501557631938 2145.6012461059190173 2658.0903426791278434 3194.2242990654203822 3712.1806853582552321 4142.1744548286606005 4393.1651090342675161 4366.8161993769472247
-127.5635388739946450 -119.9050938337801568 -107.7313672922252010 -92.9243967828418249 -87.3388739946380639 -93.3785522788203792 -103.7276139410187739 -114.2868632707774736 -127.9227882037533561 -139.9120643431635358 -147.9431635388739892 -147.9721179624664842 -122.8278820375335130 -72.3265415549597890 6.6573726541554956 133.7238605898123183 328.5554959785523010 593.0991957104557741 911.0568364611259540 1238.5286863270778213 1525.9120643431635926 1724.0879356568364074 1783.2632707774798746 1691.6670241286863074
-200.0646780862374499 -222.1494388659184835 -235.5317188422917809 -239.8728883638511604 -234.7792675723567584 -217.9422327229769678 -187.9022445363260374 -145.7688127584169990 -93.9412876550502034 -36.6046072061429442 19.9570584760779681 70.4124040165386873 110.3562315416420603 134.9909627879503944 143.4541051388068524 137.1744240992321409 121.0547548730065017 100.7259893679858180 79.4637330183106911 59.5963378617838160 42.1160661547548756 28.4397519196692272 18.2485528647371531 12.5036030714707618
126.0460750853242331 154.7849829351535789 175.6834470989761030 183.6168941979522060 186.0819112627986271 182.3796928327645048 162.2056313993174115 102.4479522184300322 -1.1331058020477816 -167.6424914675768036 -401.5554607508532285 -673.3762798634812725 -948.4138225255973111 -1192.6484641638226094 -1318.8455631399317554 -1282.5392491467575837 -1093.8054607508531717 -781.7337883959044120 -375.2926621160409582 89.2849829351535789 535.5247440273037682 870.1083617747440258 1037.5042662116040901 1031.0981228668943004
-32.3558435652569329 -9.0346748522055478 20.2298772169167798 51.0131878126421086 78.8968849477034979 99.7357889949977192 108.0919736243747167 97.6675761709868056 64.8948385629831677 11.9940882219190534 -52.2162346521146006 -121.6651887221464250 -192.8983628922237301 -260.8727830832196446 -314.3417462482946689 -342.8935879945429974 -336.2855843565257032 -285.9780582082764795 -195.2551159618008114 -76.9378126421100461 55.5685538881309711 185.0095497953615222 289.7928603910868333 348.9532742155525398
45.7264899161568081 37.7567792129314910 27.5492861998640386 15.2159528665307047 0.9371553742729813 -15.8850366341868714 -35.7615378805045694 -60.0530251529571686 -90.5267769468993180 -127.1234232192763756 -169.3044791902711665 -214.3964800966840301 -260.5338771810559706 -303.7777022433718344 -340.5475489085278582 -370.4626482362716047 -392.3193594682377920 -403.4871969181962186 -401.8413022131580874 -388.4156658357882179 -363.6497469597401846 -328.6994485988367956 -285.7353274416496447 -236.7887302666364633
-417.9067648089730369 -483.7560462670872994 -548.2025937609533912 -609.6964598668068902 -668.2825096389765349 -726.8391167192429521 -782.1489660007009661 -828.9740623904662016 -864.5425867507885869 -889.3824044865053793 -903.9712583245706128 -910.7963547143357346 -912.9772169645987105 -915.9568874868559760 -919.4020329477742735 -922.9695057833858982 -927.7644584647739521 -927.7444794952681377 -919.7339642481598503 -899.7960042060988144 -866.1626358219417625 -816.3834560112162535 -752.3866105853487625 -675.4030844724851477
787.0637681159420254 374.7652173913043612 51.8231884057971044 -117.7333333333333343 -89.2086956521739154 -56.3420289855072483 -45.8405797101449295 -89.4753623188405811 -165.0840579710144880 -297.8724637681159493 -510.2086956521739012 -814.8376811594202991 -1199.0173913043479388 -1639.8318840579709104 -2106.2492753623187127 -2559.8927536231885824 -2959.8260869565215216 -3283.0840579710143174 -3515.9652173913041224 -3643.8144927536231990 -3648.2057971014492068 -3528.5507246376810144 -3305.3246376811594018 -2996.4318840579708194
-25.9412470023980823 -46.8234840698869448 -72.0216683795820529 -100.1642685851318930 -130.0703151764302845 -159.9241178485782768 -189.7619047619047592 -217.3960260363137991 -240.5827338129496411 -258.3931140801644233 -269.9443302500856703 -270.8034429599177884 -257.0910414525522469 -225.3399280575539478 -175.3539739636862009 -109.1649537512846848 -30.6587872559095587 53.0602946214456992 132.4167523124357615 197.5403391572456258 243.9021925316889394 271.6358341897910122 276.9711373758136119 260.3717026378897117
177.2652431791221943 158.7181494661921590 106.7404507710557482 24.4870699881376055 -76.8099644128113823 -173.9931198102016481 -261.7288256227757870 -332.3193357058125912 -377.2664294187425753 -394.9990510083036952 -374.6225385527876597 -313.3330960854092382 -216.1086595492289462 -85.1791221826808993 66.9160142348754476 231.1852906287070084 398.5532621589561018 550.9836298932384580 668.0744958481612912 733.7888493475682026 737.8049822064057253 678.6090154211150320 580.0239620403320941 470.2536180308422331
-967.8141891891891646 -629.2972972972972912 11.0000000000000000 849.2804054054054177 1691.3175675675674938 2260.5067567567566584 2405.8108108108108354 2102.4425675675674938 1541.3986486486487593 972.5472972972972912 557.3918918918918735 245.7094594594594525 -190.4763513513513544 -764.9324324324323925 -1296.6148648648647850 -1607.7398648648647850 -1603.0000000000000000 -1160.2094594594593673 -269.5540540540540633 850.3851351351351013 1754.1655405405406327 2204.2432432432433416 2201.8682432432433416 1900.3750000000000000
-505.4716267339218234 -412.5889029003782866 -275.7112232030264636 -97.4854981084489225 124.6343001261034118 403.0857503152585082 714.1109709962169063 1029.3493064312735896 1341.1715006305171300 1617.9634300126103881 1840.4665825977301665 1994.4754098360656371 2044.4527112232030959 1970.5208070617907197 1772.5813366960908297 1480.1311475409836476 1132.1223203026481769 793.3732660781840877 515.1727616645649732 298.7402269861286186 131.1727616645649448 -8.2017654476670874 -132.0643127364438953 -220.6696090794451379
44.1485496260359795 50.2207398423286833 55.2728168587022424 59.1159793814432959 62.3215079846371509 65.0087426723266617 67.1137558116029851 68.5452799676571658 69.5819941378613294 70.1099403678997390 69.6029411764705941 68.0315595310289041 65.2101273499090297 61.6115069739235892 57.2384778653729498 52.8835910652920944 48.5628411158277729 44.4449413786133007 40.2969729128764911 36.4525722660198070 32.8314635132403509 29.2554578532443905 24.9353143319183346 19.7691530220335565
136.1211480362537714 128.8682779456193259 94.9765861027190397 45.4486404833836843 -5.4320241691842899 -59.0015105740181269 -117.4016616314199410 -171.9190332326284079 -210.4203927492447121 -222.0898791540785453 -201.2827794561933672 -145.6569486404833924 -56.8675226586102696 55.3929003021148034 178.6093655589123728 297.6388217522658692 392.6631419939577086 439.4583081570996796 414.7361027190332265 311.9258308157099577 161.0107250755287112 2.7861027190332326 -121.7965256797583038 -193.4342900302114856
20.4976684354397811 34.0748512622608146 47.1548480463096951 60.8835825695449415 76.3900948705579736 95.9421932786621596 122.8531114327062284 155.4357613764270809 192.0226724553786823 229.7100820067535096 266.2686123170927885 297.5053867181218834 319.5143109824730914 329.4269979096317797 325.7686123170927885 308.1070911722141545 277.0007235890014385 236.0098086509084965 189.5351342659591580 141.3388004502331512 94.9740311947258391 54.3022190062711019 19.6279948544782137 -7.2698986975397970
-569.2798913043478706 -396.3369565217391255 -81.4796195652173907 365.7934782608695627 902.7635869565217490 1419.6603260869565020 1820.2554347826087451 2007.2812500000000000 1964.4008152173912549 1701.9904891304347530 1234.4211956521739921 649.0312500000000000 121.4103260869565162 -270.6820652173913118 -540.8057065217391255 -766.4171195652173765 -951.3790760869565020 -1064.6725543478260079 -1075.7907608695652470 -967.4538043478261216 -729.5557065217391255 -407.6725543478260647 -73.9429347826087024 237.9116847826086882
-541.6600790513833772 -700.3930610452349583 -869.8203776899429158 -1036.2512077294686605 -1182.2968818620993261 -1292.1194554238031742 -1350.8383838383838338 -1338.6381203337725765 -1248.5757575757575069 -1101.9266578831795869 -912.4558629776021235 -700.2046552481334629 -485.3715415019763100 -292.7878787878788103 -127.4044795783926247 8.5019762845849804 111.7944664031620619 176.9696969696969688 213.3285024154589280 219.0021958717611028 206.8287220026350326 191.3877909530083343 180.5467720685111885 178.2402283706631465
-308.3816793893129784 -451.6041439476554160 -612.5616139585605424 -802.9934569247545824 -1006.4787350054525632 -1220.5528898582333568 -1433.2998909487459969 -1629.0021810250818817 -1791.5234460196293185 -1905.5888767720828127 -1967.5616139585604287 -1989.7873500545256320 -1969.1264994547436800 -1903.8942202835332864 -1793.1690294438385536 -1634.2311886586696801 -1434.9193020719737888 -1201.0403489640129919 -950.9345692475463920 -696.2213740458015536 -442.3914940021810480 -207.2682660850599916 -2.7622682660850599 169.0065430752453608
303.0361445783132694 606.0554216867469677 980.9734939759035797 1338.8554216867469222 1601.6445783132530778 1706.6602409638553581 1621.9975903614458730 1340.2361445783133149 899.3746987951807341 385.8626506024096443 -60.0879518072289187 -392.0963855421686617 -644.0614457831325126 -829.9421686746987916 -945.6795180722891700 -996.9710843373494527 -957.3373493975904012 -823.9168674698795485 -616.2867469879518012 -353.8240963855421910 -60.8060240963855421 234.1337349397590231 513.7638554216867988 697.8337349397589833
189.0062047569803383 102.8583247156153107 49.8852119958634930 40.7228541882109596 46.4963805584281289 43.7900723888314403 24.2244053774560513 -11.0217166494312302 -62.4694932781799395 -125.5915201654601816 -206.1644260599793199 -308.2647362978283354 -441.0744570837642300 -602.0961737331954282 -807.9555325749741996 -1050.1447776628749580 -1320.0816959669080006 -1590.8624612202688695 -1840.0423991726991062 -2033.7342295760083744 -2160.2388831437433510 -2209.1726990692864092 -2176.7890382626678729 -2045.6701137538780131
3.0515413472516717 -27.7060838362420476 -65.3023976512803728 -111.8928396672647239 -166.4531071603327348 -226.9037677377262980 -293.7225574946990605 -363.5088892513456358 -434.0499102919588950 -502.1350513782417124 -563.4142880443647527 -613.8571195563529272 -651.6856956450823191 -674.2329146958081765 -685.6095253629098352 -684.7726308921872942 -674.0381666938509397 -653.9942913064752474 -626.1189039308432029 -591.0172891861034259 -549.2123633991192264 -500.7726308921872374 -444.9569401402707740 -384.6109933126733154
118.6596873255164724 130.6884422110552748 146.5734226689000650 161.1186487995533128 170.6169737576772718 172.4812953657174717 164.3129536571747735 146.4444444444444571 109.0047459519821302 35.3782802903405909 -83.3796761585706321 -243.6490787269681846 -425.8056951423785677 -608.1401451702959093 -776.5482970407593939 -906.3154662199888207 -968.9815745393634643 -940.6753210496929114 -827.6404243439419588 -653.1412618648799935 -446.5346175321049600 -228.1962590731434943 -25.8336125069793425 125.0611390284757078
-319.7240384615384414 -451.4798076923077019 -590.2999999999999545 -743.4730769230769738 -897.9240384615384301 -1064.0865384615385665 -1224.5105769230769965 -1366.9894230769230035 -1486.6278846153845734 -1564.9105769230768601 -1574.9000000000000909 -1505.3663461538460524 -1351.9673076923077133 -1125.4538461538461434 -847.9692307692307622 -540.6528846153846644 -218.6788461538461661 110.8394230769230830 421.3932692307692491 704.3884615384615699 934.7653846153846189 1088.8163461538460979 1150.9884615384614790 1129.9653846153846644
1882.3091922005571632 2375.0501392757660142 2847.9832869080778437 3304.7938718662953761 3778.0027855153202836 4238.8272980501396887 4597.9582172701948366 4669.3370473537606813 4263.5571030640667232 3641.9470752089137022 2109.7270194986072056 705.5320334261838298 -459.9331476323120000 -500.2506963788300709 -240.2813370473537589 -149.7827298050139291 -147.3203342618384397 -167.7493036211699291 -191.9721448467966525 -235.9860724233983262 -306.8774373259053050 -406.0557103064066951 -535.9359331476323405 -689.4150417827297588
-1460.1330698287220002 -1667.8669301712779998 -1838.3333333333332575 -1965.6982872200262591 -2042.7140974967062448 -2062.8616600790514894 -2034.9762845849802488 -1964.4413702239789927 -1847.1633728590250030 -1691.8774703557312478 -1501.4967061923582605 -1279.5757575757575069 -1046.7826086956522431 -818.0395256916996232 -596.7022397891962555 -385.4426877470355635 -201.0909090909090935 -47.1673254281949923 75.5230566534914374 170.5362318840579690 242.6429512516469060 304.5480895915678730 366.5507246376811850 426.1620553359683754
-769.3934316353887652 -873.1675603217157686 -908.6300268096514401 -864.3505361930294839 -750.1742627345844312 -583.6628686327077276 -399.1843163538874251 -233.8451742627345880 -96.4624664879356573 -4.0214477211796247 44.3941018766756059 57.2727882037533504 41.4195710455764043 -13.3130026809651483 -113.0690348525469204 -242.1561662198391502 -401.5596514745308241 -579.9061662198391787 -755.2037533512063874 -898.0348525469169090 -990.5516085790884517 -1030.4115281501340178 -1000.8552278820375250 -911.1179624664879384
1053.0741758241758816 1193.7980769230769056 1307.5453296703296928 1398.1112637362637088 1462.7458791208791808 1500.6442307692307168 1519.9656593406593856 1521.2651098901098976 1502.5467032967032992 1468.5494505494505120 1423.4107142857142208 1368.0054945054944255 1301.8461538461538112 1226.0618131868131968 1139.8269230769230944 1039.3763736263736064 940.3406593406593856 843.3447802197802048 747.5714285714285552 660.2609890109889648 583.0467032967032992 518.0288461538461888 456.0027472527472696 390.9491758241758248
-519.7913711583923941 -619.9030732860520629 -704.2461583924349497 -768.7520685579196424 -812.1994680851063322 -824.2006501182032707 -794.3531323877068644 -727.5493498817967293 -626.3088061465721239 -497.4432624113475185 -349.3649527186761361 -194.2467494089834474 -38.6270685579196211 104.8906619385342793 234.2390661938534322 345.7674349881796729 439.4890661938534322 510.2322695035460924 553.4060283687942956 583.5248226950354820 599.5493498817967293 596.6471631205673702 576.1128841607564937 532.8608156028368512
-1020.3167082294264674 -755.0473815461347158 -514.2842892768079537 -313.3815461346633242 -156.6558603491271811 -30.8329177057356603 73.4139650872817953 172.2493765586035011 284.6608478802992295 438.0798004987531158 662.3615960099750737 962.0473815461347158 1343.7182044887781558 1797.4763092269326989 2294.3541147132168589 2813.0922693266834358 3330.1047381546136421 3817.0224438902741895 4251.8927680798005895 4575.3142144638404716 4661.9002493765583495 4352.2543640897756632 3869.7356608478803537 2677.1371571072318147
-82.8813286900616077 -95.8390034824537906 -106.9021787659612528 -116.4556210375926355 -124.3877131886775658 -131.4984373604786185 -137.8071256362175063 -143.3753906598803383 -148.0948745423698654 -151.6695687114921043 -153.2232342173408313 -152.4207964996874693 -149.7250200910795570 -145.0903205643361105 -139.1563978926689913 -132.0005804089650780 -124.6130904545048708 -117.4751763550316923 -109.6168407893561891 -100.5409411554603025 -90.2439057058665952 -78.7530136619341050 -65.8571747477453329 -51.6885882668095391
85.8934758569848924 70.2100995208256506 58.0040545521562834 67.6682639144858058 79.8407666789531874 85.2886103943973524 86.3943973461113188 81.7500921489126426 73.8134906008109084 63.5093991890895708 48.5060818282344286 23.9601916697382968 -16.7231846664209378 -75.8864725396240374 -158.6465167711021138 -278.0530777736822756 -438.5311463324732699 -643.3693328418725059 -878.5149281238481080 -1126.2672318466641173 -1334.7596756358275343 -1471.6041282712862994 -1514.8647253962403738 -1460.5761150018429362
-381.8016732283464307 -282.6451771653543119 -95.5408464566929183 166.0073818897637921 448.6850393700787549 682.4438976377953168 811.7130905511811534 781.1264763779527129 574.2145669291338663 249.0649606299212735 -95.4414370078740149 -377.7800196850393490 -557.9650590551181040 -627.6934055118110791 -594.8282480314960594 -458.2834645669291262 -254.0270669291338663 -42.1373031496062964 121.0398622047244146 224.6550196850393775 273.5875984251968589 274.1668307086613936 245.9138779527559109 203.2554133858267846
-14.0698039215686279 3.6528104575163400 23.0326797385620914 43.1084967320261470 64.7734640522875793 89.4039215686274531 115.5103267973856163 140.9267973856209153 165.9376470588235293 192.4967320261438033 220.5789542483660171 250.5298039215686288 285.6528104575163525 327.7554248366013212 372.4049673202614485 420.0796078431372393 470.2560784313725435 519.8643137254902058 565.4654901960784628 602.0622222222222035 627.4022222222222354 634.3095424836601524 621.7130718954248323 584.0414379084967322
445.4428412874584069 661.9045504994450084 871.4883462819090028 1063.8623751387347056 1210.6559378468368777 1295.0998890122086777 1316.0199778024416446 1287.2275249722531498 1213.8523862375138833 1110.4994450610433887 982.3218645948945777 806.6170921198668111 592.3806881243062890 348.4950055493895889 86.8168701442841240 -189.2619311875693597 -467.3662597114317236 -746.8157602663707166 -1008.3174250832408916 -1207.7724750277468502 -1321.1487236403995666 -1342.5227524972253832 -1273.8312985571587888 -1126.8801331853496777
333.7109283196239744 129.1175088131609812 -123.6310223266744970 -371.1421856639248062 -601.6321974148061145 -839.7920094007050693 -1064.0000000000000000 -1216.4700352526440383 -1257.1915393654523996 -1161.8401880141011588 -956.5769682726204337 -650.7379553466510060 -251.9212690951821401 225.4289071680375969 724.0282021151585923 1179.6310223266746107 1526.5405405405406327 1697.0364277320798010 1654.9506462984722930 1421.1539365452408674 1094.4159811985898614 738.2185663924794881 430.1186839012925702 210.3830787309048276
1271.2023121387283027 1696.0655105973025911 1954.2215799614643856 2005.6743737957610847 1819.2967244701349045 1441.6146435452794776 917.7552986512523603 387.8978805394990559 -45.2928709055876695 -382.2100192678227586 -692.3622350674373820 -987.1560693641617945 -1222.8073217726396251 -1352.2967244701349045 -1350.1310211946049549 -1188.2581888246627386 -851.8516377649325477 -374.3603082851637964 195.9383429672446937 779.6242774566474054 1265.6936416184971677 1574.4315992292870305 1675.7456647398844325 1552.2716763005780649
-1353.4560559685176031 -1323.4210756449497239 -1153.2772190642763235 -882.5959772627896882 -562.7468299081766645 -243.4394403148229173 34.1652820288587691 239.5636204634892863 355.8919982509838178 379.3812855268911335 332.9728902492348084 257.3012680367293115 182.6475732400524805 121.2081329252295632 82.2076956711849647 58.2505465675557517 42.8705728027984279 26.4621775251421063 11.9007433318758196 4.4311324879755141 -3.7678181023174466 -8.0660253607345869 -7.5435067774376909 -6.7407083515522519
-45.5894663411231278 -16.0756888733868166 21.6095221485873736 68.5898151377746785 121.2408440878967610 181.7220090687129357 251.1517265434251840 332.9025113358911767 422.6743983257760533 513.6461457970003721 597.0899895361004610 661.9405301709103924 703.1658528078130530 714.9881409138472463 701.1747471224276751 664.2080572026508207 604.2190442971747188 527.3207185211022079 444.6348099058249090 362.3273456574817146 281.7649110568538617 205.3500174398325839 137.5572026508545491 84.7241018486222544
50.1102916526986277 75.5237456699072567 112.1904123365739139 156.7342719856967221 203.0663761314113174 245.8526092300815833 279.0925243043915316 297.4313331098446724 293.0864901106268690 262.8531679517264479 204.3784780422393510 121.7989719521734315 21.6373896524751359 -85.9380936417476846 -189.6620851491786652 -278.6225276567214451 -347.5797295787238568 -393.4325622974633916 -415.3803776958319531 -410.8071292881886052 -382.1691809140685905 -335.9070287182925654 -279.6880098335009279 -219.6893507654486655
796.6260731319555362 842.4732909379968078 847.1362480127186245 814.1248012718600648 749.5871224165341573 660.4875993640699789 557.5758346581875458 452.8934817170111273 358.3817170111287851 276.8116057233704055 209.0893481717011184 157.8241653418124031 121.1152623211446695 94.5531001589825166 74.3260731319554822 58.8338632750397466 47.6936406995230513 39.1287758346581853 30.5791732909379981 20.4001589825119254 7.9114467408585059 -6.4680445151033386 -22.1713831478537351 -38.3012718600953903
-13.7685597199992973 -15.2427141776738129 -16.0190829625200060 -16.4761682818298532 -16.8196440192060770 -17.0620328191779365 -17.1197477883110274 -17.1375995919587751 -17.0856183055736324 -16.9657122254076000 -16.7926464639358386 -16.5625780466785102 -16.3399581405983447 -16.0280264523277687 -15.6723798301000752 -15.1267478058990097 -14.4383541164676288 -13.6762579805476889 -12.8512232442795078 -11.8893276113759079 -11.0211055806672888 -10.5199447737305878 -10.4822537242555889 -10.9988919570149672
749.4409722222221717 1371.5104166666667425 1948.5381944444443434 2261.2083333333334849 2151.2604166666665151 1709.5763888888889142 1182.9722222222221717 707.1215277777778283 315.1423611111110858 -126.2152777777777715 -679.0902777777778283 -1239.5486111111110858 -1627.6180555555556566 -1687.7500000000000000 -1278.6631944444443434 -377.7569444444444571 824.9305555555555429 1916.3263888888889142 2501.2847222222221717 2486.4062500000000000 2100.3784722222221717 1597.7673611111110858 1135.5590277777778283 776.5902777777778283
3.0910676901605023 -2.6873691556175854 -20.5910676901605036 -40.1350314026517765 -57.9200976971388712 -71.4235868806699301 -75.7435450104675567 -72.7316817864619622 -51.8747383112351699 -11.2993719469644098 49.6441032798325210 130.9127704117236703 238.0990928122819241 373.1953942777390125 539.3056524773203364 725.5170969993021117 912.5041870202372820 1074.2484298674110050 1175.1706210746685883 1205.7285415212841144 1159.7909979064897925 1040.5687369155616580 867.3426378227494524 682.5317515701325419
1346.2358722358721934 975.7420147420147032 545.3955773955774475 111.3120393120393175 -349.3464373464373693 -822.6388206388206754 -1260.7297297297297973 -1523.6977886977886101 -1506.7985257985258158 -1104.5577395577395237 -285.6240786240786065 796.4766584766584856 1819.5085995085994455 2374.2579852579851831 2352.6265356265357696 1970.1056511056510772 1463.6363636363637397 975.3022113022112762 571.4987714987714753 190.5405405405405475 -211.5552825552825595 -623.9656019656019907 -949.7739557739557767 -1116.7493857493857377
-11.2457681344889764 -19.3229015182362858 -25.9683555348728987 -29.5620382758420099 -29.3424466290500838 -26.4121342562968984 -21.0303065557559172 -13.7435285905415618 -6.0450235588389276 1.8581234366819848 9.3815950206503409 14.4850212320400207 15.4259205398173460 10.1326857076377177 -4.1192484439532313 -28.4284800186143904 -62.1430399627712191 -104.0300157058926231 -153.3999767320109413 -206.2739224012564705 -258.4569833052178183 -302.9617823279622826 -330.8260136117735897 -336.4560525856552999
-195.9663064947135922 -118.0998024863483238 -10.0960845823167187 113.2571163006854817 235.2859300569303969 343.1810154525386451 418.5466480771465285 451.5411874056001125 443.2858138724294008 399.7870338096897740 332.3831764842569783 257.0433368188683403 184.0945741838038714 118.9955849889624773 63.8870686650400827 23.5615196932729170 0.5263157894736842 -5.0596026490066226 1.9025212036714303 14.0134774021145585 26.2889508539560808 35.4686882769838476 39.7698385035436246 38.6926919948878805
-611.1256983240223235 -465.9078212290502847 -339.1312849162011389 -224.4888268156424544 -101.2290502793296127 36.8547486033519576 207.3463687150837984 429.6871508379888382 715.1871508379888382 1063.3994413407822321 1477.9776536312849657 1943.9134078212291570 2428.4329608938546698 2926.8519553072624149 3452.8407821229052388 3994.8463687150838268 4501.3240223463690199 4817.0167597765366736 4750.1256983240227783 4091.5083798882683368 3249.9022346368715262 1323.7094972067038725 -603.8100558659217540 -1381.3044692737430523
-183.5780730897010073 -181.1328903654485032 -179.8803986710963443 -165.2679955703211476 -147.3765227021040971 -127.0354374307862741 -102.3532668881506140 -64.1196013289036557 -7.2425249169435215 71.3942414174972271 182.1638981173864806 336.0874861572535792 527.5470653377630015 755.3887043189369024 1007.6622369878183463 1277.4485049833886023 1541.8737541528239490 1765.1362126245846866 1925.0442967884828249 1985.5503875968993270 1931.6245847176080588 1747.0808416389811555 1478.0188261351052006 1167.7851605758582991
191.8526217809494199 274.1455165994415211 360.8585169097114544 450.6847657461992185 545.9419795221842833 643.8209742475953590 736.2227738132174863 821.1070431275209103 895.6391560657772288 958.2224635432826290 1001.9568724790567558 1021.7188954390319395 1016.4002482159478404 986.3412969283276652 931.7418554142103631 856.6071982624883958 764.4393422277381660 658.5876512565932899 545.1144896059571465 430.1278312131554458 326.1141793360223460 237.0912193608439225 163.5712069500465304 106.2618678250077551
-237.3096276417309696 -207.1204293861120505 -152.8976853404897724 -74.7138544112713845 16.7229117745722924 114.6970815162697050 217.3441798054344076 323.9906071787990527 440.5585374035558743 566.8567594766856246 693.2650117410264556 806.5538409929554291 898.9996645420999357 968.1519624287152510 1011.9443139885944447 1028.2754109359275390 1018.9986581683998565 989.3861120429386347 943.1580006709158397 884.2780945991278259 813.4327406910432501 733.8624622609862627 642.9959745051995696 539.7752432069775068
489.9132743362831661 527.2867256637167657 552.5395701643489019 563.5405815423514468 556.8981036662452198 534.0553729456383962 498.1115044247787864 459.9997471554993922 422.3640960809102580 387.0710493046776151 349.2591656131478999 304.6022756005056635 250.2101137800252957 185.2472819216181961 110.3173198482932946 17.3107458912768664 -94.2733249051833155 -225.7074589127686579 -370.1704171934260330 -512.8278128950695418 -637.2000000000000455 -727.4958280657396017 -772.1721871049304582 -766.6252844500631909
2112.4852071005916514 2142.0562130177513609 1807.8195266272189201 1303.5000000000000000 819.0562130177514746 385.6952662721893716 -51.1775147928994087 -542.5710059171597095 -1085.9881656804734575 -1512.1923076923076223 -1660.7337278106508620 -1415.4615384615385665 -721.8343195266272687 327.7544378698224818 1444.7218934911243196 2222.2544378698225955 2448.7455621301774045 2231.7721893491125229 1816.4053254437869782 1352.4467455621302179 952.0710059171597095 624.6272189349112978 277.7514792899408462 -124.0295857988165693
562.8200103145951516 509.7720474471377088 362.0959257349148857 140.3800928313563645 -132.5905105724600332 -419.8380608561113831 -703.4223826714801362 -930.5110881897885520 -1054.7689530685920545 -1014.2496132026817577 -829.0268179473955570 -548.0371325425477380 -233.6441464672511472 67.4043321299639047 312.3687467766890222 455.6591026302217529 475.9561629706034296 390.9138731304796011 241.8401237751418194 87.5786487880350677 -38.7890665291387293 -132.5997937080969677 -195.1258380608561254 -227.1913357400721907
-1325.7308270676692246 -1422.2285714285715130 -1443.9954887218045769 -1390.2451127819549583 -1259.0060150375938974 -1048.7007518796992827 -760.2120300751879540 -424.9954887218045201 -49.6285714285714263 340.9278195488722076 719.3308270676691336 1055.0947368421052488 1343.8180451127818742 1574.3097744360902652 1726.8751879699248093 1783.9278195488720939 1742.1789473684209497 1635.3428571428571558 1458.7248120300750998 1255.6090225563909826 1020.0150375939849710 763.4812030075188432 522.3999999999999773 290.5127819548872026
-1195.6345381526105029 -1363.0321285140562395 -1339.4457831325300958 -1074.7028112449800119 -564.9718875502007904 140.8273092369477979 922.1927710843373234 1629.6204819277108982 2104.4056224899600238 2272.6967871485944670 2154.0963855421687185 1815.9257028112449461 1396.4016064257027665 977.1907630522088084 598.4317269076304910 244.0783132530120554 -115.6706827309237013 -491.8192771084337096 -859.3273092369478263 -1155.9136546184738563 -1332.8453815261043474 -1317.9417670682730659 -1085.4518072289156407 -692.0261044176706946
-98.9015421115065294 -133.8743664402027491 -175.9399331392214094 -223.2215032891189423 -273.3860670764585166 -325.2100722527768539 -375.6138250835759891 -418.9939609619324870 -451.0732233365685602 -468.8264854955246506 -471.9304432222581909 -459.9522268952873674 -434.0795858945324994 -397.6907149789711866 -356.2160034508788726 -312.4940148819152341 -270.6664509867356969 -231.6515690714979030 -194.8589453251374835 -159.8953952334735220 -126.8970128329558946 -95.5456702253855212 -68.2130917718106389 -45.8837485172004733
301.7334305960816891 383.2909545644018294 449.0644018340975663 484.0141725719049646 472.2605252188411669 401.6350562734472760 281.3359733222175691 141.5958732805335671 6.8834931221342224 -105.5596081700708595 -190.4791579824926941 -249.4858274280950354 -272.5633597332221711 -255.8109629012088249 -201.5431429762400910 -117.4416423509795777 -15.9016256773655691 96.0771154647769947 212.6250521050437783 326.6486035848270149 421.8730721133806014 483.5867027928303514 492.7580241767403209 441.6388078365985734
-50.3193548387096783 -120.7067741935483838 -215.6622580645161236 -337.5161290322580498 -484.1748387096774309 -646.7045161290322994 -814.2983870967741495 -968.9077419354838412 -1091.5780645161289613 -1174.7403225806451701 -1212.1141935483869929 -1197.6283870967743042 -1137.0587096774193014 -1035.1612903225807258 -900.3490322580645397 -748.8112903225805894 -601.7267741935484082 -461.4248387096774309 -332.9596774193548185 -216.5470967741935624 -111.3135483870967732 -23.3393548387096779 45.4170967741935456 96.1929032258064467
-319.2561904761904543 -543.3542857142857656 -761.0704761904761426 -966.7685714285714766 -1138.3695238095237983 -1228.5304761904762927 -1194.2285714285715130 -1051.0047619047618355 -809.8847619047619446 -500.5904761904761813 -125.7209523809523830 281.1038095238095025 675.9961904761904634 1015.4704761904762336 1234.1542857142856064 1267.3523809523810542 1127.8695238095237983 869.4142857142857110 574.0933333333333621 304.3752380952381031 97.4171428571428635 -37.8599999999999994 -127.8799999999999955 -188.0761904761904759
3347.7124010554089182 3810.2875989445910818 4264.9419525065959533 4610.2532981530339384 4628.2031662269127992 4330.3139841688653178 3355.3192612137204378 1859.1424802110818746 572.1662269129287779 -463.7203166226913140 -459.6939313984169075 -227.9973614775725537 -130.3957783641160972 -117.6833773087071222 -141.2348284960422120 -175.5197889182057907 -225.4195250659630574 -299.9498680738786334 -402.4907651715039378 -533.2612137203166185 -687.1319261213719756 -863.2031662269129129 -1042.9709762532982040 -1220.5778364116094963
-537.2908059943297303 -446.0923450789793492 -291.0546780072904198 -86.9821790198460860 154.7452409882543520 412.5633859862292638 665.3175374645605871 873.5844471445929003 1002.1834750911300489 1032.6958282705547845 967.7290400972053703 837.4977723774807146 670.9542324827865514 504.6727420008100466 365.6415552855407327 260.4390441474280919 190.7257999189955342 145.1555285540704858 104.1377075739165718 63.6208991494532228 25.9756986634264884 -10.1255569056298089 -38.8307006885378669 -55.6800324017820998
318.5795656028368512 354.0571069739952463 378.4718528368794068 387.5413711583924510 379.8382092198581290 355.3853427895980985 320.0401891252955124 280.2491134751772961 239.7051566193853489 198.8099143026004754 161.4051418439716201 128.2868646572104012 99.3585992907801483 75.3181885342789599 57.1555851063829792 43.7674349881796658 35.1607565011820355 30.5998817966903083 28.9839686761229309 28.2243646572104012 26.7870124113475185 21.5568114657210401 10.8860076832151300 -3.9840425531914891
-427.2383652718028770 -413.7663277278060150 -354.3534415330465208 -260.5728392647633882 -147.6605396949550197 -34.0918068048494334 65.4847477512710157 140.8074892452092399 185.9783926476339389 198.2340633554947260 181.5648220570981550 141.1689479859209939 87.7343566679702747 34.8115956198670347 -7.5139812280015645 -40.0507430582714150 -63.0080172076652332 -77.3922565506452855 -82.1710989440750836 -77.8380915134923725 -64.7028744622604677 -47.0377395385217056 -28.4014470082127488 -10.7158779820101682
-222.9238754325259606 -583.4117647058823195 -929.2958477508650503 -1248.0224913494810153 -1432.9204152249135404 -1412.5397923875432298 -1142.1124567474048490 -583.4083044982698993 235.6539792387543173 1139.7975778546713173 1894.0795847750864596 2287.4411764705882888 2260.7612456747406213 1915.8685121107266696 1429.8512110726644551 971.8944636678201050 571.5034602076124202 185.2543252595155820 -183.4948096885813129 -543.4705882352941444 -872.3096885813148447 -1091.3477508650519212 -1143.7612456747403940 -988.1799307958477812
775.4860335195530752 1089.5586592178769934 1477.1229050279330295 1951.4972067039107060 2526.4078212290501142 3143.6368715083799543 3756.7206703910615033 4272.9664804469275623 4543.2513966480446470 4370.0837988826815490 3879.0223463687152616 2607.0670391061453302 873.8715083798882688 -730.2011173184357631 -2111.6871508379886109 -3165.0726256983239182 -3560.2067039106145785 -3943.3798882681562645 -4122.9106145251398630 -3977.3463687150838268 -3493.6648044692738040 -2758.7765363128492027 -1929.9664804469273349 -1160.8156424581004558
277.5961921000284178 336.1776072747939565 391.9737141233304669 446.6295822676896705 496.8238135834043874 541.9116226200625306 579.2230747371412463 606.9181585677749808 622.3608979823814025 623.2335890878090368 609.7516339869281410 577.8432793407217787 529.8964194373401142 468.3681443591929678 396.1947996589940431 315.6138107416879848 231.8164251207729478 150.3542199488491065 78.1967888604717274 17.6801648195510097 -30.5473145780051141 -69.5893719806763329 -97.7190963341858492 -116.1837169650468837
2201.1620648259304289 2092.8007202881153717 1621.9399759903960785 840.7034813925570234 209.2064825930372081 -182.9939975990396022 -415.4285714285714448 -503.7214885954381884 -527.1524609843937696 -500.8451380552220940 -431.4705882352941444 -344.4525810324129793 -239.4945978391356505 -125.3697478991596626 -35.1368547418967552 44.0420168067226925 115.4117647058823479 170.2436974789916064 208.1284513805522067 227.1032412965186040 225.8691476590636285 197.2629051620648397 144.6446578631452553 85.0048019207683012
141.3742514970059858 308.2107784431137816 513.5868263473054185 744.4736526946107915 981.1299401197604766 1202.5562874251497760 1379.4107784431137134 1487.4107784431137134 1517.6604790419162327 1462.7892215568863321 1334.2101796407184793 1162.0317365269461334 966.7988023952095773 770.5862275449102299 579.9802395209580936 408.5461077844311149 263.5227544910179631 142.4071856287425248 41.5520958083832355 -31.1341317365269461 -87.6586826347305390 -132.3592814371257589 -159.4497005988023943 -174.2341317365269333
562.1762387387387889 572.1233108108108354 552.8938626126125655 512.9481981981981562 458.8203828828828819 393.3023648648648418 329.4155405405405190 262.7972972972972912 190.9695945945945823 115.3769707207207205 32.8254504504504538 -60.8721846846846830 -168.9895833333333428 -294.8291103603603460 -431.7485923423423628 -564.3842905405405190 -683.9935247747747553 -782.2950450450450717 -846.9856418918918735 -873.8643018018018438 -861.5036599099098567 -816.0492680180179832 -741.3986486486486456 -643.9056869369369451
1291.7847328244274649 1486.5725190839693823 1579.4916030534350284 1553.6259541984732095 1440.1389312977098598 1265.9236641221373247 1048.4366412213739750 810.3954198473282986 547.3541984732823948 261.7038167938931110 -31.8732824427480921 -304.4977099236641038 -575.7190839694656006 -835.3969465648855248 -1080.3419847328243577 -1277.2778625954199470 -1398.7679389312977491 -1441.7618320610686169 -1414.3435114503815839 -1321.7374045801527700 -1187.0335877862594316 -1025.7740458015266540 -835.8717557251908374 -628.4122137404580144
