342.0871241326137238 341.1569005397070100 341.2656129529684108 340.7561680801850343 339.3176561295296665 337.6480339244409947 336.2775636083268864 334.9955666923669924 332.2881649961449284 327.5250578257517304 316.0223592906708063 298.1249036237471159 271.7320740169622013 238.6320354664610761 198.9246337702390122 162.3288357748650697 131.3444487278334520 105.0690053970701570 84.6171935235158088 74.2523130300693879 67.1127602158828012 65.8101387818041701 68.1709714726291480 73.3560138781804199
919.3334452392634830 917.9668672365261273 918.0332102368101914 919.1757869999742070 920.6861296903648508 921.9193244325077785 922.9019187562946627 923.8846680267540705 924.8890840069209389 925.6220334168323234 925.7828422384628766 925.1593884771324383 924.2814864550783795 923.2668956434160918 922.3621361981251994 921.3902073702967073 920.3615938847713096 919.6849934147663816 919.5135449216228380 919.6622937272421723 919.5634119257289285 919.4746274823747854 919.4631356041628578 919.9123518322444397
1478.9322033898304198 1740.4391371340523165 1839.9707241910632547 1746.1340523882897742 1549.9506933744221442 1336.9676425269644824 1149.2049306625576719 1001.2203389830508513 906.3266563944530390 855.3528505392912393 834.4098613251155712 843.6918335901386854 869.2095531587057167 892.2973805855161800 916.4237288135593644 941.6409861325115571 952.0570107858243318 952.3759630200307811 946.1617873651772470 934.0200308166409968 922.8474576271186152 917.0939907550076668 913.9645608628659375 902.0939907550076668
970.5832482124617400 1020.5117466802860235 1061.3983656792645434 1101.4239019407559681 1138.7058222676200785 1165.7221654749744175 1167.6588355464759843 1134.4177732379980625 1050.2247191011235827 915.2686414708886105 745.2951991828396103 568.9254341164453308 397.5127681307456555 251.1317671092951969 149.8079673135852943 100.0806945863125605 97.2185903983656772 135.5791624106230984 204.2359550561797619 300.1736465781409606 395.4800817160367501 494.1307456588355649 562.8702757916240671 601.6046986721144094
963.2581818181818107 939.8180237154150518 928.3731225296443199 918.8667193675889848 904.5770750988142481 878.3999999999999773 850.1574703557312205 825.5201581027667999 809.2815810276680395 800.5822924901185615 796.3501976284585453 798.4166007905138258 808.6839525691699464 830.6055335968379723 869.2033201581027697 924.2109090909091265 1006.1299604743082909 1102.1195256916996641 1176.2667193675888484 1191.0284584980236104 1151.3626877470355794 1087.1808695652173355 1026.2499604743084092 977.8790513833992009
-942.3087452471482948 -944.6570342205322959 -945.5939163498098878 -942.3467680608365526 -938.6326996197718699 -931.7011406844106887 -929.0205323193916911 -924.9155893536121766 -924.1916349809886242 -928.1596958174905012 -925.4874524714829249 -919.5756653992395968 -912.0182509505702910 -893.1338403041825131 -863.6638783269961550 -824.6152091254753032 -772.7878326996197984 -705.8661596958174869 -628.9809885931558711 -540.7999999999999545 -477.6752851711026437 -413.6205323193916570 -357.3612167300379951 -314.2098859315589152
425.6840148698884718 445.4845105328376462 287.0693928128872585 82.5749690210656695 -142.9801734820322281 -319.6009913258984056 -400.1040892193308309 -448.3568773234200648 -479.3828996282528010 -495.4275092936803162 -502.8748451053284043 -498.0867410161090447 -506.9653035935563707 -502.4684014869888529 -490.0260223048327362 -469.5861214374225483 -451.1028500619578949 -432.9206939281288555 -424.7026022304832509 -415.1685254027261180 -405.4175960346964303 -396.9306071871127415 -376.9529120198264991 -364.5365551425031185
961.4177171710232415 964.2360114038401662 966.5481056572665466 967.7078968158554062 967.3627932538728373 966.7139078762064628 966.2146807268230759 965.5049977673204467 965.0214337237659947 964.4331398344381796 963.8682032081887883 963.5453920928795242 963.3515268093291297 963.2082918283928166 963.2495792257753919 963.4286057774877463 963.7859719025864251 964.8377013705218133 965.8744203620375401 966.5316868752790924 967.1237591453989353 966.6576443513207550 964.8331329646549648 961.0164874798200572
678.2964748418198724 613.0048207291353037 589.2229587225067462 600.6315155167219473 637.6474841819825770 695.4703223862609320 782.3946971979512455 904.2802048809882081 1028.5899367279300805 1144.3567339560108849 1236.9789093100330319 1238.8421211208194563 1214.6595360048206658 1246.3133473937932649 1227.8864115697499528 1086.4034347695089764 900.3028020488098946 739.4296474841819418 632.7381741488400166 583.9228683338354813 583.6640554383850485 621.0572461584814619 676.5028623079240333 746.7692075926483994
-362.0953903891654022 -362.8558701150362822 -363.1466916863832921 -363.3717222811454803 -363.5258219792771683 -363.6363057844496893 -363.7333278942645052 -363.9111038590193630 -363.8494248184710500 -363.8196459166190948 -363.6507301949906150 -363.5152973810883736 -363.4977563841070491 -363.4963204699355401 -363.5001876478746681 -363.5622419841723172 -363.5259525169291237 -363.4230235783633702 -363.3973566125479238 -363.3265236191563758 -363.3175981072040486 -363.2261727992167835 -363.0484621032879318 -362.5242228930407009
942.4315888289133909 946.1572400844871709 928.9347570992724741 910.5623093170617040 893.8812485332081224 858.3402957052335296 788.7322224829852075 696.9019009622154499 612.8364233747946628 557.0126730814363327 534.0213564890871112 540.3858249237267728 565.9915512790424827 606.7458343111945851 664.4743018070874996 735.8537901900962197 811.5374325275756746 884.4916686223890565 933.2466557146209425 954.0201830556206914 968.5036376437456056 976.3015724008448615 958.8805444731283387 910.5360244074161074
-536.5322108345534389 -541.3710102489019391 -543.0783308931186184 -542.7754026354318739 -541.6081991215227163 -540.5210834553440691 -541.8073206442167020 -541.9147877013176640 -542.6171303074670504 -543.7490483162517876 -545.2691068814056052 -546.2834553440702621 -547.0311859443630738 -546.8603221083454855 -545.8923865300146190 -544.9866764275255946 -544.5442166910688684 -544.1185944363104454 -543.8670571010248977 -544.7181551976574383 -545.5144948755490759 -545.0326500732064687 -543.6325036603220724 -540.5755490483162475
194.9875816993464070 209.4830065359477089 319.6653594771241842 524.1150326797385333 772.4888888888889369 994.6483660130719500 1088.9614379084966913 1035.0692810457517226 913.8496732026143263 789.1921568627451506 701.2006535947712109 646.1797385620915293 628.9849673202614895 639.1052287581699147 667.8542483660130529 696.7372549019607959 724.2071895424836612 732.9967320261438317 720.6627450980391814 701.0601307189542695 674.5477124183006481 647.9437908496731779 630.2830065359477203 626.9764705882353155
702.8771929824561084 687.4649122807018102 664.7040427154843201 631.9382151029748229 587.2360793287566594 530.7944317315026410 469.1903127383676519 419.7444698703279755 375.4809305873379230 347.5129672006102055 337.1853546910755313 352.6239511823035855 391.4233409610984040 463.6144164759725186 561.3054919908466900 672.8340961098398338 774.6151792524790380 844.3123569794050809 870.2612509534706078 863.0484363081617403 829.4980930587338435 786.9214340198321906 747.3093058733791167 723.1830663615560297
598.4601328903654576 596.6843853820597587 613.4987080103359176 646.9669619785898931 692.6864156515318882 745.8936877076412202 800.9270948689553506 851.9985234403839058 892.1598375784421933 916.1666666666666288 926.4889258028792938 927.1921373200442531 921.9078995939461265 913.7953119232189465 905.3433001107420068 900.2929125138427935 895.9014396456257145 895.8641565153193369 897.0887781469176616 901.2925433739387699 906.3835363602805728 910.0461424880029426 908.5741971207087317 903.4649317091177636
878.3308538163000776 875.1875000000000000 872.5021830530400848 870.8562419146184084 869.8953347347994622 869.7350824708926211 870.0952457956014996 871.1735931435963494 872.4359233505821294 873.6821232212159885 874.3018677231565334 874.1335300776196391 873.7154349935317441 873.8199789780077253 874.5424886804656808 875.7377102199224055 877.5750727684346657 878.9628476714101453 879.4855271668823207 879.5312095730918145 879.2603897153945809 878.6083036869340503 878.4584007115136046 879.3341688227684472
794.7781893956934027 798.7316508451029904 784.1458670988654376 756.7700856679787194 720.1243343366520548 678.5348460291734227 635.7020143551748106 594.9719842556147569 555.8849270664505866 522.1410048622366276 492.4507987960175797 467.6290808057420918 452.2632553831905398 444.6059272979856587 442.0467700856679585 442.2171799027552765 443.6422783051632450 446.2389442000463191 446.9921278073628059 447.6943736976151627 448.6202824727946563 450.4776568650150352 453.2370919194257795 460.5017365130817097
774.8968624296057897 763.1684633950120542 762.7959774738535543 773.7950120675784547 798.0461786001609426 841.4936444086886240 907.0825422365245458 995.0181818181818016 1097.6530973451326645 1192.4955752212390507 1222.1140788415125371 1166.1983909895413944 1084.9111826226869653 1037.3649235720031356 1013.3489943684634227 981.9108608205953033 936.8859211584875766 887.6831858407080063 847.0606596942880060 819.8313757039420580 805.5504424778761177 802.8408688656476215 807.8199517296862950 822.0382944489139163
190.7517188693659307 171.8166539343010015 204.4782276546982303 300.1848739495798100 481.4469060351413532 743.5790679908326410 1052.5798319327730042 1300.3919022154316281 1404.7990832696714278 1374.2979373567609400 1269.9129106187929210 1155.3155080213903148 1058.8273491214667956 982.6249045072574972 934.2146676852559040 922.2849503437738576 927.8349885408708815 945.5905271199388835 959.2925897631779435 960.6073338426280088 953.3200916730328345 942.5607333842627895 930.0527119938884653 915.5408708938120981
582.3246684350132227 574.7809018567638759 547.9761273209549017 506.4079575596816767 450.7867374005305123 382.8350132625994888 310.8450928381963081 233.3819628647214870 159.6498673740053107 98.1007957559681643 49.3124668435013263 -2.4291777188328911 -49.6328912466843519 -94.2647214854111439 -134.3708222811671078 -161.1050397877984039 -178.8100795755968306 -187.8249336870026411 -196.6610079575596899 -212.1305039787798421 -229.3251989389920311 -254.3734748010610076 -264.9299734748010451 -265.8843501326259684
416.4907749077490848 426.2398523985239649 427.1466789667896933 420.0940959409593916 402.5369003690037175 359.7472324723246970 256.9926199261992679 146.3007380073800618 22.3966789667896684 -109.6476014760147564 -208.9667896678966770 -288.9953874538745140 -358.2038745387453673 -426.1236162361623769 -491.3533210332103067 -545.9667896678967054 -591.9640221402213456 -628.1107011070110957 -647.5433579335793866 -651.9953874538745140 -654.0433579335793866 -651.2149446494464655 -647.7407749077490280 -638.6669741697417066
1816.8981818181819108 1967.0436363636363239 1992.3890909090910100 1903.1054545454544495 1752.9090909090909918 1581.5345454545454231 1462.4436363636364149 1452.6145454545453504 1543.6145454545453504 1698.0254545454545223 1870.8072727272726752 2007.2472727272727298 2064.1999999999998181 2020.3381818181817380 1899.8909090909091901 1750.1236363636362512 1645.6981818181818653 1607.4400000000000546 1642.4000000000000909 1731.9527272727273157 1855.0872727272726479 1927.9527272727273157 1891.0472727272726843 1754.0545454545454049
-50.5314285714285703 -67.8409022556390937 -85.5413533834586417 -101.8291729323308203 -117.4000000000000057 -134.7094736842105362 -159.7557894736842172 -189.4099248120300842 -218.9043609022556325 -250.6237593984962473 -284.5064661654135421 -320.8213533834586428 -354.5392481203007264 -385.8186466165413435 -413.5612030075187704 -440.8198496240601685 -465.2339849624059980 -484.3145864661653945 -498.3804511278195264 -508.7428571428571331 -517.2520300751879176 -520.1269172932330775 -520.9169924812030104 -515.9981954887217626
223.2900096993210468 202.9301648884577958 184.2589718719689529 161.4539282250242422 136.8467507274490913 110.9165858389912671 101.2997090203685673 106.5858389912706059 130.5266731328806884 182.4626576139670249 264.2803103782734979 361.7429679922405512 452.8768186226964190 529.6663433559650684 526.5548011639185688 389.5518913676042416 174.7982541222114321 -52.7604267701260881 -214.5897187196896141 -295.4054316197866115 -324.4500484966052340 -324.2347235693501375 -297.9408341416100825 -253.6091173617846835
-959.5346153846153356 -996.7115384615384528 -971.6307692307692605 -874.0423076923076451 -757.5076923076923094 -514.5423076923076451 -205.7153846153846075 55.6692307692307722 198.8230769230769113 266.4153846153845961 208.7615384615384642 64.1615384615384556 -132.2884615384615472 -237.4076923076923151 -361.0961538461538680 -456.5807692307692491 -565.7884615384615472 -652.3961538461538794 -719.6576923076922867 -761.0692307692307850 -787.6000000000000227 -794.2192307692307622 -789.3269230769230944 -780.8653846153846416
171.0799319727891259 119.7295918367346985 130.8350340136054513 87.6428571428571388 29.5578231292517017 -59.1955782312925152 -207.4336734693877418 -368.4353741496598786 -516.6785714285714448 -652.2227891156462647 -761.6581632653061433 -833.7585034013605991 -879.2891156462585514 -896.9489795918367463 -897.6122448979591582 -892.1122448979591582 -876.1836734693877133 -861.8112244897959044 -849.3741496598639742 -836.1513605442177095 -824.9183673469387941 -816.9302721088434964 -813.1904761904761472 -805.4285714285714448
829.9896461134291030 832.2566836655848874 835.2875907896769831 840.4140009272136922 848.3274609797558696 858.8131664348632057 869.8374285272755060 880.3804666975737518 885.3362695101220652 883.9905733271518784 876.4313089167053477 864.1905424200277821 849.6250965847627867 827.0398701900787728 796.8531911605624600 761.0230258074485619 718.1723072168134649 675.4513985473652156 637.2520475969711242 607.0752588471642639 585.3251429454488743 572.3903569772833180 570.6167516612579220 581.6838201205378027
746.6296192215821748 772.0269776591260324 818.9422509484332977 889.2047210903471068 980.2870591541379781 1081.4208233806380122 1164.7906421244906596 1190.0498805676550091 1140.3117886750035268 1063.4298159336799472 1010.8649711957285717 978.9442180694112494 943.8093297737810872 903.3533792328228174 866.0702543206407427 839.0108191653786207 824.4795559926935766 820.2451875790361555 823.2286075593649457 828.2610650555009215 836.7097091471125623 851.6057327525643359 873.4107067584656079 896.5002107629619559
611.5498712998712563 626.9472329472329193 659.6064993564993983 711.2805662805662905 779.3185328185328444 847.6550836550836721 900.3397683397682840 927.0823680823681343 927.9485199485199018 933.2091377091377353 951.6663449163448831 929.8256113256113622 830.4205276705276901 693.4494851994852525 575.0994208494208806 500.6805019305019187 474.6779279279279535 487.1933719433719716 531.1267696267696010 595.1167953667953725 686.9787644787644467 791.4237451737451465 885.5334620334620013 943.8828828828828819
447.3245614035087669 341.4140350877192986 251.1017543859649095 183.1912280701754412 163.7912280701754355 228.3228070175438518 419.0807017543859843 760.5561403508771718 1229.3473684210525789 1665.8578947368421268 1880.8561403508772401 1824.1912280701753843 1625.9684210526315837 1359.1631578947367416 1093.1543859649123078 864.4245614035087328 715.7789473684210861 643.7947368421052943 636.3631578947367871 686.7333333333333485 777.7894736842105203 875.2456140350876694 942.6140350877193441 988.9350877192982807
922.4759527375603056 931.8497254118822184 941.8525545015809257 950.1293060409385589 953.5112331502746201 954.7067731735729694 955.2053586287236158 956.6370444333499563 960.4268597104343144 963.6347145947745503 968.6302213346647250 972.9895157264103318 974.9074721251456594 973.1431186553503494 969.6981194874355197 957.2902313196871091 932.9943418206024717 896.5664836079214410 849.2384756199035110 796.6526876352138515 743.9911798968214498 697.8468963221833974 665.4887668497253799 656.4285238808454324
1228.8675635276531466 1225.0690582959641688 1197.2448430493273008 1226.5010463378175700 1223.1928251121075846 1106.3064275037368134 930.3330343796711759 771.1973094170404011 658.9940209267563205 598.9297458893871635 587.1985052316890688 614.8203288490284422 673.4565022421525100 755.2152466367713259 872.8164424514200164 1008.7417040358744771 1133.5560538116592397 1252.8292974588939614 1292.8992526158444889 1240.8137518684604856 1221.0908819133035195 1227.9907324364723991 1166.0866965620327846 1035.5097159940210076
1592.8532110091744016 1657.5565749235474868 1594.8532110091744016 1377.0978593272170656 1008.3547400611620333 583.6697247706422331 181.1529051987767502 -140.1437308868501646 -362.1467889908257121 -440.0672782874617610 -279.0122324159021332 129.6727828746177238 703.7033639143730852 1270.0733944954129129 1650.7033639143730852 1815.3822629969417903 1771.5963302752293203 1605.4862385321100646 1362.3730886850153183 1085.9143730886851245 784.0275229357798707 511.3363914373088619 302.3272171253822762 190.1865443425076592
-931.3393141368832175 -939.7598032122702989 -946.2093763565330846 -950.5091882506150114 -953.3475618579076354 -954.9500795832730091 -955.9189697583562975 -956.6596729850962220 -957.0172189263493010 -957.1241499059470925 -956.9264939950802500 -956.2387498191288842 -955.8363478512516167 -955.1464332223990823 -955.0562870785704490 -955.2163218058168468 -955.4217913471277370 -955.3931413688322891 -955.2688467660251490 -956.0693097959774605 -954.2331066415858913 -949.7330342931558107 -944.7910577340471718 -937.3821444074663987
753.5934001178550261 742.3146729522686655 735.8208603417796212 735.6334708308779682 745.0748379493223865 764.4631703005303507 796.8898055391867956 843.3930465527400884 894.3948143783146634 950.1832645845610159 1006.6140247495580979 1063.7536829699470218 1122.0465527401295276 1173.8485562757807656 1218.0612846199176147 1254.5981143193871503 1277.7525044195640476 1290.5085444902770178 1296.4649381261049257 1290.0229817324691339 1279.4378314672951547 1257.1832645845609022 1217.4784914555098112 1156.3193871538007897
-868.2795031055900381 -891.0745341614906465 -913.9192546583850572 -946.9875776397515210 -960.7515527950311025 -985.1055900621117871 -995.3571428571428896 -973.1428571428571104 -919.3478260869565020 -805.1335403726708364 -628.3757763975155513 -320.0124223602484221 -70.6894409937888213 86.6677018633540399 184.6086956521739069 173.9937888198757889 136.2329192546583840 -41.6956521739130466 -151.4627329192546483 -280.8633540372670723 -380.1770186335403992 -456.4006211180123955 -526.9099378881987832 -573.1118012422359698
910.0500633713561456 922.5076045627376971 931.6799746514575418 934.2141951837769511 933.7116603295310142 936.8219264892268257 937.6970849176171896 941.2636248415716409 951.6147021546261158 963.8162230671736097 986.8884664131812769 1021.3117870722433054 1054.5475285171103224 1081.0785804816223390 1086.5602027883396659 1051.1888466413181504 965.5602027883396659 830.9708491761723508 656.7141951837769511 476.3371356147021629 322.5760456273764021 215.0538656527249657 165.3231939163498225 172.4169835234474135
-442.4253085544048645 -448.2457086111505191 -451.5796566888920438 -453.3380621364732406 -454.9246701659810128 -456.6954177897574141 -458.4149524755284233 -458.6829337494680203 -458.6881827209533071 -458.6905944105546951 -458.4128245141154707 -457.8697687615264726 -457.9158745921407103 -458.9906369697829405 -459.8588452262732176 -460.5627748616824988 -460.6196623634558023 -459.7974180734855736 -457.9660944814867207 -455.1939282167683132 -450.6087388282026041 -445.3926798127394022 -439.6114342459923137 -433.9791459781529284
355.5931200701139119 346.7931638913233883 347.1500876424189528 355.8244960560911636 372.9401840490797326 397.0282646801051669 427.3047765118317329 462.8442156003505943 507.2489044697633744 556.5348378615250340 608.5177475898334478 660.5996932515337221 704.5052585451358027 733.6097721297107910 745.7857142857143344 748.5506134969325558 746.3847502191060812 746.6200701139351850 744.4493865030674442 739.6323400525855050 738.1925942156003657 736.6592900964066075 734.1474583698510514 731.5105170902717191
-1012.8133903133903004 -1038.5569800569801373 -1057.1139601139600472 -1072.2250712250711331 -1080.9686609686609700 -1084.3774928774928412 -1085.1324786324785237 -1085.9159544159545021 -1086.9216524216524249 -1089.3190883190882232 -1093.6752136752136266 -1099.0797720797720558 -1104.5954415954415708 -1109.7635327635327940 -1113.6908831908831417 -1116.9957264957265579 -1119.8660968660967683 -1119.9572649572648970 -1116.6965811965812918 -1108.8846153846154721 -1093.6168091168090086 -1092.2720797720796782 -1073.2464387464387983 -1052.1923076923076223
295.5059931506849580 286.6843607305935961 282.6932077625570514 281.0627853881278497 280.2320205479451829 279.7993721461187420 280.7077625570776149 283.7374429223744414 289.7297374429223851 299.0199771689497652 317.1526826484018216 344.9260844748858403 381.6075913242009392 423.6198630136986480 472.6732305936072862 524.9871575342465349 575.0653538812784973 618.8741438356164508 652.3478881278539347 679.1658105022830796 699.4845890410958873 712.8847031963470045 718.0219748858447701 719.1832191780821404
734.6352863330124592 734.1125481231953245 735.6710779595765644 737.5094441770933145 738.7018166506255739 739.0283325312800571 738.2338787295476550 736.3378849855630506 734.5103464870067000 732.7935514918190165 731.5567252165543550 730.5320019249278403 730.2288859480269139 731.0214148219441768 732.6034047160731006 733.9856833493744261 735.4913979788258303 736.1720404234840771 735.2195019249278403 733.6056905678536850 731.7064485081809835 728.7975818094321312 725.8736164581328012 724.4694417709335994
287.0244428468727733 276.0079079798705948 276.4414090582314998 287.6297627606039100 307.5140186915887739 318.8396836808051944 319.9597411933860371 311.1193386053199106 312.9273903666427259 337.6232925952552364 394.3608914450035741 495.7785765636232895 655.8224299065420837 862.9539899352982957 1083.8188353702371387 1247.2616822429906733 1319.9698058950395989 1295.6613946800862323 1228.7038102084832190 1144.7404744787922937 1061.2113587347232624 987.8705966930266413 932.2976276060388727 889.3335729690869584
-209.8989385727190609 -214.4295392953929422 -217.9531391147244790 -223.4553974706413726 -230.1224028906955823 -236.7470641373080298 -241.9052619692863573 -246.3355916892502364 -249.6052393857272023 -251.9001806684733538 -253.1609078590785771 -255.4502032520325088 -256.9419602529358713 -255.1541327913279247 -253.1453252032520425 -250.4827235772357596 -247.1560523938572658 -244.1294037940379269 -241.7505645889792163 -240.8509485094851073 -239.1557136404697417 -237.0325203252032509 -233.8537714543812172 -228.5659439927732706
1087.1143332541003019 1187.3838840028524828 1247.2674114570952497 1225.9044449726645780 1178.8288566674589219 1189.5940099833610475 1184.5129545994770979 1078.6902781079154465 921.6931304967910137 779.3237461373901169 677.6634181126693193 622.8305205609698305 607.7893986213454127 629.9182315188970733 678.6909912051343099 749.6472545757071657 852.7226051818397536 975.0967435227003079 1092.6881388162585154 1200.2426907535061673 1244.3218445448062539 1212.3803185167578249 1186.7123841217019162 1179.7744235797481451
1197.6635841836734926 1237.4636479591836178 1237.4929846938775881 1119.4544005102040956 939.7984693877550626 775.3877551020408418 658.9378188775509670 593.7075892857143344 577.1352040816326507 600.7761479591836178 655.7723214285714448 737.6431760204081911 856.3242984693877133 995.5736607142856656 1120.4441964285713311 1245.1227678571428896 1295.5570790816327644 1237.9397321428571104 1213.2764668367346985 1230.8705357142857792 1166.5628188775510807 1023.5969387755102389 869.1304209183673493 749.9948979591836178
-221.5924040720438484 -255.2423649177760296 -289.7717306186374344 -325.8664839467501793 -354.2928739232576163 -390.7592012529365775 -421.2165231010180264 -450.5685199686765827 -476.9588880187940276 -499.7936570086139341 -520.6965544244322928 -541.4275646045418853 -559.0184025058731550 -577.3073610023492392 -595.8010963194988108 -613.0254502740798443 -629.7314017227878367 -648.3261550509005247 -663.0297572435395068 -673.6151135473766089 -682.7846515270164218 -686.6511354737666579 -685.3179326546593302 -680.0505090054815582
1091.4485815602836283 1132.9113475177305190 1185.9184397163121503 1236.9042553191488878 1286.2872340425531092 1331.4343971631205932 1371.1507092198580722 1389.6241134751774098 1397.7092198581560751 1392.3244680851064459 1393.5975177304965200 1395.0248226950354820 1397.6897163120568166 1403.4131205673759268 1421.3741134751774098 1443.4095744680851112 1461.6719858156027385 1474.7287234042553337 1483.0992907801419278 1482.1790780141843697 1461.3723404255320020 1425.0070921985816312 1384.2393617021275531 1325.9840425531915571
944.3413324913167344 927.0738869592674973 900.4881591411430009 867.8703820650457601 838.1834543732238672 815.7497631828229032 803.2821281970318523 797.4235869908430914 797.0254183770128975 805.4259551626145139 824.7339753710135710 860.6446163561730600 917.1714556362487656 997.0680454688980490 1096.9248500157877970 1179.8509630565204134 1188.7142406062519058 1129.8416482475529392 1058.2982317650773894 1006.4171139880012333 962.8637511840859133 917.9767919166403090 875.7014524786864058 838.7333438585411614
612.6823000321234076 601.8197879858656734 594.9771924188885350 592.8846771602954959 597.2104079665916743 607.0709926116286397 619.7263090266624204 630.1005460970125114 643.8673305493093721 659.2842916800514104 677.0388692579505232 699.7340186315451547 722.8801798907805960 738.4555091551558235 737.3925473819466561 706.6855123674911283 642.5811114680373066 554.0099582396402411 452.6755541278509440 353.1548345647285601 266.6864760681015127 206.3000321233536738 177.6498554449084395 174.3125602312881597
669.7764265668849930 720.4568132210788463 804.3320860617399148 928.2057998129092766 1053.0386654193951017 1171.3576551294045203 1255.1917680074836881 1235.5444340505146101 1198.1599625818521417 1237.7711256626130307 1233.6108512628625249 1100.3838478328655128 918.0230745244776926 758.4069223573433192 651.4172123479887659 595.1334580604926714 584.5756158403492009 617.6389148737137020 680.2606797630184019 766.5516058621765296 892.1259744309323878 1033.1409416900530687 1153.9978172747116787 1244.5272840661054943
45.4848398979880955 39.7891754037971097 34.8605837347690581 28.5576650609237745 24.8503825446302073 14.4020969113063195 4.3950127514876733 -6.5996032870501562 -16.7047322187588563 -25.7778407480872751 -27.9495607820912433 -23.2768489657126665 -7.5831680362708980 22.8118447152167754 63.1737035987531854 110.5046755454803105 158.7866251062623917 215.6270898271465057 272.3284216491924212 316.0337206007367286 352.4715216775290401 378.2428449985831662 386.2550297534712627 379.1898554831396950
1171.2334581772784077 1227.4456928838951626 1286.2159800249687578 1338.0374531835207108 1378.2821473158551271 1404.6004993757803732 1410.4544319600499875 1415.3508114856429074 1420.1223470661673218 1424.1697877652934494 1409.9225967540573947 1391.5468164794008317 1362.1947565543071050 1311.8764044943820863 1236.1098626716604940 1136.5393258426965986 1008.8838951310860921 877.3383270911360796 755.7453183520599396 651.3770287141073823 568.3832709113607962 519.2109862671660494 516.8726591760299698 554.7740324594257117
805.0623052959501820 802.6839044652128905 800.2264278296988778 798.1026998961577874 797.3526998961577874 796.9123052959502047 797.0671858774662724 798.4242471443405975 800.3578400830737110 802.0530633437175538 803.4589304257528966 805.0063343717549742 806.3512461059190173 807.0357736240913482 806.7093457943925614 806.1218587746625417 805.8377466251298529 806.3426791277258872 807.1619418483904838 808.1746625129802624 808.5101765316718456 808.7573208722741356 808.3033229491173870 807.6016095534787382
528.0770833333333485 531.3203125000000000 537.8388020833333485 545.9835937499999545 555.9221354166667197 565.2171875000000227 572.3755208333333258 571.6070312499999773 560.4567708333332803 538.6317708333333485 503.7976562499999886 462.0192708333333371 415.1130208333333371 368.0075520833333371 326.1023437499999886 292.1666666666666856 270.3153645833333485 257.0635416666666515 254.0507812500000000 260.1296874999999886 273.8270833333333485 291.8903645833333371 309.0807291666666856 323.5716145833333144
548.3246691550729111 547.1248727519511021 548.0028503562945161 550.1109602986088021 552.2806243637597845 553.7689175432643651 555.1638954869358713 556.5156430268069698 557.4013573125212133 558.7282660332541582 560.5317271801832248 560.7706141839158818 560.7826942653546212 561.0620291822192485 561.3423142178486387 561.1906345436036645 560.6518493383101713 560.2128266033254249 560.7630132337970963 561.5657957244656018 562.1689854088904212 562.4940617577196917 562.8606718696979669 564.8722090261283029
-130.4749401224163989 -132.3177503770070018 -133.6294686418876836 -134.9592832431473539 -137.0937638605517748 -138.1412223897808929 -138.3323871196664641 -137.6446376297347740 -135.1679233566929952 -132.7856826044531147 -131.0665306484520443 -130.3346048079481818 -129.7494012241639325 -129.5147698039563693 -128.3799343564268725 -125.3126940477246478 -123.1132795174310246 -120.9591945356160778 -117.4256187350306107 -114.1366983056861528 -112.0489665572607123 -109.4006032112126263 -108.8361571897454070 -108.8538099884680150
-169.6456624946050908 -172.0267587397496811 -171.9965472593871425 -171.3038411739318008 -172.4794993526111284 -174.9274924471299073 -185.1217091066033618 -196.7276650841605488 -209.9507984462667309 -221.3413897280966864 -239.0966767371601236 -251.5533016832110604 -259.9326715580492078 -257.4505826499784007 -247.8260681916271153 -228.8441950798446385 -186.7462235649546756 -124.2658610271903257 -44.8416055243849812 54.4989210185584838 150.9892101855847955 227.7186016400517872 287.6637893828226424 297.4475615019421753
65.9106844741235420 70.2028380634390601 82.8889816360600946 97.6869782971619429 122.6594323873121937 139.1727879799666141 154.0734557595993408 190.0058430717863018 234.4632721202003438 267.6819699499165495 283.4165275459098439 290.5567612687813153 304.1736227045075225 343.0667779632721022 420.6769616026710992 552.8914858096827629 742.4741235392320959 971.4332220367278978 1174.3739565943237722 1292.3388981636060180 1306.7587646076794954 1250.4332220367277841 1168.5091819699498501 1080.1803005008346190
-562.3175745118190889 -565.1192189105858006 -564.4957177115450122 -560.7899965741692085 -553.4152106885919693 -545.2922233641658067 -533.0380267214799233 -516.1291538198013313 -498.2932511133950015 -476.2045220966084003 -452.6293251113394831 -429.3836930455635752 -399.5166152792052117 -366.4039054470709402 -329.2922233641658067 -289.6676944158958804 -247.9667694415895767 -207.9931483384720821 -166.5625214114422761 -126.5207262761219624 -88.9513532031517684 -52.7310722850291214 -20.3895169578622806 7.7149708804385062
1198.3691860465116861 1439.5813953488373045 1635.0755813953487632 1762.7703488372092124 1782.5610465116278647 1668.9534883720930338 1375.5377906976743816 955.7616279069767415 469.7877906976744384 39.7906976744186025 -282.1976744186046631 -449.5523255813953369 -402.1250000000000000 -84.0348837209302388 481.8197674418604493 1098.0348837209303383 1586.3750000000000000 1836.6279069767442707 1855.9883720930231448 1725.6191860465116861 1519.3023255813952801 1302.8255813953487632 1075.9593023255813478 850.8430232558139323
-112.3627819548872111 -123.1434837092731840 -117.8903508771929864 -92.3101503759398554 -49.0582706766917269 20.6553884711779432 102.7456140350877263 200.5858395989974952 315.4630325814536604 427.1434837092731982 531.3164160401003073 626.8778195488721394 700.3114035087719458 747.7236842105263577 772.2255639097744506 777.0231829573934874 769.6065162907268586 760.7807017543859729 753.1309523809524080 742.4047619047619264 730.7249373433584196 724.3295739348370716 719.3245614035088238 716.6403508771929864
632.5437688658904563 633.2035360068995260 635.1565329883570712 631.5265200517463882 621.3372143165157695 608.3169469598965406 595.3514445881845631 580.4902975420440043 563.2117291936178844 535.5209141871496286 502.8654592496765758 459.2384648555411673 414.3329021129797525 367.8809831824062258 337.8447606727037282 330.8236308753773187 352.7770590771884258 417.5692108667528828 522.2190599396291191 658.9262613195343192 809.3415265200517297 939.6981457524794905 1013.0422595946528190 998.4075032341526139
1310.5411392405062543 1039.3987341772151467 681.9651898734176712 307.1297468354430293 -16.2594936708860764 -252.2025316455696213 -361.7468354430379804 -299.9620253164557084 -5.5284810126582276 499.0696202531645440 1063.3449367088608142 1524.2436708860759609 1795.7405063291139413 1859.2689873417721174 1770.3829113924050489 1571.5981012658228337 1286.2373417721519218 929.6424050632911076 546.1898734177215147 229.6677215189873493 -1.9841772151898733 -108.2816455696202524 -42.1297468354430364 147.8765822784810098
-3.3240998453722113 -4.0436492158162141 -4.3946101170753256 -4.7812237685001104 -4.9595316986967086 -4.9275016567263092 -4.6606582725867023 -4.5729180472719237 -4.9563066048155511 -5.3412414402474049 -5.4345040865915619 -5.1820189971283410 -4.9243207422133866 -4.7542301745085043 -4.2739562624254477 -3.5348354318533244 -2.7054561519770268 -1.7631102275237465 -0.9681024961343053 -0.3800751049259996 0.3297989838745306 1.1746852220013253 1.9307709299757014 3.4695383256019441
142.6069478908188444 140.1397022332506310 139.7071960297766680 139.9702233250620225 144.4818858560794013 148.4052109181141361 154.8660049627791579 153.8980148883374568 150.8776674937965367 143.0392059553349782 131.9307692307692434 116.5727047146401958 95.3069478908188614 65.6732009925558344 31.4106699751861029 -2.1741935483870969 -32.2106699751861072 -62.9104218362282879 -88.9853598014888405 -115.4178660049627752 -136.0305210918114085 -150.7615384615384642 -157.5732009925558259 -156.8471464019850998
880.6666127728375386 842.1308003233630188 810.1131770412288233 787.0620856911883720 773.2932902182700445 768.1196443007276002 773.8706548100242344 793.2984640258690661 829.8619240097009424 890.0158447857720603 975.5839935327404646 1077.8607922392886849 1163.7723524656425980 1183.6672594987874163 1118.7162489894906230 1032.2237671786581359 983.0426839126920413 960.7469684721099838 938.5046079223928928 908.1733225545674486 875.7705739692804627 850.4111560226353959 833.8308811641066995 827.1417946645109396
-730.0875613747954276 -734.1280687397708107 -732.1902618657937865 -731.7414075286416164 -730.1010638297872219 -725.0327332242226248 -717.4615384615384528 -709.5036824877250865 -692.7581833060556846 -670.7348608837970687 -649.1231587561375136 -628.5658756137479486 -604.2688216039280178 -575.4676759410801878 -545.5106382978723332 -508.8445171849427311 -473.5450081833060381 -427.6002454991816535 -397.4050736497545131 -366.9451718494271404 -331.7234042553191671 -303.3498363338788977 -272.4750409165303040 -243.8559738134206327
-718.6760330578512139 -728.0876033057851373 -740.1719008264462900 -742.2066115702479010 -749.9719008264462445 -748.7520661157025188 -742.5305785123966871 -743.2495867768594735 -740.6479338842975721 -743.1289256198347175 -727.7157024793388018 -711.6727272727272293 -678.8363636363636715 -626.6925619834710233 -550.2760330578512367 -447.9719008264463014 -313.2528925619834581 -165.4809917355372022 10.4148760330578511 201.5867768595041412 366.7041322314049694 503.0479338842974926 579.7752066115702974 647.6198347107438167
859.6761904761905271 1019.5682539682539982 1213.3841269841270787 1417.4825396825397092 1585.3777777777777374 1707.4000000000000909 1766.0507936507935938 1718.9396825396825079 1550.6317460317459336 1203.3746031746031804 774.5809523809523398 321.4380952380952294 -83.0031746031745996 -358.7396825396825193 -470.5904761904761813 -330.6253968253968196 98.0095238095238130 715.9238095238094957 1324.3746031746031804 1744.8158730158729668 1911.3714285714286234 1860.4634920634921400 1692.2317460317460700 1471.1777777777776919
607.6791143423661197 600.6852280237937975 598.3526107072042350 599.8137805684070827 604.2067085261070361 612.5804692663582500 625.1108724388632254 639.0920356906807456 649.5355254461335335 659.9694315928618380 669.3494712491738028 678.1680436219431840 687.8099801718440176 699.7770984798413565 712.8450099140779912 729.0827825512227491 747.0964970257765572 772.0256113681427905 801.3823529411764639 832.5973231989424903 857.7149702577660264 875.1582947785856277 880.4020158625247632 871.0637805684070827
951.8671393916775969 959.4418734838588989 958.3743235678298333 948.3866392983765081 929.7154319835790375 912.3552901660757470 900.4271319275984524 892.6458294457921738 882.7098339242395468 867.2890464638925323 850.3401754058593269 835.1908938234745392 821.3802948311251839 811.1024444859115192 803.8977421160664107 803.1655159544691287 809.5691360328419250 831.2121664489643535 876.9210673633140232 955.4446725135286442 1065.2593767493935957 1174.5161410710952623 1227.0626982646015222 1190.9636126142936519
285.6585735963581101 400.6828528072837798 674.5083459787556421 1080.1320182094082156 1502.1820940819422958 1769.1578148710166261 1801.6297420333839909 1639.1471927162367592 1412.4461305007587271 1197.0834597875568761 1009.7025796661608865 878.0743550834597499 812.3990895295902419 800.8816388467374736 817.0925644916540023 854.6494688922609839 895.7708649468892190 926.1244309559939438 948.1077389984825459 959.3171471927162202 961.5705614567526709 947.5326251896813119 930.6009104704097581 922.4552352048558532
665.1721068249257769 656.1418397626113119 649.5198813056380232 635.5181008902077338 620.5495548961424674 611.8747774480711996 603.2100890207715338 593.8207715133530655 582.6741839762611335 569.3584569732937553 555.0017804154302894 551.1412462908011776 562.0083086053411989 588.7364985163204665 639.5483679525221987 726.6747774480712678 846.9810089020771784 990.8136498516320216 1138.8919881305637318 1260.6522255192878674 1322.3946587537091091 1320.4943620178041783 1266.4700296735904885 1167.6694362017803996
122.1580414012738913 102.7217356687898047 111.9359076433121061 149.9315286624203907 221.2910031847133894 312.3049363057324967 412.4462579617834308 509.2492038216560672 575.6524681528662768 615.2507961783439896 622.2213375796178525 606.9044585987261371 580.9363057324841293 549.3132961783439896 514.5915605095541423 486.1974522292993584 466.7607484076432911 455.0573248407643518 446.6958598726114928 447.3638535031847141 446.5971337579617852 448.6835191082802794 449.8073248407643518 450.1150477707006416
1228.7869168712732062 1252.1287267625393724 1192.2183444405470709 1097.1680112241319875 1012.9643984566819199 950.6981760785689630 904.7086987022097446 871.8497018589968093 853.2474570326201047 845.0917222027359230 846.0271834444055230 853.0492809540512553 863.6774815854086000 875.6548579445808400 890.5052613118203908 904.8014731673097231 917.8977551736232954 929.6353910908453599 939.9928095405120985 949.0403367239565569 953.7341283760084707 950.6632760434935108 940.8058575938267722 929.0298141003156616
296.8684210526315610 -365.6052631578947398 -583.3421052631579187 -235.8947368421052602 540.2105263157894797 1537.4473684210527153 2443.7894736842104066 2909.1052631578945693 2909.5000000000000000 2658.2105263157895934 2284.3947368421054307 2079.4736842105262440 2035.7368421052631220 2228.7368421052633494 2463.2631578947366506 2648.9210526315787320 2710.7368421052633494 2510.4473684210524880 1993.8947368421052033 1256.1315789473683253 391.9736842105263008 -266.5000000000000000 -506.2105263157894797 -188.5789473684210407
787.2816666666666379 805.0641666666666652 820.2483333333333348 820.4466666666667152 805.1275000000000546 768.7408333333332848 710.2341666666666242 628.4708333333333030 533.4966666666666697 435.3725000000000023 346.3608333333333462 267.8274999999999864 196.0575000000000045 127.4825000000000017 53.0900000000000034 -30.0491666666666681 -116.4258333333333297 -201.6750000000000114 -275.9333333333333371 -338.6133333333333439 -378.3916666666666515 -390.3033333333333417 -385.5983333333333576 -372.7799999999999727
89.2360859955796712 88.8294153104279616 90.4263612618043027 93.5136628491058843 96.4434398231866652 99.6988145469158127 102.8894916616435609 107.8386578259996043 111.9791038778380567 117.7772754671488826 123.8200723327305610 128.9720715290335420 134.2131806309021442 137.5033152501507061 138.1787221217601029 137.4715692184046532 135.2893309222423284 132.2618042997789871 127.6217600964436372 123.8692987743620648 119.8338356439622316 116.7408077154912576 114.0295358649788966 115.7102672292545691
852.5318441064638364 868.6577946768061338 881.1197718631178759 888.3883079847909130 888.6801330798479057 879.8212927756653698 856.9657794676805906 820.2466730038022433 765.9315589353611813 695.9538973384030669 609.6088403041825359 521.1948669201520943 438.9016159695817691 366.0256653992395286 309.9610266159695584 267.0156844106463723 227.9058935361216811 191.1402091254752804 157.0289923954372568 113.8336501901140707 74.9249049429657816 35.2504752851711061 13.7557034220532319 5.7713878326996202
244.4246575342465633 252.5622961513372502 268.6125244618395413 288.1258969341160991 305.1157860404435951 317.9693411611219744 317.5459882583170383 286.3705153294194474 227.4830397912589603 151.0557729941291711 67.4517286366601496 -4.8444227005870841 -55.9315068493150704 -78.2002609262883226 -71.4572733202870154 -51.9719504240052217 -24.5988258317025448 7.9272667971298105 39.7723418134377056 72.0903457273320356 103.1911285061970034 134.9432485322896298 159.8727984344422737 176.8215916503587835
1092.5090137857901027 1173.7815482502651321 1221.2195121951219789 1202.4708377518556972 1116.5683987274655919 963.6171792152704256 774.1569459172852703 573.2502651113467209 388.0827147401908519 246.4411452810180378 163.9247083775185558 136.4570519618239643 152.2905620360551495 210.9321314952279920 290.1569459172852703 373.3828207847295744 448.0540827147402183 501.9384941675503455 538.5005302226935555 549.2120890774125428 559.6553552492047174 540.6553552492047174 510.7338282078472957 485.2566277836691597
1254.4129783693842910 1159.3986688851914550 979.2399334442595773 801.8505823627288009 668.9757071547420537 590.6555740432612538 564.9680532445923973 581.3048252911813734 636.5577371048252644 718.0549084858569131 836.8948419301165131 984.6349417637271699 1112.2212978369384473 1237.8083194675541563 1301.8482529118136881 1235.3241264559069350 1198.6292845257903537 1227.3607321131446497 1178.3900166389350943 1025.3793677204657797 855.0359400998336241 717.4678868552413178 631.8159733777038127 599.4961730449251718
441.5993945509586069 449.5050454086780860 447.9530776992936580 436.5827447023208947 416.7250252270433748 382.5489404641775764 331.0736629667002831 269.2517658930373159 205.9026236125126275 143.8203834510595414 88.4914228052472254 47.4202825428859711 29.1392532795156392 38.1881937436932404 72.4323915237134202 126.2946518668012175 203.5171543895055493 295.6604439959636466 399.5771947527749717 493.7184661957618346 569.1160443995963760 616.2628657921292188 637.6014127144298982 621.2381432896064553
912.3925978395608354 1004.0656986010270657 1113.2404816716841651 1210.1393660350629489 1249.0093855144325516 1209.9957499557287974 1131.6913405347972912 1070.1414910571984365 1031.4823800247918371 989.6148397379139396 935.3961395431202845 883.0510005312555677 843.4051708871967321 818.3371701788560131 807.9865415264741841 809.2162210023020634 818.9837081636267158 835.6729236762882920 859.7373826810695618 888.8268106959448005 920.2785549849477320 954.9521870019478911 987.6853196387462503 1012.8068000708340151
93.5986522911051253 78.5560646900269575 67.9099730458220989 65.4029649595687346 64.3638814016172489 75.4881401617250702 88.7094339622641570 112.3873315363881460 143.9059299191374635 184.0288409703504158 228.7452830188679229 272.7727762803234555 309.2595687331536283 342.0088948787062009 370.3660377358490337 390.9808625336927435 406.8105121293800721 419.7086253369272413 430.9353099730458325 438.2808625336926980 445.6927223719676476 453.2601078167115816 462.1752021563342510 471.2706199460916423
911.7169590643275114 784.4309941520467646 691.3523391812865384 639.2368421052631220 625.3222222222221944 643.1195906432748188 686.1017543859649095 749.4701754385964705 842.2769005847952712 966.7789473684210861 1086.0397660818714485 1209.0412280701755208 1295.8646198830408593 1265.6736842105262895 1231.1885964912280542 1262.6479532163741624 1235.0666666666666060 1105.8137426900584614 939.6663742690058143 791.4418128654971269 687.4467836257309727 629.9856725146198642 617.4383040935672398 642.8608187134502714
160.8864503816793956 137.5820610687023020 124.0448473282442734 132.8721374045801440 162.5047709923664172 210.7509541984732948 276.6603053435114248 346.1479007633587912 404.8043893129770936 437.6250000000000000 373.5477099236641152 236.9570610687023020 81.1688931297709928 -95.8311068702290072 -247.2967557251908488 -322.8711832061068776 -362.0858778625953960 -380.0095419847328344 -405.9618320610687192 -426.4742366412213528 -440.7127862595419856 -444.7375954198473096 -452.0085877862595680 -439.5314885496183024
622.6173441734417793 632.0311653116531261 667.5422764227641892 727.0051490514905481 818.8962059620596392 948.3100271002709860 1078.9035230352303643 1201.9078590785907181 1290.8349593495934187 1268.0764227642275728 1208.8731707317072051 1228.1693766937669352 1215.6010840108401680 1088.9273712737126516 916.2330623306232837 765.0910569105691366 662.3119241192412119 610.2289972899728809 601.9777777777777601 631.1588075880758879 683.0195121951219335 750.4937669376694203 847.3474254742546918 958.5501355013550437
830.5042517006802427 851.8792517006802427 872.4515306122449374 896.2193877551020478 928.4124149659863861 962.3086734693877133 998.7117346938775881 1042.1683673469387941 1089.3690476190477057 1127.2797619047619264 1137.7950680272108457 1106.2942176870749336 1026.9030612244898748 895.7202380952380736 723.6454081632653015 528.2585034013605991 348.6513605442177095 200.1386054421768677 97.7831632653061291 38.6258503401360542 22.2287414965986407 42.7729591836734713 99.5170068027210846 168.6862244897959044
-27.4641235240690271 -32.2279745685740266 -26.6939146230699365 -12.5122615803814714 3.5876475930971843 36.3469573115349647 75.2724795640326931 96.2561307901907384 114.7039055404178072 132.2016348773842083 168.4741144414169014 220.1080835603996491 261.6539509536784749 285.2552225249772846 283.5277020890100061 278.5286103542234173 287.6357856494096268 335.2179836512261772 446.9754768392370465 635.6194368755676578 879.6494096276112487 1114.9473206176203348 1261.3306085376930241 1284.5386012715712241
27.8884462151394423 -227.0000000000000000 -374.2589641434262830 -391.5737051792828538 -230.1992031872509870 99.5458167330677242 547.8406374501992104 1026.9282868525897356 1391.5019920318725326 1593.3824701195219404 1659.4701195219122383 1644.6055776892430913 1557.8326693227090800 1389.5577689243027635 1115.4860557768924991 757.9442231075697691 391.5099601593625493 78.1673306772908347 -156.2788844621513817 -291.9840637450199097 -306.6334661354581499 -172.1155378486055838 120.6294820717131415 497.7649402390438240
542.4892703862660710 543.7927651747394293 549.5769466584916927 556.1238503985284751 562.5432250153280620 566.4451256897608573 571.3488657265481834 578.3402820355610174 585.2145922746781252 584.5144083384426494 580.4592274678111607 567.8865726548129942 538.9147762109136011 487.3151440833844390 419.4230533415082505 329.5787860208461097 235.9258123850398476 141.5726548129981666 51.5916615573267947 -21.9092581238503996 -80.2936848559166094 -132.4604537093807437 -156.5119558553034835 -147.4524831391784119
-468.4385348720521733 -466.6934269944806601 -460.2423482187656987 -455.9111891620672168 -450.8409433015554555 -442.4736578023080824 -430.0687405920722313 -411.7089814350225652 -381.8595082789764206 -346.7927747114902104 -299.5945810336176578 -244.7109884596086431 -177.1189162067235259 -102.1550426492724597 -14.8690416457601611 71.2594079277471195 145.8304064224786885 207.1560461615654845 250.6001003512293153 275.6136477671851708 292.9267436026091218 307.6864024084295011 329.0110386352232581 351.5725037631710848
-223.3517298187808819 -234.9923119165293883 -240.7377814387699004 -236.3149368478857753 -224.0131795716639260 -202.6331685886875391 -174.0159253157605690 -136.5076880834706117 -90.3220757825370697 -37.6834157056562304 13.2408017572762216 60.6186161449752916 97.9456342668863300 123.3684788577704552 138.2932454695222475 147.6823174080175818 151.3001098297638691 148.7372322899505832 143.3119165293794595 134.2119714442613940 124.4058209774848933 115.9288852278967568 110.7443712246018634 115.2149917627677098
801.9316207026822667 922.3037400831129844 1053.4185870797127791 1176.0392897619947234 1272.5768794862108280 1273.7147714393652222 1234.7249716660369359 1262.1322251605590736 1254.9115980355118154 1121.3766528145069969 935.7344163203626977 770.5073668303740533 655.0343785417453546 591.7087268605969257 574.9845107669059416 602.9996222138270241 665.4242538723083271 751.2436720816018578 876.5772572723838039 1030.5149225538345945 1173.1258027956175738 1290.3169625991688463 1326.4926331696260604 1258.0264450321117238
-80.4062500000000000 -69.6076388888888857 55.9548611111111143 317.8437500000000000 699.6006944444444571 1107.7986111111110858 1459.2777777777778283 1678.7777777777778283 1779.7604166666667425 1770.8854166666667425 1602.7256944444443434 1260.4618055555556566 820.5833333333333712 372.3750000000000000 -7.4513888888888893 -284.5243055555555429 -438.4861111111110858 -411.8055555555555429 -131.3750000000000000 345.1250000000000000 888.7118055555555429 1361.1111111111110858 1612.2187500000000000 1640.9652777777778283
-259.9216417910447490 -276.6018123667377608 -252.5655650319829419 -185.4493603411513902 -78.5730277185501080 46.4371002132196153 171.2446695095948712 277.1551172707889350 349.6401918976545744 372.8416844349680446 358.8800639658848581 328.0000000000000000 287.8912579957356002 244.9371002132196224 215.0751599147121453 192.7148187633262353 173.8837953091684483 160.7702558635394325 153.1871002132196224 147.2531982942430773 143.9573560767590550 136.2174840085287713 133.7990405117270711 139.3875266524520384
342.6765165857271995 341.5518149641945911 341.4737838505226932 342.0604164951847679 342.5521442093999553 342.1946662276730535 340.5093423327022606 339.1275825170795883 338.2843032348341694 338.2282492386204353 339.4765001234669626 340.9454276072104904 342.1182813400279770 343.6047411309572794 344.9158778500288349 345.1477487859082771 345.1173759157132395 343.3587126512470036 341.1383652975553673 339.6184048069799815 339.3958350481520938 338.5968392460284804 337.9765412791176118 337.9553049633714750
-439.2416666666666742 -453.1374999999999886 -446.4410714285714334 -418.9038690476190254 -378.4943452380952635 -333.5955357142856883 -295.1410714285714221 -265.4389880952380736 -242.6077380952380906 -223.8261904761904759 -203.6607142857142776 -176.4464285714285836 -151.2907738095238130 -137.3354166666666742 -128.5583333333333371 -125.5928571428571416 -127.0514880952380992 -126.8607142857142804 -128.4931547619047478 -129.1523809523809518 -126.4610119047619037 -120.3145833333333314 -114.6943452380952380 -110.7752976190476204
1015.0304828702454643 1036.3331534933909097 1053.5664958187212505 1066.7437280820070100 1077.1823577016455147 1084.2908011869435541 1090.7466954410574544 1098.2141893714594971 1103.3496088481251718 1108.8710547612624850 1115.5721607769085040 1120.6414890747234949 1123.2727272727272521 1124.4747774480711087 1123.8705152414352142 1121.5664958187212505 1118.1100620447800793 1112.2336120852442036 1100.9171837065011914 1086.5732398165632731 1067.1685999460480616 1046.1758834637173550 1021.0137577555975668 996.8071216617211121
-23.5226277372262764 -24.9007299270072977 -12.9197080291970803 9.8890510948905117 32.9299270072992698 73.2204379562043783 135.4583941605839357 233.3240875912408683 386.1562043795620411 607.8861313868612797 908.0729927007299693 1233.4525547445255143 1501.8291970802920332 1634.1678832116788271 1608.8467153284670985 1483.6204379562043414 1329.6175182481752017 1195.4627737226278441 1084.4423357664234118 1005.8102189781021707 950.2481751824817593 914.3313868613138311 895.4189781021897261 881.8729927007299239
-496.0607375271149522 -482.1626898047722420 -462.6420824295011016 -433.3709327548806982 -395.6702819956615826 -339.2104121475054512 -263.3687635574837032 -177.6594360086767779 -106.5292841648590070 -10.0694143167028205 93.8655097613882816 237.7505422993492346 413.8091106290672201 645.7939262472884820 936.0932754880693665 1208.8763557483730438 1417.7722342733188725 1518.1908893709328368 1490.3947939262473028 1389.5466377440347969 1266.4924078091105457 1147.6399132321041634 1045.1822125813448565 967.7939262472884820
220.3129107269234623 219.2933980386209782 218.7130724901425651 219.6781922960266797 219.9200283085633316 220.4989384288747374 220.8666464462642693 220.6293600242644857 221.4286725305833556 223.3163481953290841 225.5985239106258291 227.7792943079567181 230.1260742088767586 233.1566070164796258 235.6325952886462574 238.2725710241633692 241.6642402183803426 246.3686179354969283 251.7131735921544760 256.4868061874431078 260.8847437063997745 263.1990698614902158 264.8730158730158450 264.7022545748660605
898.2632252559726567 917.3400170648463927 922.0900170648463927 914.6542235494880515 893.0659129692833176 858.4675767918088241 815.6040955631399356 766.5812713310580193 715.8724402730375687 668.6627559726962318 631.2271757679180837 601.4087030716723348 581.2288822525597425 572.9005972696245408 571.6889931740614657 573.2258959044368112 578.2939419795221738 588.3255119453924635 600.9850682593856845 618.8090870307166824 640.6708617747440258 665.0403156996586631 691.1365187713311116 711.7081911262798712
737.4718156337589789 793.6178760510744041 857.2628464652756293 911.8168794767984764 943.0183743382124248 945.9059483027094757 942.9915914045468526 955.3369666770475988 949.0376829648084822 871.1251946434132378 741.5624416069759945 617.5213329180940036 531.4982871379633025 492.2095920274057903 494.1485518530053014 527.6568047337277676 585.7228277795079521 668.0638430395515570 773.2581750233572393 877.8106508875739564 955.9682341949547890 991.4802242292121264 986.3456867019619949 971.9187169106197643
293.0489626556016560 274.5609958506224189 256.4780082987551850 241.5717842323651325 235.8190871369294541 228.0066390041493776 227.1618257261410747 219.0547717842323721 199.6979253112033064 182.2655601659751028 177.5004149377593308 189.8149377593360896 225.2506224066389962 297.8132780082987665 406.0174273858921197 524.3410788381743259 619.8165975103734127 642.5510373443983099 538.6307053941908407 310.3659751037344563 58.9145228215767602 -112.7958506224066326 -179.0979253112033120 -173.7493775933610038
823.4933719966860508 820.3094449047224543 785.3285004142502430 727.7029826014912715 655.1292460646229756 566.4258492129246179 472.9121789560894626 391.0347970173984891 322.0724937862468664 263.9676884838442561 221.9432477216238624 192.9863297431648732 167.8243579121789537 148.9005799502899663 134.5347970173985175 124.7717481358740628 118.4163214581607235 119.2618061309030679 118.9150787075393509 130.4565037282518745 138.6743993371996737 147.6536868268434262 150.1545153272576556 155.5111847555923816
528.3834978070175339 493.5060307017544119 478.9720394736842195 487.4098135964912331 518.8963815789473983 575.7615131578946830 666.5071271929824661 777.3928179824561084 878.3936403508771491 943.6165021929824661 957.4163925438596152 929.4128289473684390 893.5901864035088238 866.2025767543859729 812.2258771929824661 724.6422697368420813 639.9358552631579187 578.5825109649123306 547.0570175438596152 541.0679824561403848 554.9372258771929864 582.2247807017544119 614.0715460526315610 654.7390350877193441
767.8651128192412898 695.2725018596578366 625.5683114306967809 579.5683114306967809 556.5747582444830641 554.0795933548226913 568.8554425985618082 596.9920654599553700 643.7093974708653832 712.4051574510290266 792.8093230845524886 867.2370443838333358 925.8068435407884635 947.7369204066451402 950.2179518968509910 961.7607240267790303 950.3084552442350059 878.7532853954871825 772.7996528638730069 670.0119018100670019 593.2360525663277713 545.1562112571286889 532.7966774113563133 548.1430696751797313
1106.1310700472711233 1159.3867640739149465 1193.9222174473570703 1208.3278899871079375 1206.8736570691878569 1187.1392350666094444 1163.4159862483884353 1137.3708637730983355 1098.5969058874086386 1049.2015470562955670 989.1048560378169441 918.9471422432316103 846.6501933820369459 777.2784701332187751 712.3669961323593043 657.4645466265577625 617.6308551783412213 589.5191233347658226 573.0025784271593920 570.8104856037816717 582.2213149978513229 603.5483455092393115 633.5560807907177150 670.5191233347658226
811.0645321419707443 825.9848597666914429 842.4393149664929297 855.2387689252916516 861.2836932241250452 861.6979399354678435 858.3688260114172408 850.9868453710598715 839.1945892280963335 820.4132539091585841 791.6609580541077094 750.6820551005212110 698.9153636137999683 640.5261851576073013 579.2571357656986493 525.3181931000248142 480.1533879374534877 442.6453214197071020 416.1697691734921705 398.6306775874907089 382.8639861007694094 375.6545048399106577 372.2084884586745943 379.5048399106478314
659.5139389442442734 658.8953254186983486 658.8363896544414047 658.8063387746449280 658.4426012295950841 658.1066885732457195 657.6238605045580243 656.6928132287471271 656.4857960568157296 655.7281640873436572 654.6421454314182711 654.2087131651472873 653.8252066991732363 652.8727475090099688 651.3686135255459249 650.9093703625185299 650.8174157303370748 650.0619567521730460 649.1638223447106384 647.2734789060843923 645.4171613313546914 643.8142357430569973 643.8870574517701471 645.6678503285986608
386.2002427184465887 373.5776699029126462 367.1727346278316872 363.3652912621359405 375.7091423948219813 407.1003236245954895 463.1213592233009990 555.7127831715209823 685.9716828478964317 834.8454692556633745 970.9805825242718811 1062.8863268608413364 1096.0044498381876110 1090.9882686084142733 1066.6654530744335716 1033.5194174757282326 999.6670711974110191 966.7281553398058804 944.0182038834951754 930.2548543689320013 920.7479773462782759 913.3806634304206682 906.5169902912621183 899.7864077669902372
-634.7280898876404081 -638.6719101123595692 -635.3662921348314967 -625.2044943820225171 -604.9078651685392742 -585.0022471910112927 -562.1168539325842630 -532.4089887640449206 -487.8516853932584354 -437.2022471910112245 -367.6696629213483334 -287.6539325842696826 -186.2382022471909977 -76.2269662921348328 45.3280898876404521 187.4898876404494388 339.3955056179775056 532.1033707865168481 780.7932584269663039 1042.8449438202246711 1249.6224719101123810 1389.6921348314606348 1438.7662921348314740 1382.5730337078650791
451.1639237563923643 449.5381682938168524 448.2627615062761492 447.2159925615992506 445.4298465829846805 443.2061366806136675 440.3292422129242141 437.6690841469084035 436.9376104137610355 436.7169688516968904 438.1156671315667381 440.2211064621106402 442.1579730357972835 445.3059972105997417 447.8801487680148625 450.6698279869827957 453.3151092515109326 455.4578335657833463 457.0469549046954967 457.7020920502092167 458.3403998140399835 457.8124593212459104 458.1422594142259186 460.0416550441655090
932.2896854425749780 967.4702267739576200 1001.7961960497439122 1022.6697878566203599 1018.0494513533284362 992.9833211411851153 953.4970007315289422 904.2168251645939563 859.0577907827358786 825.6538405267008329 801.7749817117776274 784.8376005852230719 774.9606437454280012 768.6207754206291156 766.8217995610826847 768.1293343087052108 770.5594732991953606 774.4678858814922933 776.4891002194586918 778.3354791514265116 786.6773957571324445 798.4942209217264235 815.0070226773957529 830.7501097293343264
-483.8524836929252615 -492.3452082288008000 -519.2298043151029106 -550.9302558956346729 -594.3492222779728991 -640.0160561966883961 -679.5148018063221116 -713.6874059207225400 -742.9267436026091218 -765.9698946312092858 -786.7531359759157112 -807.7937782237831925 -828.1535373808328586 -846.2594079277471337 -863.1670847967887994 -876.7064726542899962 -888.1575514300050145 -897.8218765679879425 -904.7350727546412372 -909.6191670847967998 -911.2528850978424089 -909.1916708479678846 -905.2860010035122968 -897.1123933768188863
220.4175857843137294 208.2794117647058840 183.3612132352941160 148.5061274509803866 113.2086397058823479 65.0395220588235361 19.3651960784313708 -26.2680759803921582 -72.4512867647058840 -121.0940563725490193 -163.3792892156862706 -196.4644607843137294 -219.7938112745098067 -236.3134191176470722 -247.4509803921568505 -256.5591299019607732 -264.7794117647058556 -273.7055759803921546 -274.2380514705882320 -274.0756740196078454 -268.5165441176470722 -261.4923406862745310 -252.7879901960784252 -246.5070465686274588
-832.7782150564935364 -835.6667513012567952 -837.2687571410435794 -838.7132156912530263 -839.1553891075282081 -839.5622698997079851 -839.8030976259997260 -838.9089754982861677 -837.1187000126951716 -836.1767170242478642 -835.7297194363336530 -835.9369049130380063 -834.7756760187888858 -834.8830773136980952 -834.7328932334645515 -834.7879903516567310 -835.4631204773390891 -836.1094325250729753 -837.1760822648216163 -837.4599466802081906 -837.6931572933857524 -836.8650501459947009 -835.0285641741779727 -832.0613177605687270
920.9690721649484431 879.8917525773196076 748.2611683848797384 551.5670103092783165 339.5670103092783734 164.0438144329896772 57.8144329896907223 33.3350515463917532 89.0876288659793829 194.1314432989690602 320.3075601374570169 447.0412371134020759 532.5103092783505190 560.1185567010309114 556.0472508591064980 533.9089347079037680 499.8221649484536329 468.3522336769759704 448.9441580756013650 437.5395189003436371 430.2379725085910422 435.1984536082474051 434.7680412371133798 432.5996563573883122
-733.4407514450866756 -735.5427504816955206 -737.0550337186897423 -737.4371387283237027 -736.5320327552987010 -735.0103564547206361 -733.4861512524084901 -731.1920761078997657 -729.6925578034681621 -727.6622109826589622 -725.8569364161850217 -724.2885356454720522 -723.1492052023121460 -722.2585500963391496 -721.6671483622350252 -721.5614161849711081 -721.1881021194604955 -721.5617774566474054 -722.2866088631984667 -722.8188824662813659 -722.3399566473988216 -721.5963391136801874 -719.8127408477841982 -717.4191955684008235
-616.6341256366723655 -619.9862054329371404 -623.3409380305603236 -624.8610993208828859 -627.7007640067911325 -628.5752334465195190 -628.4683786078098819 -629.2216680814940446 -629.7837436332766856 -630.6574702886248360 -631.4712436332766856 -632.2103140916808570 -632.8030560271646436 -634.1875000000000000 -635.5106112054329515 -636.9133064516129252 -638.7295203735144469 -639.4247665534804810 -639.8097410865874508 -639.4963921901528465 -638.8435908319185046 -638.1881366723259816 -635.8709677419354875 -633.2900042444821338
1036.7929924919556015 1064.3035395066142428 1031.0879513764748481 929.8977475867000067 798.5094744368966531 680.7068287450840671 596.5566678584197007 557.3603861279942748 550.8487665355738727 577.5795495173399559 623.3271362173757097 691.1036825169825306 768.1773328566321197 833.0875938505541853 871.4951734000715078 867.6607079013228940 840.5370039327851828 817.2052198784411985 805.8927422238111831 777.5262781551662101 709.8040757954951232 626.2770825884877013 561.5738291026099205 534.7300679299248714
-96.8319587628866003 -95.4305841924398663 -91.3914089347078971 -87.2659793814433016 -83.7054982817869444 -78.2415807560137466 -73.6027491408934651 -63.7718213058419252 -58.5742268041237111 -53.9845360824742286 -56.4869415807560102 -63.0883161512027471 -72.2405498281787004 -84.8879725085910621 -103.0683848797250874 -130.2594501718212996 -159.9484536082474335 -203.3769759450171932 -254.3676975945017205 -303.9147766323023916 -347.3051546391752709 -377.7264604810996502 -389.7068728522336869 -373.2484536082474165
775.9574783683559644 756.7480840543881868 733.6378244746600785 693.9841779975278087 641.2593325092707346 593.8679851668726997 565.5421508034610270 556.1626699629172208 563.5824474660074657 587.9332509270705032 630.0341161928306519 690.0383189122372869 771.5245982694684699 861.9048207663782932 944.6195302843016179 1008.7683559950555718 1045.3510506798515962 1055.5668726823239467 1043.4123609394314371 1008.2514215080345821 946.0449938195303048 874.9236093943139849 817.0185414091471330 778.1557478368356442
-316.2464571780653273 -323.4719654959950503 -325.1675908810844362 -320.5532963647566476 -298.0918052988293425 -272.5224892174984461 -232.9605668515095545 -178.7406038200862497 -123.0985828712261281 -51.4411583487369057 36.0086260012322867 120.7664818237831241 214.6173752310536145 294.1201478743068378 357.9698089956870035 417.2803450400492693 460.0492914356130427 488.8983364140480603 506.0696241528034420 526.1860751694392775 548.6500308071472318 574.4830560690080574 608.0271102895871991 636.4189772027110621
434.9503977538605568 429.1689284043051202 379.4716892840430660 291.6471689284043123 172.0500701918577420 55.6158165652784291 -46.2639213851193247 -111.5858680393074422 -135.2700046794571733 -122.3883949461862386 -82.9316799251286909 -41.2807674309780097 -6.7529246607393540 23.6953673373888627 45.2021525503041630 62.1974730931211965 77.1974730931212036 88.3116518483855941 95.7627515208235849 105.3051006083294396 109.9733270940570833 102.3776321946654235 91.4117922321010781 81.7477772578380950
