-3.8631265392155258 -2.2821508335654102 -1.5318245608287056 -1.2567916605234561 -1.4536610804405639 -2.2680514828345046 -2.8418792217507876 -3.5143505397834311 -4.1167128090034897 -4.1653861485619430 -4.0321467380917273 -3.4496065614949023 -2.4616144903319519 -1.7562647095763095 -1.4904985010566323 -1.5137362187310583 -1.4771390659043624 -1.4557579629659967 -1.4531177475986872 -1.1116753763740315 -1.0204173014650875 -1.0415608669298690 -0.9491505987582524 -0.1911302961300504
82.5767790262172241 117.1622971285892589 165.8414481897627866 234.3245942571785179 276.2297128589263480 186.3682896379525573 -358.7203495630461703 -1682.2958801498127741 -3395.7240948813982868 -4599.1136079900124969 -4776.9650436953807002 -4147.0199750312112883 -3233.0299625468164777 -2432.1872659176028719 -2017.4431960049937516 -2048.0411985018727137 -2371.8651685393256230 -2809.1485642946317967 -3182.9350811485642225 -3356.6104868913857899 -3202.7141073657926427 -2633.3795255930085659 -1773.7503121098627616 -871.4769038701623458
-24.8627450980392162 -22.2980392156862735 30.2909803921568610 99.1788235294117584 102.9733333333333292 107.3568627450980415 155.8235294117646959 185.2117647058823593 399.8603921568627584 840.5427450980391768 1729.5960784313724616 3370.6462745098037885 4531.6133333333336850 4756.1999999999998181 3650.9239215686275202 844.0258823529411529 -1144.1796078431373189 -2000.7835294117646754 -2949.8235294117648664 -3380.0086274509803843 -3377.3011764705884161 -3233.8470588235295509 -3085.5866666666665878 -3120.2682352941178578
60.6285919540229870 53.1293103448275872 37.0858477011494259 7.4080459770114944 -16.9371408045976999 -13.0344827586206904 15.2683189655172420 28.1300287356321839 31.6260775862068968 33.4022988505747094 31.8415948275862064 47.2467672413793096 64.3663793103448256 64.5592672413793167 37.4827586206896584 -56.4845545977011483 -210.6713362068965409 -452.8074712643677913 -785.8897270114943012 -1248.6056034482758150 -1888.4098419540230225 -2363.0682471264367450 -2347.1311063218390700 -1835.5714798850574425
-1921.9141746916709508 -1185.8464267612771437 -364.6609224531170526 13.9804020949484702 112.7945598918736323 37.5134313228585938 -10.9567494509207641 -7.5365771245142756 -0.0655516134482176 12.1996958945767862 11.5776313566480820 6.6528129751647240 1.7119445852339923 1.0398715999324211 7.3069775299881741 -1.3297854367291773 -25.3150870079405301 -38.4063186349045438 -29.8553809765163045 -6.4189896942051021 15.7379624936644706 31.2794390944416278 39.8386551782395699 58.1062679506673447
96.4472049689441064 341.1818711180123955 645.4128493788820151 1047.5166925465839540 1314.9551630434782510 1235.4419642857142208 861.1446040372670723 377.7496118012422244 62.3272515527950333 8.8474378881987583 24.2736801242236027 12.2358307453416142 10.0285326086956523 -8.3447204968944106 -41.8784937888198741 -47.0545419254658412 -31.8994565217391290 -19.1440217391304337 -6.3266692546583849 -0.3053183229813665 -4.4386645962732922 -5.2668866459627326 -1.0077639751552796 15.9879658385093162
3102.8211169284468269 3248.7556719022686593 2201.4066317626525233 161.2312390924956276 -1503.3917975567189842 -2275.1788830715531731 -2683.4380453752182802 -2880.8219895287957115 -2975.7015706806282651 -3088.1605584642234135 -3236.4895287958115659 -3486.1273996509598874 -3658.9860383944155728 -3554.2251308900522417 -2962.5951134380452459 -1863.3184991273997184 -744.8342059336823695 64.0924956369982510 471.3045375218150070 535.0078534031413255 487.2076788830715373 390.6064572425829056 273.7137870855148094 179.6186736474694499
31.0078431372549019 39.7086834733893568 29.3731092436974777 -1.9154061624649861 -53.6224089635854355 -85.3182072829131641 -59.8453781512605048 -4.0184873949579831 40.7882352941176478 82.1607843137254861 111.5008403361344591 110.4330532212885174 102.3529411764705941 124.0464985994397722 140.5350140056022497 114.1568627450980387 131.0605042016806863 156.2868347338935564 496.8296918767507009 1244.5669467787115536 2098.1507002801122326 2256.5210084033615203 175.2845938375350272 -2065.3215686274511427
2820.9444027047334203 3875.6070623591285766 4496.7453042824945442 4245.3065364387675800 2835.6656649135989028 956.1863260706236360 -134.3042824943651397 -372.8256949661908379 -329.7498121712997659 -233.9549211119459073 -144.1232156273478608 -85.6476333583771634 -66.5604808414725824 -72.1435011269721969 -77.8317054845980465 -63.5589782118707731 -43.4500375657400468 -23.9571750563486106 -10.9586776859504127 -22.9128474830954154 -25.8226897069872265 0.3027798647633358 21.6589030803906830 27.9669421487603316
-298.7128953771289730 -1538.0145985401459257 -3201.8017031630170095 -4424.7554744525550632 -4767.4075425790751979 -4294.8126520681262264 -3387.9476885644767208 -2540.2360097323598893 -2076.4720194647202334 -2072.9817518248173656 -2394.1435523114355419 -2841.5474452554744857 -3234.3296836982967761 -3430.0742092457421677 -3310.6618004866181764 -2759.6399026763988331 -1874.7639902676398833 -925.6958637469585938 -133.6326034063260408 325.1763990267639883 481.0705596107055726 494.8527980535279767 439.7104622871046331 356.0559610705595901
-44.8791348600508897 -65.3490245971161983 -14.4296013570822730 34.4588634435962646 36.5657336726039048 39.5852417302798969 32.1976251060220520 18.6938083121289225 5.3681085665818493 -16.6454622561492798 -41.0640373197625124 -49.8604749787955868 -53.2298558100084804 -136.5720949957591301 -395.3944020356233864 -1008.4512298558099701 -1988.5737913486004800 -2660.9105173876164372 -2450.1810856658185003 -1470.6785411365563050 -212.0152671755725180 548.1246819338422256 610.6391009329940971 446.3159457167090522
112.3906064209274689 136.9934601664684806 182.9310344827586334 324.3020214030915440 629.8579072532699001 1246.9643281807373114 2325.2818073721759902 3404.0683709869203994 3933.5332936979784790 3250.9780023781213458 1299.9114149821641604 -345.5713436385255477 -1334.1759809750296881 -2299.1147443519621447 -2959.6741973840667015 -3267.3781212841854540 -3421.4684898929845076 -3658.0118906064208204 -3873.1450653983351913 -3932.1492271105826148 -2496.8055885850176310 612.3608799048751052 1826.3032104637336488 1181.2467300832342971
1064.1344410876133679 1698.5460725075529353 2428.9146525679757360 2848.8512084592143765 2664.9614803625377135 1528.8965256797582697 -267.9796072507552935 -1599.2439577039274354 -2244.3141993957701743 -2575.6140483383687751 -2690.7265861027190113 -2750.8406344410877864 -2836.5241691842898035 -2984.2726586102717192 -3214.6117824773414213 -3377.8270392749245730 -3277.9667673716012359 -2719.7651057401812977 -1752.4267371601208652 -754.0196374622356643 -20.1261329305135952 340.8738670694863799 420.4441087613292893 398.1555891238670597
-1345.9351803450078933 -1524.6393099843178334 -1775.2963930998432716 -1978.4960794563512536 -1938.8755880815472210 -1321.0533193936225871 138.0386826973340249 1467.3763721902771522 1747.5331939362258709 1503.1719811813904926 1161.4835337166753106 817.4641923680084119 575.4161003659173730 368.2383690538421206 197.2268687924725441 82.2477783585990636 90.3737584945112360 171.8902247778358685 162.3941453214845865 2.4406691061160481 -165.0914793518034571 -114.8447464715107174 37.5964453737584918 85.8395190799790839
2810.8088235294117112 3728.5692401960782263 3943.1311274509803297 2764.3602941176468448 679.6942401960784537 -692.2426470588235361 -1669.3363970588234224 -2603.3412990196079591 -3081.6721813725489483 -3268.8523284313723707 -3450.7561274509803297 -3688.1642156862744741 -3893.4681372549021035 -3628.9620098039217737 -1173.1537990196077317 1698.1280637254901649 1771.4589460784313815 1131.8204656862744741 1055.3327205882353610 691.2297794117647527 432.0373774509803866 272.9626225490196134 158.4803921568627345 131.5294117647058840
1384.2287066246055929 2106.2444794952680240 2926.3328075709778204 3555.5205047318613651 3720.2223974763405749 3481.1940063091483353 3042.3801261829653413 2594.4495268138803112 2296.1624605678234730 2213.1908517350157126 2281.9069400630914970 2419.4274447949528621 2611.8880126182966706 2856.8911671924288385 3160.2460567823345627 3432.5457413249209822 3509.6656151419556409 3253.0772870662458445 2571.7981072555203355 1648.7681388012617845 816.0977917981072096 246.3990536277602530 -37.1025236593059944 -129.0536277602523683
133.3783576362241092 139.4316960859554797 114.8898695318495840 151.0548733691481118 413.6995395241750089 1077.9597083653109166 1910.8741366078281771 2195.0663852647735439 1521.4881043745203897 330.2122026093630325 -394.4221028396009388 -373.9489639293936989 -217.0617805065234052 -154.3837298541826613 -108.1531082118188749 -109.1105141980046085 -91.2617037605525780 -55.0556408288564825 -48.3204144282425148 -30.3453568687643909 -13.1423637759017655 -17.2436684574059846 -21.8158096699923263 -36.6285495011511912
80.3729729729729740 80.7610810810810875 74.6227027027026963 91.3340540540540502 107.7513513513513459 102.5481081081081101 83.9016216216216151 74.2735135135135067 122.0778378378378335 182.1243243243243342 206.4356756756756681 271.8821621621621603 254.0929729729729729 -91.1675675675675734 -1013.3881081081080993 -2660.2551351351353333 -4305.4551351351346966 -5219.3372972972974821 -5410.6767567567567312 -4752.5805405405408237 -3435.4529729729729297 -2103.9589189189186982 -1230.1329729729729934 -972.6129729729730116
3930.2803347280332673 3730.8583383144050458 1919.9067543335324899 -124.7579199043634191 -1207.7328153018529520 -2093.2671846981470480 -2795.6401673640166337 -3105.0502092050210194 -3226.2301255230127026 -3394.6951583980871874 -3600.5786013150031977 -3844.3598326359833663 -3271.7519426180515438 -419.9958158995816007 1812.5642558278541401 1480.4219964136282215 1164.0639569635386579 1042.4542737597130326 623.4662283323370957 400.0280932456664686 219.1087866108786670 134.5128511655708223 99.3269575612671787 61.3472803347280333
-2724.5438940657186322 -3072.8406081412458661 -3202.0539480137322244 -3453.3349681216282079 -3660.8558116723884268 -3863.9946051986266866 -2777.5718489455616691 497.7361451692005971 2182.4928886709171820 1467.6174595389898059 1101.2491417361452477 842.9774399215301628 480.7690044139283714 304.9019127023050260 153.0029426189308595 114.9583128984796474 86.1912702305051539 55.0294261893084879 57.8136341343795976 57.8769004413928414 40.1113290828837634 31.0922020598332516 39.3761647866601265 77.4203040706228478
121.9252136752136693 124.2147435897435912 94.8888888888888857 41.4230769230769198 -9.1388888888888893 -19.9455128205128212 79.8589743589743648 377.7350427350427253 1048.9358974358974592 2285.8194444444443434 3730.8525641025639743 4635.6752136752138540 4488.1282051282050816 3185.8931623931625836 1473.3066239316240171 315.0096153846153584 -153.0950854700854791 -197.2307692307692264 -77.9978632478632505 7.6388888888888893 33.3536324786324769 29.2863247863247871 6.2756410256410255 -17.1175213675213662
1346.4538152610441557 2237.8508318990247972 1693.7865748709123181 1177.6884681583476322 797.4182444061962087 437.4429145152036540 243.1801491681009679 126.7555938037865815 86.6718301778542752 62.7286288009179600 52.8531267928858313 69.1985083189902497 91.2570281124498024 113.7154331612162963 124.5811818703384972 123.8720596672403929 139.5599541021227878 226.7682157200229369 418.8462421113023311 773.8554216867470359 1455.8026391279404379 2454.2725186460124860 3391.7567412507173685 3501.5272518646011122
-1682.2348443473510997 -2417.3080283997815059 -2850.1561987984709958 -3020.8410704533043827 -3227.7389404696887141 -3452.2408519934460855 -3652.3462588749316637 -3280.5505188421625462 -464.3691971600218267 2252.7001638448937229 1981.3784817039868358 1341.0311305297650506 1114.4298197706170868 651.2594210813763311 398.4696886947023700 214.9486619333697490 124.7924631348989664 89.9628618241398073 58.1086837793555446 67.3549972692517684 66.4025122883670065 43.5958492626979819 20.9246313489896245 21.1709448388858554
3377.5163438256658992 1749.7167070217917626 9.9558111380145284 -1071.0599273607747364 -2087.7941888619852762 -2803.2124697336562349 -3135.1125907990312953 -3318.3359564164647963 -3576.4430992736079133 -3771.7639225181596885 -3873.4188861985471704 -2523.7276029055688014 807.4267554479419005 2150.5962469733653961 1277.7457627118644723 1038.9437046004843523 829.5581113801453057 474.7391041162227339 314.4134382566585941 171.0121065375302578 130.0453995157384952 88.4255447941888661 62.0611380145278417 58.5387409200968492
123.5499999999999972 152.1084415584415694 185.3785714285714334 226.0928571428571558 292.0350649350649519 389.2811688311688272 500.3240259740259717 600.1142857142857565 682.0077922077922494 739.1987012987012804 708.5207792207792181 430.3324675324675468 -318.7675324675324759 -1373.2454545454545496 -2135.0409090909092811 -2376.9902597402597166 -2328.5818181818181074 -2226.6012987012986741 -2210.1201298701298583 -2325.3785714285713766 -2552.8961038961037957 -2744.9025974025976211 -2719.2292207792206682 -2362.5532467532466399
1021.5622529644268752 1090.2984189723320014 1074.9752964426877497 972.8498023715415002 581.7519762845849982 -231.7875494071146250 -1513.3399209486165091 -2891.3735177865614787 -3938.2164031620554852 -4613.5573122529640386 -4795.2243083003950233 -4239.9466403162059578 -2730.5049407114624955 -800.0998023715415002 238.7865612648221258 243.0918972332015926 153.3448616600790615 199.3211462450592819 195.0167984189723427 184.4387351778656239 187.1245059288537504 171.0088932806324067 123.8043478260869534 85.2598814229249058
465.3026960784313815 696.7083333333333712 1021.7634803921569073 1277.3921568627451961 1218.2107843137255259 954.1850490196078454 595.0012254901961342 -86.1164215686274446 -1142.3321078431372371 -2375.9142156862744741 -3514.7279411764707220 -4402.8431372549021035 -5003.7218137254903922 -5111.1433823529414440 -4327.6838235294117112 -2436.8406862745096078 -435.9558823529411598 288.4436274509803866 154.2781862745098067 145.1776960784313815 220.6507352941176521 232.1458333333333428 241.8357843137254974 247.9840686274509665
-8.0676350431230137 -30.0254198819791185 -34.0998638220608257 -46.6196096232410326 -65.1534271448025351 -101.6459373581479753 -207.9073990013617674 -392.0862460281434210 -668.9073990013617959 -1124.9391738538356549 -1657.1393554244211828 -1866.3753971856558564 -1403.3145710394915113 -316.2469359963685633 762.6491148433954095 1201.5678620063549715 1089.8556513844757774 821.9836586472991939 624.5778483885610513 539.0553790285973719 448.1211983658647569 280.5188379482523828 120.1738538356786137 81.1357240127099431
275.7997407647440014 142.1205443940375801 77.6811406351263827 53.3350615683732983 45.1399870382372015 46.5204147764095950 65.0641607258587129 89.1937783538561177 85.7077122488658460 59.0609202851587796 66.7252106286454989 98.1827608554763458 212.9967595593000738 553.9228775113415395 1214.2190537913156732 2658.3201555411537811 4224.0751782242386980 4878.6649384316269789 4410.1639662994166429 2057.5631885936486469 -484.1924821775761529 -1517.1153596889178061 -2343.3745949449125874 -2954.7582631237846726
656.1073934160820045 911.4365893146249391 1282.3351322180249099 1650.7862924986509370 1910.4873178629250106 2006.4328116567728557 1986.6427415002697217 1967.0555855369671008 1999.7857528332433503 2086.9643820831083758 2104.4830005396652268 1905.2120885051267578 1425.0868861305989412 736.8996222342148030 158.4177010253642663 -124.7501349163518682 -213.1354560172692914 -212.2191041554236506 -176.8073394495412742 -142.2385321100917395 -117.1073934160820329 -95.2941176470588260 -75.7048030221262849 -60.8963842417701002
24.1878269139324757 62.6837850689491205 81.9843081312410789 83.0713266761768949 70.2025677603423617 60.6747503566333819 41.3361864003804058 -10.1255349500713265 -52.3052781740370918 20.3214455539705199 410.2025677603423901 1283.8744650499286308 2262.5306704707559220 2537.4455539705181764 1588.5259153590109236 -5.5772705658582975 -852.3314312886352582 -716.3832620066571053 -419.4745601521635763 -235.6951973371374152 -126.1302900618164529 -95.0213980028530614 -84.4683785068949078 -77.3980028530670410
172.4230303030303162 98.1022222222222240 -77.6367676767676755 -742.6816161616161480 -1953.1224242424241311 -2511.3777777777777374 -1833.4319191919191780 -677.2662626262625736 187.9163636363636272 435.9854545454545587 314.7717171717171709 172.6125252525252449 96.6945454545454481 75.9628282828282835 67.4614141414141386 58.5991919191919166 10.9692929292929300 -29.6569696969696963 -8.2779797979797980 38.2359595959595993 7.0480808080808082 -135.4173737373737367 -164.9175757575757473 -77.9826262626262690
45.3341433778857805 51.9975698663426513 65.9392466585662191 97.3645200486026710 148.3657351154313346 199.2636695018225907 296.1628189550425532 398.7910085054678007 284.1676792223572079 -365.1834750911299921 -1844.2575941676791444 -3651.7205346294044830 -4727.7144592952608946 -4798.3086269744835590 -4198.7083839611177609 -3318.6160388821385823 -2572.4483596597810902 -2205.1190765492101491 -2243.6342648845684380 -2559.7739975698664239 -2938.7217496962334735 -3227.8955042527340993 -3306.4799513973266585 -2966.1057108140948912
-2271.6520475561428611 -2587.5487450462351262 -2517.4129458388374587 -1939.6932628797885627 -1079.5114927344782245 -371.4058124174372324 -41.1608982826948449 32.1149273447820320 54.1104359313077907 76.3141347424042209 81.4533685601056874 75.9170409511228570 56.7091149273447854 31.1215323645970940 12.7785997357992080 9.5545574636723902 11.1936591809775425 14.6861294583883755 18.2174372523117576 19.0433289299867887 25.9262879788639360 40.0105680317040964 63.7645970937912807 104.7373844121532329
82.6687054026503603 26.8807339449541267 -20.1753312945973491 -30.3343527013251801 82.5341488277268098 420.7003058103975377 1168.8746177370030637 2457.0030581039754907 3869.9653414882773177 4667.7502548419979576 4332.0754332313963459 2932.7645259938835807 1319.2752293577982527 314.0988786952089526 -58.0091743119266070 -106.0152905198776807 -38.8063200815494369 31.5851172273190635 58.1559633027522906 36.8012232415902147 -3.3109072375127422 -43.5800203873598377 -32.9806320081549416 14.3792048929663601
178.6648023862788932 119.9224459358687511 79.1495152870991774 58.5447427293064848 56.2427293064876963 67.5816554809843382 89.8467561521252804 115.2721849366144653 127.0000000000000000 139.2479492915734625 174.7695749440715929 255.0909768829232007 420.7061894108874185 773.0223713646532815 1453.5425055928410529 2248.1346010439970087 2784.5872483221478433 2656.7423564504101705 1551.8467561521251810 136.3322147651006730 -1010.3784489187173676 -1985.1316181953766318 -2582.6838180462341370 -2795.7360178970916422
-3099.1012725344644423 -3486.6611876988336007 -3738.6802757158006898 -3925.1246023329799755 -2262.2778366914103572 1296.4665959703074805 2372.4506892895014971 1502.1150583244962036 1209.0180275715799780 817.5816542948037977 467.4305408271474107 275.8844114528101841 127.2868504772004172 99.1166489925768843 57.9687168610816528 48.2613997879109249 52.5668080593849396 44.5328738069989427 23.1495227995758235 10.5577942735949097 28.6463414634146325 83.7380699893955409 196.3626723223754027 402.3016967126192753
-4103.5185567010312297 -4728.8865979381444049 -4211.1587628865981969 -3281.1474226804125465 -2413.7597938144331238 -1959.3762886597937722 -1977.9649484536082582 -2318.3783505154638078 -2792.0051546391750890 -3197.6309278350513523 -3411.5989690721648913 -3320.4298969072165164 -2858.9969072164949466 -2009.5690721649484658 -963.7855670103092507 -148.5762886597938177 298.4597938144329987 497.7319587628866202 514.3927835051546253 464.2587628865979354 387.0927835051546140 281.7278350515463785 205.6144329896907266 148.7422680412371108
-3168.2657708100036871 -3682.3628219484880901 -4104.1228070175438916 -4241.4557670772674101 -4050.2247107129524011 -2459.8566629339306928 255.8353863381858844 1090.1687196715192840 581.8794326241135195 564.8439716312057044 492.4143337066069535 342.3553564762971178 241.7584919746173853 153.5565509518476972 126.0974244120940710 80.9104143337066120 57.5901455767077266 57.9783501306457651 58.9384098544232913 57.2265770810003715 55.5972377752892868 53.9787234042553195 80.2250839865621543 153.3546099290780091
533.4894641782059352 1114.5550872968092335 1996.2709211318483540 2710.2974111980734051 2860.1974714027692244 2238.3058398555085660 876.1071643588200004 -689.6881396748946145 -1857.2040939193257145 -2491.5972305839854926 -2772.5815773630342846 -2853.2468392534619852 -2742.9981938591208745 -2270.9409993979529645 -1349.0451535219747257 -254.8789885611077750 420.7874774232390109 468.5984346779048906 389.9711017459362097 386.1547260686333516 311.0469596628536806 244.1246237206502201 190.5996387718242033 116.0830824804334753
-10.7671402100061773 18.5009264978381722 1.9672637430512663 -22.2310067943174801 -34.8684373069796152 -39.1383570105003074 -21.6707844348363174 6.7059913526868433 37.2359481161210653 61.1402100061766518 70.6053119209388456 76.7899938233477428 93.2841260037059925 105.9419394688079024 91.6886967263743031 106.3236565781346457 144.9759110562075364 307.1766522544780855 575.2501544163063727 814.9641754169240357 741.2180358245831258 -924.5416924027176719 -3392.7665225447808552 -4039.5799876466953720
79.2714209686003244 101.1580627993613604 51.1543374135178297 34.4829696647152772 44.1865353911655134 28.0359233634912179 2.8275678552421502 -19.2115486961149564 -23.6958488557743472 -11.5662586482171363 4.0758382118147951 20.8563065460351247 41.3661522086216067 54.4627461415646650 56.0122405534858956 52.8759978712080922 27.6114954763171916 -19.0649281532730193 -116.3054816391697699 -164.5122405534858956 -2.1713677488025547 643.5851516764236067 2148.4521021820119131 3379.7232570516230226
4039.4783765801730624 4419.2341982701263987 3216.2907518296738090 1057.9680638722554704 -295.6919494344643908 -489.9547571523619354 -388.7072521623420016 -245.8296739853626036 -114.0565535595475666 -51.4111776447105768 -3.9647371922821026 -8.4357950765136387 -26.7997338656021284 -38.1190951430472396 -39.9414504324683932 -22.1869594145043258 -8.2714570858283434 -3.9387890884896875 -9.0286094477711245 0.0884896872920825 26.5402528276779783 34.0412508316699913 29.6420492348636060 55.9281437125748511
417.7583187390542889 404.9118505545825997 297.6269702276707676 191.1167542323409236 121.9702276707530615 56.7600700525394046 28.3006421482778734 26.7221249270286059 23.8517221249270293 35.8715703444249883 50.0817279626386451 54.9573847051955653 47.7857559836544041 13.4897840046701685 -7.2510215995329830 8.8266199649737302 94.0490367775831828 430.8861646234676073 1151.1033274956216701 2606.5201401050790082 4314.4652656158787067 5088.6094570928198664 4866.2994746059548561 3385.3776999416227227
-1787.1158459595960721 -2091.6117424242424931 -2180.9466540404041552 -2193.7178030303030027 -2187.2863005050503489 -2174.4030934343436456 -2057.3708964646466484 -1724.5145202020200941 -1203.2294823232323324 -625.0000000000000000 -134.1335227272727195 154.4747474747474882 265.2152777777777715 282.4460227272727479 243.5858585858585741 191.8895202020202078 142.1489898989898961 100.8005050505050519 74.1581439393939377 54.7080176767676747 47.0744949494949481 45.6300505050505052 45.0710227272727266 49.8601641414141383
1986.0196721311474448 2190.2028688524592326 2189.4565573770491937 2115.8233606557378153 2021.3573770491802861 1934.9262295081966840 1782.7098360655738816 1462.4045081967212809 1014.9049180327868953 534.8368852459016125 149.9909836065573643 -53.1631147540983591 -138.7229508196721213 -159.5942622950819612 -132.1799180327868726 -101.7909836065573757 -74.1598360655737707 -52.4729508196721284 -47.9147540983606532 -40.8245901639344240 -34.1168032786885220 -32.3295081967213136 -24.3409836065573764 -12.7844262295081972
93.4684612294093995 109.7629570108477282 82.2539172358376902 98.7601446364001561 104.6372036962635548 74.2173563680192814 42.6207312173563651 21.6315789473684212 18.9389312977099245 23.4439533949377257 38.8951386098834888 56.9216552832462810 63.9031739654479694 62.2394535958216153 43.6773804740859788 24.3865006026516689 9.2880674969867414 12.7239855363599847 126.8356769787063030 505.7492969063881105 1558.9775010044195369 3206.2229811169145250 4428.8501406187224347 4359.4885496183205760
-14.1553273427471122 -11.8536585365853657 -6.2682926829268295 -4.0937098844672661 -20.5340179717586651 -29.7124518613607194 2.6739409499358153 235.6521181001283765 850.7304236200257037 1794.7483953786907023 2875.8048780487806653 3734.0693196405650269 4022.9088575096275235 3770.2798459563541655 3246.0282413350450952 2737.2580231065467160 2418.8433889602051750 2381.8793324775351721 2572.2130937098845607 2836.3786906290115439 3098.5096277278562411 3268.1797175866495309 3264.2207958921694626 2983.6469833119385839
119.1234972677595607 132.9868852459016466 117.9868852459016324 77.4513661202185801 57.0743169398907071 77.9704918032786907 111.7377049180327901 132.5114754098360663 140.4699453551912427 124.6437158469945388 -29.6699453551912562 -524.9573770491803089 -1487.5650273224043758 -2913.3398907103824058 -4396.2459016393440834 -5285.5540983606560985 -5316.9661202185789080 -4452.9628415300549023 -2893.2775956284153835 -1420.6349726775956697 -690.4852459016393595 -580.0765027322404421 -732.9071038251365735 -946.0590163934426755
153.0152477763659533 188.1994917407878063 214.1137229987293438 264.7731893265565191 477.0216010165184457 1025.9205844980940583 1899.0177890724269218 2638.0946632782720371 2810.0559085133418193 2211.7382465057180525 832.0432020330368914 -738.3729351969504933 -1874.3271918678526617 -2522.6607369758576169 -2833.3595933926303587 -2949.1886912325285266 -2853.5451080050825112 -2411.8945362134686548 -1500.1848792884370596 -329.5654383735705437 310.1524777636594763 294.9904701397712756 283.4682337992376233 352.2897077509529709
-4139.6388253241802886 -3682.1067887109074945 -1152.1224256292905466 910.0530129672006296 759.3817696414949978 384.8176964149504329 356.1914569031274027 238.6414950419527088 172.6018306636155728 90.1098398169336434 73.1590389016018321 71.4000762776506548 40.0301296720061046 25.2639206712433264 11.1334858886346293 10.6708619374523259 22.4523264683447756 26.6582761250953482 30.3535469107551492 50.4511823035850497 97.9851258581235669 172.3806254767353039 269.0457665903890074 446.9733028222730695
119.4670219853431092 113.3351099267155178 122.1612258494337055 161.5256495669553658 176.0359760159893483 212.7141905396402422 429.2991339107261979 988.7734843437708605 1835.7028647568288307 2572.9840106595602265 2794.4976682211859043 2266.3117921385742193 934.9533644237175167 -718.0119920053298301 -2001.2425049966689130 -2700.5229846768820607 -2986.9453697534977437 -3005.1272485009994853 -2690.5129913391074297 -2025.3351099267156314 -1006.1725516322451313 14.6435709526982016 360.0599600266489233 307.4576948700865842
235.7651024811218861 178.9813915857605195 142.9738403451995623 136.1450916936353792 105.2392125134843610 73.1224379719525359 52.2872168284789609 39.8710895361380793 41.3781014023732467 54.0528586839266438 69.7168284789644019 81.5738942826321534 87.3460086299892140 79.5420711974110048 67.5272384034519888 90.9492988133764868 229.2769687162891046 606.8670442286946809 1331.5790183387271099 2227.6429341963321349 2844.6887810140237889 2965.6601941747571800 2349.6933656957930907 1155.6647788565264818
2228.3340080971661337 2374.3663967611337284 2558.5850202429151068 2830.1052631578945693 3106.2176113360324052 3384.6427125506074844 3697.2651821862345969 3952.0718623481780014 3939.1133603238868091 3336.0536437246964852 2124.5303643724696485 812.0597165991903239 -64.9706477732793530 -366.7884615384615472 -351.4848178137651757 -297.1730769230769056 -240.1558704453441351 -179.9777327935222786 -147.0414979757084950 -125.3755060728745008 -93.7500000000000000 -63.4352226720647749 -63.1649797570850211 -68.3198380566801688
-1663.2683326505530204 -1781.4186808684964944 -1517.6894715280623132 -702.2597296190085672 610.7525604260548562 1548.7812371978698138 1510.0942236788200717 1080.0929946743137862 718.4600573535436752 482.8598934862761212 359.2109791069233893 234.4121261777959830 115.8422777550184293 53.9647685374846375 83.9758295780417825 181.9967226546497443 143.0544858664481751 -32.4621056943875459 -124.2589102826710388 -82.9729619008602981 17.8476034412126161 66.5882834903728025 80.8070462925030739 151.4580090126997050
-3700.5276119402983568 -1871.8462686567163473 968.3395522388059362 1681.7858208955224200 1209.6843283582088588 1122.7500000000000000 831.0768656716418263 478.2194029850746233 247.1141791044776141 117.7216417910447745 85.4283582089552169 52.1694029850746261 47.7843283582089526 67.3141791044776170 84.8582089552238870 87.5776119402985103 70.6425373134328396 75.0194029850746205 159.5156716417910445 381.6977611940298516 839.5634328358208904 1682.9089552238806391 2914.4514925373132428 3785.0261194029849321
140.6306532663316489 114.8919597989949750 81.6055276381909493 -36.7784757118927956 -344.3676716917922818 -1177.9166666666667425 -2238.3852596314909533 -2470.2847571189281553 -1648.3425460636515254 -391.1009212730318154 506.1507537688441971 684.5230318257956696 524.7667504187604663 354.8136515912897835 248.5586264656616322 204.6088777219430597 176.8492462311557745 126.2621440536013466 31.6465661641541054 -13.3819095477386938 46.7705192629815727 104.1846733668341756 48.0117252931323293 -115.4778056951423792
1603.5334972341734101 2842.5371850030733185 3858.5679164105717973 4141.6496619545177964 3020.6631837738168542 721.9262446220036509 -849.1468961278426377 -1708.2562999385372677 -2584.1481253841425314 -3091.9065765212048973 -3257.5636140135216010 -3292.5377996312231517 -3445.8776889981559179 -3670.2163491087890179 -3809.2267977873384552 -2412.4622003687768483 473.9176398279041109 1597.0854333128456801 1264.3005531653350317 1195.2796558082359297 875.9078057775045636 521.3214505224339064 315.0221266133988820 163.5015365703749239
3256.3027185892724447 2140.4309331373988243 164.6869948567230040 -613.2939015429831215 -512.4650991917707188 -301.5495958853783804 -148.8346803820720083 -96.7872887582659871 -75.9077883908890527 -74.2505510653930969 -71.6906686260102930 -54.4746509919177058 -35.7865540044085222 -13.2942689199118291 3.8614988978692137 9.5991917707567964 7.5786186627479797 -6.1227038941954444 -10.2141807494489338 -16.7149155033063934 -39.7421013960323322 -36.2468772961058079 -1.9937545922116091 55.8394562821454841
34.6939113954039300 29.4513148542999303 26.8784648187633266 23.4112769485903804 16.5437100213219601 -3.8081023454157781 -42.2942430703624765 -101.6567164179104452 -185.9490642027955403 -316.4539208718313148 -508.2902155887230720 -784.3186448708836451 -1098.2248282397536059 -1198.2620232172471333 -987.2226960435915544 -641.9102108505093156 -334.2923477848851235 -160.3814262023217339 -85.7517176024638701 -47.9365079365079367 -28.6960435915659779 -6.3714759535655059 12.6474769012082451 16.0246387112058741
23.8739800543970979 44.3381686310063472 64.6491387126019958 57.6600181323662753 54.9546690843155048 54.7343608340888466 57.7887579329102437 94.0154125113327268 142.8431550317316407 181.2828649138712649 283.5775158658204873 448.1822302810516589 755.7216681776972109 1200.1532184950135616 1631.7089755213055469 1712.6826835902086259 133.5639165911151451 -2604.0634632819583203 -3909.3136899365367753 -3532.2892112420672674 -2527.4360834088847696 -1349.3834995466909277 -568.8667271078875274 -420.7216681776972109
118.9649272882805775 142.8622754491017872 194.3609923011120486 322.6860564585115299 611.2403763900770173 1114.4114627887083770 2013.8896492728827070 3123.4781864841743300 3743.0085543199315907 3490.5611633875105326 1952.0367835757058401 -178.9683490162531996 -1430.4568006843455805 -2144.0547476475621806 -2733.8374679213002310 -2958.9050470487595703 -3053.0940975192470432 -3101.3686911890504234 -3216.2857142857142208 -3439.4568006843455805 -3553.5303678357572608 -3277.5611633875105326 -2278.3139435414882428 -917.7339606501283242
268.3820224719100906 276.6717495987159054 305.4614767255216634 392.7504012841091594 623.2961476725521379 953.8065810593900551 1137.5858747993579527 708.2487961476725786 -1139.3699839486355359 -3169.2849117174960156 -3147.3386837881221254 -1836.5377207062599609 -663.5971107544140750 34.4566613162118784 111.6677367576243967 -36.1958266452648445 -159.9654895666131722 -254.5770465489566732 -243.7736757624398081 -144.9205457463884557 -37.6886035313001599 -0.9109149277688604 -38.4357945425361152 -94.5032102728731900
846.9611790079079583 -305.1071171818835523 -2357.2782171099929656 -3652.7160316319195772 -3358.0143781452193252 -2099.1301222142342340 -775.4586628324946105 -99.5053918044572185 -12.4924514737598855 -129.9539899352983525 -236.9798705966930186 -229.1603163191948340 -165.5032350826743368 -62.0948957584471586 29.5564342199856220 28.7519769949676487 -15.1998562185478079 -35.6843997124370986 -47.8346513299784348 -50.1229331416247277 -34.5111430625449316 -25.4313443565780020 -7.0668583752695904 28.1480948957584474
48.1368563685636843 96.1327913279132815 195.0880758807587938 497.0555555555555429 1110.9336043360433450 1965.0691056910568477 2921.9444444444443434 3662.6165311653116987 3875.3089430894310681 3583.0840108401084763 3061.9918699186991944 2573.9634146341463747 2268.5000000000000000 2206.9322493224931350 2317.5203252032520140 2490.9037940379403153 2692.3590785907858844 2907.4539295392955864 3108.0216802168019967 3215.9864498644988089 3128.3834688346883013 2792.2818428184282311 2214.9674796747967775 1549.9119241192411209
5.0599721059972103 -18.4086471408647157 -29.5439330543933067 -1.3458856345885635 72.7133891213389063 103.6673640167363999 82.0627615062761464 116.5885634588563420 157.3758716875871642 245.1276150627614925 559.2921896792189500 1178.0690376569036744 2569.1338912133892336 4093.9902370990234886 4744.4483960948400636 4374.2482566248254443 2121.5341701534171079 -475.8835425383542770 -1610.0690376569036744 -2515.9065550906557291 -3257.1338912133892336 -3424.0718270571828725 -3367.0237099023711380 -3163.7691771269178389
37.3398247322297934 63.8286270691333968 84.9970788704965940 89.7332035053554051 108.9386562804284324 110.6056475170399267 115.4703018500486849 141.4586173320350611 151.2297955209347720 161.8062317429406107 192.9970788704965798 236.9814995131450814 275.4849074975657004 313.6601752677702279 285.0340798442064170 1.1071080817916261 -742.1071080817915799 -2038.8471275559882088 -3600.4732229795522471 -4855.1509250243425413 -5396.3875365141184375 -5141.3037974683547873 -4150.7370983446935497 -2732.3729308666015640
2158.1546742209629883 2613.3501416430594873 2555.9677053824361792 1748.0396600566571124 168.9750708215297550 -1467.6747875354108146 -2425.4515580736542688 -2797.4351274787536568 -2837.4033994334276940 -2590.5988668555241929 -2029.0113314447592074 -1274.8900849858357560 -590.1195467422096499 -114.3422096317280392 83.5229461756374008 161.9909348441926227 229.9450424929178496 216.7875354107648604 191.1569405099150174 159.9008498583569349 94.0271954674220893 44.9201133144475904 30.5376770538243640 24.6764872521246446
68.4409391049156284 51.2076302274394735 42.2472487160674959 37.5311812179016897 49.9156272927366089 113.9354365370506201 294.3991195891416055 678.1570066030814132 1263.9464416727805656 1860.7094644167277693 2251.4886280264122433 2377.4358033749081187 2285.6735143066762248 2110.3396918561993516 2033.7483492296405529 2099.7417461482023100 2246.2164343360236671 2380.3440939104916652 2329.9347028613351540 1957.1460014673514252 1337.8341892883345281 723.6999266324285145 288.6837857666911304 81.2457813646368265
54.8680412371134025 49.6898969072164931 64.7925773195876218 100.0519587628865992 129.8140206185566967 135.4915463917525642 145.5896907216494753 180.6074226804123839 273.3014432989690476 479.2622680412371210 891.4432989690722025 1624.5245360824742420 2440.4903092783506509 2923.9356701030928889 2551.7344329896905037 1192.3822680412370119 -136.3925773195876161 -1051.7216494845361012 -1924.2849484536081945 -2542.7360824742268051 -2955.1051546391754528 -3307.5323711340206501 -3513.6189690721648731 -3460.4041237113401621
28.4849142181029400 51.5353973575231734 42.6188128574245724 27.1408006310392445 26.7010451587458100 16.1571682113981474 4.7442319069217120 5.3259712088345497 10.3811871425754294 20.6267008479589826 33.9368960757247109 50.3638335633997229 68.0567935318477595 84.8369157957010458 101.6722539932952145 111.5196213764543529 109.9090909090909065 144.9546440544271206 293.0370735555117108 690.6237428515086094 1374.2169197396963227 2038.4801814237823692 2278.7992506408991176 1898.4843226188129393
170.6220891550232750 223.0039920159680662 417.3506320691949441 773.5143047238855161 1549.3506320691949441 2812.7139055222887691 3822.7817697937457524 4115.7338656021292991 2995.3226879574185659 790.9773785761809677 -672.3127079174983010 -1603.7465069860279527 -2568.4664005322688354 -3120.8722554890218817 -3337.2641383898867389 -3471.7511643379907582 -3691.1803060545576045 -3895.7558216899533363 -3787.3672654690617492 -1705.8323353293412765 1358.2994011976047659 1894.3692614770459386 1268.7205588822355367 1164.1703260146373395
2011.2878688524590416 1312.5580327868851782 -134.0963934426229400 -1828.3763934426228843 -3082.7672131147542132 -3683.9875409836067774 -3768.7422950819673133 -3255.5921311475408402 -2187.7081967213116513 -902.8111475409835975 -5.6904918032786886 207.2104918032786998 166.1934426229508119 186.0642622950819600 196.9075409836065660 176.4019672131147445 174.1226229508196752 166.1586885245901613 114.4636065573770480 72.7422950819672138 68.2550819672131155 60.2052459016393442 31.6262295081967224 1.5770491803278688
27.5504014272970572 22.3354148082069592 21.3586083853702036 34.2239072256913488 47.0062444246208742 44.3327386262265861 42.0321141837644987 46.2346119536128484 45.3925066904549510 49.6512042818911681 65.5049063336306858 65.9982158786797442 62.5495093666369328 104.8599464763603919 148.7591436217662704 248.2720785013380862 424.8421052631579187 480.0838537020517265 283.3380909901873110 -823.5834076717217158 -2940.3140053523638926 -4622.3978590544156759 -5213.8117752007137824 -4846.7769848349689710
-1024.3203230148048988 -1847.5881561238222730 -2555.7568416330191212 -3041.5966801256167855 -3327.1229250785104341 -3634.5320771646479443 -3944.9008524001792466 -4127.6716016150739961 -3784.4535666218034748 -1380.4625392552713947 1301.4611933602511726 1480.7895917451771766 996.0071781067742904 889.4190219829520174 582.0453117990130067 362.9439210408255008 207.2386720502467483 121.8950201884253062 91.9878869448182996 56.3010318528488085 49.1395244504262010 52.6913414087034511 56.4392104082548229 60.1332436069986542
-3576.8683385579938658 -3917.7673981191223902 -3669.5661442006271500 -601.4225705329154152 2392.2257053291536977 2015.2188087774295582 1300.5341692789968420 1103.6645768025077814 646.5266457680251051 395.8257053291536067 186.8363636363636431 91.4796238244514086 71.1485893416927837 41.2796238244514129 45.2432601880877741 55.2833855799373026 52.8526645768025105 44.5166144200626945 48.0213166144200656 79.2739811912225747 173.8438871473354368 345.9316614420062592 668.3423197492162444 1166.5410658307209815
200.6460641399417000 266.2676384839650154 496.1142857142856997 1020.3819241982507720 1839.4915451895044498 2601.9655976676385762 2823.6833819241983292 2238.7218658892129497 881.5276967930028604 -672.4046647230320559 -1805.2635568513119324 -2445.6536443148688704 -2749.7510204081631855 -2860.7090379008745913 -2816.8973760932944970 -2499.9288629737607152 -1787.4495626822158556 -681.8087463556851162 221.7918367346938737 418.3399416909621209 375.6827988338192199 380.3877551020408418 320.5241982507288867 254.7230320699708557
1.5194825196365316 21.5667642076081947 36.2260896349915313 56.9348529185276462 92.0720776220545218 151.5655321115046945 241.3074079778222654 353.0418912675188494 461.0768519944555806 523.4227629755121143 538.7971661789620157 516.9850608347451271 455.2722932388726349 368.1481595564454210 270.8082550438934391 188.8002464192207128 129.1176651778838789 81.9922993993531435 50.9655013091021090 25.6123517634375482 10.5709225319574927 9.4295395040813190 8.0629909132912374 8.1458493762513484
857.2366336633663195 -287.1499999999999773 -1167.7430693069306926 -2049.5846534653464914 -2724.3450495049505662 -3162.2792079207920324 -3535.3019801980199190 -3936.9747524752474419 -4157.2727722772278867 -4068.6861386138612033 -2132.3826732673269362 967.0178217821782027 1600.3727722772277957 924.7059405940593706 882.9846534653465824 651.5445544554455637 405.9836633663366570 265.0202970297029879 156.5029702970296910 126.2529702970297052 78.2391089108910904 65.7297029702970264 61.7445544554455452 49.6569306930693060
1141.1274026614096329 926.4618038442582701 556.0413997042878691 243.6392311483489266 37.7333661902414974 0.1022671266633810 -0.1813701330704781 -0.3203548546081814 3.0007392804337112 -6.7110645638245439 -18.1083045835386898 -18.9274273040906849 -9.4942089699359293 -4.0653031049778212 -3.3340315426318385 -3.5391818629866929 0.7077378018728437 6.2184573681616557 7.8197387875800883 8.5076392311483495 8.5767619517003446 15.0269837358304592 24.9377772301626415 47.2397732873336622
73.1269931662870221 95.9726651480637827 105.1560364464692441 135.3439635535307559 173.3730068337129921 293.6224373576309858 599.0444191343963212 1134.5620728929384313 2240.3302961275626330 3472.6190205011389480 4075.2591116173121009 3725.4464692482915780 1812.0466970387244601 -303.6605922551252661 -1334.1645785876992250 -2222.7744874715262995 -2933.7818906605921256 -3204.7050113895215873 -3301.1628701594531776 -3398.0865603644647308 -3575.2693621867879301 -3817.5051252847379146 -3523.2095671981778651 -1635.5580865603644725
89.9917073170731641 81.1424390243902423 62.7253658536585377 51.2439024390243887 32.8658536585365866 -18.8629268292682930 -63.2931707317073204 16.7721951219512206 414.7697560975609576 1281.0156097560975468 2275.8692682926830457 2572.3092682926831003 1595.7282926829268490 -10.0624390243902440 -792.5443902439023987 -610.6395121951219380 -328.5878048780487575 -165.1126829268292795 -67.0663414634146307 -40.8160975609756065 -49.7395121951219537 -53.4185365853658567 -36.8687804878048766 -19.7653658536585368
108.7038596491228049 59.0673684210526346 34.7354385964912282 27.8315789473684205 31.6371929824561420 55.1515789473684208 87.1726315789473745 81.5024561403508727 76.2463157894736838 117.6807017543859644 157.1347368421052693 364.5424561403508505 808.8077192982456154 1748.6940350877193850 3378.6708771929825161 4526.9656140350880378 4735.4884210526315655 3474.3164912280703902 678.5789473684210407 -1170.2175438596491404 -2036.6021052631579096 -2982.5614035087719458 -3375.4589473684209224 -3337.6407017543861002
20.8334563864571258 25.1154941461871104 15.0754139858664704 15.3322434342368954 14.4413036599514815 8.5586963400485185 3.1960763632528213 -3.4723130471469252 -5.5748338782828819 -5.0058010758358824 -2.1485075413985868 5.4443624090285834 14.6386457124775866 21.0177196498259669 28.9391414407762895 38.6275709313363578 42.9760573779137189 52.3847695390781567 84.4449952536652262 158.2764476321063114 316.1620082269802765 545.1058960025313809 841.7059381921737895 1162.9597088914672440
318.0510876730388645 269.1048121292024007 209.2646671061305312 139.0784442979564801 84.8998022412656610 53.2893869479235320 50.4057350032959803 65.1038233355306488 83.8925510876730414 103.9482531311799534 122.2785102175346026 125.2178642056690876 125.7211601845748135 138.6005273566249230 199.1878707976268856 380.0985497692814761 799.1404087013843309 1679.2343441001978590 2725.9914304548451582 3332.9508899143047529 2928.7392880685565615 1350.4225444957153286 -106.4208965062623662 -795.4558338826631143
584.3863346104725451 1116.6762452107279842 2179.0338441890166905 3382.8633461047252240 4082.9616858237545785 3669.8544061302682167 1740.8448275862069750 -140.6053639846743408 -1138.6883780332057086 -2106.9278416347383427 -2871.8192848020435122 -3215.3192848020435122 -3360.3358876117495129 -3569.5229885057469801 -3780.6500638569605144 -3956.2860791826310560 -2910.1123882503193272 229.3563218390804650 1977.0485312899106702 1428.8263090676882712 1194.5964240102171061 983.4553001277139401 561.0363984674329458 359.6679438058748133
-105.5709010339734135 21.8500738552437213 521.8692762186115033 1615.9903988183161800 3072.6632200886260762 4033.2821270310191721 3740.8367799113739238 2236.2525849335302155 673.8212703101920624 -61.4748892171344181 -223.0420974889217121 -181.7363367799113689 -84.2385524372230492 -0.2503692762186115 42.0945347119645490 58.6742983751846410 45.5443131462333852 6.9187592319054652 18.1129985228951256 42.3161004431314609 40.2171344165435727 34.3094534711964556 18.8988183161004422 25.9224519940915812
-6.9688372093023254 28.8906976744186039 85.1474418604651220 150.8827906976744089 233.8148837209302258 375.5344186046511368 587.6227906976744180 868.7604651162790788 1193.6074418604650873 1481.5553488372092943 1675.1093023255814387 1743.7567441860464896 1740.0739534883721262 1689.4995348837210258 1514.3227906976744634 1216.5511627906976173 819.8018604651163059 393.6274418604651260 70.6734883720930185 -113.1572093023255832 -185.9325581395348763 -193.6437209302325471 -178.9572093023255945 -171.3260465116279079
-42.4479608482871100 -27.5119086460032634 -5.7004893964110934 11.1259380097879284 9.1070146818923323 -2.5660685154975531 -8.0417618270799345 -6.3911908646003264 -11.5252854812398038 -22.0548123980424151 17.3024469820554643 188.7977161500815555 575.3986949429037168 1219.2371941272431286 1885.3931484502447802 2070.3347471451875208 1508.1833605220228947 547.4724306688417528 -113.7960848287112583 -245.1911908646003155 -196.8270799347471325 -162.0567699836867916 -125.9236541598694998 -113.7415986949429083
251.3265151515151388 430.6007575757575978 747.5401515151514786 1261.7484848484848499 1989.5651515151514559 2680.6840909090910827 2955.3295454545454959 2446.7977272727271156 969.8962121212121019 -747.3462121212121474 -1792.8060606060605551 -2309.3621212121211101 -2588.5045454545456778 -2687.4454545454545951 -2773.6401515151515014 -2900.1962121212122838 -3107.4772727272725206 -3340.2386363636364877 -3418.8787878787879890 -3121.8030303030304822 -2296.5128787878788899 -1200.1492424242424022 -281.8356060606060396 240.0803030303030425
5.4445141065830720 -29.9103448275862078 -48.9818181818181841 -37.0683385579937337 -14.4984326018808769 6.9899686520376179 15.3216300940438863 7.8858934169278996 -50.8376175548589373 -191.7191222570533000 -428.7711598746081449 -811.5661442006269226 -1317.2445141065829830 -1741.8507836990595479 -1733.3090909090908553 -1007.2012539184953539 351.8971786833855617 1512.4112852664577531 1745.5404388714732704 1432.5855799373041464 1102.8457680250783142 884.2043887147335681 774.5479623824451210 613.5429467084640009
354.6070826306914228 204.6042720629567100 -16.4395727937043290 -296.1630129286115789 -599.3338954468803195 -927.4350758853288426 -1258.1006183249016885 -1526.0269814502530608 -1721.5716694772343089 -1874.8420460933109553 -2012.9960652051713623 -2142.5441259134345273 -2234.2141652613827318 -2202.0168634064079924 -1932.2175379426644213 -1452.2276559865092622 -920.0370994940977880 -481.7566048341765281 -201.1973018549747110 -46.0905002810567765 32.8043844856661053 70.6576728499156843 77.5474985947161315 72.9302979201798820
129.7650576676633989 144.1815463477146579 166.6813327637761688 157.3528406663818942 152.8868005126014396 234.6437419906023081 540.6330627936779365 1273.5894916702263799 2154.2575822298163075 2444.7300299017515499 1666.4946604015378853 231.3660828705681354 -612.5010679196924457 -543.3417343015805727 -331.3964117898333939 -220.0956856044425365 -131.8163178129004791 -101.5292609995728270 -95.1110636480136691 -89.7530969671080783 -82.8180264844083780 -59.5890645023494230 -30.5561725758222984 -17.2879111490815873
-4358.9356814701377516 -4722.2761613067896178 -4410.2215416028584514 -2873.0781010719756523 -498.9065849923430278 411.4594180704440873 149.4078611536498329 184.3180193976518524 244.0102092904543269 220.7095456865747849 173.5533435426237929 128.2746299132210197 123.6850433894844343 88.4185809086268506 60.3302705461970419 39.0464522715671265 33.4757529351710090 49.2322613578356325 59.5160796324655408 54.7891781521184242 60.6681980602348148 100.0372639101582450 174.8989280245023110 307.7942827973456019
46.9503012048192758 60.6957831325301171 94.4497991967871542 106.4678714859437747 108.4603413654618436 145.7745983935743084 215.4101405622489835 447.3624497991967814 844.2093373493976287 1696.0060240963855449 2977.5597389558233772 3845.0341365461845271 3903.4894578313251259 2385.2284136546186346 114.1385542168674760 -1010.3042168674699042 -1809.9769076305221915 -2688.2590361445782037 -3096.7208835341366466 -3320.0923694779116886 -3523.2966867469881436 -3736.2901606425702994 -4024.7344377510039521 -3674.3112449799195929
54.8153465346534645 83.8430693069306869 109.3752475247524814 126.7267326732673212 148.9797029702970406 189.5658415841584201 260.3445544554455182 386.1623762376237892 673.8420792079208468 1239.1297029702971031 1992.9900990099010869 2525.0693069306930738 2520.2084158415841557 1838.0301980198019010 416.7965346534653577 -1115.4178217821781800 -2053.3123762376235391 -2464.3396039603958343 -2591.7143564356433671 -2571.1910891089110009 -2412.9782178217819819 -2103.4846534653465824 -1548.0306930693068352 -794.0128712871287462
36.1081646894626687 106.3084438241451437 142.7411025819958184 163.5233775296580632 263.7759944173063786 477.6001395673412162 863.1416608513608253 1718.5952547103977395 2858.8681088625262419 3723.3998604326588975 3714.0334961618982561 2165.4312630844383420 280.9036985345429116 -768.3551988834612985 -1733.2086531751569964 -2627.9399860432658897 -3114.2407536636428631 -3378.8820655966505910 -3720.1960921144450367 -3949.3161200279132572 -4096.4061409630148773 -3102.3824145150033473 265.8953244940684044 2151.1228192602929994
2161.6960580912864316 2831.0062240663901321 3622.4035269709543172 4278.3091286307053451 4542.6991701244814976 4311.4502074688798530 3311.7925311203321144 1695.8433609958506167 332.8599585062240749 -263.8112033195020558 -324.6265560165975330 -251.4813278008298880 -196.7551867219916915 -156.1234439834024954 -128.2956431535269815 -104.5342323651452290 -89.9533195020746916 -83.2738589211618319 -78.9885892116182617 -78.8558091286307103 -84.9740663900415001 -77.1504149377593365 -54.5601659751037360 -31.5352697095435701
2.5163265306122451 -24.6030612244897959 -33.7704081632653086 -18.9244897959183689 11.4877551020408166 38.5040816326530617 52.8908163265306115 54.7510204081632637 56.9051020408163239 84.0887755102040870 118.2591836734693942 114.8255102040816382 145.7673469387755176 205.5051020408163254 444.9979591836734585 932.9316326530612287 1486.3704081632652105 1775.4428571428570649 33.3265306122448948 -3086.8571428571426623 -3957.0183673469387031 -2724.6061224489794768 -1346.3653061224490557 -470.4091836734693857
4.4537313432835823 -3.9880597014925372 14.1064676616915428 55.0945273631840777 87.8815920398009922 102.8567164179104481 94.0318407960199067 74.0616915422885569 47.5194029850746276 24.0547263681592050 93.1601990049751265 349.8437810945273441 1016.7890547263681356 2250.4895522388060272 3613.7990049751242623 4391.3850746268653893 4098.1910447761192700 2748.5134328358208222 1194.3104477611939274 280.2467661691542276 -21.8208955223880601 -46.2557213930348254 7.0169154228855719 37.7203980099502516
-32.7522388059701512 -88.6109452736318417 -78.7383084577114403 134.3800995024875533 786.6029850746268721 2092.8706467661691022 3667.5223880597013704 4560.3442786069654176 4091.4716417910449309 2450.3820895522389947 825.8099502487561949 39.9611940298507449 -163.3741293532338261 -120.6009950248756155 -12.1920398009950244 76.7860696517413004 115.5064676616915449 95.7343283582089555 57.2517412935323406 16.8587064676616905 21.1263681592039809 38.2626865671641809 41.4079601990049753 45.1830845771144283
13.3712522045855380 7.4387125220458552 9.0436507936507944 17.3002645502645507 21.6975308641975317 22.8007054673721328 22.6009700176366835 13.8827160493827169 17.3540564373897723 69.4598765432098730 200.5343915343915455 440.0811287477953897 771.8544973544973118 1148.3778659611994044 1526.2314814814815236 1817.2539682539681962 1949.7407407407406481 1947.5083774250440456 1893.6856261022928720 1886.1900352733684940 1935.5127865961198950 1987.5784832451499824 1985.4056437389770053 1783.9096119929454289
-2400.6432189082725017 -3117.8638154192458387 -3706.4828362408552493 -4200.1114237478896030 -4552.0011254924029345 -4516.1992121553175821 -3898.1333708497468251 -2288.7349465391107515 -511.0146314012380344 67.1508159819921246 128.8041643218908234 321.9133370849746711 364.2892515475520554 318.9122115925717367 255.0298255486775361 206.3590320765334809 162.8024760832864501 113.1440630275745605 95.1316826111423808 80.8328643781654534 64.7636465953854810 55.1401238041643253 45.1243669105233565 40.1142374788970173
-2517.5212418300652644 -2728.4863834422658329 -2721.6862745098037522 -2782.3349673202615122 -2884.6868191721132462 -3053.9384531590412735 -3240.2233115468411597 -3388.9428104575163161 -3430.9264705882351336 -3168.0964052287581580 -2354.4716775599126777 -1060.3774509803922683 80.8725490196078454 618.9760348583878340 728.3273420479303013 661.6557734204792496 520.3333333333333712 369.3104575163398522 248.0005446623093803 160.1710239651416146 102.6225490196078454 75.5255991285403070 63.7102396514161242 60.4945533769063175
255.9090385722510064 512.8986758779504953 982.1894070236039624 1971.5146804835924286 3181.3051237766262602 3926.4029936672422991 3749.4628670120896459 2069.9597006332755882 63.8911917098445628 -1011.5653425446171241 -1925.9976971790442803 -2755.4191134139318820 -3185.8583765112261972 -3378.6396085204373776 -3559.2579159470351442 -3782.9090385722511201 -4004.9476108232584011 -3634.9107656879677961 -1148.5267702936096157 1329.7121473805411824 1377.3483016695452079 1081.2694300518135151 1053.3246977547496499 687.7777777777778283
787.0617647058822968 667.3223529411765185 498.0676470588235247 332.6323529411764639 176.0382352941176407 92.4317647058823582 55.3929411764705861 47.2417647058823533 59.3576470588235310 74.2399999999999949 86.4611764705882422 85.9270588235294071 60.3170588235294147 68.8052941176470654 76.4576470588235253 149.2623529411764594 421.6011764705882570 979.0376470588234952 2432.1900000000000546 4099.4323529411767595 4900.1894117647061648 4301.9852941176468448 1606.9905882352941262 -644.3711764705882388
-29.5858547655068094 32.5877458396369164 40.1558245083207268 38.2329803328290438 20.4803328290468976 16.0049167927382747 18.9270045385779113 14.0975794251134641 11.1618759455370657 22.4383509833585464 47.3029500756429684 23.3865355521936458 -108.2341149773071152 -485.9670953101361306 -1354.8895612708017779 -2221.3967473524962770 -2235.7481089258699285 -1379.3173222390316823 -182.9773071104387157 636.8619515885022793 754.6225416036309070 564.0412254160363545 400.7106656580937738 309.5809379727685382
-263.7539668390087400 -739.4027455874487487 -1117.2804421465502855 -1128.7953289356391906 -879.6744517739347202 -529.5423426635763917 -264.2303440898555777 -142.6115172044927704 -86.0420752362274897 -59.6407559279728972 -41.7145658762702780 -15.4264574790515248 7.1235514351934395 10.8283116420039232 1.4564093421287216 -7.0698876805134603 -2.1413799251203423 9.6209663041540381 9.0185416295239786 -4.6168657514708507 -27.9812800855767527 -25.2151898734177209 6.1272954180780888 22.7350686396862187
-16.7847744360902240 -16.2424812030075181 -10.1983082706766925 -18.2415413533834574 -16.9191729323308273 -16.6635338345864668 -14.8806390977443606 -12.8703007518797001 -16.3552631578947363 -11.1560150375939848 -12.6390977443609014 -32.1682330827067702 -62.2208646616541330 -40.8796992481203034 180.9915413533834680 822.6701127819549129 2034.8740601503759535 3400.4313909774436979 4217.4107142857146755 4348.2706766917290224 3991.0798872180453145 3422.2941729323306390 2837.9360902255639303 2134.3477443609021975
50.0301724137931032 78.9586206896551772 120.7974137931034448 151.1551724137931103 167.3646551724137908 178.2836206896551801 202.8887931034482790 279.3724137931034761 447.0379310344827672 587.4491379310344428 480.4784482758620925 -309.4577586206896740 -2068.8646551724136771 -3690.7275862068963761 -3940.5017241379309780 -2985.0577586206895830 -1444.6844827586207884 -200.2525862068965523 172.4344827586207032 72.9689655172413723 -72.5741379310344854 -186.9810344827586164 -220.6431034482758662 -158.2767241379310406
38.9045497931912152 -30.7371937639198229 -86.4129812281260001 -134.8230989500477222 -234.1317212853961109 -438.5946547884187225 -852.2729875914731110 -1603.5488386891504433 -2202.4336621062680024 -2069.3938911867644492 -1361.0369074132993319 -460.4317531021317222 183.4384346166083333 350.4922048997772777 295.2914412981228338 213.6563792554883889 146.8835507476932776 122.4403436207445139 110.4661151765828890 60.1368119630925833 2.5583837098313711 8.5097041043588924 66.5895641107222360 105.4673878460070000
8.5792300805729624 31.1145926589077888 44.7547000895255138 38.8281110116383203 20.9847806624888094 -15.8075201432408239 -75.5747538048343728 -143.8343777976723459 -136.4207699194270447 80.5550581915846067 737.4744852282900638 2026.5335720680393479 3514.7251566696509144 4366.1387645478962440 4133.9561324977621553 2905.4306177260518780 1450.0376007162042242 556.1951656222023530 202.2291853178155634 136.2614145031333805 182.9659803043867612 208.1307072515666903 212.5729632945389369 180.2506714413607938
234.3389830508474461 266.7048853439681011 457.9152542372881385 853.4297108673978300 1473.3609172482551912 2141.9700897308075582 2576.4356929212362957 2718.4217347956132471 2634.5692921236291113 2461.6161515453641186 2386.0348953140578487 2479.8494516450646188 2673.5403788634098419 2906.1824526420737129 3004.8863409770688122 2714.2871385842472591 2014.1525423728812711 1089.5423728813559592 328.3629112662014222 -62.4177467597208349 -214.9282153539381852 -239.2432701894317120 -206.1535393818544435 -154.7068793619142468
3094.6354916067148224 3462.1534772182253619 3466.6450839328535949 3171.7541966426856561 2792.9400479616306257 2530.8069544364507237 2449.6834532374100490 2530.0575539568344539 2746.2062350119904295 3059.1199040767387487 3393.0167865707435340 3619.6762589928057423 3520.4856115107913865 2914.6978417266186625 1928.9928057553956933 922.7026378896882761 181.5635491606714709 -182.6282973621103167 -266.7386091127098098 -258.6294964028776917 -221.5395683453237439 -172.6606714628297254 -140.3848920863309218 -117.6942446043165518
283.4088127294981518 317.0428396572827410 215.6132190942472562 -262.9608323133414842 -1542.0648714810281490 -3317.7037943696450384 -4561.8029375764990618 -4815.1272949816402615 -4267.3292533659732726 -3333.3549571603425647 -2495.5960832313339779 -2049.4749082007342622 -2050.8739290085677567 -2370.8984088127294854 -2799.6658506731946545 -3174.7784577723377879 -3334.4908200734394086 -3154.6829865361078191 -2612.5556915544675576 -1759.2093023255813478 -832.9926560587515496 -89.9645042839657236 367.1407588739290304 510.8127294981640034
260.6532683719041756 218.9504669102720129 149.7141697117336605 96.9496548924076365 66.8526187576126745 61.4596021112464470 69.1624035728786026 93.2371092164027573 119.6877791311408856 132.9796995533901622 136.7957775071051572 150.4876167275679961 177.0531871701177522 237.1583434835566493 422.6033292732440145 831.5022330491270850 1584.4003248071458074 2435.0255785627282421 3055.4441737718229888 2762.8095818107999548 933.5493300852618859 -960.7048315062930897 -1845.0267965895250200 -2284.1043442955747196
54.9757799671592764 14.7688834154351394 -6.6720032840722494 1.4634646962233169 38.7463054187192100 76.0923645320197011 99.2167487684729110 92.3144499178981874 75.6646141215106667 71.9930213464696180 67.1038587848932622 55.7179802955665053 69.6120689655172384 179.2742200328407307 582.4815270935960143 1480.7376847290640853 2556.9129720853857179 3067.2175697865354778 2383.2914614121509658 903.2935139573070273 -4.6818555008210181 -115.4552545155993499 -168.4987684729063915 -342.2122331691297177
-42.4702380952380949 -48.7904761904761912 -50.0952380952380949 -46.7440476190476204 -41.8583333333333343 -44.6904761904761898 -51.4952380952380935 -62.8833333333333329 -79.9428571428571360 -89.1476190476190453 -47.4285714285714306 208.7928571428571445 891.0261904761904361 2030.0523809523808723 3338.4059523809523853 4278.8249999999998181 4497.2785714285710128 4131.9392857142856883 3523.7500000000000000 2929.1059523809522034 2531.0880952380953204 2380.1833333333333940 2308.7619047619045887 2186.4023809523810087
-3033.9860290166575396 -488.6018269747447675 1982.4481461579796360 1657.7522837184310447 996.0521225147770110 763.9618484685653357 442.8409457281031791 312.9365932294465438 182.9408919935518441 115.6947877485223017 77.3261687264911330 36.8936055883933349 44.1316496507254143 45.8898441698011794 37.0290166577109048 10.2525523911875336 1.2853304674905965 26.9994626544868339 60.8328855454056949 94.2794196668457829 143.6512627619559339 227.4180548092423351 360.9817302525523814 616.5883933369156011
100.2857699805068279 69.2666666666666657 57.4046783625731010 57.8522417153996074 74.0495126705653064 101.3769980506822606 119.2674463937621852 128.7216374269005712 151.9426900584795419 197.3766081871345079 310.9399610136452452 573.2748538011695700 1122.1949317738790342 1948.5068226120856707 2687.9968810916179791 2947.1684210526314018 2177.1306042884989438 598.1103313840155806 -640.5688109161793591 -1492.4448343079920960 -2221.9801169590641621 -2628.6421052631581006 -2879.8155945419102864 -3013.1274853801169229
19.0634123371527231 -7.2465860932349706 10.3531627687961070 28.3763930309213634 16.6981635536022601 -22.9271699890127145 -62.6127766441688891 -54.6625333542614982 -21.6427562392089143 -9.8488463349552653 -12.4812431329461617 -8.1469157118191813 -3.3660335897033433 -2.8389577774289751 0.7870036101083032 11.0696907863757659 33.7213938157275166 42.4606812117406989 4.2421911787788416 -119.8070946476220371 -400.8325223669753541 -791.9634280332758181 -1165.5856223512791985 -1336.6036728927954300
66.7455089820359291 -4.5206859009254217 -81.7955906369080026 -68.5019052803483959 -21.0402830702231896 3.7651061513336961 8.8494828524768643 4.9031028851388134 5.7776265650517145 9.9613500272182911 0.4210669569951007 -20.4782253674469246 -40.7090364725095242 -60.9123571039738678 -104.6124115405552573 -225.1701143168209001 -427.4858464888404797 -785.3345127925965699 -1333.0329341317365106 -1706.3486663037560902 -1597.6154055525312288 -999.4289602612956287 -127.8388677191072418 450.7297223734349245
431.3016208597604191 278.2276250880901785 152.0796335447498109 74.5609584214235355 43.5525017618040877 40.9950669485553192 48.1719520789288254 57.6053558844256486 75.4714587737843488 88.0436927413671668 72.3509513742071846 59.2149400986610317 94.3692741367160011 173.2966878083157098 442.7470049330514712 981.3805496828753121 2134.0246652572232051 3920.2311486962648814 5011.8308668076106187 4920.8576462297396574 3331.6723044397463127 634.7674418604651692 -917.3643410852713487 -1545.6497533474278043
1016.2710843373494072 -278.1102409638554036 -1332.7957831325302323 -2062.9325301204817151 -2574.8042168674696768 -2835.7710843373492935 -2990.1277108433732792 -3115.1246987951808478 -3273.6843373493975378 -3434.8602409638556310 -3499.1433734939760143 -3178.8433734939758324 -2168.4831325301206562 -926.0602409638554491 -43.0807228915662677 414.3951807228915527 522.9662650602409713 465.7042168674698814 371.6174698795180689 269.5668674698795257 186.0704819277108300 114.3361445783132524 70.7999999999999972 54.0590361445783145
251.0128205128205252 689.5050167224080724 1626.5657748049052316 2785.3600891861760829 3178.8606465997768282 2043.1638795986621062 122.0445930880713519 -882.7157190635451798 -768.6025641025640880 -465.2045707915273169 -249.0908584169453661 -109.0602006688963144 -43.0301003344481572 -16.6532887402452623 -41.4955406911928648 -64.4609810479375653 -44.8127090301003363 -2.3717948717948718 15.7859531772575252 5.0707915273132667 -14.4175027870680044 -42.4358974358974379 -44.8795986622073571 -28.5523968784838367
1378.8817635270540904 1974.1066577599642642 2132.0984190603430761 1660.3219772879092488 759.8904475617902108 35.5773769761745697 -175.9454464484524578 -161.2447116455132345 -124.8265419728345620 -84.2251169004675972 -70.9559118236472983 -66.7443776441772485 -58.7457136495212637 -50.1249164996659999 -27.6034290803829876 -1.8550434201736807 4.2384769539078153 1.8396793587174349 -0.0527722110888444 1.7486083277666444 5.0590069026942777 4.1278111779113784 15.1396125584502332 65.7824537964818461
114.5400540054005347 145.1188118811881225 169.8568856885688660 189.5616561656165686 232.5229522952295156 320.1881188118811679 542.1521152115211635 791.6228622862286102 883.4824482448244680 294.8073807380737890 -1671.8100810081007239 -3578.1143114311430509 -3576.5976597659764593 -2279.0522052205219552 -812.6327632763276370 87.5166516651665205 188.2421242124212313 11.8721872187218729 -146.5157515751575090 -244.3024302430243040 -235.1755175517551777 -124.1809180918091755 -4.8856885688568861 13.6849684968496845
9.8975343573160881 1.4656426839126919 -3.6234842360549715 -10.3322554567502021 -16.5608326596604698 -16.0919563459983834 -9.6968472109943420 -1.5483023443815682 8.3421584478577202 24.9640258690379966 61.4157235246564284 116.2847615198059827 168.2118027485852849 214.1748181083266047 284.4213823767178724 422.8367016976555988 657.3201293451900256 971.1800727566693467 1246.0533548908649664 1278.8819725141470371 983.0268795472918555 599.4329021827001043 368.5632578819725040 194.8110347615198066
