-619.0358422939068532 -726.8745519713261274 -616.3763440860215042 -145.6487455197132590 517.2114695340501385 772.0465949820788865 418.8817204301075208 -34.1182795698924721 -231.7526881720430083 -154.9103942652329806 -13.0430107526881720 51.2652329749103970 65.2186379928315461 39.0035842293906825 -2.7025089605734767 -21.2544802867383495 -18.2329749103942653 -4.1577060931899643 31.8637992831541226 78.2258064516128968 114.2616487455197074 117.6344086021505433 115.4731182795698885 99.0716845878136212
238.4989619377162740 293.7712802768165830 384.3245674740484219 492.8449826989619282 550.1833910034602013 504.6664359861591720 399.7764705882352700 308.6017301038062328 245.4951557093425549 196.0124567474048547 165.4453287197231930 153.9560553633218092 161.3899653979238735 182.3138408304498341 215.1128027681660910 244.6346020761245654 265.0328719723183326 270.2020761245674976 261.1076124567474039 251.0598615916954941 256.6238754325259492 273.7653979238754118 281.7280276816608762 273.1134948096885751
-247.8437500000000000 -299.5312500000000000 -340.5937500000000000 -384.2187500000000000 -433.7187500000000000 -528.9285714285714448 -664.3705357142856656 -730.1651785714285552 -622.6562500000000000 -216.8973214285714164 376.4419642857142776 819.3571428571428896 718.4598214285714448 108.4151785714285694 -263.6875000000000000 -235.4776785714285836 -36.0625000000000000 82.7633928571428612 91.2767857142857082 61.4866071428571459 41.6294642857142847 58.2455357142857153 100.8928571428571388 153.2232142857142776
-294.8053033054849266 -307.5760988013076371 -314.0392299309843906 -317.0773701416636641 -316.1823465310570214 -312.0889938249182478 -305.1551035234289770 -297.8572466400290750 -287.8852161278605308 -280.5811841627315744 -267.9869233563385365 -257.2829640392299098 -245.9883763167453594 -231.1805303305484927 -216.2753359970940892 -198.4714856520159856 -178.9978205593897655 -156.9789320741009817 -136.3654195423174826 -115.4802034144569518 -96.1867054122775187 -78.2084998183799485 -63.6926988739556847 -52.8430802760624800
172.0248349575605289 145.5375668028921723 121.3256837472492862 100.9547312165985602 89.7362464633762897 91.6743162527507138 107.1112857591952263 130.8412448915435391 155.7041810751336186 178.4360264067903188 195.1612700408676631 214.8107513360578480 266.3524049041182025 354.4561458660798507 415.8186104998428050 404.7390757623388708 336.0242062244577141 250.2892172272870255 166.1345488839987468 104.3476894058472197 63.9232945614586612 43.4533165671172554 42.4404275385099012 66.3674944985853443
-236.5801104972375697 -272.4751381215469337 -306.0055248618784276 -337.9060773480662760 -386.0828729281768119 -438.3204419889502788 -489.1436464088397997 -557.6519337016574127 -679.0165745856353396 -763.9889502762431448 -736.3204419889502788 -425.4806629834254181 120.2596685082872909 652.1712707182319946 788.9613259668508363 279.9060773480662760 -200.4033149171270622 -347.3867403314916942 -124.0165745856353539 44.7790055248618799 94.1491712707182273 82.6906077348066333 60.0055248618784560 74.5524861878453038
167.6962879640045117 177.5658042744657052 182.5556805399324958 185.5253093363329526 199.1136107986501713 216.6861642294713022 224.1833520809898630 214.3959505061867219 189.4713160854893204 154.5005624296962878 123.0000000000000000 87.8931383577052827 35.2868391451068604 -42.2924634420697387 -127.8031496062992147 -190.5871766029246430 -196.1496062992125928 -98.9617547806524129 165.5410573678290120 526.8650168728909193 679.7716535433071385 450.2429696287964020 130.1158605174353227 -1.3970753655793027
-176.9437575757575871 -182.1701818181818169 -181.9895757575757500 -177.5667878787878919 -171.0610909090909217 -163.7139393939393983 -155.7153939393939481 -148.4896969696969791 -141.8099393939394020 -133.9856969696969600 -126.2509090909090901 -119.1740606060606069 -110.7820606060606110 -102.5030303030303003 -94.4351515151515173 -83.8237575757575826 -71.3413333333333384 -55.5696969696969703 -39.2613333333333330 -21.5660606060606064 -3.7563636363636363 13.5658181818181820 25.1495757575757573 32.2637575757575732
528.4745370370370665 542.6412037037036953 538.8634259259259807 528.9537037037036953 534.1226851851852189 539.3819444444444571 549.4976851851852189 557.4444444444444571 574.1111111111110858 593.7013888888889142 599.9097222222221717 575.1388888888889142 544.2962962962963047 476.8703703703703809 364.8888888888889142 234.4490740740740762 99.4282407407407476 41.5162037037037024 85.2847222222222285 267.1134259259259238 565.8912037037036953 872.3263888888889142 1053.0601851851852189 899.8425925925926094
10.4494244773314549 7.8828282828282825 6.6045102184637070 6.3755226685459245 6.8593375616631427 7.4550622504110873 7.6903922950434582 7.5607704956542170 7.0488137185811608 6.3603476626732443 6.2569415081042985 6.1278834860230207 5.9115339440920840 5.8550152689687573 5.1781066478740900 4.6088794926004226 3.9152924594785059 3.1058022081277894 2.1768851303735026 1.9340850364106179 1.9181113460183228 2.3283533004463237 3.5969931876908623 6.5039229504345784
447.3658819332976577 450.4986623863028399 453.8569645086499236 456.4850187265917612 458.1856607811664048 457.9844836811129198 457.2256108435883561 455.4962546816479403 454.4393615123952372 454.4573747101836716 454.0105225610843718 453.7075084715534103 454.3361869092206007 455.0944355270198116 456.1476725521669096 457.2096486534688893 458.6442839308007819 459.8328874621009277 461.8995897984661951 464.4248261102193851 466.3615123952202453 467.6157481719279190 467.2255216693419015 464.0334403424291168
266.2803488372093170 269.4854651162790447 271.2467441860464987 269.8131395348837032 264.9646511627906875 257.0067441860464896 247.8751162790697720 241.2989534883720921 236.2937209302325527 233.4573255813953381 233.7724418604651078 239.2291860465116144 246.3369767441860461 248.6201162790697765 247.3473255813953529 241.2096511627906921 228.3455813953488303 207.4598837209302360 179.5920930232558135 147.8526744186046642 115.4394186046511663 88.3360465116279130 71.5931395348837185 69.2201162790697708
-2.0198991775006632 -5.9084637834969485 0.9933669408331123 14.6675510745555844 33.2544441496418131 60.2889360573096340 102.6736534889891175 155.6582647917219333 203.2178296630405896 224.6736534889891175 197.0262669143008623 142.7147784558238186 82.7543114884584838 22.7137171663571245 -20.2443618997081458 -39.0140620854337996 -36.2175643406739169 -16.9273016715309090 9.3871053329795711 33.0647386574688227 50.0554523746351805 58.5611568055187064 57.4550278588485028 61.6428760944547633
53.1991024071807459 42.2170542635658919 42.7572419420644607 54.9636882904936783 76.8245614035087669 108.1558547531619752 152.0057119543043598 204.4483884128926832 262.1211750305997725 322.5422276621786750 380.0024479804161501 429.2953896368829305 461.7645858833129182 472.1999184006527912 465.8037535699714340 450.5308037535699555 436.5871073031415790 428.6585067319461473 431.1835985312117714 437.4520603835169368 445.9306405548755379 450.0848633210934508 447.5218278253773860 436.9126886984903990
55.0300039478878773 63.8882747729964464 99.2297670746150828 154.9413738649822392 220.1164626924595211 281.7945124358467979 324.6281089617054931 336.7331227793130779 318.7043031977891587 287.9044611133043645 265.4719699960521098 252.8448480063166244 243.2785234899328941 237.3930122384524282 236.8807737860244629 239.8146466640347398 243.7074615080931608 245.1079747335175796 243.0538886695617862 237.2949072246348123 228.6040268456375770 216.1358073430714626 200.2583892617449806 186.3728780102645146
-12.6673860911270975 -19.0007194244604314 -26.3695443645083927 -37.0131894484412456 -45.7400479616306939 -55.2839328537170260 -64.9105515587529993 -74.0645083932853652 -82.7633093525179788 -91.9419664268585137 -101.8800959232613934 -113.6659472422062294 -125.7419664268585109 -138.9270983213429247 -154.5330935251798508 -170.0906474820143899 -183.0556354916067221 -194.2556354916067107 -204.2501199040767403 -210.7297362110311667 -219.3908872901678535 -228.1244604316546827 -232.5553956834532414 -226.3081534772182124
194.4851380042462949 215.3248407643312134 221.2059447983014877 207.2951167728237749 177.9893842887473454 147.6093418259023338 129.0021231422505252 102.0031847133758021 50.8970276008492561 -30.6613588110403406 -123.7282377919320595 -194.3768577494692238 -209.1656050955413946 -124.4012738853503208 140.1210191082802510 506.4437367303609108 661.8673036093417750 407.1740976645435239 105.8110403397027568 -19.1220806794055207 -12.4787685774946926 34.2876857749469224 87.2473460721868435 117.3832271762208137
28.9467455621301788 23.6357396449704140 19.6156213017751462 16.5618934911242590 9.9514792899408278 1.2920710059171598 -5.6939644970414198 -12.8002366863905319 -23.9235502958579893 -37.8660355029585816 -52.9725443786982240 -67.0598816568047340 -80.6887573964497022 -87.9107692307692332 -88.0681656804733706 -79.1891124260355070 -60.6201183431952657 -29.4537278106508893 11.6700591715976323 62.4811834319526653 118.2946745562130246 166.0056804733727915 188.3285207100591663 182.8120710059171472
99.9179651695692002 107.9427131072410617 136.0953253895508794 178.8006416131989056 252.1333638863428064 386.2456461961503464 519.1173235563702519 523.8350137488542941 383.2410632447296166 236.5623281393217212 145.2603116406966137 98.8941338221814874 82.0417048579285080 82.7786434463794620 98.6851512373968802 127.9005499541704864 161.1374885426214405 191.0242896425297943 211.0554537121906549 217.9670027497708418 211.5705774518790179 201.9564619615032086 202.2309807516040223 216.6759853345554632
409.1321452589105547 412.5085743106926657 415.1284465366509835 416.2727807666442459 417.0711163416274303 417.1255884330867616 417.8721418964357781 418.2813550773369116 418.1816577000672623 418.3721418964357781 417.7209986550100780 417.6574478816409055 417.5219401479488965 415.8059852051109715 412.4434263618022669 409.1282784129119250 405.3927370544720930 400.3391055817081110 394.1318090114324377 387.6866173503698860 381.6380295897780570 375.9263618022864648 370.7832885003362549 368.0418628110289205
220.7704387084110351 222.6751398567082276 229.0688978309942172 237.3688291294533315 246.1467268623024722 254.6756305820001955 263.5792521346550075 271.0571204239866461 277.7976248895868139 284.9719305132986733 293.7919324761998041 303.1325939738933926 312.7561095298851797 322.5526548238296414 332.9326724899401597 342.3987633722642272 350.9097065462754017 358.8893905191873728 364.9152026695455788 368.9333595053489034 371.6756305820002240 373.5406811267052944 373.7628815389145416 370.1189518107763092
23.2074165636588390 8.6452410383189129 2.1710754017305316 2.7826946847960445 8.5621755253399261 19.9117428924598272 35.0850432632880072 53.6165636588380750 73.5147095179233645 103.6593325092706976 153.3903584672435159 205.2576019777503120 237.7152039555006127 237.6358467243510404 199.5238566131025948 141.0751545117428805 81.4778739184177994 34.7320148331273160 9.8800988875154516 5.2088998763906060 14.3255871446229914 33.1762669962917158 56.5545117428924584 75.6195302843016037
-333.4190301921317428 -343.6880146386093315 -352.1052150045745748 -359.7090576395242465 -366.4661482159194748 -372.9176578225068397 -377.6935041171088869 -381.6701738334858192 -385.7264409881061056 -388.2296431838975082 -388.4734675205855297 -388.1569075937786124 -387.2291857273559117 -386.8266239707227783 -386.2886550777676007 -386.7479414455626738 -385.7150045745653983 -386.4002744739249806 -385.9300091491308535 -383.6184812442817815 -380.4954254345836944 -373.5896614821592152 -359.1052150045745748 -340.9437328453797136
295.8049853372434086 305.1851173020527881 300.0986070381231912 280.7745601173020304 254.0601173020527881 213.7067448680352015 164.9622434017595367 109.9442815249266800 54.5575513196480912 6.2661290322580649 -30.3093841642228732 -54.9677419354838719 -68.9805718475073348 -74.3020527859237490 -74.5560850439882756 -72.0502199413489706 -66.5861436950146697 -61.3178152492668644 -55.1803519061583572 -45.6356304985337218 -33.1162023460410566 -18.0300586510263940 -0.0707478005865103 16.5142961876832857
-45.5785627283800210 -50.1308160779537175 -52.6036540803897665 -53.8526999593991036 -55.0606577344701549 -56.0958993097848122 -57.5086479902557883 -58.3222898903775899 -59.2941940722695904 -60.8035728786033260 -61.6095818107998383 -61.6830694275274070 -61.5624035728786012 -61.3948842874543246 -61.5504669102720285 -61.9232643118148616 -62.5762890783597214 -62.1619975639464073 -61.5611043442955719 -61.2180267965895268 -60.7693057247259460 -59.3948030856678812 -56.9563946406820918 -52.8504263093788040
27.5313017977814596 21.6191508351396138 18.9678694377151587 17.5343618513323989 17.2983552212163723 18.1067193675889335 21.0790513833992108 25.4333800841514730 30.0455182965701901 35.7767435930128812 43.8152492668621676 52.9477240851714939 63.9636618640826242 75.3471885758000752 87.0373581537676841 98.2446767818436797 109.7229376514088983 124.7016447787836313 143.6843044753283323 161.8844829784521266 173.0594160397807002 177.2036210633686153 175.8863955119214495 171.5571847507331427
796.3076923076922640 809.1017094017093996 821.1743589743589382 832.6495726495726331 838.6376068376068815 839.6897435897435571 838.9277777777778056 831.0679487179487523 824.0739316239315713 813.3264957264957502 797.4495726495727013 778.9282051282051498 758.5512820512821008 738.8196581196581292 717.8166666666667197 696.7038461538461434 675.5431623931624472 656.3200854700854734 637.7769230769230262 620.5880341880341575 601.2735042735042725 582.1115384615384301 564.3303418803418481 554.5611111111111313
300.0856515373353091 269.1105417276720573 238.5186676427525754 211.3685944363103886 184.7990483162518274 154.5534407027818418 126.5581991215226907 108.8433382137628058 103.2302342606149352 112.5311127379209353 133.4692532942898993 165.7027818448023311 205.9436310395314820 251.2639092240117122 330.2163250366032230 454.5098828696925466 547.7009516837481442 537.5852855051244887 436.6431185944363165 328.3210102489019278 243.7946559297218130 189.6888726207906188 160.0948023426061582 155.1226207906295826
-14.8108509847640288 -30.0943887030843555 -41.9052396878483862 -50.1768859160163530 -57.2010405053883346 -61.5340022296544049 -66.4306949089557719 -70.9212188777406141 -71.7369007803790453 -68.7034559643255278 -58.9788182831661061 -43.6989966555183926 -21.7324414715719065 7.5544407283537716 44.2768487551096257 91.7484206614641380 148.9345968041620267 207.1835748792270522 264.9067261241174265 312.0483091787439776 338.0501672240802691 349.5990338164251057 342.4429580081754239 319.2233370494240035
367.5104477611940297 283.9820895522387900 198.7402985074626827 159.4000000000000057 233.3223880597014954 431.2865671641791323 645.1283582089552056 867.8955223880597032 969.0746268656716893 1002.7761194029850458 978.1373134328358674 934.3641791044775573 884.9044776119402513 815.9462686567163701 746.2776119402984705 643.0746268656716893 512.2805970149253199 402.5611940298507534 351.1641791044776255 357.5522388059701484 394.2567164179104680 440.5910447761194177 487.8835820895522488 519.5880597014925115
-188.3761904761904873 -205.8285714285714221 -215.9619047619047478 -216.9190476190476318 -216.2952380952380906 -218.8761904761904873 -225.4142857142857110 -238.1285714285714334 -254.1428571428571388 -281.5333333333333599 -306.5285714285714107 -338.6238095238095411 -375.7714285714285438 -425.3142857142856883 -487.9476190476190709 -559.0285714285714675 -652.8809523809524080 -754.8190476190476375 -789.7809523809523853 -615.1190476190475920 -221.5238095238095184 320.6619047619047365 606.3666666666666742 596.1428571428571104
56.9995093228655563 51.7205593719332697 42.6452404317958766 26.7212953876349353 10.2934249263984299 -0.0068694798822375 1.8662904808635918 11.9394013738959757 33.5775269872423934 70.6754170755642832 123.0490677134445576 184.2117271835132613 250.8491167811579885 307.1533366045142088 338.1687929342492680 337.3378312070657330 310.8842001962708537 284.4200196270853667 261.9789008832188415 241.9369479882237499 228.2730618253189334 219.8339057899901832 217.0174190382728057 218.7630029440628050
-178.8196013971645755 -188.2401890281487624 -194.8763098417916524 -200.8066570782823135 -207.6474214094924946 -214.8693240189028018 -222.3071707417300047 -228.3591534826381633 -233.4062050544483213 -238.7111156770084222 -243.6198890486952848 -247.0002054653790822 -250.0690363673720924 -251.4822272447092644 -252.8452845695500173 -254.6178343949044631 -255.9254160673926322 -256.6749537702897328 -257.2087528251489630 -258.2284775015409650 -257.4442161495787786 -254.1892336141360147 -249.9141154715430559 -241.5120197246763780
-610.9068203650335818 -611.7680115273775527 -612.5264169068203728 -613.0067243035542788 -613.1229586935638736 -613.2271853986551378 -613.1897214217099190 -613.1974063400576824 -613.3141210374640195 -613.5581171950047974 -613.8001921229587197 -614.0725264169068396 -614.3520653218059806 -614.4855907780979578 -614.6114313160422853 -614.9951969260326905 -615.4029779058597569 -615.5312199807876823 -615.5975024015369854 -616.9466858789625121 -618.7756964457253162 -621.3746397694524148 -620.1829971181556402 -616.5264169068203728
425.1050000000000182 439.7421428571428805 440.7467857142856928 427.7703571428571649 408.4700000000000273 380.4985714285714380 340.0853571428571627 290.8332142857142912 239.0324999999999989 185.0528571428571354 137.0392857142857110 99.7310714285714255 75.6217857142857213 64.4439285714285717 60.1803571428571402 59.5724999999999980 60.6521428571428558 59.2107142857142890 56.6707142857142827 56.7732142857142890 55.7585714285714289 58.7467857142857142 63.4717857142857156 73.2635714285714243
143.6456304376055186 144.3347617192572443 144.6357615894039839 143.5012336060251812 136.8462537332814009 127.2555512271133580 115.8865082456823785 104.6695234385144744 93.1643942345150009 81.3250227243215136 70.2038696273211258 60.5292819114400729 52.0870016880924567 44.5575899233865727 36.9562394494221564 28.9728606674457865 19.9896117387352277 11.3294377353590434 1.8909232567199066 -7.0642773665757694 -14.1168679392286709 -20.1890663550188272 -23.7984677314634467 -17.8001558239189706
90.0660299003322251 87.8459302325581461 96.1843853820598014 111.5000000000000000 140.8932724252491653 182.3309800664451927 233.6673588039867013 333.3305647840531378 466.2520764119601608 545.1108803986710427 481.4264950166112840 346.1877076411960275 237.7250830564784110 162.8675249169435233 116.5336378737541594 93.1370431893687680 89.4850498338870466 106.9410299003322251 143.6781561461793899 189.5955149501661197 228.2936046511627808 250.9323089700996547 246.7836378737541452 235.1262458471760795
-181.4761194029850628 116.3029850746268608 580.7910447761194064 829.9895522388059135 460.9313432835820663 14.9074626865671647 -128.7716417910447717 -58.8850746268656735 30.0417910447761187 109.4223880597014897 150.7761194029850742 163.1970149253731392 146.1850746268656849 130.7208955223880480 116.8462686567164184 117.6253731343283562 130.2925373134328311 150.6776119402985046 178.9716417910447888 191.1865671641791096 182.0358208955223915 155.2447761194029852 131.0223880597014841 111.2865671641791039
145.3547637490317470 140.8255228505034893 144.2461270333075163 156.2110766847405046 178.6888071262587232 213.5557707203718110 258.7583268783888570 313.8902013942679901 372.9260263361734928 422.4688226181255004 441.9527498063516759 425.6037955073586545 391.3417893106119436 357.8499225406661708 333.9080170410534265 316.2896979085979865 300.8698683191324790 289.5149109217660452 281.6659566227730238 278.8497288923315409 279.9554608830363804 283.6795120061967737 288.4953524399689968 291.0433772269558403
191.9009524474060697 191.2864319854865016 191.4741653002128317 191.6805637930432908 191.7166381746502566 191.7562362627778043 191.6161602065380407 191.8589121864424385 192.2728953703380625 192.5046575724801983 193.0931863377873867 193.7050901859540204 193.9767993580574341 194.0871855702473567 194.0550535533614891 194.0143739315493860 194.3016781216201991 194.7983463001081645 195.4234727697728715 195.5446394306248408 195.3553710358301601 195.3682796636779244 195.5469769389108023 195.9151170498552119
320.9824626865671462 316.9110074626865412 312.8162313432835617 310.4167910447761187 307.5722014925373173 309.1365671641790982 313.8759328358208904 320.5973880597014727 327.9166044776119406 335.9044776119403082 344.5850746268656621 353.1462686567164155 360.6046641791044749 366.5061567164179337 367.3591417910447490 361.3050373134328197 347.4957089552239040 324.2988805970149429 289.5477611940298743 245.5250000000000057 198.1729477611940240 155.7162313432835958 127.0223880597014983 121.0902985074626912
208.9334949250113596 216.1969398575973287 225.1404332676867170 231.0354491743675283 228.5227995758218356 217.4693228298742724 198.9378881987577756 171.8666868656264342 138.3390395394637267 104.5455234055446141 77.5768822905620397 62.1371004393273765 56.4535676412664742 53.2960157551886056 48.7617027723072241 42.4509922738978958 37.7613997879109249 39.1896682320860492 46.5906680805938507 61.7442811695197662 83.8257839721254356 108.8718376003635768 133.1183154067565511 154.0260566580820978
87.0594777562862703 85.0293359123146359 79.4930689877498367 72.2222759509993608 64.0448098001289452 52.5114442295293387 39.6460348162475853 27.1092843326885884 14.6881044487427470 2.5715667311411994 -9.9002256608639581 -21.7184074790457764 -33.4329464861379790 -43.8849129593810474 -54.1507092198581574 -62.5459381044487444 -71.1881044487427488 -79.7298517085751115 -88.0082205029013522 -94.8626692456479645 -98.6123468729851709 -102.3555770470664044 -103.6976144422952899 -98.1100902643455868
237.3156626506024054 252.1739759036144619 218.9660240963855529 150.2944578313253032 79.8306024096385585 18.5942168674698785 -28.6624096385542160 -56.3151807228915686 -61.5106024096385511 -49.5537349397590390 -27.8797590361445771 -3.1679518072289157 15.1715662650602408 26.9183132530120481 37.8814457831325271 45.4137349397590384 51.9004819277108425 57.3154216867469870 62.0014457831325316 63.6501204819277078 63.2101204819277100 59.5713253012048227 58.3284337349397575 62.0190361445783154
569.9500093615428113 573.0249017038007651 576.1207639018909958 578.9901703800786663 580.8288709979404985 581.6838607002433719 582.9377457404980305 582.9830556075640970 583.9475753604193642 584.0014042314173821 584.2545403482494066 584.3562067028645970 583.5791050365099863 584.1088747425575320 584.6975285527055348 585.6332147537914352 586.7013667852462504 588.0638457217748964 589.4856768395432027 590.6953753978655186 592.1520314547836961 591.5903388878487021 589.2306684141547066 585.3690320164763534
303.7624442155853330 306.5293511843460124 313.2481977342945356 322.8836251287332857 333.3779608650875161 340.8832818400274505 347.5423961551665002 353.6797116374871166 359.5743220048060493 360.5087538619979455 353.3734981119121130 337.1065911431513769 315.1824579471335142 287.8904909028493080 253.4596635770683122 215.4260212838997575 180.5825609337452704 152.5599038791623627 135.7231376587710372 131.6963611397185048 135.5247167868177200 144.7715413662890569 154.8525575008582109 164.1671815997253816
159.7199046483909513 158.7914183551847316 132.0911799761620955 88.6084624553039362 34.0536352800953495 -19.7348033373063174 -71.7741358760429051 -120.0661501787842695 -157.4153754469606667 -184.8510131108462531 -204.2145411203813978 -218.1799761620977449 -221.8235995232419668 -212.4684147794993976 -194.6096543504171734 -170.3390941597139374 -142.3021454112038100 -119.3116805721096512 -97.1996424314660317 -86.8384982121573330 -80.8635280095351590 -74.8820023837902227 -66.9535160905840314 -62.3361144219308727
220.7346733668341585 223.8361809045226209 196.5145728643216216 160.9547738693467238 142.2623115577889337 118.1085427135678430 75.4984924623115603 6.8281407035175876 -85.5175879396984868 -159.0281407035175789 -187.0422110552763684 -134.6381909547738758 82.5437185929648223 437.4954773869346809 653.7155778894472178 491.2241206030150806 169.0814070351758858 11.5326633165829140 -11.5326633165829140 27.0502512562814061 79.0080402010050307 116.4824120603015132 131.1577889447236203 121.0894472361809022
762.4052945563012145 765.6825751926422754 767.8655232413622116 768.7234650758140333 768.4816057668406302 768.5384041759880347 768.3250062142680008 768.8240119313944660 769.3267462092965161 769.5876211782251630 769.2572706935122824 769.3598061148396710 769.7828734775043813 770.0812826249067484 770.9180959482972639 772.7398707432264473 773.3260004971414219 773.2747949291573377 772.4743972160079011 771.7322893363161711 771.3559532687049796 770.5411384538900847 768.0978125776783827 764.7126522495650534
-148.1987746766507712 -164.5023825731790339 -157.9206943498979001 -139.9496255956432833 -110.0510551395507122 -72.2195371000680666 -32.6987746766507854 6.2164737916950310 44.2576582709326090 81.0333560245064604 108.1609938733832479 132.0728386657590079 147.2409802586793717 158.9400953029271477 168.0970047651463517 179.7406398910823668 190.8886997957794449 201.1936691626956986 205.2239618788291295 205.1926480599046840 203.9571136827773898 202.0422055820286005 197.3107556160653644 192.2974812797821755
327.3097826086956275 237.5896739130434696 183.6222826086956559 173.8614130434782510 228.9375000000000000 321.8043478260869392 437.6929347826086882 639.1956521739130039 816.8858695652173765 851.2989130434782510 637.1576086956521294 302.1032608695651902 17.5679347826086953 -114.1440217391304373 -26.3423913043478244 169.4429347826086882 449.0760869565217490 692.3559782608696196 839.6385869565217490 790.2364130434782510 545.1277173913043725 323.2146739130434980 236.8070652173913118 213.1304347826086882
118.1183336496488891 116.8902543177073454 116.6632662744353723 116.0058360220155578 115.1519263617384752 113.9780793319415437 113.6132567849686836 114.2958341241222229 115.6354146896944428 116.6827671284873844 116.9882805086354125 116.4574397418865033 115.7736287720630060 115.4078098310874907 115.5691782121844682 115.9559214272157845 116.4800246726133963 116.7825014234200012 116.7138925792370401 116.1145853103055572 114.9262668438033757 113.6824349971531660 113.2601537293604110 113.9616151072309691
21.1438289601554921 4.8901846452866859 -17.9679300291545196 -42.9572400388726905 -74.3615160349854278 -106.2565597667638428 -135.9611273080660965 -163.4101068999028143 -188.8221574344023281 -213.1068999028182702 -238.2478134110787096 -264.9669582118561948 -287.9523809523809632 -309.8338192419824964 -327.6005830903790184 -346.7541302235179614 -366.0991253644314725 -383.7376093294460588 -401.5344995140913511 -428.7619047619047592 -449.6044703595724172 -468.8124392614188309 -475.5646258503401214 -446.8289601554907904
602.9211195928753568 606.6539440203562208 608.6972010178117216 612.7709923664122016 591.1984732824427056 558.4096692111959328 546.7302798982187824 510.0763358778626184 466.7582697201017936 411.2773536895674056 351.7913486005089112 283.7531806615776304 241.5038167938931224 247.3944020356234148 336.7251908396946760 521.0381679389313376 712.2468193384223696 895.2239185750636352 978.1475826972010736 1001.9363867684478464 969.9745547073791840 932.0152671755724896 863.2111959287532272 803.6513994910941392
-20.7973124300111998 -42.1392310563643164 -32.5595371407241529 25.1646136618141085 141.8536767450541163 276.4203060843598223 332.5569242254572373 259.2090332213512625 144.9761104889884393 62.8678611422172438 18.1194475550578566 2.7226577081000372 10.3411720791340045 33.1284061216871990 59.2937663307204161 83.6759985069055574 97.8051511758118721 96.7607316162747253 86.3743934303844725 77.6095558044046356 70.3150429264650967 71.4871220604703268 80.1907428144830163 93.7431877566256020
503.3276000000000181 594.6671999999999798 584.0235999999999876 445.8315999999999804 315.5835999999999899 235.4248000000000047 185.8343999999999880 152.6388000000000034 146.0963999999999885 156.3648000000000025 182.2160000000000082 215.7264000000000124 254.1476000000000113 283.1447999999999752 298.6188000000000216 292.3883999999999901 280.6872000000000185 286.2776000000000067 301.6016000000000190 307.3439999999999941 292.5631999999999948 266.5135999999999967 238.0132000000000119 210.1411999999999978
330.0227272727272521 340.2667112299465089 345.7774064171122745 346.5952540106952142 341.3813502673796734 333.8298796791443692 325.9120989304813065 318.2309491978609799 313.1524064171122745 311.9271390374331645 308.9819518716577704 301.2383021390374438 283.7379679144385136 255.8322192513369089 221.4154411764705799 182.0180481283422580 136.5287433155080237 86.8863636363636402 36.8459224598930462 -9.0334224598930479 -41.9324866310160402 -59.4582219251336923 -58.2673796791443834 -42.2556818181818201
9.2593659942363118 -26.7002881844380404 44.8587896253602310 224.6628242074928039 495.6974063400576256 829.1642651296830309 1069.1066282420749758 786.2651296829970988 284.8962536023054781 6.7838616714697411 -73.0691642651296860 -1.1959654178674353 159.7031700288184481 373.5763688760806644 524.9221902017291086 653.5619596541786223 668.5821325648414586 554.1757925072046191 359.5590778097982820 232.2478386167146880 183.8357348703169976 203.1181556195965356 248.0979827089337277 335.7377521613832982
24.5737142857142850 25.2731428571428580 47.6502857142857152 78.8034285714285687 108.5828571428571365 127.7577142857142860 140.4205714285714350 152.6331428571428432 170.3280000000000030 183.7439999999999998 175.0388571428571538 141.9908571428571520 96.3565714285714279 55.9691428571428560 10.8571428571428577 -57.8742857142857119 -137.5965714285714228 -216.1485714285714153 -262.8011428571428496 -228.1074285714285850 -55.2571428571428598 251.7931428571428683 544.8788571428571004 543.9679999999999609
243.2598301352626606 246.3004089336269260 250.2334067316766379 258.0471846492607710 264.9075180874488638 268.5712488203837438 269.9701163888015003 268.7068260459263911 259.4520289399181934 238.7634476250393334 205.3787354513998196 159.6115130544196177 107.4032714690154080 53.4403900597672248 4.7986788298206982 -35.4385026737967905 -64.0154136520918513 -81.3063856558666203 -86.3262032085561515 -83.4960679458949357 -76.6599559609940258 -67.8798364265492324 -54.6310160427807503 -32.2368669392890865
275.8363636363636147 278.6574223245109465 279.9750287686996444 280.5329113924050830 279.8208285385500744 277.9933256616801032 275.4327963176064600 272.9706559263521513 267.0504027617951692 251.5995397008055363 226.9256616800920483 197.8555811277330179 169.9052934407364717 146.6907940161104591 129.1760644418872346 116.4285385500575387 109.4191024165707660 108.3249712313003386 112.7602991944764028 119.9680092059838898 127.4421173762945898 134.9537399309551233 142.6048331415420023 153.8456846950517729
-72.5169170080412755 -81.4556213017751531 -83.7267485965710847 -83.2670307995751813 -81.5823092095281481 -77.4372629343043570 -71.1423152784099528 -63.5480200273099669 -52.4953724776209967 -40.0493096646942774 -28.4135942952511016 -15.5824609315733582 0.2671825216203915 16.6804733727810657 31.2644515248065531 44.3202852374449989 55.4037323623122475 64.5945986951904132 72.3573054164770184 77.0781368532847893 78.9556971627977475 78.7008041268396283 78.7001972386587738 78.4519799726900260
543.8522250209907725 552.9613769941225883 548.0268681780016777 538.2464315701091664 525.1918555835432016 511.0961376994122816 494.8178001679261229 474.4920235096557235 448.5075566750629719 416.5314861460957445 374.8518052057094678 325.4118387909319949 272.3178001679261229 222.5885810243492813 182.3207388748950564 152.8186397984886753 137.4000839630562609 129.8312342569269617 128.6616288832913426 128.5642317380352608 129.8383711167086574 130.5848026868177953 130.2078085642317262 133.0587741393786700
514.8941626794257900 517.3977990430621503 517.6828708133971304 517.2112918660286596 516.0810526315789275 514.8422009569377451 514.8007655502392481 515.0386602870813704 514.9988516746411733 515.0044976076554804 515.5358851674641301 516.4705263157894706 518.0489952153110380 519.1951196172249183 519.9014354066985106 520.9275598086123864 520.9752153110048312 521.3565550239234199 520.9460287081340084 520.2521531100478569 519.8905263157894296 519.2606698564593444 517.6164593301435843 515.2362679425837086
-320.4473684210526585 -383.0526315789473415 -455.7719298245614254 -570.8596491228070136 -696.2543859649123306 -737.4385964912280542 -549.8070175438596152 -73.0745614035087669 541.7938596491228509 830.7675438596490949 575.5394736842105203 -59.7412280701754383 -283.6052631578947398 -190.8245614035087669 9.6096491228070171 90.5394736842105203 84.4692982456140413 46.3552631578947398 31.8552631578947363 43.1008771929824590 78.0921052631578902 108.0087719298245617 125.6140350877193015 146.7807017543859729
71.3008464328899692 71.1567110036275636 94.4962515114873014 129.2457073760580499 166.4650544135429300 200.5243047158404011 225.6067714631197134 237.9702539298669990 247.8732769044740110 267.7453446191051967 287.5784764207980402 292.3037484885127242 273.1158403869407607 236.5047158403869503 192.8972188633615588 152.8824667472793237 119.2519951632406219 91.6766626360338535 70.5562273276904506 57.8413542926239401 56.0805320435308374 65.5480048367593753 83.7015719467956529 107.6510278113663901
527.1306256860592612 554.4083424807903384 568.7661909989022888 571.7299670691547817 555.4368825466519866 513.2568605927551744 457.7167947310647378 394.7804610318331697 321.7343578485181297 246.5192096597145905 196.0164654226125265 224.9824368825466649 310.5466520307354585 448.6948408342480548 593.4226125137212193 714.2755214050494033 720.3721185510428313 651.9802414928649341 555.1745334796926272 463.6904500548847636 376.8770581778265409 318.6926454445664376 297.2019758507134952 308.0998902305159390
342.1813998884550756 344.3693530395984226 346.3423731176798697 348.6817484662576589 350.2084495259342134 351.3556887897378829 351.7205800334634773 352.8273842721695246 354.6376185164528465 356.2748884551031665 357.7529977691020804 358.9773424428332191 360.0280256553262461 360.9295872838817445 361.7845092024539895 362.6217930842163923 363.1137060791969020 362.8816229782487426 362.4083240379252402 361.9788761851645518 361.5531929726715248 360.4825711098717420 358.6972253206915866 356.4076965978806584
421.5435915248349943 427.3532476554358936 435.1990274400833414 443.3768669676971399 456.3435220562695349 472.3001042028482175 489.3372698853768838 509.1146231330322962 533.2143105244877006 561.4397360194511748 592.0854463355332200 624.3594998263286016 656.8496005557485660 683.1219173324070653 703.5741576936436559 715.7777005904828229 727.0031260854462971 731.9822855158040511 737.7082320250086696 739.9444251476206773 740.0496700243139685 735.0236193122611894 727.2302882945467672 719.9635290031260411
124.3994927076727919 120.8478123018389283 121.5884590995561183 127.9854153455928980 134.3354470513633601 140.5852885225110924 151.0919467343056510 163.6176284083703365 178.8103994927076599 192.7863031071655087 206.4032974001268315 215.2745719720989257 216.5237793278376728 200.1357006975269428 168.5840202916930934 119.5960684844641690 62.5155358275206083 -0.0532656943563729 -68.7482561826252407 -140.0456563094483329 -207.2910589727330262 -253.5770450221940280 -253.4432466708940979 -204.5066582117945586
372.7750160702806852 374.7655881722733966 385.5772444825369689 402.4026140989929559 422.7700878508678102 444.7555174630383590 465.2592671952003229 483.9048639382901342 499.2757660167130780 514.0434968930790092 526.1150632097707103 535.1682022712662956 542.1791300621383698 545.0694236125990528 547.2425541032783940 548.5112491964860055 552.6224555388901081 561.3994000428540403 572.1150632097707103 582.7728733661881506 590.4426826655238756 595.3430469252195962 597.3503321191343503 590.9134347546603294
51.9927316777710473 38.3431253785584474 34.7964869775893391 34.4006662628709847 37.8388855239248940 41.9055118110236222 45.4975772259236848 52.5696547546941275 65.1126589945487524 84.0748031496062964 110.8967292549969699 146.1901877649909238 190.4600242277407744 240.6505148394912226 293.9061175045426921 343.9436705027256380 382.3055723803755086 406.1247728649303212 420.6329497274379037 429.7680193821926196 434.0493640218049904 428.6986674742580021 421.3361599030890261 407.3997577225923692
735.3886462882096566 815.8864628820961116 723.8056768558951717 448.6812227074235579 154.9410480349345107 -45.2641921397379932 -44.8013100436681242 101.6768558951965105 361.1179039301309786 601.3013100436680816 789.6310043668122489 811.2969432314409914 646.3253275109170772 423.7707423580786212 311.6965065502183165 267.6462882096070075 284.9475982532750891 326.1048034934497650 390.6419213973799174 455.6484716157204957 510.3231441048034753 514.2641921397380429 442.3646288209607178 351.3449781659388691
264.6370050960407525 263.1560172481379709 265.1144649157193385 269.9557036456291712 277.1615052920423636 287.9678557428459271 301.4092512740102165 319.2316738533908165 342.9016072128576980 369.1568012544100270 400.6522932183457328 436.2669541356330569 472.0658565268522011 511.5785966287730275 544.9725597804782637 575.7502940023520068 603.1332810662485144 622.0756566052527887 637.4092512740102165 647.4053312426499360 652.0450803606429417 652.5539004312034876 651.8886711093688291 648.5652685221481306
228.3597122302158198 243.6874820143884790 252.0356834532373966 255.8658992805755474 259.9263309352518263 267.9415827338129361 276.7240287769784004 276.2863309352517831 262.1559712230215951 238.8017266187050325 214.9061870503597049 192.5807194244604261 169.9876258992805731 142.5833093525179720 112.8414388489208591 92.2204316546762612 82.8612949640287724 89.3974100719424456 113.3899280575539592 153.3933812949640298 218.1576978417266162 318.1234532374100468 440.4693525179856124 498.2155395683453207
839.6354291816846853 842.7801361633960369 845.1949005473234138 846.6111333600319995 847.7326124682953150 848.7858763849952766 850.0018689093578814 850.6397009745027162 851.5202242691229912 852.5459885195567722 853.2790014684287598 853.5418502202643367 853.5473234548123855 853.7383526898945547 853.8531571218795762 853.8882659191028779 853.7884127619810215 853.5262314777733081 852.7889467360832896 851.5726872246696075 849.8042984915231273 847.9700974502736699 845.8567614470698572 842.7288746495795522
664.5758502101642762 668.0231817602852971 670.8448605273213161 672.2361482613679300 671.7693287479302171 670.7951853267099978 669.7534072092727229 669.1992102916825615 668.8484269519806276 668.7968411667303599 669.6237421984460525 669.9293083683606937 670.0649598777225719 671.1886383900140345 672.5420965482104521 673.5396764743344420 674.6559673926888081 675.5952108011717883 675.7297159597503651 675.0836836071838434 673.9738886766017458 673.0975671888930947 670.8638390014010611 666.2379314736975857
111.3342490842490804 45.9331501831501825 -29.9606227106227117 -96.6501831501831532 -119.8223443223443212 -77.8516483516483504 116.5714285714285694 428.3598901098901024 636.4010989010988624 459.5366300366300152 155.4542124542124668 16.7316849816849818 4.8150183150183148 36.3287545787545767 87.8195970695970658 136.0915750915750948 165.6153846153846132 171.4423076923076792 154.5869963369963500 127.2884615384615330 113.5274725274725256 115.0036630036630072 128.9532967032967008 151.2032967032967008
297.4210343630683724 316.1771954182575541 326.7250954529677074 317.1657410621311897 284.6666088163831887 237.2297813259284851 185.9958347795904103 137.9923637625824426 104.8516140229087057 89.3875390489413348 90.4177368969107960 101.1074279763970907 115.8965636931620935 130.3608122179798556 140.4052412356820412 147.6303366886497770 154.1055189170427013 160.1980215203054456 170.6242624088858122 184.7653592502603317 201.3795557098229665 217.8549114890662963 231.3316556751128132 241.5930232558139608
-132.8967026553837059 -138.3168952436533345 -142.4013714619200357 -144.7379632331485197 -146.9166909833673742 -147.2293551210971714 -147.2563466588853203 -147.7862562007586860 -148.5268456375839037 -148.7888824044353555 -148.7764808870732338 -147.7236650131310114 -146.6800408520572034 -145.8997665596731963 -143.5612780857893256 -140.3780274292384149 -138.3504522906331999 -138.6393346950685839 -138.8113510358914482 -137.9573971403559938 -136.0941056317478797 -133.8106215348701369 -129.4839509775313786 -124.7664137729792770
621.9591836734693970 632.2772959183673720 632.0910714285714675 624.8451530612244369 613.4382653061225028 600.7655612244898293 586.4163265306121957 572.0834183673468942 560.0535714285714448 547.5086734693877588 533.1117346938775654 516.3267857142857338 497.6778061224489988 478.6198979591836746 460.9010204081632764 449.9224489795918203 447.0885204081632764 444.5163265306122184 446.8079081632653242 452.7548469387755290 457.3566326530612400 457.2395408163265529 452.9390306122448919 448.5331632653061433
161.9310933498874761 161.0660355396911712 161.1271048343291739 161.1984946069682678 160.5530379452161185 160.0133467835803458 159.7282532784977036 159.4859548382090395 159.0944362535888956 158.3373166757197055 157.2132769457593042 156.3421277256149722 155.8557073019321706 155.6941491425467632 155.9424225964149855 156.3908202064095576 156.8559788934585129 157.1723054240707711 157.1750989369131730 157.0051990377900211 156.6648948552805223 156.0990533095367425 155.6811515480717105 155.9583301001008806
279.0948799537171112 289.4720856233728910 296.8649117732137483 299.3633207983800730 290.5938675151865596 270.2325715938675330 242.2762510847555575 218.2993925368816974 198.7740815736187585 182.1628579693375798 163.9071449233439353 145.0465721724038133 130.4989875614694768 125.5180792594735379 131.5426670523575297 148.9262366213479822 176.2979461961238030 213.4223315013016986 265.4136534567543890 342.2811686433323644 445.2042233150129960 523.8009835117153443 520.1391379809083446 448.5322533989007638
-77.1842293906809971 -99.5100358422939024 -110.5071684587813650 -109.5931899641577019 -96.6971326164874512 -73.2820788530465990 -41.1845878136200696 -3.9035842293906811 26.3523297491039443 50.9225806451612897 69.2419354838709609 86.1308243727598608 91.3293906810035878 91.4630824372759861 78.5118279569892508 53.0853046594982061 19.8652329749103949 -19.6182795698924721 -61.0637992831541183 -99.7025089605734820 -131.7129032258064569 -148.2734767025089582 -144.4379928315412087 -117.5899641577060919
264.4615246395040913 265.1947801087102903 266.4237455639908490 267.7790305916176408 268.4990341853465452 268.9625802973810664 268.5586451641884764 268.3175508737253381 268.2432954494407227 268.0641480616324657 268.1168860338709123 268.2737523022325945 268.2548403036701075 268.3938726921521720 268.6015003818337163 269.0081757333452970 269.6708593504334885 270.3220430349040839 270.3609900723237729 270.6503301738466121 270.9926777772786295 270.9062485961996458 270.1296886932303210 268.6146624140874337
123.0437275985663064 107.9782556750298710 100.5371565113500623 96.7560334528076424 92.2160095579450427 80.5232974910394290 62.5412186379928343 41.6771804062126634 27.6045400238948631 22.1684587813620055 25.9010752688172055 39.4872162485065701 64.6346475507765774 103.0236559139785015 151.9851851851851734 211.9005973715651123 283.6238948626045158 341.9579450418160036 354.2929510155316848 317.3589008363201742 265.2121863799283119 218.8195937873357195 186.8038231780167280 169.6786140979689321
-750.8087105038429172 -751.4807856532877395 -751.8351836037575140 -752.2117847993167743 -752.6507258753202905 -753.0170794192997619 -753.2356959863365091 -753.5251921434671658 -753.6942783945345354 -753.8847139197267779 -754.0008539709649540 -754.0674637062339798 -754.1041844577284792 -754.0708795900939094 -753.7959009393680390 -753.5431255337318817 -753.1836037574722695 -752.7805294619982988 -752.3620836891545878 -752.1801878736123399 -751.7736976942784395 -751.4304013663535216 -751.0478223740392423 -750.4842015371477828
168.6993076162215743 153.1918892185954633 104.7764589515331295 26.0761622156280914 -66.6399604352126573 -144.4391691394658892 -180.4737883283877409 -141.5608308605341108 64.4747774480712224 396.2265084075173149 626.1928783382788879 488.7319485657764631 176.1315529179030648 17.3630069238377835 -17.9396636993076157 8.9910979228486649 68.3036597428288843 121.5954500494559909 146.9208704253214535 144.1819980217606201 117.7052423343224490 82.7754698318496480 65.4965380811078148 76.6439169139465832
-216.0721649484536044 -240.3505154639175316 -262.6185567010309114 -283.3350515463917532 -310.4845360824742215 -345.1855670103092848 -389.2835051546391583 -439.3144329896907152 -491.6701030927835063 -550.7989690721649367 -649.2731958762886961 -749.3505154639175316 -788.2886597938144178 -622.7010309278350633 -224.5824742268041234 344.2525773195876013 675.0567010309277975 633.7989690721649367 82.3195876288659747 -234.6134020618556804 -271.3711340206185696 -61.6597938144329873 72.5773195876288639 89.9278350515463956
67.3337953629032313 65.7532762096774235 65.5575856854838719 66.3444430443548328 66.4110383064516157 65.8038054435483843 65.0311239919354875 64.8824974798387046 64.2362021169354875 63.6011844758064484 62.9198588709677438 62.2997101814516157 62.1442792338709680 61.7683341733870961 61.7106854838709680 61.7883694556451601 61.9477696572580641 62.4684979838709680 63.2940398185483843 64.1985257056451672 65.3245967741935516 66.3245337701612954 67.7052671370967687 70.4528099798387046
217.9687436573980222 201.2735944793992360 172.0604830525674913 142.1648061700832102 119.6259387050943843 106.4913740612949056 104.5573371219809218 104.0073066774913713 96.8189567688248474 85.2750152222447753 76.2159529125228374 70.9742236655165470 73.8437182869900539 84.3389486502942987 102.5181652120966049 130.4424599147554318 170.2612137203166185 218.1972802922670951 273.1197483255530756 336.3251471483661703 383.8788309316013851 389.0190785467830210 362.0681956565861697 331.0822001217779302
299.3061695809963680 306.0000000000000000 296.2860442098317435 269.4896073903002502 243.0122071923457554 219.6542395249092579 197.8894754206532411 172.5701088749587484 144.6661167931375758 122.0936984493566513 109.6654569449026724 111.6753546684262659 126.2263279445727449 153.8479049818541853 193.9082810953480589 242.9709666776641370 310.4879577697129776 410.2500824810293807 513.9458924447377512 536.4071263609370135 466.5681293302540666 374.8069943912900044 304.3738040250742074 263.0821511052457709
-81.3505747126436773 -68.8193760262725789 76.1083743842364555 344.0320197044334805 602.9802955665024911 567.4458128078817936 265.0188834154351412 48.8119868637109988 5.2733990147783247 35.5279146141215136 84.4753694581280854 132.4269293924466240 161.0870279146141115 176.9022988505747094 179.0796387520525457 169.8850574712643606 160.0837438423645267 166.0213464696223298 171.1461412151067236 178.3522167487684840 190.7274220032840617 196.5353037766830937 188.2175697865353072 177.3768472906403986
166.7116345467523217 177.3104925053533236 183.1249107780157033 182.7466095645967243 177.8772305496074182 172.9743040685224855 164.2955032119914449 146.8579586009992966 116.1962883654532419 73.6181299072091377 25.4039971448965041 -26.3269093504639535 -81.3133476088508189 -133.2019985724482467 -178.9864382583868689 -215.4425410421127651 -246.0692362598144314 -264.7287651677373219 -277.1427551748751057 -283.9428979300499805 -284.0927908636688244 -275.9079229122055494 -259.6181299072091520 -233.8650963597430348
-197.5099009900989984 -198.9653465346534631 -205.9455445544554379 -223.6039603960396107 -248.9950495049504866 -271.7821782178218086 -293.3267326732673155 -317.2277227722772182 -350.2128712871287348 -393.1534653465346310 -441.4900990099009732 -494.6683168316831711 -556.7227722772277048 -655.7821782178217518 -759.8118811881188321 -787.8811881188119060 -604.9752475247524899 -190.0445544554455353 363.3267326732673155 655.1138613861386375 579.7376237623761881 62.3366336633663352 -232.1683168316831711 -254.4455445544554379
-299.8863636363636260 -450.0292207792207932 -579.6071428571428896 -626.5616883116882718 -450.7272727272727479 54.6331168831168839 611.9675324675324646 872.3279220779220395 473.6331168831168839 -38.8116883116883145 -235.0064935064935128 -121.6623376623376629 13.4545454545454550 91.1233766233766289 110.2370129870129887 84.0454545454545467 44.2402597402597380 35.0194805194805170 32.8863636363636331 55.5746753246753258 95.6428571428571388 136.6363636363636260 152.3798701298701417 142.9610389610389518
189.6550406115623559 181.6834687052078436 170.9225991399904387 156.2959866220735705 142.3941710463449510 135.8325370281891935 136.4240324892498677 147.0972288580984184 171.4524605828953554 210.3454371715241393 260.3170090778786516 323.6507405637840407 400.6564739608218133 465.3686096512183212 478.5864787386526586 437.8862876254180492 382.0728619206880126 338.1636407071189865 311.4185379837553569 290.2073578595317827 270.3956043956043800 257.5054945054944824 252.9118490205446790 255.3760152890587563
430.9049943672549716 452.9737138565527630 465.3064213293278044 467.4397296282388083 454.8719489297784548 431.9327825760420296 403.4141945174615103 375.6128426586556657 347.5328576793090747 317.6376267367630248 288.8295155839279005 268.0653398422831515 253.3785204656402641 246.3548629365377280 254.0075103266992187 274.5088246338715976 306.0157716860683195 349.8167480285392230 406.4408561772436883 467.0090123920390397 513.2699962448366477 528.6060833646263291 513.2812617348854474 477.7055951933909341
-234.9331226961558627 -247.2727751448130675 -254.6519220642443315 -253.6108478146392713 -249.3654555028962534 -243.9399684044233823 -228.8536071616640299 -209.3649289099525959 -185.4860452869931464 -157.2085308056872179 -125.3533438651922012 -87.8046340179041636 -50.6066350710900466 -19.1721958925750400 12.0947867298578196 39.3006845708267534 61.3059505002632932 81.8788836229594494 104.0505529225908390 124.2269615587151179 139.6361242759346908 149.6398104265402935 156.5818852027382775 156.2638230647709179
154.4659014179608505 150.8312795408507725 151.2865462525320766 153.3352464550979164 156.2872214719783983 160.9036968264686038 167.5898041863605670 175.7623227548953366 185.3791357191087172 195.8667285617825655 207.6076130992572644 220.3555030384875124 233.4150911546252587 246.6376603646185117 260.5414415935179022 275.0192437542200992 288.4946826468602126 299.1239027683997165 306.9681802835921758 313.0041357191087172 318.4063133018231042 323.0141796083727286 324.6425557056043090 323.0575624577987810
173.7409240924092444 186.2684268426842777 227.2709020902090344 289.7403740374037397 369.2334983498349743 450.8855885588558863 506.2480748074807479 508.2852035203520131 463.6771177117711886 406.5129262926292881 362.7340484048405074 328.1089108910891241 298.9972497249725052 277.6463146314631558 264.4953245324532531 261.0684818481848311 265.8149064906490366 275.4469196919691854 288.7433993399340011 300.4988998899889907 308.2101210121011832 311.2013201320132225 315.9870737073707119 319.0126512651265216
241.5378131307135163 233.8545648818710561 221.9021726225810198 209.0080731330879757 198.5386441885314071 192.2922949068027947 190.3161581384304952 189.5177490205390143 189.1684672919387253 187.7385729550041447 182.9423008429300808 174.0334797578060204 160.8175234477027118 145.7764454469903797 131.5980054612370793 119.0667220705211946 105.4609996438323662 90.3813368158613315 73.1169417072301968 52.6426451383117637 33.0219636709011013 17.9218805651193165 10.1360560370414348 15.2046776682892073
-851.7859327217125838 -851.9602446483180529 -852.4984709480122547 -852.9663608562691479 -853.5810397553516395 -853.8165137614679452 -854.3425076452599569 -854.6146788990826053 -854.8226299694189265 -854.6605504587156474 -854.5229357798165211 -854.3822629969419040 -854.2996941896024055 -853.9602446483180529 -854.2262996941896063 -854.1100917431192556 -854.3425076452599569 -854.1437308868501077 -853.9296636085626915 -853.4525993883792125 -852.8899082568807444 -852.5351681957187111 -852.3119266055045955 -851.8073394495412458
186.5908658420551944 185.2686330478908872 208.4322867110688264 250.9159530605772375 308.0548683793213058 369.5277513479226172 428.9777989216619289 480.2299397399302165 512.2489692356485875 520.2461148112907949 515.4938154138915252 502.7389787503964271 484.4671741198858399 470.4877894069140325 459.1424040596257328 454.2080558198541098 450.3244529019980860 446.4576593720266260 445.7044084998414064 441.3215984776403502 434.8328575959403679 428.0472565810339347 420.3970821439898486 414.1801458928005104
236.5342929054585568 236.0685071574642109 234.9512348592103308 233.4522180273714014 232.0907267579046618 230.7995123485921170 230.0268994808872094 229.5924571338681801 229.3675475853389969 229.4041607676577144 229.4509202453987768 229.0981988359288835 228.3100912380053558 227.4720386974988173 226.7510618216139733 226.3369120654396625 226.0410177756803591 226.1271433065911651 226.2773714016045403 226.5673666823973633 226.9949661790152504 226.9251612395784150 226.5550967437470433 225.9725499449425854
152.7469879518072275 169.8202811244979955 190.0080321285140599 202.4457831325301242 203.4447791164658668 189.6004016064256916 158.3002008032128458 132.9779116465863353 113.8694779116465838 76.7158634538152597 19.1285140562249012 -58.5150602409638552 -138.2971887550200734 -191.6475903614457934 -196.3042168674698758 -102.1214859437750988 159.5983935742971767 490.0291164658634671 634.3785140562248444 405.3493975903614341 114.4337349397590344 -16.3032128514056218 -19.6686746987951793 27.3795180722891551
186.5307203389830590 187.2262711864406697 177.9069915254237344 159.6845338983050908 137.0025423728813507 112.9894067796610102 90.5415254237288138 74.9455508474576249 66.4298728813559336 60.3957627118644069 49.5029661016949163 34.3194915254237287 18.2220338983050851 8.3495762711864412 6.7809322033898303 14.3298728813559322 30.7078389830508485 57.9341101694915253 98.9031779661016941 153.1822033898305051 218.0101694915254313 289.0781779661016913 337.8540254237287854 334.4773305084745516
564.4055627425614148 574.0000000000000000 570.4197930142303221 559.7397585166020235 543.1332470892625679 525.8941354031910578 508.2936610608020942 491.0053902544200355 474.6632169038378493 458.5976714100905838 443.0474342388960736 426.4044846916774532 408.1129797326433959 391.2197067701595756 378.1871496334626954 364.1987925830098902 351.7761966364812452 344.8318240620957340 339.5105648986632332 334.2996981457524726 325.5500215610176724 318.0933592065545668 313.4588184562311426 310.5513152220784718
316.4837482335036611 319.2070877269268294 320.7750298945537679 321.0467442113273364 319.7970431568649019 317.5075008153060026 315.0031525165778703 313.2277421458854292 312.3935753886291877 311.7199152081748252 311.0359278182411344 310.2563865637569052 308.9508642243721965 307.4655397325796002 305.8842265463637204 304.5518534623328719 303.2456245244048318 301.9751059897815253 301.6496901837156202 302.0158169366235370 302.5984346124578792 303.0904446135449462 302.5777258397652076 300.6451788237852156
181.5443850267379560 162.8716577540106982 144.2588235294117567 117.3647058823529363 73.0235294117647129 4.7379679144385030 -83.4417112299465202 -164.9465240641711148 -209.2641711229946395 -178.5401069518716497 17.9550802139037451 375.0545454545454618 630.9989304812834234 529.4203208556149320 201.2652406417112161 13.0513368983957214 -23.7818181818181813 7.1165775401069515 65.1144385026737922 113.1486631016042850 135.4994652406417117 121.5176470588235276 96.9914438502673733 74.9946524064171172
212.4268682756615192 210.0825821459726797 209.6272172143064836 211.1619656876999045 214.2393137539982604 218.3439953474847357 221.5207909275952431 225.7842396045361966 230.8101192207036831 239.2774062227391596 250.9627798778714691 267.6437917999418232 290.0799651061354893 319.1849374818261253 350.8624600174469492 386.4405350392556215 421.8246583309101538 453.0793835417272248 479.1227100901425047 503.9366094794998503 524.7676650189008569 540.7929630706601074 548.9491131142774520 544.5501599302123168
450.3319928507596046 457.9968722073279537 465.8471849865951526 470.8168007149240566 477.7694369973190192 484.7068811438784905 489.5817694369973196 490.3771224307417356 493.4258266309204828 495.4302949061662389 493.7122430741733865 492.9119749776586445 485.4803395889186959 467.7815013404825777 439.6251117068811709 399.7475424486148086 344.0236818588024903 280.3060768543342078 218.5938337801608498 161.7167113494191142 118.8203753351206444 94.0397676496872208 89.6282394995531746 106.4191242180518344
921.1235955056180273 1000.0477528089887755 1004.6264044943819727 987.2078651685393424 951.3398876404494331 895.8230337078651928 822.4915730337078230 703.0842696629213151 551.4859550561798187 412.9747191011235827 318.3764044943820295 295.7022471910112245 329.7893258426966554 388.5533707865168367 458.4831460674157029 515.8707865168539684 529.3483146067416101 543.6460674157303856 548.0561797752809525 547.2640449438201813 558.4213483146066892 566.2415730337078230 573.0224719101123583 566.0870786516853741
170.3089293271265205 136.8963182395260390 110.4143038510368200 95.6174354633939885 94.1718154887854411 102.2238679644519692 124.2183664832839582 161.4426576385949943 205.4380025391451454 271.6364790520524934 392.2835378755818851 523.4756665256030601 546.7105374523910086 445.9441388066017566 326.6242065171392142 230.9373677528565452 160.8281845112145447 117.5438002539145117 99.9297503173931432 103.3317816335167123 127.9513330512060918 167.0376639864578863 210.7118070249682660 239.7503173931443143
706.1436046511628319 712.6005813953488541 712.4691860465115951 708.1694767441859995 702.4709302325580893 693.7145348837209440 683.4534883720930338 674.4197674418604720 667.0145348837208985 661.3444767441860677 654.8520348837208758 645.9555232558140005 637.2840116279069207 627.3427325581395735 613.6305232558139551 596.5755813953488769 581.3104651162790333 563.2505813953488314 541.8843023255814160 519.1404069767442024 497.8956395348837418 478.3470930232558089 466.4244186046511800 462.8671511627907194
938.4101819293686049 939.5436477602812602 940.2826784895275978 940.9530652805381123 941.4783672221373081 941.8194465678030838 942.3517810732304270 942.9746216174896745 943.3831218468124007 943.6797125821740337 943.9510778168476008 944.3988686745145742 944.7911634306681208 945.0151353004127941 945.0527442287111626 944.7057024919737387 944.2216786424094153 943.7696070937165587 943.5005350863782496 943.0733832747285987 942.3823574377006480 941.4886103042348395 940.2244305152117931 938.5693319064363322
1069.4584323040380696 763.7173396674584183 77.7173396674584325 -146.1496437054631770 -115.7838479809976207 75.4560570071258923 217.7054631828978586 292.9168646080760254 303.0332541567696012 275.4441805225653184 251.8764845605700771 232.8551068883610355 229.5059382422802798 230.4869358669833730 244.9477434679334920 256.7767220902612735 259.8622327790973827 253.6009501187648425 241.7030878859857523 220.7292161520190064 186.4821852731591321 155.3087885985748358 130.0190023752969068 122.0973871733966689
531.4172963895886141 538.6452560873216271 555.2808564231737591 580.9345088161209105 610.1444164567590178 639.9626364399664453 666.4886649874055138 690.9890848026867616 712.3106633081443988 734.1586901763224660 753.5541561712846033 768.2388748950461377 778.1091519731318158 782.0801847187237854 784.2246011754828032 785.4130982367757952 786.7502099076406239 789.2409739714526040 793.5827036104113859 798.7468513853904142 799.5495382031906502 799.9135180520570430 799.3480268681779535 791.6511335012594373
66.0523028883684589 61.0140515222482449 66.6286383405821283 77.3307683729229467 89.5206869633099132 101.4899074383851882 111.6237314597970283 119.8219025315044064 127.5260399241663833 135.8022750083640062 143.6255157800825373 152.3667893386862886 160.0560945689751406 166.6758113081298234 173.3963421434147563 180.1417419426787205 187.6114642578342853 196.0204081632653015 206.8298204527712585 221.0340136054421691 236.6334337013493894 249.6518345042935323 258.3827367012378886 259.5875989740158616
428.2578512396694350 434.1966942148760609 317.0727272727272634 169.3474380165289119 69.6142148760330599 30.5404958677685947 36.3325619834710736 69.9127272727272668 117.2790082644628029 165.0588429752066020 192.9966942148760438 198.4168595041322192 191.9471074380165305 181.6393388429752065 174.0948760330578580 179.3147107438016405 192.7537190082644543 200.7728925619834683 196.4535537190082550 183.9431404958677660 166.3537190082644770 147.9666115702479203 134.5947107438016417 126.0234710743801685
495.0649746192893303 495.9441624365481971 502.6764805414551347 511.5928934010152034 519.5604060913705098 527.5445008460236522 535.1583756345177108 544.1367174280879908 552.4362098138748252 560.6006768189508875 565.3678510998307729 567.7989847715736005 568.3417935702199202 563.4923857868020605 553.8927241962775270 542.3976311336717799 528.5624365482233316 502.0301184433164394 460.9262267343485746 409.4175972927242242 355.9130287648054036 308.8758037225042585 276.1857868020304636 270.9380710659898455
434.9239321240491449 439.4656524283206522 438.1834991222937674 430.8065535400818931 421.2243417203042668 410.9124634289057667 402.0764189584552355 393.9056758338209647 384.7721474546518152 374.4198946752486563 363.6141603276769843 352.2767700409596046 341.3626682270333390 330.3836161497952162 319.3622001170274984 308.6978349912229191 299.9393797542422249 292.7760093622001136 286.5122293739028692 280.1564657694558491 273.7702750146284529 267.7141018139262769 262.4496196606202716 258.1884142773551503
309.4043590478921715 311.4935474620017430 314.0080298250645114 316.6915686836822488 319.4852308574705830 323.6095497562374703 328.6937195296816867 337.0044450817321717 348.8323774017780465 363.8956122741611807 381.7622598221967110 400.1697734442213914 417.4387725838830079 431.9932606825351513 442.3151706337825999 450.1147117866360645 455.0130484657298666 459.2809004875251162 462.5352738743906116 465.3488672211069570 469.5362776025236826 473.3771149985661282 474.3818468597648348 471.1157155147691356
9.7828260869565220 -8.5278260869565212 -11.9408695652173922 0.9236956521739130 25.7319565217391322 65.1473913043478206 116.9321739130434850 173.5508695652173969 233.4126086956521817 287.3306521739130517 319.1326086956521522 325.2021739130434526 308.5563043478260852 284.2839130434782646 265.6380434782608972 252.0280434782608836 240.0645652173913049 231.2358695652173992 226.7728260869565133 227.8863043478260977 229.5600000000000023 229.5647826086956513 225.7445652173913118 222.3397826086956570
384.7265796344647697 388.7667885117493256 379.8111749347258410 362.7355613577023519 342.4725848563968498 323.4394778067884886 307.9825587467362880 294.1819321148824997 280.1837075718015626 266.7675195822454270 255.2397911227154168 245.5797389033942579 237.8480417754569203 231.9483028720626692 228.1045430809399477 226.0830287206266291 224.5541514360313329 223.4105483028720585 221.4795822454308052 218.8271540469973786 214.7876762402088673 208.7295039164490902 202.5334725848563835 198.8430287206266200
414.9825708061002274 511.5599128540305287 645.2854030501089255 760.5032679738561683 724.5708061002178511 513.6318082788670836 219.4967320261438033 9.0305010893246180 -63.5098039215686256 19.8692810457516345 266.7995642701525298 552.6056644880173963 802.1590413943355315 912.1002178649237067 773.6187363834422968 494.4945533769063104 335.1612200435729960 277.4640522875816941 260.5185185185185333 273.2222222222222285 330.5511982570806140 394.2331154684096077 460.3071895424836839 488.7625272331154633
51.9672268907563009 38.8313725490196049 28.9980392156862727 19.0196078431372548 7.4675070028011206 -1.9179271708683474 -6.2778711484593837 -2.9767507002801121 5.3689075630252097 16.1417366946778706 29.1280112044817940 44.1868347338935550 65.5081232492997145 103.6557422969187741 161.2882352941176407 213.8927170868347218 241.6921568627450938 225.4703081232493105 168.7655462184874011 98.9336134453781568 30.2974789915966376 -19.5605042016806721 -43.4406162464985997 -39.4078431372549005
725.1924050632911758 738.2033755274261466 753.9240506329114169 762.5324894514767493 766.5122362869198014 752.0033755274262148 737.7113924050632932 720.2244725738396482 704.9957805907173451 685.8405063291139641 656.6177215189873095 610.2683544303797589 558.3232067510548404 510.1789029535864870 463.3713080168776628 416.2928270042194185 370.1409282700421954 331.1493670886076188 297.4953586497890115 268.5485232067510424 249.9924050632911303 240.1476793248945114 246.3856540084388200 271.3755274261603176
