975.4804025423728717 981.2494703389830875 985.1083156779660612 982.6109639830508513 976.8098516949152099 975.3683792372880816 981.5436970338982974 986.5868644067796822 982.5810381355931895 970.4592161016948921 958.2746292372880816 947.8334216101694665 938.0338983050847901 929.3034957627119184 921.1745233050847901 912.7706567796610670 905.2743644067796822 898.9078389830508513 899.3861228813559592 914.8789724576271283 956.0026483050847901 1043.0225105932204315 1162.4234639830508513 1203.6792902542372303
639.0833855799372714 630.1636363636363285 612.7153605015673747 594.6225705329153470 578.9360501567398387 559.7661442006269681 534.1686520376175622 507.3228840125391912 481.2934169278996706 455.0802507836990571 429.5235109717868340 405.9749216300940589 382.0194357366771101 360.7097178683385437 339.4808777429466886 318.9661442006269567 297.9291536050156992 280.3335423197491991 263.2777429467084858 249.2777429467084573 240.4420062695924685 238.8075235109717767 242.3655172413793082 247.5899686520376122
-101.9904942965779497 -101.2794676806083629 -92.5608365019011359 -77.1692015209125515 -58.7794676806083629 -39.0000000000000000 -17.5399239543726253 2.9486692015209126 25.4562737642585546 52.6977186311787094 87.0988593155893511 126.6254752851711061 179.6083650190114156 240.7471482889733920 313.0912547528517393 397.0095057034220645 485.0285171102661366 572.8555133079847792 653.6368821292775237 717.7680608365019452 763.7585551330798808 785.4448669201520943 790.6254752851710919 780.0817490494296180
830.9045871559633269 854.8550458715595823 876.2146788990825144 890.6422018348623624 898.2972477064220129 888.4990825688073528 866.0201834862385795 839.5174311926605242 809.4733944954128901 777.6311926605504823 744.4568807339448995 697.8311926605504141 617.9449541284403722 520.7339449541284466 418.0513761467889822 310.7669724770642006 211.7045871559633099 144.5302752293578123 98.3706422018348690 61.6532110091743135 35.2623853211009148 11.2220183486238536 -8.1284403669724767 -20.1229357798165154
861.3969829297340084 836.2544660579594620 813.1480746327907809 799.8618499404525437 794.4708217546645983 794.0750297737197343 799.0889241762604343 805.7046447002778677 819.1893608574831660 841.0194521635569345 864.6629614926557679 887.8030964668519118 907.6379515680825989 908.4676458912266526 879.2516871774513447 840.9110758237395657 806.4728066693131723 768.4601032155617304 723.7316395394998381 675.9650655021833927 633.0936879714172392 601.7995236204843650 583.3604605001985419 581.5934894799523818
423.9381529460927709 424.5549519431675662 429.5211032177183483 438.2966987045549558 451.5729210196406029 468.0363560384454900 486.7425825323861091 505.6055160885917417 525.2005850396991491 546.5741746761386821 566.6180526535729314 585.9318846636022045 601.6347680735478889 618.7555369828667153 636.2340158796489504 651.0564145424153821 666.4872544922691304 680.5645633096531810 693.0777267028834103 703.4157960718763434 713.1638111157542426 723.5984120351023421 735.4057668198913689 747.7300459674049762
1006.9564655172413268 1066.2650862068965125 1107.6150862068966489 1101.6280172413792116 1011.5168103448276042 897.6685344827586732 869.8374999999999773 892.8564655172414177 874.2814655172413723 831.9025862068965580 790.4672413793103942 759.1327586206896285 743.8288793103448597 742.6202586206896967 749.2909482758620925 758.5728448275862092 774.3198275862068840 806.3081896551724412 855.3383620689654663 909.2124999999999773 969.4073275862068613 1044.7844827586206975 1104.0737068965518120 1117.7668103448274906
-419.0822510822511049 -453.4285714285714448 -480.2943722943722946 -497.2164502164501982 -502.7705627705627762 -497.8268398268398300 -480.0086580086580170 -446.3333333333333144 -401.0043290043290085 -348.1991341991342210 -290.8658008658008498 -229.2164502164502267 -167.6666666666666572 -104.3982683982683994 -38.1168831168831161 27.7878787878787890 90.2294372294372238 149.1774891774891785 203.0043290043290085 255.6709956709956657 306.4069264069264023 352.1515151515151274 396.0692640692640794 437.9696969696969973
874.0563791554357067 887.4591194968553509 923.9411500449235746 986.5622192273135624 1069.2980682839172459 1147.6534141958670716 1169.6668912848158470 1127.4813566936209099 1057.4651841868821975 1004.0397574123988989 981.2549415992812101 975.6493710691823935 975.6835130278526549 975.7922282120395039 974.5682839173405227 972.6745283018867667 972.2488769092542498 973.6060197663971394 975.8607367475292449 979.0193171608266312 980.4856244384545789 980.3315363881401936 981.2832434860737294 981.7443845462713625
42.0754985754985782 55.3532763532763568 71.2407407407407476 91.2507122507122546 116.4088319088319139 149.2094017094017033 187.7849002849002886 234.7549857549857677 292.1153846153846416 357.3205128205128176 426.3048433048433026 500.6495726495726331 573.4757834757834871 631.2806267806267897 671.6467236467236717 709.7934472934473433 739.8034188034188219 763.9686609686609700 777.4658119658120086 789.4800569800569292 797.9259259259259807 809.7421652421652425 822.0042735042735558 830.4886039886040408
833.6860936923644658 831.0399606541251387 845.6506824050165960 871.0356571990655539 898.4971105373170985 923.8536825279724098 943.9841386942088093 957.6360506578138256 964.6495758022870177 967.9506947006025257 969.0078691749662312 967.8381900897577452 965.7526128120005069 963.5926472396409963 962.1121357432681407 961.2489856141645532 959.8815935079306882 958.6190827492930566 957.2569777449895128 954.6553547276528207 952.5670724210008302 951.9581950079921171 952.1986966678962290 952.5639985245296657
1191.0619362597715281 1136.9819603126879883 986.6289837642814291 819.5183403487673104 698.0763680096212056 631.1659651232712349 622.8929645219483291 664.0048105832831880 730.0974143114852950 804.8520745640408904 910.2266987372219091 1071.2194828622971272 1219.4317498496693588 1349.1954299458809601 1363.8701142513530158 1228.9699338544799048 1209.6909200240529572 1289.1912206855081422 1230.4954900781719971 1042.7793144918821326 851.7925435959109564 710.6392062537582888 632.5472038484666655 620.0637402285027520
908.3873262204979255 881.8260588425476953 865.6210798577433252 859.0433236340122676 859.5819592628515693 862.4338829615260238 864.1312641448431577 867.2609117361785138 880.8231490462334250 919.4128677659230107 981.9350145489815986 1077.4190106692531117 1202.3385063045586776 1236.5751697381183476 1101.4274167474943624 924.4099579696087403 850.5250565793727446 877.7164565147106714 909.0795344325897531 910.4393792434530042 893.8063368897510372 874.7626899450372093 863.2301972195280086 861.5337859683155557
745.5758518873194589 744.5558215625248977 744.1434841592849807 744.0067033756284900 743.8195674726678135 743.3563163354880317 742.3430691884127555 741.3950203495331834 740.4947729630516733 740.2135503950203201 740.6922831378182082 741.6171893703615297 742.7060090974383684 743.8993695634825372 745.3330939270608724 747.2174606974703011 748.9726278828504746 750.4045966004309776 751.4221530604102099 752.1809113398770705 752.6171095682707346 752.6092889633708864 753.0817173409943734 754.0397414412257149
900.0248286367097990 897.6950495049504752 895.6817974105102849 893.6380807311500121 890.2169078446306685 885.6990099009900632 880.7855293221630291 875.3451637471439426 868.2938309215536492 859.6062452399086169 850.4150799695354408 840.9532368621477190 830.5378522467631228 819.0942878903274504 807.5439451637471393 797.6327494287889976 789.3154607768468622 781.9119573495811437 775.4848438690022476 770.1413556740288868 766.3445544554455182 764.9110434120335640 766.0045696877380124 769.8432597105864943
818.2117647058823877 846.3062880324544039 878.2900608519270236 924.2482758620690220 999.8430020283975637 1098.7367139959430915 1214.8223123732252589 1303.8701825557809570 1254.7269776876266860 1133.3983772819472051 1098.9663286004056317 1124.6957403651115328 1095.3764705882354065 1006.0839756592291678 903.5521298174442109 825.8758620689654890 784.1760649087220827 774.2973630831643277 792.0900608519269781 823.3732251521298622 858.5732251521297940 900.3898580121704072 948.9878296146044931 1005.3058823529411256
920.1293685582277249 914.0393318327212455 908.3320696599928397 902.3324250681198464 895.5340599455040547 888.6030091221418843 882.7923231844567908 879.3921336334557282 879.0659874422461826 881.3616870039095375 886.4142874067053981 894.2647790546143369 904.6216088141216005 916.3080203767326566 929.5806184101410281 944.3299372112309129 959.4072977135410838 974.4820518895865007 988.0652766259921691 999.9700272479564092 1008.6608221774671392 1011.6444734036251702 1007.2782845634403657 997.3735339414761256
830.0598031794095277 831.1317183951551897 836.0261165783497290 842.7199091597275356 855.7535957607873343 889.6866010598031380 950.0726722180166917 1017.0779712339136722 1126.3243754731263380 1238.1245268735806349 1169.5018925056774606 972.0283875851627045 845.2191521574565058 846.6934140802422917 881.4719909159726967 885.3970476911430296 861.2278576835730064 829.8251324753974814 808.1903860711581729 802.4659348978046864 805.4947009841029057 811.3391370174110762 820.4375473126419820 838.8497350492051510
592.0898931000971288 589.5799319727891543 591.4895529640427867 596.3345481049562977 604.3447521865889485 613.8360058309037868 625.4618561710398126 637.5162779397472832 650.5796890184644781 663.5165208940719594 676.8688046647230294 690.7944606413993824 704.6260932944605884 717.8622448979591582 730.6669096209913050 743.6042274052477978 755.4256559766763530 765.2893586005831139 775.1610787172011214 785.0464042759961103 795.2130709426627391 804.9198250728862831 812.2074829931972317 818.4361030126336800
1.1127833635171422 -0.5007181664897271 -1.1618060325985138 -1.4327733716355462 -1.5523012552301256 -1.6144382689065135 -1.5655404983450947 -1.5516143133703866 -1.4998438768500593 -1.4716168113407857 -1.5628551801661150 -1.5534877911696747 -1.5978892150128021 -1.5802160744395179 -1.5276337975394991 -1.3774433272965716 -1.2130144257790545 -0.9732092674701804 -0.6503465933928683 -0.3811278336351714 -0.0763129956910011 0.3079997502029601 0.8156497845500531 1.4221569974395802
90.1239669421487548 65.6269185360094411 44.7839433293978715 30.5277449822904359 21.7378984651711917 18.5962219598583225 18.5407319952774507 22.5277449822904359 27.7154663518299884 34.4120425029515928 42.8323494687131046 55.0838252656434477 67.7674144037780337 85.1534828807556039 107.9090909090909065 136.0389610389610482 169.3742621015348391 208.6056670602125109 256.0956316410861859 312.0236127508854906 368.6812278630460469 422.8819362455726036 472.3919716646989286 512.5879574970483645
899.8802502234137819 899.6023235031277636 905.4950848972296171 888.2368185880250167 858.5120643431635017 831.9673815907059407 819.5911528150134018 823.2269883824843646 836.7229669347632353 857.3221626452188957 880.7966934763181825 908.8065236818588346 945.2252010723860849 998.2815013404825777 1071.3695263628239900 1159.5545129579982131 1243.6957104557641287 1256.7578194816801442 1194.9276139410187625 1143.1505808757819977 1138.3949955317248168 1132.8547810545130687 1091.6072386058981465 1030.6041108132260433
670.5464190981432466 626.8773209549071908 636.9694960212201522 688.1651193633952062 758.1385941644562081 837.6187002652519595 964.0391246684349653 1138.5039787798407360 1297.4681697612732023 1406.5172413793102351 1347.2871352785145973 1225.4449602122015222 1257.6664456233422698 1283.2068965517241850 1153.6763925729442235 950.8169761273209133 772.8030503978779961 654.5086206896551175 601.6949602122016358 610.2387267904509827 666.2420424403183006 744.2175066312997842 843.2513262599469499 973.4456233421750539
971.4342438037430156 970.4277946383409699 972.0527314112291606 971.8832827516439465 969.2350784016185798 964.3124683864441522 957.6527567020738161 951.6193727870511339 947.0728376327768956 945.6272129489125291 947.4958270106221789 954.1116590794132435 967.8634294385432213 989.0513404147698111 1014.2244562468385993 1039.7276176024279266 1062.0450177035913839 1074.8521750126453753 1073.8595093576125237 1062.2363429438544244 1045.3306777946384045 1028.2264795144158143 1012.7285027819929155 997.9672483560950695
-240.3217391304347927 -250.2615942028985501 -259.7427536231883778 -268.3231884057971115 -277.1521739130434980 -285.2014492753623358 -292.4297101449275260 -299.3289855072463865 -305.7615942028985501 -311.5297101449275488 -315.6652173913043384 -319.3818840579710354 -321.2601449275362597 -321.3753623188405868 -320.6304347826086882 -318.8637681159420367 -315.9021739130434980 -311.5768115942029226 -306.1043478260869506 -299.9652173913043498 -293.3528985507246603 -285.2818840579710127 -276.3007246376811850 -266.1789855072463524
1063.6014977266647747 1065.6664883658731924 1024.6448248194703865 960.2621021663546799 890.8328430061513927 833.3343139876972145 798.0601765177855214 782.2452527413746566 778.6795934741909377 783.1291789248462010 792.1901577962022429 803.7205135062851014 817.9818133190692606 833.0914683070340061 845.7903182669163016 856.6148702861727315 866.6683605242043313 870.8381920299544845 867.0997592939288552 860.5568333779085606 854.7336186146028467 849.0232682535437334 844.8181331906927198 845.6231612730676943
676.4131132508024393 670.2485098578633824 681.8711600183402197 709.0678587803760138 756.3791838606143756 823.2329206785877886 904.9252636405318526 995.4910591471801808 1066.5988078862906150 1098.6327372764787924 1090.3860614397065092 1064.4773039889958000 1035.3434204493350990 1001.0293443374598610 975.6056854653828623 962.2095369096745117 958.2861072902338719 959.7945896377808594 960.7780834479596024 962.6804218248510097 961.5314076111875465 959.0921595598349541 956.7606602475927957 953.5515818431912294
825.4982517482517324 807.7604895104894922 791.5279720279720550 771.2972027972027718 748.6066433566433034 727.3828671328670907 662.4510489510489606 578.5629370629370669 478.6748251748251732 372.1748251748251732 270.5716783216783483 181.2727272727272805 132.9650349650349597 89.7237762237762269 58.9720279720279734 28.8513986013985999 2.9230769230769229 -25.8706293706293700 -47.6311188811188799 -67.7727272727272663 -79.9842657342657333 -91.2272727272727337 -95.6398601398601329 -91.4020979020979070
904.3216168717046912 1003.9991212653778803 1083.1691564147627105 1185.4099297012303396 1224.8629173989454557 1116.8027240773285484 1105.6498242530756215 1185.2895430579965250 1149.3484182776801390 1009.3405096660808340 863.5527240773286621 762.0637082601054999 710.2333040421792703 702.4964850615114074 723.6669595782074111 753.4991212653778803 796.3949912126537356 883.7201230228471331 989.6647627416519981 1040.9393673110721465 1118.3409490333920075 1181.2697715289982625 1030.0676625659050387 924.3888400702987838
889.8462664714494395 939.8674963396779276 1035.0933382137627632 1182.1061493411420997 1286.2800146412885169 1213.7152269399707620 1050.2122986822839721 937.1453147877012952 921.6464128843338131 947.6343338213762308 956.0186676427525754 939.9425329428989926 915.6745973645680579 897.6211566617862445 890.1881405563689214 891.8092972181551659 896.3993411420204893 904.3766471449487199 913.0552708638359718 920.4275256222547341 929.9985358711566050 950.9125183016105893 982.0794289897511362 1015.2434114202050068
899.5739217802255325 898.4052394596807289 898.2352175045584772 898.5127451345216514 898.5226807576377723 898.2232352175045662 898.0981282327986719 897.9450377702527248 897.7391061660403011 897.9491310981281913 898.4532058199680478 898.9337997246307168 899.2850072563539925 899.5395378260707275 899.4350463290290918 899.6185018419974995 899.8499609273247870 900.2468276708964368 900.8691623562683617 901.9832917798534027 903.1340378818888439 904.2689688534960624 905.2174673464071475 906.3094555873925628
781.2473781616286033 715.2985811227637214 670.5731030228254212 651.4380012338062897 656.9475632325725201 680.9531153608883187 710.4793337446020587 746.9623689080814302 811.9814929056137771 901.6409623689080490 973.2097470697100334 1053.8753855644663417 1131.6020974706971174 1116.5854410857496077 1127.7816162862429792 1181.5410240592227638 1123.3066008636644710 968.7149907464528269 827.6625539790253470 742.5971622455274428 709.3793954349167734 720.1276989512646196 748.7951881554596412 772.3781616286242979
1243.2983693256942388 1228.4557073600706190 1116.5434111943586686 1128.1965623622741077 1186.2847069193476273 1121.9845747025121909 976.5460555310709196 840.7593653591890188 751.4517408550021855 709.7924195680916455 709.3605112384310587 735.4208902600264537 765.9788453063023326 812.1278096077567170 903.8951079770823753 1003.3732921992067304 1058.0030850594976073 1158.1286910533274295 1193.9594535037460901 1025.2058175407669296 928.6434552666372610 978.4609960334948937 999.5583957690612351 961.9259585720582209
607.8222861904400816 606.2177865313234406 605.3158851602150889 604.8284978410725898 604.6046511627906739 604.8395576092719921 605.4596621468070907 606.0633285357170053 607.0291644572380392 607.7486554048936114 608.3030830997652174 608.5570032573290291 608.8172108173623656 608.9762896750246455 608.6765396560866748 608.2377850162866935 607.8474358003181806 607.5282933111127477 607.3477009317475677 607.2971744564805476 607.1332474812513738 607.4589046284372671 608.2388455420043556 609.5743504279978424
900.1401273885350065 884.5573248407642950 853.0910828025478168 809.6178343949044347 759.1312101910828005 704.5509554140127193 650.5312101910827778 601.5343949044586225 562.1165605095541196 532.6082802547770143 513.2719745222930214 503.1560509554140026 503.7382165605095565 512.1630573248407927 525.6910828025477258 542.5414012738852989 559.8076433121019591 576.3350318471337914 595.4401273885350747 615.7452229299362898 635.9331210191082846 652.8140127388535348 666.4974522292993697 677.2611464968152859
989.7874479889043187 992.1347087378641163 994.0639736477114639 995.5632801664355611 996.9233703190013784 997.3458737864077648 997.4183425797504015 998.4654993065187227 999.0638002773924882 1001.3997919556171610 1005.3498613037447740 1011.4868238557559152 1020.2182732316227884 1032.8791608876560986 1047.3885228848821498 1061.6135575589460132 1068.3567961165049383 1054.3592233009708252 1016.5655339805824724 962.6451109570041353 909.6347087378641163 871.5577323162274297 853.3411927877947392 855.5202843273231110
102.1855593888615061 100.9547806801380005 100.0288319369147416 99.1171759487432240 98.0969689502217790 97.4926071956628846 96.9403647116806297 96.4647609659930936 96.0234105470675274 95.5558156727451973 95.0917939871858096 94.7132824051256819 94.5066535239033954 94.2317644159684562 94.1407097092163667 93.9224987678659460 93.7062592410054265 93.4517003449975334 93.4342040413997097 93.7069985214391323 94.3453671759487378 95.1829719073435143 96.4143666830951247 98.1100295712173534
1112.1785876993167221 989.2132118451024780 854.2897494305238979 755.6993166287015811 700.5239179954442079 687.0118451025057311 704.9448747152619035 734.2856492027334525 778.5498861047835817 871.4738041002277669 994.1731207289293479 1065.5772209567198843 1159.7949886104784127 1221.0865603644647308 1043.6769931662870476 926.2496583143507678 1015.6883826879270600 1039.9430523917994833 963.0309794988610292 867.0733485193621846 784.4145785876993386 730.5052391799544012 711.3134396355353601 723.7284738041001901
1838.6144578313253533 1853.6656626506023713 1867.2409638554217963 1874.2108433734940718 1883.0421686746988144 1888.5180722891566347 1895.3463855421687185 1904.2921686746988144 1917.8373493975902875 1930.4036144578312815 1941.7620481927710898 1948.1265060240964431 1947.5240963855421796 1943.7198795180722755 1936.7530120481926588 1932.6686746987952574 1924.5993975903613773 1918.6536144578312815 1911.1957831325300958 1904.8644578313253533 1894.3162650602409940 1878.0391566265059282 1858.9939759036144551 1839.8795180722891018
968.1116329479768865 963.5563583815029460 955.5744219653179243 929.3554913294797188 899.4071531791908001 876.1502890173410378 863.2124277456647405 856.7966040462428055 855.0711705202312487 854.6849710982659190 855.1217485549133244 863.3157514450866756 893.0249277456647405 949.6210260115607298 1033.6842485549132107 1165.4194364161849080 1266.5314306358382055 1171.7474710982658053 977.3659682080924540 875.0393786127167459 892.6734104046242919 925.4299132947976432 922.3796965317918648 897.3609104046242919
873.8320126782883790 867.3114104595879326 857.8343898573692741 845.0681458003169837 826.8264659270998891 799.8534072900158662 768.5174326465927379 734.4152139461173192 694.7789223454833518 653.8534072900158662 615.5213946117273736 573.7202852614897211 534.9873217115689386 498.9714738510301117 468.3415213946117319 442.6077654516640223 419.8359746434231283 399.8129952456418437 382.2091917591125139 368.0610142630744690 358.8193343898573744 354.0158478605388268 352.9136291600634081 353.4516640253565924
179.8736486486486399 178.0594594594594469 177.1581081081081095 179.4175675675675734 185.3439189189189165 195.3108108108108070 207.8912162162162076 223.1459459459459538 241.9668918918918905 263.2587837837837696 285.5006756756756658 308.1148648648648418 331.8466216216216367 356.3452702702702481 378.7952702702702936 399.4702702702702481 418.2074324324324266 430.6662162162162417 439.7493243243243342 446.8554054054054063 449.7581081081081038 458.9155405405405190 469.0567567567567835 480.6878378378378329
1165.5263681592039120 1198.6661691542287826 1099.7542288557212942 941.8716417910447944 804.8328358208955251 718.9059701492536760 684.3507462686567351 692.3885572139303122 721.4756218905472451 751.6064676616915676 811.8562189054725877 924.3666666666666742 1028.8935323383084324 1088.2606965174129527 1197.1169154228855405 1156.5452736318407005 949.1985074626866208 918.5422885572139649 992.1641791044776255 972.6054726368158754 895.7154228855721385 815.1134328358208450 753.8975124378109740 724.0427860696516973
1047.6185812228907253 1079.8593815586959863 1102.2167342941095285 1105.1628655379879547 1089.1922484958724908 1067.3497971176716419 1049.7955785644326170 1036.9756541206099882 1025.6706310340002801 1013.7194627116272159 1002.2332447180634745 991.7054708269204184 983.3616902196725960 978.6857422694837396 976.5690499510284326 976.6559395550580120 978.2240100741570359 980.3461592276479450 982.3623898139079529 983.5073457394711340 984.5490415558975883 984.0675808031342058 982.0847908213236224 980.1669231845529566
1173.2406504065040735 1010.4953929539295814 944.1799457994579825 1034.4937669376693066 1034.8466124661247250 949.8151761517615341 848.4135501355013957 770.4899728997289685 725.8986449864498809 716.6471544715446953 736.0775067750677181 772.2747967479674571 809.9468834688346988 871.7165311653116078 977.6373983739837286 1085.5756097560974922 1182.8021680216802451 1303.6742547425474186 1256.7550135501355726 1160.7842818428184728 1182.5165311653115623 1187.6997289972898670 1086.0677506775068650 947.4330623306233292
972.6110576923076678 1008.6504807692307395 1031.8365384615385665 964.7365384615384301 867.2879807692307850 785.6312500000000227 737.2326923076923322 721.7168269230769511 735.1427884615384301 766.4701923076922867 802.6644230769230717 857.5211538461538794 954.5110576923076451 1066.9836538461538566 1167.9812500000000455 1291.6701923076923322 1268.0307692307692378 1152.2192307692307622 1175.2134615384616154 1217.5947115384615245 1125.4562499999999545 964.6475961538461661 824.7533653846153356 737.5581730769230262
888.4499532273152909 891.6716557530402270 902.5996258185219858 921.4976613657623830 947.8260056127221560 980.1253507951356596 1019.6164639850327376 1061.8409728718429506 1104.4041159962582697 1142.2553788587465533 1172.1730589335827517 1194.5304022450889079 1206.8063610851263547 1211.3564078578110639 1212.7885874649205107 1218.0626753975677730 1224.4303086997192622 1232.1253507951355459 1235.5163704396632056 1230.3451824134706385 1210.8989710009354894 1180.0570626753976740 1137.0664172123479148 1084.4377923292797732
177.8630063006300759 175.6720072007200599 173.5600360036003735 172.0673267326732798 172.1285328532853214 171.8311431143114305 171.8525652565256507 172.2019801980198110 172.7355535553555228 173.3384338433843368 174.5305130513051211 175.6520252025202637 176.2729072907290799 176.4811881188118718 176.5146714671467123 175.7227722772277332 175.5224122412241172 175.4138613861386204 174.9877587758775803 174.5206120612061227 174.6957695769577015 175.2127812781278067 176.5542754275427626 178.9155715571557153
1007.6948245092206662 985.7638310529446244 907.8732897085068316 835.2046400951813894 804.4467578822129781 785.3866745984532827 752.7233789411064890 708.0469958358120266 664.3468173706127118 634.7596668649613321 624.5930993456275928 629.6139202855442818 647.4663890541344244 671.8173706127305422 707.5585960737656706 759.1356335514574312 821.2825698988697241 891.9577632361689439 967.0380725758477638 1027.8530636525877071 1069.1820345032717796 1084.2795954788816744 1072.1171921475313411 1039.0154669839380404
683.5970932579733699 672.4662898667743320 660.8425514735566821 648.2672587807832087 633.2010496568429971 618.2551473556721930 603.3282196205086620 588.5559144125958255 573.9689140088817112 558.5922486879289863 546.6600726685506970 533.3011707710941209 520.2777553492127254 511.5542995559144401 501.6160678239806430 492.0109002825998914 483.5054501412999457 475.1441259588211778 465.0391602745256137 456.6289866774323514 449.3233750504642785 443.8671780379491452 440.4828421477594134 440.4065401695599462
1306.5102685624012793 1398.8515007898893145 1361.3254344391784798 1271.3973143759874347 1258.4565560821486088 1272.0624012638231761 1167.6785150078987954 972.4296998420221598 779.9976303317534985 649.1769352290679080 584.7954186413902562 587.8767772511848761 648.4375987361769376 735.5837282780411215 828.6090047393364557 953.4842022116903308 1120.4628751974723855 1282.0094786729857788 1380.8641390205370953 1345.0236966824645606 1248.4249605055292704 1245.7172195892574109 1282.9565560821486088 1211.1090047393365694
991.5409709735422439 990.7002311841766868 989.4361674800924220 993.0588235294117112 998.0231184176727766 996.6848189057282070 989.3025944002055212 977.1117390187515639 963.2088363729770890 952.7608528127408363 945.9863858207038447 941.5227331107115560 939.5178525558694673 938.2157718982789447 937.2442846134086949 941.4130490624197591 954.1525815566401434 983.5936295915746541 1031.8810685846390243 1096.1489853583354943 1167.6134086822501104 1203.8440791163627637 1168.6331877729257940 1090.0601078859490372
997.6497991967871712 1009.9618473895582156 1021.2323962516733218 1022.7378848728246794 1013.9847389558233317 1000.7004016064256575 983.5131191432395781 961.6187416331994200 938.1657295850067158 916.4423025435073669 899.2540829986612607 889.5314591700133633 885.6360107095047169 887.9253012048192204 894.4135207496652811 903.0815261044176623 913.4813922356090643 924.0133868808567286 932.3309236947791305 936.9548862115127577 940.4432396251672799 942.6576974564926559 941.8643908969210088 943.3504685408299792
1311.0881458966564423 1309.7639311043567432 1266.2340425531915571 1128.4640324214792599 927.5602836879432971 744.0932117527862601 619.6676798378925923 565.0192502532928529 578.9949341438702959 649.1418439716312605 740.1742654508611849 844.3100303951367778 995.5126646403242603 1180.1529888551165186 1346.8895643363728141 1429.6727456940222964 1327.9827760891589605 1228.5704154002025916 1267.6291793313068865 1267.5471124620059982 1115.9989868287741501 921.3080040526848506 758.3363728470111482 652.2360688956433705
1083.9219858156027385 923.2000000000000455 771.9829787234042442 670.6645390070922303 623.9801418439716372 632.8319148936170677 685.7049645390070509 755.7482269503545922 838.5028368794326070 966.5163120567375472 1137.6985815602836283 1294.9156028368795432 1417.9446808510638220 1352.0226950354610835 1237.3156028368794068 1273.0716312056738388 1290.5368794326241186 1146.4992907801417914 939.2936170212766456 761.7971631205673475 643.3758865248227039 593.9801418439716372 604.9921985815602739 666.2808510638298003
779.6684406599255226 763.2804683342203589 732.7514635444384794 700.7221926556678682 676.2639701969133057 664.5838211814794931 661.6902607770090299 667.0133049494412489 680.8222458754656827 702.5997871208089691 745.9185737094198885 814.1490154337413969 898.9031399680681034 997.6822778073443487 1082.1154869611495997 1100.2299095263438176 1078.3773283661521418 1067.4992017030335774 1031.1000532197977009 945.5258116019159615 857.2320383182543537 803.5667908461947491 782.3443320915380355 787.9600851516763669
709.6134144094343128 707.3065229408513233 705.3458632762115030 703.5180578588539220 701.8500092131932888 700.7212087709600610 700.5729684908789068 700.8144462870831148 701.3467845955408393 702.0852220379583741 703.0794177261839195 704.0491063202506439 704.8337018610650375 705.1932006633498986 705.0721393034825724 704.7391744978809811 704.0060807075732328 703.0064492353050127 701.8934954855352544 700.8151833425465611 699.5666113875068959 698.8734107241569973 699.2180762852404996 701.1463976414224817
711.2582815734989481 710.7743271221531813 724.5274327122152727 751.7800207039337010 788.0527950310558936 832.3524844720496958 876.5191511387163246 915.2308488612836754 941.6330227743271735 935.5403726708074146 903.4156314699793029 859.0693581780537897 807.9730848861283903 768.0957556935817365 733.7380952380951840 691.7691511387163246 655.6133540372670723 633.7448240165631432 628.6423395445134474 635.5962732919255131 654.9166666666666288 678.0724637681159948 707.6832298136646386 737.8447204968944106
771.1569136745607693 768.6669213139800831 773.5063407181054345 783.6715049656226029 797.0064171122994594 811.9404125286478120 828.4215431627196722 846.0039724980900928 864.2565317035905537 882.3657754010695271 897.5048128342245946 909.1570664629488192 915.4861726508785296 918.7867074102367724 918.8594346829640926 915.9995416348357367 912.0498090145149490 908.1048128342246173 904.3827349121467023 899.7983193277310647 894.6003055767761225 890.3520244461420816 888.0542398777693052 888.6174178762414613
954.4245373118917541 954.0642988048837196 954.2053896388838439 954.0918148731318524 953.7903771198472214 953.6476084768074770 953.7466250225859312 954.0335303683435768 954.4537053767326142 955.1229963088201202 955.4798791977491419 955.6645930667767743 955.9062491933610772 956.0130094731679264 955.9262280271547070 955.8042384037582906 955.7739345912599447 955.6463694793629884 955.4291061149685902 955.3139309775173160 955.1656642833173692 954.6150589814408249 953.6887535169458943 953.2385586329728540
885.2967794537300961 846.0232368528332927 849.9604565837749988 869.2128006522625583 870.7880146759071067 861.4741133306155234 848.9184671830412299 835.3424378312270164 826.5699143905421806 820.0962087240113760 817.1834488381573465 818.4007337953526076 824.0346514472074659 836.0774561761108998 859.3509987770077032 900.1520587036281995 965.4415002038319926 1068.4023644516917102 1181.1712189156135082 1225.6094578067672956 1185.7741540970241658 1124.6555238483490484 1085.0248675091725090 1049.6640847941296215
1154.6458141674334001 1191.5133394664212574 1213.1011959521620156 1222.2272309107636374 1215.1821527138913552 1205.2925482980681409 1188.6724931002759149 1165.1895124195032167 1134.7479300827967563 1087.0386384544617613 1029.3486660533578743 966.1922723091075795 905.3100275988959993 849.4967801287948532 804.1812327506900147 771.1591536338546575 752.7746090156393848 746.4572217111315240 748.3836246550138185 757.3091076356945450 773.0165593376265178 793.6448942042318322 818.4277828886844190 843.3615455381784614
1096.0510033444816145 1175.9460702341136766 1239.4824414715719740 1160.7362040133780283 959.8277591973244398 927.4331103678929367 1002.8829431438126676 1000.5263377926421526 933.5873745819397982 849.6521739130434980 785.2040133779264579 752.6605351170568383 748.3536789297659197 765.9218227424748875 794.9715719063544839 827.2140468227424890 878.1755852842809418 959.0781772575251125 1041.1438127090300441 1134.7282608695652470 1258.0631270903008954 1273.6525919732441707 1197.9590301003345303 1135.4515050167224217
296.7492957746478623 298.5023474178403831 308.8582159624413066 329.1971830985915517 354.8826291079812449 393.1718309859155056 443.3859154929577358 501.9417840375587048 564.3239436619718390 632.6309859154929427 703.5784037558685213 771.0244131455399383 828.9887323943662523 876.1746478873239994 908.0816901408451258 922.4741784037559000 927.1436619718309657 929.2131455399061224 929.5464788732393799 927.7436619718309885 920.6798122065728194 911.4347417840375556 899.9727699530516247 889.9173708920187664
823.1076923076923322 708.5088757396449637 643.5485207100591651 632.0242603550295826 667.8130177514792649 730.2940828402366833 800.6869822485207351 894.6171597633135661 1049.1124260355029492 1216.4822485207100726 1363.0775147928993647 1402.0946745562130218 1268.4816568047338023 1210.8295857988166517 1272.6792899408283120 1225.5331360946745463 1049.0899408284024048 860.1982248520710073 715.4769230769230717 629.9609467455621825 607.8343195266272687 639.1195266272189883 705.3715976331360480 787.5426035502958939
869.0833546931870615 867.7563951402061093 867.7231762956887451 868.2559081355410626 868.7147177936125217 868.4586558671246621 867.4640385502640356 866.1256472035679508 864.7565489311529063 863.4780847900753997 862.2828728148870141 861.3372635464191944 860.7482442200235937 860.2614958732762034 860.0634643973958191 860.0566975957348177 860.3015840467523958 860.5139180806889954 860.7229199774440076 860.8999333572563728 861.5341159583739454 862.0721792177166662 863.3380325011534069 865.1919311016557685
1367.7982300884955293 1331.3176991150442063 1303.8044247787611312 1295.2778761061947534 1219.8637168141592610 1045.1867256637167429 841.8628318584070485 682.3761061946902373 588.8115044247787182 565.3106194690265056 607.3477876106194344 691.0699115044247947 787.6920353982301322 906.4522123893805201 1072.2734513274335768 1247.6504424778761404 1389.7548672566372261 1387.9628318584070712 1259.7345132743362228 1216.3017699115043797 1267.7106194690265966 1219.8168141592921074 1057.5814159292035583 878.6522123893805656
1150.2364830722588067 1126.8100050530570115 1195.1869631126830882 1182.0085901970692248 1048.9893885800909175 890.6599292572005879 769.8029307731177369 703.6523496715512920 686.9711975745325390 707.1445174330469854 740.8029307731177369 780.6750884284992935 861.5199595755432256 976.1591712986356697 1054.8175846387064212 1129.5674583122788590 1212.9418898433552840 1083.8226376958059518 924.6750884284992935 965.5037897928247048 1012.8479029813037187 968.2602324406266234 893.4340576048509774 818.8357756442647997
856.6285714285713766 814.9942084942084648 800.2146718146717603 805.7675675675675393 825.0467181467181490 849.8038610038610159 875.4440154440154629 906.0401544401544243 954.9718146718146272 1032.6625482625481709 1138.2277992277993235 1253.6428571428571104 1286.3370656370657343 1194.6710424710424832 1108.9127413127412183 1110.9289575289574259 1117.6837837837838379 1058.0698841698840624 961.2976833976833859 872.4138996138996163 813.6057915057915579 785.2250965250965464 785.2818532818532731 806.5154440154440181
911.1540133097921625 903.1692245008828195 898.9957897596088969 900.2952600842047559 907.2517995382316940 918.6585630856988018 934.9655031916338430 955.7923400787722130 981.8927067771288648 1012.5059079179682158 1044.1995110688578734 1068.1151704468286425 1078.7822898275160242 1073.4559282900991093 1057.9614287654487725 1039.3709085970392607 1024.2231427407307365 1013.7059622436506743 1007.0214586445741816 1003.6661686812440166 1001.1536058671737237 998.2431074290370816 994.5534428901263482 989.3218796686132919
801.7452278924814664 807.4612388001557974 826.8730035060382306 853.1417997662641710 881.1682898324893358 918.5570705103233422 979.4666926373198521 1066.2158161277757245 1174.7043241137514542 1275.8356057654850702 1264.7830151928321811 1151.2723022984027921 1092.7608102843787492 1113.6042072458121766 1107.2637319828593263 1033.4437086092714253 935.2064666926372638 852.1297234125438536 801.9614335800545177 782.9236462797039167 791.8359953252823971 817.3139851967276854 848.7039345539540136 886.2929489676665753
680.8075247524752740 683.5409900990099459 706.2245544554455137 738.2728712871287371 799.6403960396039565 913.0776237623762199 1015.4756435643564600 1072.9413861386137796 1192.5247524752476238 1157.9738613861386511 986.9203960396039292 1027.0071287128712356 1105.4950495049504298 1031.7049504950496157 903.0364356435643458 798.7077227722771795 732.7972277227722770 705.7500990099009641 711.5041584158416299 733.4348514851485561 758.9687128712871527 804.0685148514851335 892.8724752475247897 986.9762376237623585
948.1704035874439569 955.9548366431774866 961.4916720051248831 967.3158231902626767 974.8500960922485774 982.4788597053170633 989.8340807174887459 991.4884689301729850 979.5336322869954984 949.2101217168482208 910.4135169762972737 868.3122998078155206 825.1460602178091222 780.4647661755285526 739.8702754644458537 707.8491351697629170 684.2033952594490529 669.7853939782190764 661.6960281870595963 661.0970531710441946 664.1245996156310412 670.5778347213324651 679.8581037796284363 693.2206918641895754
966.5785256410256352 975.5099358974358665 983.0852564102564202 986.2657051282051270 987.5141025641025863 988.0538461538461661 989.2179487179487296 991.6852564102564429 995.9035256410256807 1000.9544871794871597 1006.1397435897436026 1010.6512820512820099 1007.0435897435897914 986.3637820512821008 949.7971153846153811 906.5096153846153584 859.1884615384615245 810.4634615384615017 764.9272435897436253 722.2067307692307168 686.5974358974358438 660.3532051282051043 645.5846153846154039 645.0862179487179446
834.8080965356169827 853.6582327753990285 901.3861424678863159 973.5332814324640367 1066.3795251070455379 1206.1315687037758835 1267.5893343713507875 1126.4009342156480216 928.1163876994939983 859.7080576099649534 899.2397820163487268 922.7473725184896693 905.5535227715064366 866.5309458933437554 831.2070844686649025 811.5523550019462391 810.0735694822888036 816.3565589723627909 825.9657454262359124 837.8221097703386704 854.5219929933825824 880.4048267808485662 914.1592059166990794 963.9026858699883178
952.6987389070527570 1055.3848668846333112 1160.1461933675852833 1255.4184960298925944 1270.2587575899112835 1104.0686595049041898 968.6921999065857563 1003.2349369453526151 1047.0621205044371891 1008.4801494628678711 924.0910789350771211 839.4605324614666415 787.5660906118636149 768.4614666043904663 775.5343297524520949 799.5240541802895677 829.2877160205511018 861.7832788416627636 915.6296123306865411 995.4549276039233519 1083.5576833255488509 1206.9962634283044736 1305.0317608594114063 1251.0046707146193512
825.6866752494368029 818.9605728999034682 815.2787254586418157 814.2660122304473589 812.8213710975217055 810.3736723527518961 807.7726102349532766 805.8513035082072520 805.7671387190215455 806.5749919536530115 808.8130028966849068 813.1763759253299213 820.0115867396201565 830.2040553588670946 843.7750241390408519 859.9258126810427711 877.5244608947538154 897.6678467975539206 918.0614740907627720 938.1826520759575487 954.7169295140006398 968.3532346314773349 976.7804956549726967 977.8635339555842165
694.6927710843373234 715.9944061962133901 755.0309810671255946 844.4621342512908768 964.9759036144578204 1030.8915662650601917 1119.9070567986229889 1188.7706540447504722 1041.0430292598966844 980.7284853700516578 1083.0301204819277245 1071.2233218588639829 950.8351979345954987 830.5727194492254739 746.4006024096385090 702.3403614457831736 696.1200516351118495 714.1467297762478665 741.2035283993114945 780.4036144578312815 860.9251290877797373 972.4913941480206176 1040.5770223752151651 1103.2129948364888605
969.6106844741235591 1000.0053422370617682 1035.8654424040066715 1065.7676126878129708 1079.2958263772954979 1058.3225375626043387 990.3045075125208996 898.3075125208681584 829.9806343906510619 791.8587646076795181 765.1579298831385358 749.3108514190316782 741.5388981636060635 741.1565943238731506 749.0026711185308841 763.8614357262104022 778.9752921535892938 790.5913188647746210 802.3672787979966188 809.9592654424039893 814.0634390651084686 820.5258764607679041 831.7485809682805211 847.6327212020033812
976.6602805336982556 962.7112555593568004 940.2928498118371863 919.4403010605542477 904.9209716045158984 898.0099213137187917 895.2668491276085661 893.8552856654122252 893.0078686281217415 894.5579883681149340 908.1135819363666997 942.7895997263085519 1003.8754704071159267 1105.7187820732124237 1226.0957919945262802 1215.8771809784468587 1054.3055080396852645 894.0797126240164516 851.7119397878891505 896.0478959972631401 930.0383167978104666 930.9575778309955467 911.4994868286007659 891.6117003079028791
999.6399685904985972 979.6988614055751441 973.8425598743619958 966.0797016097369578 944.3623871221044510 921.0706713780919017 903.7086768747545875 892.5944248135060661 885.6262269336474446 882.8798586572438580 881.0424028268550956 879.1923831959168183 879.8382410679230361 888.5932469572045420 918.3773066352571277 975.0624263839811192 1072.2308598351000910 1215.5543776992540188 1262.1452689438556263 1112.2697290930507279 921.4691794267765772 844.0993325480958447 870.9316843345111465 900.7656065959953366
540.9437652811735688 538.7525672371638166 546.3114914425427742 565.1051344743276559 598.2782396088019823 636.9237163814181031 683.3388753056234464 736.9520782396087952 795.3471882640586728 854.6146699266503219 907.6679706601466933 946.9432762836186157 966.4880195599022272 973.5242053789730790 969.0601466992665110 961.6630806845965935 955.5202933985329992 951.7149144254278781 947.8782396088020050 946.9007334963324638 948.7672371638142295 949.6215158924205753 946.5427872860635716 940.5432762836186384
827.1354203306366344 836.2335561027084623 851.8754836440380132 881.0379880408020199 937.7400633134013788 1005.8121702427014270 1097.8002110446711868 1218.9257826239886526 1205.3513893774181724 1026.8779458318676916 867.6429827646851436 834.4910306014772914 866.5167077031304643 884.8828702075272759 877.5539922616953845 854.4913823425958981 834.6380583890256730 827.8990502989800007 831.9905029897995519 834.0415054519872911 838.8533239535702251 849.2835033415406087 864.2233556102708008 883.2226521280338147
865.3844106463877779 791.2410646387833140 749.7874524714828794 734.0612167300380406 738.2787072243346529 752.9806083650190658 776.4334600760456624 835.1201520912547949 940.6209125475285191 1030.7441064638783246 1119.9958174904943462 1243.4615969581748232 1141.8714828897338975 927.1600760456274202 916.5771863117870453 976.0912547528516825 948.6133079847908220 881.8163498098858781 816.3730038022813460 763.7384030418251086 734.2847908745246741 730.6342205323194321 747.2695817490493937 771.1041825095056765
913.1461251167133923 886.4495798319327378 860.5219421101774060 847.7058823529412166 850.7231559290382847 853.7866479925303338 852.6792717086834728 851.5499533146592057 849.5261437908496873 847.8538748832866077 846.1321195144724925 840.2978524743230082 832.4211017740429952 824.3837535014005198 819.9491129785247949 820.9743230625583692 827.4052287581699829 846.5718954248366117 896.1690009337067977 982.7931839402427840 1113.3744164332399578 1220.8464052287581580 1222.7068160597573296 1144.6344537815125477
674.3786152497808644 731.1814198071866713 802.0999123575810472 920.8580192813321901 1107.7616126205082310 1295.6827344434707356 1434.9666958808063555 1414.4084136722174208 1277.3286590709903976 1255.4916739702016457 1282.9684487291849564 1173.2567922874670785 964.3996494303243026 767.9868536371603795 631.9141104294478737 564.8843120070114310 567.5039439088518520 632.7835232252409696 726.1568799298860313 838.6362839614373570 991.8141980718668265 1172.2778264680105167 1310.1612620508326472 1370.4548641542505720
817.5627864344637601 824.2942254812098781 833.3313473877176421 839.4789184234647337 834.4990834097158086 815.8418881759853321 790.4358386801100096 766.7676443629698042 744.9417965169569698 729.8070577451878762 708.3313473877176421 680.0783684692942188 656.8056828597616459 642.5513290559119923 637.9129239230063604 644.3267644362970259 661.0403299725022634 690.8056828597616459 733.6549037580201684 791.9252978918423196 859.9692942254812351 935.3602199816681377 999.9912923923006929 1027.3693858845097111
772.0754887218045042 767.3350375939849073 761.8517293233082910 757.3049624060150791 753.9106766917293498 750.8210526315789366 746.3311278195488967 742.3633082706767254 737.6899248120300854 729.6261654135338404 719.1951879699248593 706.7545864661653923 690.8634586466165501 672.0523308270676353 652.5855639097744643 632.9377443609022293 612.3777443609022839 593.2291729323308118 575.7296240601503996 558.9518796992481384 545.3251127819548856 536.2126315789473665 531.0294736842105294 530.9527819548872003
646.6212553495007569 670.7710413694721865 724.7931526390869976 789.1312410841654810 872.7881597717546356 1022.0285306704707864 1191.5834522111269962 1350.6940085592011656 1415.7239657631953378 1310.6462196861625671 1237.3345221112695071 1284.8616262482169077 1242.0306704707561494 1063.8716119828816318 860.3223965763195338 705.0185449358059486 612.2838801711840233 585.6968616262481646 620.6533523537802921 695.8131241084165595 789.8416547788873459 911.6982881597717778 1063.4136947218260048 1194.4122681883025052
906.4518784297172260 905.5586745462220506 909.7361756015196761 919.5052764879695815 938.4757281553397661 974.1249472351203167 1033.4447024060784770 1106.9132545377797214 1162.6907978049810026 1152.9717180244829251 1087.7904178978471919 1020.3127902068383719 981.8265090755593292 970.6118615449556728 970.4670747150696570 970.8735753482482096 970.1901646264246892 968.0430561418320394 965.7397636133389369 965.9725622625580854 968.2648796960743312 970.7142254115660762 973.0740818910933285 975.7802870409454954
712.4039045553145115 669.4802603036876008 661.0659436008676266 677.3440347071583574 706.4047722342733096 748.4481561822125286 832.7297180043384515 953.9054229934923796 1022.2594360086767438 1098.1145336225597475 1191.2989154013014286 1054.8859002169197083 970.4190889370933064 1079.5731019522777387 1083.1744034707157880 963.2668112798264701 842.0420824295010789 756.5865509761388239 709.4958785249457378 701.6420824295011016 718.0646420824294864 741.6182212581344402 768.5418655097613509 830.4425162689805120
772.1342882721576188 834.8764547896150816 943.1499552372425796 1022.0241718889883487 1099.3983885407340040 1202.4471799462846775 1089.5720680393912971 924.4207699194270162 970.8549686660697944 1015.5935541629364707 953.2108325872874275 863.3088630259624097 785.7569382273948122 734.7573858549686747 713.0461056401073847 717.6638316920322040 735.3545210384959319 760.4888093106535507 809.9283795881826791 907.9198746642792912 1004.6714413607878669 1062.7314234556847623 1169.9964189794090998 1208.1553267681288162
379.1780534684605755 375.8299842739821770 374.0207932902324046 371.7724969421632295 369.7316092958238869 368.3519133321684649 367.0314520356456569 366.4796435435960120 365.8455355582736388 365.4128953346146886 364.5573999650533210 364.2074087017298893 363.5198322558098880 362.2572077581688177 360.6105189585881590 359.1621527171064372 358.0955792416564805 357.1957015551284371 356.6023064826140399 356.7303861611043203 358.0159007513541951 359.2159706447667418 361.2736327101170559 363.4605975886772740
908.1374712643678322 907.8781609195402780 901.0719540229885069 886.3351724137930887 865.0751724137930978 839.1250574712643129 809.7639080459770184 780.7590804597700753 753.6951724137931024 730.9220689655172691 714.5827586206896740 703.1374712643678322 695.2650574712644129 690.4645977011493869 689.4735632183908365 690.1754022988505994 691.9128735632183407 694.3749425287356871 697.0765517241379712 698.7512643678161339 701.2836781609195214 704.8160919540230225 708.6852873563218509 715.4188505747126783
819.1270588235294099 792.4018823529411293 799.6376470588235179 788.1096470588234979 760.2296470588235024 730.9745882352941635 708.1087058823529787 697.8762352941176914 697.1538823529411957 705.9849411764705565 720.9684705882352773 740.6578823529412148 774.8310588235293608 833.4042352941175977 905.6442352941176068 991.7143529411764575 1092.3905882352942172 1137.5218823529412475 1115.7223529411764957 1100.7345882352940407 1072.7364705882353064 997.2847058823529096 916.6743529411764939 867.9105882352940853
909.3693239152371461 912.0211907164480181 917.0565085771947906 926.5529767911200452 936.2452068617558325 947.6962663975782561 957.0988900100908268 962.8819374369323896 966.6054490413723670 963.2835519677093998 948.5489404641775764 922.4278506559031712 884.9899091826438280 842.5691220988900341 789.4328960645812003 726.5580221997981880 656.7114026236124573 574.5872855701311437 489.8456104944500566 415.3057517658930351 353.5519677093844848 314.9182643794147225 301.0625630676084938 303.4490413723511324
964.8224982586486931 969.3685860227536750 970.9518226143487709 970.4737636405850481 968.8013698630137469 965.1263060134664329 960.5291386115625301 955.6873693986533453 949.7148827490132135 940.3176224750405936 927.4866496401207314 910.3649872300906054 890.5182261434873681 871.0294868818202758 854.4960529370791846 842.1892268400279136 834.4591362897608633 830.5781286278152038 828.9611098212212710 829.9973299280241008 832.4728349198978776 836.4641281634548022 842.1690271650801378 850.8156489435801859
797.0665311547181773 795.7391916191071459 794.4852630756000735 793.1949026659369792 791.6400594167773761 789.8955515596903751 788.8388710812289446 787.6094128684230782 786.7787506840747938 786.3378938316003541 786.2584629817840778 786.5131733249941135 786.6119146274724017 786.6162145258384726 786.5203658822609896 786.3130326010476665 785.8545070752873016 785.4499257290282230 785.0978813228050512 784.5739191619106805 784.0606676569462934 784.0247048706121404 784.2946603080290515 786.1232116331796078
1067.6236297198538523 1106.3873325213155567 1143.8964677222897990 1180.5809987819732214 1211.6102314250913423 1230.9890377588305910 1240.3885505481121072 1240.3861144945187789 1236.1802679658951547 1232.9914738124239193 1232.4323995127892886 1230.7892813641899465 1224.9415347137637582 1208.5797807551766709 1178.8855054811206173 1131.0535931790500399 1068.7637028014617044 1000.9342265529841143 932.1741778319122886 867.7576126674787247 817.1900121802680133 785.5347137637028254 772.0840438489647113 777.7917174177831612
971.0787918581746681 982.7045305318450801 991.4182534471437975 995.5298752462246057 991.6585686145764384 974.7281680892974691 946.7183191070256498 905.0676296782665986 848.6375574523965497 789.4438608010505050 732.6178594878529111 678.5961917268548405 631.1818778726197934 593.6848325673013278 565.3782009192383384 544.5653315824031324 535.0295469468154579 530.4136572554169788 532.6874589625738281 541.7419566644780389 553.0151017728168199 564.4326986211424355 574.4491135915955056 587.6966513460275792
997.6864274570982616 1167.7948517940717466 1331.2106084243368969 1415.7480499219968806 1350.8751950078003574 1254.6513260530421121 1274.5631825273010236 1272.0865834633384566 1131.4726989079563282 921.4742589703588465 739.3634945397816409 619.7901716068643054 569.0592823712948984 587.9789391575662876 662.3112324492980179 756.6450858034321527 864.1193447737909992 1015.7090483619344923 1198.7808112324491958 1340.1294851794070837 1382.1162246489859626 1299.0304212168487084 1203.3798751950077985 1196.8751950078003574
527.5916579497908288 525.4705805439330106 523.5576621338911991 522.2208420502091712 521.8440115062761606 522.1601725941422956 522.5241893305438907 523.4896705020920535 524.2330020920502420 525.1613493723849615 526.2493462343096553 526.9080805439330106 527.9901935146443748 528.8183838912134433 528.9475679916317858 530.0237970711297066 531.0477248953974367 531.7955020920502420 533.0907426778243234 534.6251307531380235 535.9493985355649102 537.5379184100418115 539.1957374476987752 540.9082112970711478
1121.5593351372244797 1214.2137611132586699 1259.9141863161962647 1209.4719752609200896 1103.2910707383068711 1002.7730962504831496 933.4742945496714128 896.5713181291071123 886.1113258600695417 888.9134132199459373 899.7413993042133598 915.4298415152686630 930.2605334364128566 941.6652493235408201 947.1832238113645417 948.9319675299574328 951.0537301894086113 953.4402783146501861 954.9253962118283425 960.0100502512563025 970.8109779667568091 979.2883649014302136 981.1349052957093591 979.8662543486664163
1002.8807054517220649 1004.3420775331373989 1004.9246020742054952 1005.3442404747379442 1005.8398036714546606 1006.2058122123009980 1006.5071266152737053 1007.0490266762797091 1007.9418501469691591 1009.0699628417725080 1009.9945926459985230 1010.5407076701236520 1010.4583772391991943 1009.5209638955133187 1008.0082358160944977 1006.2631024346958384 1004.8346181576174558 1004.1884532194553685 1004.5209084354722791 1005.6425600354943981 1006.8218068881370755 1007.2954079086018737 1006.4295657478786552 1004.1046530974432471
954.4571535022354283 906.5618479880774885 853.5879284649776082 814.9858420268255941 799.3979135618479859 803.1363636363636260 819.3207898658718022 839.5652011922503561 859.7455290611028431 886.2786885245901658 932.2988077496273718 1004.3211624441132699 1102.8804023845007123 1226.3692250372578201 1287.6602086438151673 1210.2749627421758305 1111.4377794336810439 1100.1218330849478662 1102.9646050670639852 1046.8744411326379122 957.3505961251862573 876.6583457526080565 826.1274217585693123 803.7798062593144550
930.3954441081306186 930.1929339317399581 930.1152802421459000 929.7250287026406568 929.1184636259263243 928.7053021605260028 928.4437428243398926 928.6764690533346993 929.2433722993424681 929.5163865984761742 929.4676442960025042 929.2694134223985429 928.9610165953449723 928.5157603590439521 927.9790731656403295 927.3671850537522232 926.8090230664857927 926.3528859200500847 925.9877622377622401 925.4734631040601016 925.0959190063667847 924.7748930174303723 924.4630257801899234 925.0724872142782260
825.1779193205944694 874.7847133757961728 957.3681528662419851 1067.6823779193205155 1165.6700636942675828 1264.9808917197451592 1270.6314225053079099 1146.0475583864119926 1128.3248407643311566 1193.8467091295117370 1159.1825902335456249 1027.4050955414013515 885.6959660297239907 779.7367303609341889 725.9647558386411674 717.4496815286623814 742.2369426751591845 781.3239915074309465 828.2157112526539322 898.8730360934182499 978.2135881104034070 1048.4866242038217479 1150.9214437367304527 1213.7673036093417522
587.6271844660194574 576.0834951456311046 514.0446601941747531 422.9398058252427290 323.1864077669902713 210.9145631067961233 140.9689320388349643 79.5902912621359206 34.4640776699029132 -5.9747572815533978 -42.5262135922330131 -78.8077669902912561 -114.1611650485436940 -142.9281553398058122 -168.0563106796116415 -188.6019417475728233 -203.8718446601941707 -213.6699029126213532 -216.6776699029126121 -213.4679611650485356 -200.6446601941747474 -180.9786407766990237 -157.2757281553398059 -132.6135922330097117
806.0102281667977877 897.4862313139260550 1055.1219512195120842 1234.4799370574351087 1383.3634933123523751 1414.6459480723840443 1298.4815106215578453 1235.7907159716758088 1276.0818253343823017 1223.7112509834776120 1043.7867820613689673 840.7820613690007576 686.7584579071597091 596.2336742722266081 573.5767112509835215 614.8575924468922267 695.2470495672698689 789.1660110149488219 911.5751376868607849 1083.7238394964595045 1252.0810385523209334 1365.0582218725412531 1363.4516129032258505 1240.9173878835563301
648.9835603569750901 636.1301080319399261 637.2536402066698429 636.4833255049319405 634.9840300610615031 634.5368717707843871 634.1766087364960640 638.1136683889150163 646.6801315171442184 656.9041803663691326 669.1432597463598313 685.6444340065758070 708.7022076092061980 740.9135744480977337 782.1047440112729419 829.3710662282761632 880.6026303428840265 932.3264443400657910 978.3790511977454116 1006.2480037576326595 1013.9168623767026247 1009.6791921089713924 993.7782996712071508 970.6571160169092991
270.0613772455089929 266.8866552609067639 265.8385372112916798 264.9950812660393353 264.0902480752779979 263.6843455945252117 264.4745508982035744 264.8406757912745775 265.5797690333618561 265.4967921300256535 265.5029940119760568 265.2478614200171023 264.4630025662959838 263.9441830624465410 263.3612061591103384 263.3708297690333779 263.0406330196749423 262.8877245508982128 262.8855859709153151 262.9647134302823019 263.7961933276304762 265.0699315654405268 266.8654833190761337 268.8002566295979250
1186.0806451612902492 1170.1927923387097508 1056.6355846774192742 944.7033770161290249 887.6612903225806122 881.7285786290323131 900.1300403225806122 921.6786794354839003 938.9415322580645125 950.9911794354839003 958.4657258064515872 963.1819556451613380 963.9375000000000000 962.6645665322580498 963.0516633064515872 963.8901209677419502 966.4294354838709751 970.4632056451613380 973.6590221774193878 978.1496975806451246 981.9029737903225623 981.9420362903225623 979.4017137096774377 975.9614415322580498
461.7924163748339765 459.7612607173046513 458.1610916555971471 457.2073421084410256 456.5664774785653890 456.1835527110252428 456.0753532182103527 456.3355874894336353 456.6229923922231819 456.3594976452119454 455.5835044076802092 455.1301775147928765 454.8335949764521047 454.2269049631686926 453.9455379785050013 453.5906291510686970 453.0247554643158878 452.7878275570583355 452.9078613693998250 452.7546190073662729 452.3969327375920670 452.9402246105542531 454.0644849655838584 456.3180775268687626
505.4609625668448984 496.7893048128342457 485.7283422459893245 472.6224598930481307 463.2748663101604052 451.5850267379678940 442.5422459893048313 436.0128342245989188 433.4342245989304843 438.5839572192513174 447.1860962566844933 467.3508021390374552 499.2385026737968019 538.8053475935828374 591.7401069518716668 651.8459893048128606 722.6224598930481307 793.8096256684491436 856.8673796791443920 913.8406417112299778 958.9679144385027030 984.3315508021390769 989.1839572192512833 972.8192513368984464
501.2297838270616239 484.2930344275420111 461.2946357085668296 436.3827061649319603 399.2826261008806910 364.7077662129703981 328.8967173738990937 296.6437149719776016 262.3546837469975799 236.0056044835868647 206.0192153722978503 181.1080864691753334 158.2361889511609263 140.7405924739791772 126.6693354683746975 118.7261809447558107 113.0104083266613344 110.4019215372297822 112.7502001601281023 116.3178542834267404 120.1889511609287382 125.6709367493995160 132.5524419535628624 140.3819055244195226
363.5867944621938364 355.9494142705005402 351.7225772097976346 348.0564430244941150 346.2390841320553818 346.5170394036208563 350.2151224707135384 355.5553780617678399 361.9137380191693296 368.3338658146964804 379.4201277955271507 392.2635782747603912 406.9861554845580258 423.0026624068157730 447.4084132055377836 472.7284345047923466 501.0665601703940411 533.6624068157614147 567.3919062832800364 602.7593184238551203 638.9840255591054756 667.3956336528221982 687.3338658146965372 703.0676251331203730
909.7071335078534275 905.5140706806282651 903.9332460732983918 903.7025523560209876 902.6528141361256985 902.5409031413612411 909.8376963350785900 936.8671465968586745 990.3380235602094217 1084.3956151832460364 1206.2575261780104938 1234.5647905759162768 1117.0107984293192658 961.5723167539266569 877.2627617801047109 881.1501963350785900 914.8982329842931449 930.5520287958115659 925.5503926701570663 912.4613874345549220 902.6619764397905783 899.9309554973822287 901.6446335078534275 909.5212696335078135
803.0354460093897160 792.2600938967136699 787.6431924882629119 786.4624413145539847 788.5908450704225743 795.5805164319249343 807.7974178403756014 824.9786384976525824 847.1124413145539620 874.4988262910798085 906.0948356807512027 942.0563380281689660 976.3100938967136244 1005.0000000000000000 1026.1279342723005357 1038.3990610328637558 1039.2352112676055640 1030.7481220657277845 1021.5636150234741990 1014.1246478873239312 1005.5917840375586820 996.4643192488263139 987.9788732394366662 978.9788732394366662
916.2333512834320572 912.3564889606892621 912.9517142344283229 915.6706156883863059 919.4090827499551324 923.2934841141626521 925.9998204990127988 927.7189014539579830 929.9872554299048488 933.2078621432417549 937.6718721952970554 944.1136241249326986 952.1484473164601923 959.3658230120265671 966.1392927661102021 965.7700592353257889 952.8009334051337191 925.8951714234427754 889.2464548555017245 851.9522527373900402 818.4999102495063426 789.1506013283072889 769.1755519655357602 764.2369413031772183
989.3465948177023392 994.5517083237789393 998.7665673010777709 1001.2451272643888842 1002.2414583811053035 1002.7479935794542598 1004.3164411832148062 1006.2270121531759060 1008.1273790415042413 1009.5444852098142974 1010.0176565008025591 1008.1798899335014994 1002.7377894978216091 989.5690208667737124 968.6597110754414643 942.9236413666590124 917.0032102728731616 896.4779867002980609 884.2909883054345528 879.4544829167622311 878.7588855767025962 880.4064434762668725 884.0959642283879703 892.3721623480853395
657.0985735822799825 654.1687347790791591 651.7008001855502926 650.2754261857821803 649.7170358343963699 649.6205496926824026 649.7992577989099345 650.3242491012408664 650.5183810738722059 650.9233445436623242 651.0670300359503244 651.0060303838571372 651.2175576945378452 651.7582048011132656 652.7241099385364578 653.7456801577177430 654.7209787776876055 656.3037226023425319 658.2913139278673498 660.3991650237736621 663.4289690362983265 666.4465963121883760 669.6718079554678980 673.2974602806448274
695.4414673619852465 691.8379787807948560 693.5457651501528744 698.4824671821614857 706.4421866570760358 718.1233591080740553 732.0717496853084185 746.1891746088832633 759.0708505664448467 770.5876640891925717 781.6531199424564420 792.7914044236648579 802.9048732242401911 812.8777198345621855 822.6327998561409913 831.5382125516993028 838.5243661212011830 843.4761733501169374 848.2486962776479231 853.6378349217766299 859.0730084517173282 862.5409099082899047 865.7351195828088066 867.5784930767847527
1194.7374169040836023 1213.7962962962963047 1047.0992402659069285 890.1780626780627017 950.1514719848053119 1006.9387464387464206 965.3352326685660501 883.2981956315289835 805.3371320037986152 755.0018993352326788 735.2374169040836023 742.4814814814815236 768.3186134852801388 799.9183285849952654 839.9088319088318713 911.4377967711301380 1009.4268755935422632 1086.4491927825260973 1207.0835707502374134 1280.5698005698004636 1207.5094966761632804 1159.9045584045584292 1163.8684710351376452 1122.1633428300094693
828.1611525667535716 826.5838352962330191 825.9659714105906687 825.6142227816236527 825.7193203272498749 826.4435853636608726 826.9333812820282219 827.2869279870539003 827.4471815157780838 827.8112919176480773 828.2553717522250736 828.5508406005574216 828.9492043513440649 829.6674907848602061 830.3835745752045341 830.8010428841140538 831.0590667985255777 831.2499325721478272 831.4309089274476037 831.5438281039288313 831.7582037220174698 831.9436303155623591 832.2935808684707126 833.5185651353052663
1087.6143557735176728 1184.5363352652698268 1265.4774855104769813 1194.3887650468122956 1116.4057066428890721 1178.1453410610788524 1194.3731609451626809 1080.8426214890771462 924.8934462773071346 800.4904146232723861 727.8390548372715330 702.1582701738742571 714.1988408381631643 745.8029424877396423 781.4583147570218671 848.9652251448952711 952.8118591172536753 1030.5327686134642136 1087.5769059295587340 1187.1801159161836949 1125.7111012037448745 962.0263040570664543 951.1065537226928654 996.9794917521177240
1056.7186751795691180 1046.7813248204308820 1020.0861931364725024 998.1360734237829320 991.7182761372705500 979.9337589784516922 952.9074221867517736 924.8232242617717702 906.5738228252195086 896.9122106943335666 894.0219473264165799 895.7621707901037098 897.3120510774142531 895.4046288906623658 894.9720670391061503 906.2944932162808982 937.0602553870710381 993.6416600159617474 1099.7581803671189391 1230.7178770949719819 1222.9636871508380409 1048.2278531524341361 878.1348762968874553 846.8184357541899772
-91.3827023014105464 -97.2702301410541992 -101.3474387527839582 -104.3559762435040881 -106.8340757238307361 -108.6146993318485556 -109.8051224944320694 -110.9031180400890833 -111.6020786933927269 -111.6926503340757222 -111.3912397921306621 -110.8485523385300695 -109.7461024498886388 -109.0267260579064583 -108.0675575352635462 -107.2446176688938380 -106.0690423162583471 -105.0705270972531622 -104.1429101707498148 -102.5282108389012592 -101.1314031180400832 -99.1573867854491482 -95.9320712694877500 -91.5876020786933935
982.4983496534272263 982.7331114534051721 983.6247111893497959 984.4401474309604509 984.3677522279679124 983.8348553196170769 983.3425294311805374 982.7547309935085877 982.1922378699526917 981.9259544504345740 981.6772472219165593 981.4065903839806424 981.0242325888436881 980.5009627021674987 979.9711464407525909 979.7123996039168787 979.4888876664099371 979.5512157553085899 979.8977060182638752 980.4150621630542446 980.8566674001540378 980.9397898558697761 980.7333039938387174 980.6092804488943102
