-989.4817847593583338 -1017.5822192513369373 -1010.7573529411764639 -970.9115975935828828 -898.2103943850266887 -798.6776403743315313 -682.6351938502673420 -554.9627339572192568 -422.2906082887700450 -290.8328877005347408 -168.9097593582887669 -60.5872326203208544 24.7662098930481278 77.9448529411764639 98.1117981283422438 94.9507018716577562 75.6580882352941160 47.4371657754010698 12.2737299465240639 -22.8594585561497325 -49.5604946524064189 -66.0367647058823479 -76.1452205882352899 -83.0250668449197917
-182.3403961308152930 -126.6508521418701037 -9.6646706586826348 150.8779364348226579 335.3169046522339727 519.8567480423768075 658.4532473514509547 731.0709350529709809 718.9479502533395134 630.0548134500230617 484.8185168125287987 305.6909258406264485 97.5974205435283295 -101.0405343159834217 -303.9023491478581036 -512.7844311377245958 -726.6494702901889013 -947.4518654997697240 -1148.9263012436665576 -1305.7457392906494533 -1390.2570244127130081 -1408.2229387379088621 -1367.4315983417779989 -1295.4813450023029873
218.8889181363516627 184.4701237167675743 129.4564359041852981 56.2326928138983959 -36.3577257172940236 -155.1687286127928473 -294.7288760200052593 -440.9634114240589611 -594.1371413529876691 -747.3387733614108583 -890.3411424058963348 -1012.9347196630692451 -1114.6249012898131241 -1206.8404843379837530 -1304.2384838115292496 -1407.4872334824954123 -1505.1789944722295331 -1576.5206633324557970 -1618.3419320873913421 -1621.0092129507766003 -1587.7562516451698684 -1525.7149249802580471 -1438.6180573835220002 -1336.3498289023427787
-933.1833470057424620 -927.6632485643970085 -850.4138638228055243 -717.0787530762920596 -559.9573420836751438 -382.7374897456932104 -195.9852337981952530 -12.3076292042657922 154.9602132895816169 300.7723543888433255 432.3789991796554659 554.1886792452829695 669.3244462674323358 773.2054963084495967 875.4315012305168011 970.9528301886792860 1052.8847415914683552 1118.4257588187037982 1173.0176374077111632 1222.6103363412632916 1249.9909762100082844 1251.8351107465134646 1218.2210828547990786 1148.8917145200985033
1351.9528492183560502 1409.7844175491679835 1441.9959657085223625 1448.4099848714070049 1430.3799798285426732 1394.9404942007060981 1344.0849722642460620 1284.1245587493697258 1226.8764498234997973 1175.2839132627332219 1130.1394351991930307 1092.3146747352495822 1055.5605143721634249 1017.9525970751386694 970.5660615229450059 919.0786686838124524 865.8149268784669630 807.3073625819465633 746.4377206253151371 695.6389309127584966 645.3134140191629058 595.5953101361573090 549.1891074130105608 504.7261724659606443
11.2523123578468542 8.3117513267626997 25.4156178923426843 30.9061410159211540 24.9349507202426075 16.0410917361637608 6.4641394996209254 2.1249431387414708 1.4717210007581500 -3.2241091736163758 -5.2950720242608034 -12.8391205458680826 -32.6081880212282016 -62.7455648218347264 -107.7687642153146328 -174.8127369219105276 -270.2374526156178831 -403.7881728582259484 -564.9658832448824342 -731.6530705079605923 -880.8548900682335443 -991.6598938589841055 -1056.5328278999240865 -1061.4600454890069159
-1053.3446977205153416 -1097.4608523290387438 -1132.3758176412288776 -1158.0677898909812029 -1172.4422200198216615 -1171.9859266600594765 -1157.2305252725470837 -1136.5439048562934659 -1120.1270564915757859 -1102.9668979187313198 -1076.9532210109018706 -1041.9203171456888413 -999.4632309217046213 -952.4043607532209990 -903.2313181367691186 -848.5607532210109412 -790.2624380574826546 -731.8249752229930891 -670.8132804757185568 -605.3343904856293420 -540.8955401387512438 -481.1928642220019583 -426.0941526263627566 -373.2366699702675987
-237.5813807531380633 -215.3495815899581487 -106.0928870292887041 85.4669456066945656 330.8866108786610880 573.8263598326359443 745.3543933054393165 777.2688284518828823 666.1771966527196582 459.5447698744769696 229.2571129707112902 21.9922594142259413 -125.1947698744769895 -182.8171548117154828 -201.4585774058577385 -199.1694560669455996 -192.7259414225941327 -183.7713389121338992 -176.1309623430962290 -173.8893305439330561 -172.1077405857740530 -171.7962343096234292 -176.3755230125522928 -183.2372384937238508
75.3194685153090688 -27.6487579433853270 -156.6464471403812695 -322.8382437897168984 -530.0785673021374578 -771.3616406701328287 -1034.9358752166376689 -1284.0150202195263773 -1493.0958983246678144 -1651.2917388792604925 -1787.9872905834777157 -1939.1086077411900987 -2101.3258232235702962 -2249.3466204506066788 -2354.4217215482381107 -2381.6429809358751299 -2296.2102830733679184 -2099.5297515886768451 -1817.3547082611207770 -1501.5274407856729795 -1201.5725014442518841 -940.6279607163489800 -728.3027151935297070 -574.9664933564413332
489.7466259230965306 548.1583906289788501 618.8767507002801267 704.6903488668194768 801.8747135217723780 901.1044053985229993 985.2574484339189667 1051.5833969951615927 1103.3333333333332575 1142.1573720397250327 1166.8571428571428896 1179.8533231474407330 1190.8174178762415067 1202.7086834733893284 1213.7132671250317344 1223.3165266106443596 1233.2317290552584836 1240.5627705627705382 1239.5342500636618297 1231.3929208046854455 1212.2734912146677289 1181.9969442322383202 1142.7170868347338910 1089.5966386554621295
-752.1407845244492592 -811.9607737775389751 -800.9661472326705507 -788.2262224610424255 -886.9118753358409322 -1136.2917786136486029 -1370.5545405695861518 -1441.1483073616334423 -1354.0231058570661844 -1185.0773777538956892 -966.0236432025792510 -726.0499731327242898 -512.8914562063406493 -340.8715744223535467 -186.7673293927995815 -61.8457818377216526 11.5443310048361099 108.1574422353573368 374.4798495432563072 831.3315421816228081 1379.2595378828586945 1862.1037076840407281 2092.1509940891992301 2017.1214400859753368
-11.3256235827664398 30.7753590325018891 87.6234315948601648 151.3000755857898696 219.9529856386999143 291.9898715041572359 363.9043083900226634 434.8273620559334631 506.5835222978080310 573.6185941043083858 629.8643990929705296 672.6707482993197118 706.3218442932728749 734.8096749811035124 759.2731670445956524 781.8182917611488847 798.1304610733182017 808.6415721844293785 809.8938775510204096 802.3563114134542502 779.9185185185185674 746.9600907029478094 703.7832199546485299 652.7546485260770623
862.7029177718833353 1086.3262599469496763 1346.5994694960211291 1663.1326259946949904 2073.8116710875333411 2573.3129973474801773 3111.3342175066313757 3642.2068965517241850 4041.8647214854113372 4183.6604774535808247 4045.7055702917773488 3735.3156498673738497 2801.1644562334217881 1880.7904509283819152 1165.9230769230769056 417.6631299734747813 334.9416445623342042 140.6472148541114109 56.3501326259946964 -82.0291777188328979 -203.6180371352785130 -316.9310344827586050 -389.2175066312997274 -408.5331564986737476
-28.4991680532445919 -26.3993344425956735 -31.5590682196339429 -36.8319467554076567 -44.7354409317803672 -65.6117581808097583 -90.4902939545202400 -109.0887409872434830 -125.9767054908485875 -148.8641153632834175 -141.8141985579589459 -51.9622850804215162 149.8286189683860243 446.3832501386577860 821.0970604547975427 1213.0621186910705092 1560.0565723793677080 1755.7465335551858061 1717.2334997226844280 1403.8291735995562703 1044.0238491403217722 607.4337215751525036 331.7121464226289618 165.2163061564059774
-971.1819699499164926 -953.1093489148580602 -1084.0175292153589908 -1277.2495826377296453 -1354.4757929883139695 -1255.2045075125208768 -1059.1160267111852136 -825.2804674457429428 -583.0601001669449488 -359.5676126878130390 -181.4282136894824760 -26.0776293823038401 111.0016694490818026 200.1043405676126952 238.6919866444073364 346.4849749582637628 623.0525876460767449 1034.8180300500835074 1537.1076794657763003 2048.8272120200335848 2380.1944908180298626 2385.2579298831387860 2081.1277128547581015 1357.3280467445742943
-395.0820344544708860 -345.0397867104183547 -243.7399507793273301 -57.8322395406070555 257.6054142739950521 724.7797374897456848 1258.9351927809680092 1684.0102543068087471 1811.9294503691551199 1589.6025430680886075 1147.7202625102543152 645.5242001640689296 449.1156685808039128 353.9323215750615077 327.9860541427399312 288.6193601312551209 261.1464315012304951 217.9253486464315017 167.1603773584905639 83.9963084495488062 -29.1333059885151755 -145.3679245283018986 -220.1833470057424051 -260.8310090237899885
-94.0821596244131513 -96.2871674491392753 -68.1971830985915517 -34.0019561815336431 -7.9338810641627546 13.8603286384976521 33.8114241001564935 44.2601721439749625 46.1932707355242584 41.8118153364632263 34.7769953051643199 36.6154147104851333 68.9393583724569652 126.7707355242566507 241.0798122065727682 382.8212050078247444 525.2969483568075475 607.0864632237871774 548.7687793427229508 284.6490610328638695 -141.8035993740218998 -719.9992175273865769 -1032.5223004694835254 -1085.9499217527386463
-452.5255503144654199 -529.4205974842767546 -602.2429245283018417 -675.8160377358490223 -749.5098270440252008 -829.3793238993711157 -917.4854559748428073 -1011.4571540880502880 -1106.7731918238994240 -1198.6049528301887221 -1288.0864779874214037 -1375.3148584905659391 -1455.7264150943396999 -1542.6214622641509777 -1645.9280660377357890 -1755.6049528301887221 -1858.7154088050315295 -1943.7955974842766409 -2006.2130503144653630 -2038.4775943396225557 -2035.7330974842766409 -2001.8863993710692739 -1932.1819968553459148 -1823.2000786163521298
692.4154485305431308 721.9330666256347513 716.9355285428526940 676.7539621480227652 607.2260347745807394 522.8653639021388244 437.0049238344360560 352.7479612248038165 279.7490383135867091 197.4556085551623426 109.9659947684259151 10.7601169410678565 -97.1692568087398030 -197.2911217110324742 -291.7119556854900679 -382.6400984766887063 -463.6333282043391364 -528.9707647330358213 -577.4463763655946877 -612.7968918295122194 -636.1715648561316812 -646.9533774426835180 -648.1041698722880255 -628.5328512078781387
2061.0796460176989058 2650.9557522123895978 5072.8141592920355833 -6555.6106194690264601 852.5840707964601961 735.3982300884955521 194.2831858407079721 -171.2300884955752167 -177.7964601769911610 -50.9380530973451329 -43.8761061946902657 -139.8495575221238880 -179.8761061946902657 -162.0353982300885036 -105.2831858407079579 -114.4159292035398181 -172.6106194690265454 -255.2300884955752167 -268.1681415929203354 -241.3097345132743499 -234.9734513274336223 -225.3185840707964473 -271.4690265486725593 -332.5398230088495666
-74.8018317393418641 -61.1468633490030768 -43.0799967579834657 -20.3734803047495525 7.3473010212352081 38.4277840816988174 70.8560544658777758 105.5508996595882678 141.8816663964986162 177.9170854271356745 214.2811638839358181 253.8881504295671903 293.9480466850380935 335.7373966607229931 375.7495542227265446 411.1348678878262035 434.6853622953477156 445.2653590533311672 439.7895931269249559 420.3756686659102115 388.5077808396822547 348.8724266493759387 307.4786837412870568 268.4520992057059630
35.5964435146443492 23.1211297071129707 -1.1495815899581590 -36.8355648535564839 -87.3868200836820108 -174.2121338912133979 -304.3851464435146568 -450.1834728033472857 -559.5811715481171404 -598.3623430962343264 -544.1096234309623014 -405.8658995815899857 -203.0433054393305383 36.7688284518828468 255.0872384937238451 402.3502092050209171 442.7294979079497921 378.5451882845188152 247.4976987447698775 104.7953974895397522 -26.5872384937238486 -69.2389121338912190 -76.7527196652719681 -66.7949790794979066
1046.0722104231335834 1088.9941186080704938 1106.5956543048521326 1099.7962751184447825 1079.3081195883025885 1050.9220715569351796 1008.8717529815389753 964.4048358111419930 911.8183303381800897 852.5843816369874730 786.3919294232968014 700.9094919130860717 611.8727332135272263 516.1457278222512741 427.0098023198823967 348.5267113216794428 281.7727495507269850 225.4816206502205489 173.5268746936775131 126.4618526384577706 83.2239830093122066 42.5368403855579160 2.3117137722594348 -30.8758372814899538
-2404.0035236081748735 -2527.6004228329811667 -2603.8188865398169582 -2627.5644820295983664 -2607.4108527131784285 -2554.7984496124031466 -2486.8675123326283938 -2401.7653276955602450 -2302.2854122621565693 -2191.4207188160676196 -2075.0782241014799183 -1949.5313601127554648 -1812.5792811839323804 -1679.2226920366454124 -1544.5609584214234928 -1416.6765327695559336 -1308.0902043692740335 -1205.2241014799153618 -1110.5369978858350350 -1020.6631430584918689 -933.0979563072586416 -862.7794221282592844 -805.9478505990133499 -754.5221987315010210
-1259.0667129951355037 -1393.5587213342598716 -1443.8519805420430657 -1387.3884642112577694 -1251.3175816539262541 -1064.3714384989575592 -844.4065323141070394 -608.2046560111188001 -378.8168867268936992 -175.6688672689367650 -12.7814454482279363 97.0844336344683825 158.2244614315496847 185.2960389159138401 218.0458651841556730 292.9235580264072496 406.7168172341903869 536.6862404447532526 655.2769284225156525 733.7932592077831941 759.4732453092425430 743.8394718554551446 695.9127866574009431 631.3412091730368729
-90.0877390326209166 -45.9238845144356986 18.0153730783652044 101.2073490813648249 196.5965504311961070 307.7431571053618313 439.9981252343457072 593.2954630671166569 768.4615673040869979 954.2887139107612029 1146.2594675665541217 1325.2358455193100326 1470.2905886764153820 1558.7296587926509801 1577.0997375328083763 1539.7566554180727962 1441.1931008623921571 1305.6347956505437651 1156.3712035995499718 1008.1237345331833239 867.5601799775027985 737.4199475065616980 628.2823397075366074 544.7607799025122404
369.0220623501198816 302.7203836930455623 -75.7769784172661929 -602.0705035971222969 -1139.3549160671461777 -1245.2306954436451178 -1143.0589928057554516 -867.0757793764987582 -528.2829736211031104 -208.6302158273381337 44.0330935251798579 188.6038369304556284 226.3553956834532244 180.9275779376498861 100.1170263788968811 15.8901678657074346 -26.8340527577937635 -1.3688249400479617 86.3074340527577988 182.7808153477218127 256.6220623501199043 295.1040767386091375 270.5582733812949527 214.1453237410071893
70.6148382004735566 114.5074980268350373 300.9384372533543797 660.9928966061562505 1166.2722967640095248 1761.1215469613259756 2292.7916337805841067 2556.4238358326756497 2436.3393843725334591 1822.9171270718231881 1119.5556432517757912 649.3070244672454692 280.9044988161010110 38.7734806629834239 -151.9984214680347350 -356.2249408050512898 -596.8618784530386847 -824.9368587213890578 -1042.7237569060773694 -1187.2501973164955871 -1221.1041831097079466 -1124.8445146014207694 -946.1468034727703298 -869.5185477505920062
150.1380656353910581 173.7055081682810567 195.3072141101633576 216.2962266878704725 237.4932774324128957 256.3202255312996840 274.2697701315599375 290.5164088477663995 301.2570478531155231 303.8673557900823994 298.3437906606910701 285.4031371982073324 265.4254011854850432 235.0278299840971385 198.1137776492699061 154.3482000867428212 109.4386294636403107 66.8293335260951267 27.7120861645221908 -6.5620933930894898 -35.2856006939424631 -57.6444267746132724 -74.4874222929015417 -86.2843718375018085
-127.2836468885672900 -275.8683068017365940 -843.3270622286540856 -1531.0651230101302644 -2060.9030390738062124 -2386.9189580318379740 -2491.6382054992764097 -2326.3444283646890653 -1855.2691751085383203 -1149.3863965267728418 -402.3299565846598966 212.7134587554269274 584.8002894356005754 699.5296671490593781 620.3111432706223241 473.1635311143270428 351.6845151953690447 306.3429811866859609 298.3212735166425205 336.9377713458755466 330.5383502170766974 216.5861070911722095 29.3154848046309695 -153.5542691751085442
-1400.1651396160557397 -1452.5977312390925817 -1464.0794066317625948 -1440.7390924956368963 -1388.6040575916231319 -1314.6921902268761642 -1219.8435863874344705 -1111.2613438045375460 -991.0104712041884341 -865.4578970331588152 -738.6623036649214100 -610.8030104712041748 -488.6369982547993231 -374.9085951134380252 -274.3603839441535683 -191.9742582897033287 -124.4572425828970381 -78.3680191972076727 -53.2281849912739986 -41.4011780104712059 -41.1212914485165797 -35.1206369982548026 -25.9199389179755677 -16.2438917975567207
-34.2439524395243922 -34.4699232706612761 -25.2040648977918345 -19.1240555262695473 -11.8219410765536228 -2.7828149710068528 6.7690505476483338 13.0458033151760091 16.6630352017805876 17.7836349792069335 10.6259591167340250 -2.8562057049141920 -24.8277982779827795 -54.1310841679845396 -87.2391495343524923 -125.4424529959585328 -167.6049903356176287 -212.9416622737655871 -262.2566625666256641 -309.7359573595736038 -350.6813682422538250 -379.3393662508053694 -391.5231066596380174 -382.6510865108651274
-6734.3362831858403297 1025.3539823008850362 816.5309734513274407 217.1592920353982379 -213.3362831858406992 -189.0796460176991047 -39.2300884955752238 -49.6194690265486713 -96.0176991150442518 -118.1327433628318602 -132.3805309734513287 -72.4159292035398181 -103.7787610619469092 -149.0265486725663777 -242.3805309734513287 -251.1238938053097343 -209.4867256637168111 -233.2743362831858462 -196.8938053097345176 -227.2743362831858462 -298.6106194690265738 -392.4336283185840557 -475.7522123893805315 -530.1681415929203922
266.2582359192348349 237.7146652497343382 217.7311370882040364 189.8023379383634506 171.9468650371944705 156.3846971307119986 133.2715196599362457 88.2040382571732238 12.9914984059511163 -93.8219978746014931 -238.3517534537725737 -422.4187035069075478 -625.6891604675877261 -847.4080765143464760 -1082.1184909670562320 -1320.4553666312433506 -1591.1057385759829685 -1883.6115834218915097 -2155.0430393198726051 -2377.0132837407013540 -2521.9776833156215616 -2582.8969181721572568 -2547.1695005313495130 -2401.4102019128586107
44.9269841269841237 80.8539682539682474 125.6455026455026456 184.5386243386243450 262.3116402116402242 359.8698412698412881 478.4804232804232811 616.9079365079364834 772.9703703703703468 952.2079365079365516 1152.6222222222222626 1371.9227513227513100 1597.3507936507935483 1814.4269841269840526 1999.7227513227512645 2138.8597883597885811 2214.4957671957672574 2210.0100529100527638 2131.9185185185183400 2012.0608465608465849 1876.1873015873015902 1745.6645502645503711 1635.9285714285713311 1546.0095238095238983
-48.7970335675253679 28.6393442622950829 73.3481654957064819 87.8134270101483168 169.0647931303668940 399.1007025761124396 795.6791569086650497 1313.5706479313037107 1889.9726775956285110 2373.3005464480875162 2540.0804059328647782 2287.0468384074943060 1566.5448868071819106 894.6635441061670235 459.2583918813426749 164.9945355191256908 -30.0874316939890711 -238.5768930523028928 -457.2287275565964251 -704.4605776736924554 -932.2513661202185631 -1125.9914129586261424 -1228.1678376268539523 -1199.0000000000000000
-2040.0104119511090630 -2188.0846536894523524 -2256.9533725667724866 -2248.1462200090536498 -2177.6120416478042898 -2057.7080126754185585 -1896.6265278406519883 -1709.5491172476233714 -1508.7383431416931217 -1321.8279764599367354 -1151.2688999547306139 -1001.6853779990946123 -874.8424626527840928 -757.2150294250792513 -652.1448619284743700 -553.9805341783612675 -463.8374830239927746 -390.7695789950203675 -322.8343141693073903 -273.8411045722046424 -246.6613852421910451 -236.6047985513807248 -240.6541421457673096 -245.3648709823449394
-462.5787511649580779 -585.2124883504193349 -742.1547064305684671 -928.6318732525628548 -1132.0615097856477860 -1342.1863932898415896 -1561.5936626281454664 -1776.4930102516309489 -1971.6924510717615249 -2147.6961789375582157 -2308.3056849953400160 -2452.2842497670085322 -2574.3970177073624654 -2651.9142590866727005 -2687.2562907735323279 -2689.0521901211554905 -2654.4212488350417516 -2598.4566635601117923 -2528.5358807082943713 -2449.2954333643988321 -2354.8797763280522304 -2242.5274930102514190 -2117.9123951537744688 -1982.0652376514444768
-550.0828420256991649 -575.0429327286469743 -580.7123204837490675 -568.4263038548753002 -541.3554043839758378 -503.1449735449735385 -448.1434618291760899 -377.2675736961451207 -294.0001511715797164 -201.5637188208616806 -102.8350718065003804 -1.1061224489795918 94.7876039304610742 180.6893424036281317 260.6870748299319871 340.8134542705971057 416.6093726379440909 480.9021919879062921 533.2154195011337379 565.4781557067270796 574.9916855631141743 573.8507936507936620 559.1451247165532550 538.0066515495086605
211.1730683340777261 282.5761500669942166 360.7114783385439978 434.9785618579722950 502.5075926753014528 563.9928539526574696 613.5594015185350827 653.6317552478785728 678.9658329611434056 680.9325591782045421 663.5232246538632808 624.5288075033497535 556.5064761054042037 460.6190263510495697 339.7635104957570320 203.6730683340777261 48.8901295221080829 -115.1125502456453802 -277.9720857525680913 -431.6500669941938213 -559.2478785171952040 -654.3896828941491322 -719.6435908887896176 -737.7851719517641413
34.2989608313349308 32.6530775379696223 145.3461231015187991 224.7977617905675345 3.4828137490007993 -558.4052757793765522 -1213.3780975219824541 -1663.7865707434052638 -1801.7521982414068589 -1664.8657074340528652 -1323.5555555555556566 -855.2438049560352056 -330.8768984812150507 126.3733013589128689 455.8297362110311610 606.0639488409273099 602.3029576338929019 471.0079936051159279 303.5083932853717101 219.3948840927258175 300.7034372501998405 457.0439648281374616 587.5603517186251565 645.5291766586730091
-414.4730446688345182 -443.0163443436590569 -463.1697758001026841 -477.4329967482457846 -487.5988362142734900 -489.0932740030806372 -478.7824747561184040 -457.9475440698271314 -427.1620742769125627 -390.1020023960294338 -350.4055279822009084 -310.4336813280849015 -271.8778880711963097 -233.5928461406811607 -194.4268355296936477 -152.8270580181413720 -110.5550231045695710 -68.9110046209139142 -31.0584460037651908 2.9106623309943522 31.8552969365052192 53.2248844771521448 69.6233955160020486 79.8555536539448951
831.8982701812191181 906.0518945634266856 999.4036243822075676 1102.1087314662272547 1217.3426688632619062 1351.7677100494233855 1499.2850082372322049 1650.1280889621086772 1786.0313014827017923 1893.2656507413510099 1953.4629324546951921 1963.2850082372322049 1924.0782537067545945 1833.4728171334431863 1713.6688632619438977 1574.5609555189455477 1421.6025535420099004 1265.1363261943986345 1114.6371499176277666 978.6976935749588620 865.2648270181218777 774.0156507413508962 693.4369851729818492 627.3471993410214509
-109.5017910447761125 -28.3913432835820885 41.4161194029850748 95.7152238805970086 131.5379104477611918 147.5444776119402945 140.4250746268656656 113.9525373134328419 120.5558208955223876 215.8104477611940410 405.8591044776119361 649.4946268656716484 899.1922388059701916 1096.5044776119402741 1163.1397014925373696 1084.0976119402985205 880.9791044776119406 614.4295522388059680 398.8364179104477785 170.0247761194029863 46.0970149253731378 3.4197014925373135 -54.1411940298507446 -98.7026865671641787
-1022.8120000000000118 -894.9400000000000546 -695.1359999999999673 -462.5600000000000023 -221.4039999999999964 11.8200000000000003 251.2359999999999900 490.4839999999999804 769.4719999999999800 1074.5480000000000018 1435.5999999999999091 1842.5679999999999836 2320.9560000000001310 2866.2880000000000109 3431.3079999999999927 3948.2119999999999891 4326.0280000000002474 4520.7200000000002547 4329.0519999999996799 4037.4279999999998836 2989.6480000000001382 1806.5960000000000036 1247.2000000000000455 38.9040000000000035
1450.4184365115227138 1503.2498870311794690 1523.5648441030275535 1511.7803886127428541 1471.7641211025757002 1414.2318120198824545 1348.9385449615906509 1282.3212833258021419 1221.1125169453230228 1173.0903750564843904 1140.1784907365567960 1124.0795300497063636 1128.5485765928603996 1158.6823316764573519 1219.8228648892904857 1305.7975598734749383 1406.0709444193403215 1513.2385901491188633 1614.1138725711703046 1684.6904654315408152 1714.2584726615455111 1695.2376863985539330 1629.5558065973791599 1523.9543605964754533
-584.1382954800989182 -654.9282662469080378 -730.7247582639981829 -810.1430177647852133 -894.2118281987857245 -982.0344052170001987 -1070.7249831346975952 -1158.8920620643129951 -1238.8693501236789416 -1311.4020688104340024 -1374.0281088374185856 -1417.7679334382730758 -1440.8075106813582806 -1437.5902855857882514 -1409.8059365864628489 -1369.2057566899034100 -1323.1513379806610828 -1272.8243759838092046 -1222.3885765684731268 -1175.4405217000226003 -1124.1691027659096562 -1065.1542612997525339 -994.8583314594108060 -914.8837418484371256
188.0446521287642838 110.1157840083073722 -36.1786085150571139 -196.9257528556593968 -340.8338525441329239 -466.5633437175493441 -641.8836967808930467 -895.3296988577362754 -1154.4491173416406582 -1323.1884735202493175 -1365.3089304257528056 -1321.6433021806853958 -1215.7414330218068699 -1061.6921079958462997 -890.1490134994808159 -720.4470404984423340 -538.3935617860851153 -328.3390446521287913 -85.6619937694703992 195.5207684319833845 565.8785046728971793 1005.7928348909657643 1391.4148494288681377 1548.8774662512980740
378.1448459153325530 378.8035815984306964 360.7522622286907676 317.6632917800417886 261.7589698158577676 195.7499841802189451 128.7700436625956968 72.1909763968866685 24.3631588938809074 -15.5915332531797759 -48.7680187306207671 -76.1097260013921471 -96.9505790039865900 -110.2246408909700648 -118.8454090995380596 -122.8062393216477943 -123.6402581788267980 -122.3372144529519687 -118.7966208947668179 -113.6863886603809419 -107.5324938302853894 -100.0255014870594152 -92.4420679617794150 -85.1750300575840100
115.5563887222555479 97.7225554889022163 57.1910617876424681 2.1061787642471508 -69.3764247150569844 -141.7651469706058833 -203.8869226154768910 -253.9454109178164458 -332.1970605878824472 -443.3572285542891223 -564.6121775644870695 -666.6460707858428805 -705.8779244151169223 -648.6349730053989333 -497.6523695260947875 -255.9508098380323986 45.4517096580683884 360.2402519496100695 609.0596880623875222 739.7687462507498140 731.8260347930413445 617.5557888422315500 466.2033593281343542 349.8548290341931875
-31.1348646022341278 -31.7613146783389375 -32.5595294400921844 -33.3478548762974398 -34.2568730812558613 -35.1704317765528387 -36.0324971836920724 -36.6162339728430553 -36.9530042051132099 -37.3036280925640895 -37.6566254181464828 -38.1604736556966841 -38.7875686878154937 -39.1174507898561288 -39.1236681658310914 -38.9671416409400848 -38.6562728421921591 -38.0897606783217384 -37.5887072501655410 -36.9534771728568145 -36.1139766267940558 -35.0865530970787773 -34.3084953606164049 -33.6509842028773605
-720.9485482781904011 -765.7550303848751128 -796.1189736664415477 -808.6288993923025146 -805.5161377447670930 -789.5848750844024835 -760.7550303848751128 -724.5377447670492757 -689.5655638082376981 -660.0182309250506023 -639.9497636731938428 -626.2722484807562751 -611.8700877785280454 -592.2912896691424294 -561.8286293045239290 -518.3407157326131482 -462.7658338960162041 -398.7184334908845358 -328.8560432140445755 -258.3917623227549143 -193.8707629979743388 -138.6361917623227669 -95.3103308575286974 -65.8371370695476088
-27.7788543744656593 -127.7463664861784025 -246.0683955542889692 -387.7455115417498064 -553.1829581077230387 -715.3211741236819989 -854.8247363921344686 -969.4616699914505489 -1082.2881162724422666 -1208.6839555428896347 -1345.5081219720718764 -1454.3223140495867938 -1532.6035907666000639 -1558.7859789113706483 -1494.6107153035052306 -1334.7352522086064255 -1108.6184098033627379 -857.9911655742376979 -615.1179823311484824 -396.4060986035907490 -212.5138216015959074 -70.5123966942148712 38.6423482473639197 124.9130806497577595
-1352.9567331064656628 -1480.3116188624210281 -1463.0568789499270679 -1356.7136606708800173 -1194.5935828877004496 -994.7005347593583338 -800.5371900826446563 -637.6815751093826066 -501.3111327175498104 -364.4579484686436786 -221.3422459893048142 -56.8031113271755004 227.3111327175498388 669.8444336412251232 1184.9630529897908673 1577.1628585318424030 1660.7136606708800173 1409.6869227029653757 993.1074380165289313 621.4219737481769243 426.6412250850753480 290.0461837627613022 188.5454545454545325 138.1443850267379787
-262.5250241279470629 -309.7609265131669645 -364.1927478284847552 -426.7278367572039315 -495.3748793602647424 -567.2222528608851917 -639.1061629670481352 -708.3639873155935902 -765.8630911347029269 -809.0994071418723479 -841.5861023024955330 -863.3728112505169747 -874.6118847373500103 -880.6281538673651994 -880.2654074176202812 -873.6910244036949962 -861.3748793602646856 -840.4292017096373684 -808.7668550944437129 -767.3838411691714327 -718.6719977940163062 -666.7352819522956224 -613.0119950365366321 -558.4431269819384624
-2146.8254777070064847 -2320.0592356687898246 -2309.3318471337579467 -2126.1802547770698766 -1811.4974522292993697 -1409.2942675159235932 -953.8057324840764295 -526.0031847133758447 -196.6420382165605076 15.3216560509554132 119.4968152866241979 146.1031847133757822 139.3248407643312134 138.6783439490445744 155.6535031847133723 173.1490445859872693 142.4770700636942706 70.5942675159235620 -40.9847133757961757 -192.1222929936305661 -339.3375796178344217 -453.9700636942675374 -527.1000000000000227 -561.7840764331210721
-420.3940202883075017 -513.1377469300587109 -727.8008542445274998 -1007.6700480512546392 -1240.3609183128671702 -1344.0517885744793602 -1328.1825947677523345 -1229.5520555258942750 -1074.9316604378002467 -901.0982381206620175 -734.6860651361452028 -581.7100907634810483 -413.1115856914041728 -222.9145755472503936 -10.7116924719701014 285.4511478910838491 697.4522156967432238 1183.6727175654029907 1572.5616657768287041 1677.9823812066204027 1471.9759743726642682 1098.5718099305927353 715.2765616657768533 579.7031500266951980
-110.4125523012552321 88.4104602510460182 484.2962343096234576 1015.0631799163179494 1533.9807531380752152 1833.0552301255229395 1754.3217573221756993 1261.8221757322176018 901.6878661087865794 498.7945606694560752 288.4058577405857591 235.2205020920501966 212.6259414225941384 179.3397489539748904 155.0832635983263685 123.2987447698744745 78.5606694560669467 -2.7606694560669456 -120.9987447698744774 -202.1472803347280376 -243.5179916317991626 -274.1104602510460495 -339.7497907949791056 -494.1941422594142068
1415.1435203094777080 1304.0796905222437090 1136.0328820116053521 743.6765957446808670 85.1945841392649896 -81.5953578336557115 -387.3117988394583904 -443.1481624758220619 -351.3442940038684696 -262.2263056092843385 -175.2290135396518451 -109.7098646034816198 -64.1883945841392602 -49.8564796905222423 -61.9230174081237905 -81.3145067698259254 -89.1555125725338513 -87.8201160541586034 -81.3001934235976762 -77.5388781431334593 -70.5423597678916821 -55.1907156673114088 -33.3702127659574472 -11.1957446808510639
761.7888963510185931 785.1462950526080249 780.3551600626818754 751.8513543765391205 700.3762032684128371 627.2249832102081655 550.8835907768077504 474.9028430714125761 407.5184687709872264 346.7289008282963891 281.6645399597044843 230.9377658383702681 181.1405865233937789 137.4506380120886604 98.4168345645847324 61.3203492276695741 23.3552719946272660 -14.7709872397582274 -45.6217819565704019 -66.2746809939556698 -82.4932840832773735 -95.5295500335795822 -105.3280725319006024 -112.3172151331990136
-818.3428324697754306 -684.7495682210708310 -527.5924006908462616 -374.0578583765112057 -249.7927461139896366 -153.5561312607944728 -71.4240069084628715 -5.4818652849740932 28.6286701208981000 89.0474956822107089 301.0837651122625402 703.6580310880829074 1248.2409326424869960 1882.8644214162347907 2452.5025906735750141 2730.7797927461137988 2616.7262521588945674 1908.1286701208980503 1066.9101899827287525 518.3056994818653038 135.9645941278065493 15.7184801381692569 -121.7400690846286722 -241.3747841105354155
2273.4653679653679319 1899.2243867243867044 1384.1991341991342779 837.2900432900432861 407.6666666666666856 95.1219336219336213 -135.7748917748917847 -369.4292929292929557 -624.9603174603174693 -873.3881673881674033 -1091.8564213564213787 -1263.9942279942279129 -1352.6666666666667425 -1299.6219336219335219 -1145.0584415584414728 -1038.3614718614719550 -1107.0627705627705382 -1321.7821067821068937 -1464.9473304473303870 -1424.8838383838383379 -1262.7359307359306513 -1042.9963924963924455 -818.3369408369408120 -623.7186147186147309
-302.7717075745579223 -319.1588809712325201 -330.5745579308524498 -341.4516583091404982 -350.8182457992434138 -358.6741444532418654 -365.8592416644673335 -371.3323656197765672 -374.1335444708366254 -372.2824843846221370 -367.5721826339403719 -362.1654790182105899 -359.9156329726400827 -361.7304477874549207 -367.4652062989355272 -377.1389988563385032 -390.2105216855810568 -404.8156945544118912 -419.4751473563825357 -430.8600334301046928 -437.7000967713556747 -439.6743204011612534 -431.1769156329726229 -411.7792733350927961
-552.6644688644688586 -722.2996336996336595 -932.3728937728938035 -1158.8761904761904589 -1359.7018315018315207 -1519.0754578754579143 -1647.7406593406592492 -1809.6395604395604551 -2026.5985347985347289 -2277.5992673992673190 -2500.8329670329671899 -2636.4131868131867122 -2633.9267399267400833 -2497.8996336996337959 -2223.0710622710621465 -1857.6329670329671444 -1465.3230769230769965 -1101.3384615384616154 -785.5963369963369587 -521.1750915750915283 -325.1025641025640880 -185.5120879120879067 -81.7435897435897374 7.9904761904761905
1625.9130608974357983 1581.1682692307692832 1303.8878205128205536 955.7576121794871824 663.6402243589743648 510.4719551282051384 411.8273237179487296 355.0492788461538680 312.0180288461538680 269.7812500000000000 202.8189102564102484 108.0404647435897374 -21.2760416666666679 -183.4487179487179560 -332.6398237179487296 -428.9451121794871824 -501.7219551282051384 -660.0376602564102768 -945.3269230769230944 -1269.0637019230769056 -1483.7387820512819872 -1546.9683493589743648 -1492.6390224358974592 -1358.2419871794870687
-1319.5427327163854443 -1248.3130103429505198 -1120.2433315187806784 -964.1567773543821431 -811.6129559063690522 -665.2248230811104577 -497.9640718562874326 -312.8209036472509297 -91.0549809471965119 221.3445835601524152 652.3581927054981406 1176.4561785519870227 1646.5819270549809517 1837.0854654327708886 1651.3919433859553010 1247.3826891671203612 868.0593358737071412 611.5601524224279046 483.4207947740881650 384.0386499727816840 318.4817637452367762 268.1986935220468240 211.9575394665214958 129.6848121937942437
-132.6632231404958588 -86.2678202479338836 -63.6709710743801622 -60.3339359504132204 -74.1355888429752099 -44.7184917355371923 91.2484504132231393 342.0632747933884161 653.6022727272727479 944.2386363636363740 1111.9444731404958020 1074.1887913223140458 848.9111570247933969 561.5746384297520990 265.2879648760330724 85.5325413223140458 56.6448863636363669 32.5322830578512381 26.3863636363636367 29.3303202479338836 23.4049586776859506 -7.5591425619834709 -63.3956611570247901 -127.2895144628099189
-1352.4164025356576531 -1499.4231378763865905 -1118.2935816164817879 -707.6394611727416759 -282.8811410459587705 49.9425515055467528 215.0653724247226535 204.9100633914421508 73.5828050713153772 -96.0828050713153772 -237.9286846275752794 -311.9976228209191618 -309.3256735340729051 -267.3252773375594415 -203.6747226624405585 -140.8122028526148881 -91.2567353407290085 -60.6893819334389875 -41.6707606973058660 -26.9591917591125210 -6.2900158478605386 20.1937400950871648 34.8395404120443715 33.2848652931854190
2031.2005420054199476 2525.3197831978318391 3085.6883468834689666 3638.1490514905149212 4038.9945799457996145 4167.6612466124661296 4209.6016260162605249 3430.6314363143633273 3071.2032520325201403 1715.8672086720866901 1108.9539295392953591 369.2953929539295359 235.8536585365853568 152.9593495934959435 14.0623306233062326 -105.2547425474254794 -226.0352303523035289 -341.8861788617886077 -418.9945799457994440 -449.9322493224932487 -448.8482384823848292 -427.9024390243902189 -423.7967479674796891 -462.9214092140921366
2068.1363636363635123 2218.0363636363636033 2132.7272727272725206 2578.3727272727273885 5151.6272727272726115 -6606.4727272727268428 883.5454545454545041 723.8363636363636715 189.5727272727272634 -205.9545454545454675 -228.2090909090909179 -55.7272727272727266 -67.6909090909090878 -126.1272727272727252 -166.6636363636363569 -167.5181818181818301 -117.7727272727272663 -126.2181818181818187 -181.5818181818181927 -264.5818181818181642 -287.8363636363636147 -268.9272727272727366 -260.0727272727272634 -250.8000000000000114
-2662.1272727272726115 -2887.1590909090909918 -3009.3499999999999091 -2988.8318181818181074 -2825.4545454545454959 -2546.0136363636365786 -2175.1045454545455868 -1744.0499999999999545 -1284.0999999999999091 -820.8318181818182211 -379.3500000000000227 25.1954545454545453 356.6590909090909349 631.1818181818181301 910.7136363636363967 1231.3272727272726570 1597.2454545454545496 2009.2590909090909008 2452.7090909090907189 2926.2545454545456778 3375.8454545454546860 3751.1954545454545951 3813.6818181818180165 3939.6454545454544132
406.4882043283291182 470.8317410801325877 548.4369272762721721 637.5178397348411181 730.5763306687463228 821.1456424254240574 911.3899395593682584 993.2661337492688745 1057.0674595437706103 1104.0327549229868964 1131.4162604796256346 1131.0865665821797847 1099.5170598557224366 1042.0820822772470819 965.7145642425424512 873.0994345876389389 776.7479040748684156 674.1388184831350827 573.5084811854162581 475.0883213101969318 386.1167868980307958 312.3499707545330466 246.5502047182686738 193.4365373367128029
-750.7903995229576140 -766.0974955277281424 -736.7844364937387809 -667.7420989862849865 -538.3527131782946071 -342.2990459153249958 -94.7653548002385264 159.2936791890280404 362.6714370900417634 467.9549791293977137 446.1401311866428046 320.2653548002385264 140.3795468097793560 -33.9194991055456185 -173.5581395348837077 -264.8384019081693737 -320.2188431723315603 -367.2325581395348877 -407.6967799642218324 -449.1776982707215211 -481.0649970184853714 -498.2406082289803066 -495.9531902206321092 -472.2245080500894687
924.4269279931827441 948.6325095867064192 933.6789518534299077 891.6531742650191745 832.3432040903280722 761.2807839795483460 695.9443971026843201 640.5417554324669709 597.6487004686833870 563.7435023434171626 541.6838517256071555 534.3547081380485224 540.1717085641244012 556.5513421389007362 582.5468683425649488 612.0426075841500051 645.9211759693225758 686.7104814657009229 736.3911376224967853 783.9584576054537592 825.3025138474648656 852.3174265019173390 852.3291435875586330 820.5854282062207403
-148.3566137566137684 -93.4698412698412682 -44.2666666666666657 -11.6158730158730155 23.3735449735449734 66.8730158730158735 119.7322751322751344 175.2296296296296418 239.8624338624338748 321.5661375661375700 432.3015873015872899 577.1164021164021278 755.3174603174603590 972.5862433862433818 1240.9058201058201121 1565.2169312169312434 1940.8634920634920036 2345.2867724867724064 2724.3333333333334849 3018.8857142857141298 3172.5470899470901713 3157.1439153439155234 2918.9714285714285325 2692.0708994708993487
480.8246146660438853 431.2687996263428545 367.5282578234470066 296.1111630079402062 204.6170014012143952 74.6426903316207415 -87.5861746847267568 -268.5838393274170812 -447.1156001868286012 -612.1637085474077367 -770.2650630546473849 -917.7779075198504870 -1037.8201774871554335 -1116.5242877160205808 -1158.7150864082204862 -1150.9911256422233237 -1081.6144325081736497 -963.8629145259225197 -823.9764128911723446 -671.6849602989257164 -511.9621672115833917 -354.6639420831386929 -217.8848668846333396 -99.6282111163007897
-253.5226455787203577 -120.7304097771387461 -18.9769949676491727 54.7225017972681513 110.5844716031631947 134.1876347951114212 155.1445003594536445 290.8181164629762634 607.9166067577282320 1062.8253055355858123 1613.2710280373830756 2161.8943206326384825 2516.2350826743349899 2516.8346513299784419 2041.6923076923076223 1354.0388209920920417 538.3723939611790001 263.2724658519051104 92.4450035945363027 -75.2501797268152472 -240.7426312005751186 -425.8173975557153312 -581.0158159597411895 -714.1013659237958109
1635.6466208476517750 1763.8871706758304754 1886.4266895761741125 1997.1105383734250154 2083.7955326460482866 2145.9833906071021374 2186.7096219931272572 2204.2061855670103796 2195.9106529209620930 2179.7577319587630882 2164.7623138602521067 2153.6804123711340253 2146.0876288659792408 2141.7107674684993981 2131.5899198167239774 2110.0710194730813782 2067.6597938144332147 2003.7050400916380113 1923.7777777777778283 1829.4238258877433054 1722.1208476517754207 1617.5120274914088441 1515.6746849942726385 1416.2657502863687569
1601.2489669421488543 1697.6735537190081686 1669.3512396694213749 1535.8095730027548598 1334.7410468319558277 1104.1088154269973529 829.7045454545454959 589.9979338842974812 458.8898071625344528 287.3767217630854134 142.1687327823691476 28.1370523415977978 -58.1146694214876050 -116.5585399449035862 -156.7706611570247901 -172.9266528925619752 -166.3815426997245197 -150.6081267217630852 -129.1621900826446279 -102.5602617079889853 -69.9435261707989042 -40.4803719008264480 -12.8295454545454550 -1.9424931129476584
3547.5335276967930440 3910.1807580174927352 3983.7900874635570290 4108.5451895043734112 1997.8017492711369414 2680.6355685131193241 86.3877551020408134 216.7492711370262271 387.7755102040816269 60.8979591836734713 -6.4577259475218662 -97.3177842565597615 -147.9970845481049651 -218.0204081632653015 -275.4664723032070128 -315.4927113702623842 -311.3002915451895092 -278.7113702623906875 -273.9300291545189339 -308.1166180758017390 -341.1486880466472371 -383.2857142857142776 -441.4227405247813181 -481.4198250728862831
-673.3347039473684390 -689.8045504385964932 -684.7066885964911762 -660.8275767543859729 -625.9772478070175339 -587.6990131578946830 -555.5852521929824661 -537.6156798245614254 -538.6318530701754526 -560.6008771929824661 -602.1573464912280542 -667.8314144736841627 -747.2765899122806559 -832.8560855263158373 -928.3678728070175339 -1034.2310855263158373 -1141.1913377192981898 -1243.4624451754386882 -1338.1622807017542982 -1418.4745065789472847 -1472.8799342105262440 -1491.7617872807018102 -1467.7568530701753389 -1404.7489035087719458
959.3593806265754438 1241.1137918617212108 1473.5952466690673646 1543.8739647101187984 1420.7234425639178426 1191.4807346056895767 976.3773856679870278 826.1703276917536414 707.8437162405473373 631.5495138638818844 568.2578321930139964 498.4699315808426263 414.2859200576161243 318.5059416636658511 193.6085703997119083 26.3842275837234439 -166.9819949585884160 -329.7173208498379608 -459.2153402952826582 -601.7806985956067365 -805.0867842996038917 -1041.7778177889808831 -1210.6755491537630860 -1246.2967230824631315
2594.7190082644629001 4940.8760330578516005 -6326.9256198347111422 853.7355371900825958 675.8181818181818699 186.2479338842975096 -157.4132231404958588 -125.3884297520661164 24.2231404958677672 -56.5867768595041341 -184.1652892561983492 -223.7190082644628149 -185.1735537190082539 -95.1157024793388359 -87.4462809917355344 -148.6528925619834638 -233.1735537190082539 -249.1818181818181870 -216.4628099173553721 -211.7520661157024904 -205.0909090909090935 -250.6611570247933969 -310.5950413223140458 -403.1983471074379963
607.1399631675874389 687.9220380601595934 786.0933087783917017 906.3769183548189403 1049.5604665438920620 1208.6998158379374217 1378.0816451810926537 1553.0368324125229265 1723.8594229588704820 1872.8858195211787461 1995.0380601596070846 2087.2173112338859937 2145.3787599754450639 2168.4726826273786173 2171.5604665438918346 2168.5445058317986877 2173.1025168815222059 2189.8643339472068874 2205.3179864947819624 2200.8821362799262715 2168.2553713934930784 2103.4579496623696286 2011.6077348066298782 1898.6605279312461789
33.5166184971098247 19.7832369942196529 13.9924132947976876 -2.6795520231213872 -32.6564306358381486 -76.3992052023121317 -116.4898843930635906 -143.9248554913294811 -162.0223988439306311 -173.0812861271676297 -190.0939306358381486 -220.8356213872832257 -264.9476156069364379 -321.3861994219653297 -395.1184971098265919 -497.2471098265896217 -638.3179190751444594 -837.6072976878613190 -1099.2127890173410378 -1392.9317196531792433 -1684.4877167630058921 -1919.5249277456646269 -2043.6625722543353731 -2029.7095375722542485
32.4064204783885828 30.7196810742761208 45.0039865715484666 53.3420058749475459 55.9307595467897585 52.9018044481745733 40.4779689467058361 15.3283676038606806 -15.6193873268988668 -38.4443978178766272 -70.4330675618967632 -149.9624422996223245 -298.1483424255140449 -483.5060847671002762 -647.1170793117918265 -721.1351237935375593 -699.6516995383969970 -592.4802769618128195 -414.4448174569869821 -183.9240453210239252 55.1439362148552235 258.3506084767100219 373.8971884179605354 390.2555602182123380
253.1897163120567313 257.8200354609929263 220.4565602836879350 187.3386524822695094 201.1781914893616943 259.1808510638297776 262.7934397163120366 290.3909574468084998 389.4317375886524815 316.7579787234042783 -110.3980496453900741 -769.7500000000000000 -1450.0975177304965200 -1928.7535460992908156 -1984.8191489361702224 -1771.2145390070922986 -1359.1338652482270390 -813.3244680851063322 -250.3280141843971762 214.0168439716312037 513.2686170212765546 614.6276595744681117 573.9884751773049629 423.5159574468084998
488.7314172447968303 502.1473406012553937 491.3927981499834914 459.1559299636604123 407.5117277832837885 345.1868186323092118 281.9020482325735202 221.0034687809712466 164.1645193260654025 116.9165840766435451 79.6290056161215745 54.1091840105715249 43.7200198216055469 50.8039312851007594 72.9473075652461205 110.8156590683845337 162.0247770069375690 226.1035678889990095 297.7527254707631528 372.6030723488602803 440.8728113643871893 490.0721836802114240 512.9938883382886843 499.0503799141063723
-1675.8711111111110768 -1710.4737037037036771 -1696.6525925925925549 -1645.5562962962962956 -1565.7388888888888232 -1469.4674074074073360 -1364.7066666666667061 -1260.9362962962964048 -1166.3785185185186037 -1087.8266666666665969 -1028.6451851851852552 -992.6103703703703331 -978.0048148148148357 -981.1007407407407754 -1003.5503703703703877 -1039.8437037037037953 -1088.1429629629628835 -1147.0274074074075088 -1206.8925925925925640 -1260.6214814814813963 -1288.6255555555555929 -1283.3222222222223081 -1244.7455555555554838 -1174.7625925925926822
-1356.8723675813657792 -1431.5089342693042909 -1500.8647096362476532 -1566.9652201659221191 -1625.4629865985959896 -1677.8637523931079159 -1719.9451180599871805 -1748.8417358008935025 -1772.0689215060624520 -1791.3730057434588616 -1803.1525207402680735 -1804.5851946394384413 -1798.2326100829611732 -1785.2578174856414535 -1763.8781110402042032 -1735.9428844926610509 -1704.6072112316528546 -1669.8037651563497548 -1634.0587109125717689 -1595.4387364390554467 -1550.6876196553923819 -1498.3120612635609632 -1438.0258455647733626 -1364.2399489470326444
13.1020408163265305 31.6748299319727877 56.2639455782312936 33.4693877551020407 68.5795918367346928 181.9523809523809632 86.8721088435374185 -465.2353741496598900 -1223.1673469387756086 -1856.3673469387754267 -2205.5619047619047706 -2287.2108843537416760 -2129.2639455782314144 -1716.8952380952380281 -1069.5945578231292075 -322.7333333333333485 295.0598639455782290 674.9156462585034433 782.9142857142857110 669.4380952380952294 427.1265306122448919 266.4448979591836633 277.6693877551020364 366.6095238095238074
-109.9382301597958929 -128.9248019336645541 -130.3878071706727440 -136.5308177789713966 -146.6679199677722636 -160.0345105411575162 -183.5540486101785973 -221.8786088357727806 -269.8663891499932674 -326.1532160601584565 -390.6971935007385355 -462.9581039344702731 -537.8579293675305735 -611.1208540351819920 -680.7624546797368339 -747.2296226668456711 -810.9985228951255749 -866.9170135625083731 -913.0974889217134205 -946.5476030616355274 -961.6485833221431676 -960.4651537531891563 -945.0837921310594538 -908.5602255941989824
15.4645039847455141 21.7154940595511654 27.8022783943675762 32.7352711093727109 37.1177088935608452 41.0614090842419230 45.3324695643670879 50.0624847210678112 54.4111132841147978 57.7111181733731016 60.2645822128783095 61.9986799002591340 63.4424778761061958 64.1246760866376633 64.9284212584950922 65.2203344252676800 64.9487361267295711 63.3872292573216640 60.0719943284603701 54.7973402434850598 48.5940448833911915 41.4620593555957555 33.5955849997555376 25.6232093091478035
-1143.3482456140350223 -1405.5719298245614937 -1453.9622807017544801 -1322.1789473684209497 -1121.6192982456141181 -884.3956140350877604 -631.5824561403509279 -407.7184210526315837 -219.6087719298245702 -56.0499999999999972 64.1087719298245560 108.7140350877192958 155.7824561403508881 363.7140350877193100 795.7561403508772173 1368.7271929824562449 1993.2973684210526244 2477.7421052631580096 2594.4385964912280542 2305.4552631578949331 1479.4570175438595925 801.6315789473684390 481.9657894736841968 250.2228070175438575
45.5588855421686745 10.4085843373493976 -46.2371987951807242 -126.4543674698795144 -223.3112951807228796 -328.0061746987951778 -430.9911144578313156 -528.0290662650602371 -624.0304216867469904 -719.9679216867469904 -790.4325301204819425 -820.3576807228915868 -802.7213855421687185 -743.6046686746988144 -654.3769578313252850 -547.1728915662650934 -430.2775602409638509 -317.9707831325301299 -215.9841867469879446 -129.0846385542168662 -61.5174698795180745 -10.5429216867469879 37.0646084337349393 87.7989457831325240
-1056.0352388410335607 -1185.0395458104933368 -1281.9996084573217558 -1344.5849647611589717 -1374.1507439310885275 -1395.9357870007831934 -1431.2180892717306051 -1483.2094753328112802 -1542.3461237274862015 -1578.4107282693812522 -1553.0105716523100909 -1452.4628034455756733 -1292.7689898198902938 -1103.1891151135473592 -899.7740798747063309 -685.5912294440094001 -465.2564604541894937 -241.5880971025841859 -20.2940485512920894 190.3277212216131602 371.6139389193422176 514.6597494126859829 619.8488645262333421 684.2392325763507870
212.5505335844318893 193.7757899142079907 165.9384808537350864 127.5572295459301131 80.3140824440259422 25.6170747018204636 -35.3542582130152780 -99.3088512241054673 -164.2415777359280185 -230.7178279974890245 -295.9911069261351599 -357.3845992885541136 -406.3877380205063901 -446.2088302992257809 -478.1697007742205301 -500.1658296714794005 -512.9734254028039686 -516.4651600753295497 -511.4588826114249969 -497.1377903327056060 -474.8469345051265691 -444.8079096045197502 -410.2812303829252869 -373.5115086838250704
49.9809523809523810 69.2560224089635881 75.9669467787114883 75.3260504201680732 64.6890756302521055 42.9473389355742299 24.6672268907563037 4.1607843137254905 -12.5591036414565824 -17.0879551820728288 -8.5047619047619047 -0.7904761904761904 17.0319327731092436 69.3658263305322151 170.2918767507002826 334.8801120448179063 566.5187675070028490 870.5759103641456704 1225.8537815126051100 1605.3619047619047251 1963.7120448179271079 2239.1254901960783172 2386.1809523809524762 2389.0414565826331454
-1824.5752427184465887 -1988.6553398058251787 -2141.6545307443366255 -2273.8778317152105046 -2374.5000000000000000 -2452.0266990291261209 -2507.9255663430421919 -2545.5088996763752220 -2563.1925566343043101 -2559.6690938511328568 -2532.8171521035596925 -2486.8511326860839290 -2434.9085760517800736 -2384.4377022653720815 -2335.2160194174757635 -2285.7071197411005414 -2231.9644012944982023 -2170.9231391585758502 -2100.2993527508092484 -2018.3729773462782759 -1930.3414239482201538 -1831.7216828478965454 -1717.6294498381876110 -1589.0121359223301170
639.7672511956274093 597.2111136415395549 569.1500797084946726 535.2557503985424319 485.4541106809382995 411.4333864723297438 317.1575950808472157 208.9690275563652904 85.9899795035299519 -57.5902983375085427 -222.4422682760191208 -392.3607378729219022 -547.0364381689820448 -687.7453882942381824 -832.5333636984742043 -986.3636984741516471 -1135.0157139603734322 -1233.3395581872011917 -1260.3142792074697809 -1235.6574812115691202 -1187.0710544295150157 -1121.2329765429287818 -1035.0066044181280631 -929.1389205192439249
-926.4253164556962474 -863.5499999999999545 -784.8848101265822379 -661.1417721518987491 -459.4708860759493518 -189.0481012658227939 142.0107594936708892 588.1322784810126905 1136.4601265822784626 1661.3360759493671139 1946.8455696202531726 1877.7158227848101433 1517.5259493670885149 1053.1107594936709120 736.5708860759493746 591.5613924050633159 506.9569620253164430 442.1221518987341597 410.7949367088607460 371.6550632911392427 311.1835443037974755 224.0379746835442916 112.5272151898734165 -26.8936708860759488
514.4927659574468635 618.1561702127659146 761.6770212765957240 871.3412765957447164 921.6370212765957604 830.8310638297872401 577.9046808510638584 213.8629787234042681 -116.8676595744680782 -608.3268085106383296 -790.7080851063830096 -831.1668085106382478 -731.8165957446808534 -587.8089361702127462 -427.7297872340425329 -291.6455319148936383 -198.3753191489361711 -132.0536170212766081 -94.0885106382978762 -76.8455319148936127 -59.7834042553191480 -41.4327659574468115 -17.7940425531914883 6.7987234042553188
-64.9105325644504774 -80.8975576662143823 -101.0001696065128840 -121.5467265943012194 -141.0839128222523868 -160.4661210990502127 -178.9380936227951224 -193.4972438941655355 -206.7726424694708385 -217.7830308683853389 -225.2927832428765385 -228.3385770013568390 -225.6330563093622743 -217.3432411804613196 -204.7575898914518291 -189.0951492537313356 -171.6464128222523868 -152.2448694029850742 -133.3627035278154551 -116.5138653324287645 -102.7128137720488468 -90.3662228629579403 -78.4750254409769354 -67.7747201492537243
-1746.8691529709228689 -1941.1713021491782456 -2080.6106194690264601 -2147.9854614412138289 -2129.5613147914032197 -2016.0556257901391746 -1841.2193426042983901 -1616.6965865992415274 -1360.0562579013906088 -1099.0651074589127347 -849.6302149178255831 -614.7673830594184210 -386.4810366624525955 -165.1795195954487951 48.1447534766118821 259.3438685208596439 460.1902654867256501 641.5764854614411661 774.3754740834386894 849.8786346396965428 884.4614412136536430 876.8305941845765119 814.4424778761061816 726.1833122629582249
-376.4683244523386634 -389.6108348134991388 -373.8613972764949835 -336.1863824748371599 -282.1101835405565339 -220.3085257548845561 -158.3290112492599064 -102.0208999407933703 -54.0977501480165799 -16.6899348727057415 9.7092362344582597 27.4915334517465944 39.4763173475429241 47.3460035523978675 51.6886915334517454 53.2395500296033148 51.1544701006512739 46.2587921847246903 39.1349911190053277 30.6371817643576065 20.6373001776198919 10.1479573712255764 0.1944937833037300 -6.2402605091770278
-957.6330618534008181 -920.7103235747304097 -804.6601364736958431 -627.7523662777899744 -418.7134052388289547 -206.3013427250715495 -9.8379925159586179 157.0977327756988871 277.6997578692493676 355.1584855822143822 405.3605546995377722 454.3000220118864263 502.8514197666739847 553.1813779440898315 584.5425930002201085 589.3409641206251308 566.3515298261061162 511.5544794188862170 441.5472154963680396 358.4640105657055074 275.5357693154303433 211.5679066696015980 157.5923398635262913 114.9605987233105822
-659.8564675547916067 -726.1617963042543806 -776.5788568972926669 -813.2836269875375592 -842.9894714224323025 -867.4778685002148677 -886.3448646325741720 -896.6695315857326705 -887.8081220455521816 -839.9058874086806554 -754.2578427159432977 -642.4308122045551954 -507.5818650623119765 -359.4505801461108945 -213.3175762784701419 -78.8317576278470113 39.4368285345939000 153.0507090674688300 259.3611946712505301 362.7941555651053136 467.6181779114739925 563.0926085088095761 632.1188225182638689 666.3336914482165412
-1412.6969696969697452 -1311.4518716577540545 -1133.5864527629232725 -879.0436720142602098 -578.3850267379679053 -266.6042780748663290 3.2923351158645278 188.9465240641711148 327.5481283422460024 491.1033868092691819 676.2433155080213965 861.7165775401069823 975.0784313725490620 957.4019607843137010 806.7834224598930177 522.3021390374331077 139.4786096256684402 -274.7860962566845160 -651.6363636363636260 -950.2620320855614864 -1183.0944741532975968 -1357.3199643493760504 -1448.5026737967914414 -1394.8467023172904646
134.5868421052631447 298.2052631578947626 474.7710526315789252 663.1605263157895251 873.3447368421052488 1122.2289473684211316 1409.5052631578946603 1740.6368421052632129 2146.6473684210527608 2630.4184210526314018 3129.8605263157896843 3598.0473684210528518 3958.9921052631580096 4122.3157894736841627 4043.9631578947369235 3761.3210526315788229 2826.1947368421051578 2055.3710526315790048 1154.8736842105263349 484.1499999999999773 435.6578947368420813 297.3473684210526358 150.1052631578947398 58.0026315789473657
525.0481072555204491 921.5323343848580180 1440.9739747634068863 1987.6805993690852574 2352.8052050473183954 2348.5867507886437124 1986.1829652996846107 1357.2988958990536048 854.4014195583596347 442.4597791798107096 157.6750788643533099 -41.6348580441640408 -252.5031545741324805 -508.5417981072555449 -760.8280757097792275 -1001.2941640378548982 -1224.8296529968454252 -1361.5867507886434851 -1346.9676656151418683 -1185.9140378548895569 -1034.7831230283911736 -1097.4274447949526348 -1340.9471608832807306 -1482.2988958990536048
260.1748807631160503 240.5612082670906204 201.3402225755166910 140.0190779014308475 49.5278219395866444 -69.5604133545310077 -216.7988871224165450 -399.7861685214626277 -627.3561208267091160 -906.2837837837837469 -1215.5667726550079806 -1510.1796502384738687 -1781.0993640699523439 -2019.5453100158981670 -2242.4626391096981024 -2437.3807631160570963 -2591.1192368839429037 -2702.8847376788553447 -2762.2384737678853526 -2753.4133545310014597 -2666.0246422893483214 -2490.8084260731320683 -2253.0651828298887267 -1993.4316375198727656
-1335.2047325102880677 -1476.3590534979423410 -1613.0164609053497315 -1796.1450617283951487 -2072.6275720164608174 -2388.5154320987653591 -2633.7088477366255574 -2769.2479423868312551 -2768.6574074074073906 -2626.4351851851852189 -2338.6059670781892237 -1948.4053497942386457 -1525.2067901234568126 -1128.2222222222221717 -778.2191358024691681 -479.9393004115226518 -228.6965020576131735 -21.9320987654320980 144.5874485596707757 297.0360082304526941 450.3919753086419746 592.9763374485596614 726.4115226337448803 825.2325102880658960
-62.8876438522107790 -47.0741974560872194 -34.4462447001817083 -25.2612053301029675 -18.7498485766202307 -13.3608419139915195 -8.9940944881889759 1.6364324651726228 19.5048455481526339 46.7489400363416081 87.1615687462144137 138.3411568746214471 200.1809509388249637 276.0370987280435884 367.2758933979406493 469.4150514839491279 578.7895215021198965 694.6594488188976584 811.3196547546941702 916.2609024833434432 1001.4940944881889209 1051.5514839491218027 1063.2397032101755485 1040.0838885523924091
-1052.9878351539225605 -1056.3274577954318829 -1020.3999503475670281 -959.1074975173783059 -889.4394240317775484 -813.5459285004965295 -735.3249751737835140 -651.1648460774578098 -569.4448857994041191 -494.6511916583912694 -425.5988083416087306 -370.1261171797418115 -335.5064548162860092 -327.9379344587885043 -347.4041708043694143 -391.9508440913604659 -461.1482125124131244 -545.6390268123137730 -639.8736345580933857 -735.1084905660377444 -826.0270605759682212 -899.9421549155908906 -939.2733366434955542 -936.0511420059582406
-136.8404255319148888 -131.0998363338788977 -124.9064375340971083 -139.4230769230769340 -178.5207310420076396 -238.3232405891980363 -291.4517184942716881 -312.9288052373158848 -251.2266775777414125 -93.7086743044189916 147.4086197490452719 420.2100381887615868 645.0051827605019525 728.8900709219858527 643.9388979814511913 409.3671576650299926 116.0771958537915935 -164.9219858156028238 -356.8876159301691473 -380.2059465357337444 -344.3499727223131686 -293.6481178396072096 -256.3666121112929659 -227.6009274413529795
852.9631336405529964 946.4265232974910305 1076.1438812083972607 1255.7455197132617286 1465.7854582693291832 1664.5570916538658821 1821.2293906810036788 1900.5007680491551127 1896.6241679467486847 1811.7588325652841377 1665.9467485919099090 1468.1715309779826839 1258.3645673323092069 1041.3666154633897349 842.4372759856630637 665.3138760880696054 499.9687660010240506 351.3742959549410898 210.2002048131080301 75.8673835125448051 -52.7808499743983646 -149.8412698412698489 -217.2432155657962198 -257.2222222222222285
-93.8205309734513264 -97.2382300884955697 -81.2481415929203479 -77.9727433628318636 -82.1345132743362853 -84.3430088495575205 -84.2704424778761023 -82.3366371681415927 -75.3656637168141543 -65.4541592920353992 -61.3419469026548683 -60.5507964601769899 -73.8569911504424823 -102.3150442477876112 -153.6796460176991275 -203.8283185840707858 -201.8038938053097411 -108.8580530973451346 105.2265486725663663 423.8329203539822743 819.2113274336282984 1205.6297345132743430 1478.9600000000000364 1543.8428318584071803
2107.9942857142855246 2236.1922077922076824 2317.3657142857141480 2356.3532467532468218 2356.2098701298700689 2318.5662337662338359 2242.6384415584416274 2140.8898701298699052 2024.3033766233766073 1902.4836363636363785 1783.8103896103896204 1672.7989610389611244 1565.5574025974026426 1457.3174025974026335 1349.7677922077921266 1242.0540259740259899 1139.6327272727273794 1044.0753246753247367 956.4166233766234200 886.6587012987013168 838.5267532467532874 793.6238961038960724 743.2825974025973892 686.2987012987013031
-1296.4716748768473735 -1378.8211206896551175 -1464.5908251231526265 -1557.9636699507389039 -1647.6016009852216939 -1718.5252463054187047 -1772.1927339901478717 -1804.4950738916256796 -1816.6250000000000000 -1793.9128694581281707 -1730.5726600985221921 -1636.0677339901478717 -1524.3660714285713311 -1407.7509236453201993 -1294.2182881773399004 -1190.1028325123152172 -1084.6641009852216939 -971.5982142857143344 -853.5889778325123416 -737.5597290640394021 -623.2931034482758150 -517.6077586206896513 -423.6157635467980072 -344.1477832512315445
1133.5980392156861853 1435.0196078431372371 1706.5784313725489483 1973.0294117647058556 2102.3529411764707220 2032.2745098039215463 2544.9411764705882888 5159.7156862745096078 -6883.6176470588234224 960.3823529411764639 729.0588235294117112 185.6862745098039227 -205.4019607843137294 -243.0196078431372655 -71.0000000000000000 -54.6470588235294130 -107.6862745098039227 -158.9509803921568505 -170.7745098039215748 -124.4803921568627487 -127.3333333333333286 -183.9313725490196134 -270.0196078431372371 -290.3137254901960773
1917.7296777296776327 2054.2188552188554240 2113.8961038961037957 2090.8658008658007930 1997.2087542087542715 1846.0230880230881212 1675.9807599807600127 1474.2539682539681962 1303.2020202020200941 1127.0913900913901671 950.5449735449735726 811.1250601250601449 663.1587301587301226 538.0355940355940447 437.4242424242424363 339.2284752284752471 248.0048100048099968 163.9187109187109286 92.2679172679172694 28.0274170274170267 -30.4627224627224642 -86.3535353535353494 -130.6320346320346459 -158.5757575757575637
-56.3693009118541042 -106.6889564336372871 -134.1717325227963613 -162.5293819655521759 -207.3687943262411295 -277.3085106382978893 -366.6048632218845000 -471.7244174265450738 -574.3946301925025182 -639.8029381965552602 -674.6306990881458887 -790.4366767983789259 -1056.1448834853090375 -1421.5491388044579253 -1741.1246200607902210 -1927.8176291793313339 -1958.6443768996959989 -1836.0891590678825196 -1579.1367781155015564 -1232.6038500506585933 -867.9888551165147419 -545.0177304964538507 -306.5653495440729444 -146.6413373860182503
178.6954866775421351 165.2430668841761872 168.1876019575856560 185.7890157694399136 194.5622620989668405 166.8635127786840542 142.6035889070146823 149.9282218597063547 182.9412724306688460 169.0097879282218685 160.5562805872756940 203.4268624252310929 213.7797716150081442 12.5252854812398038 -448.5508428493746464 -1026.0413268080478701 -1498.0342577487765539 -1663.4154431756389840 -1545.2860250135943261 -1221.6601413811854400 -768.9380097879281948 -299.2278412180532996 76.3942359978249073 262.0190320826536095
-75.7794484321873796 -78.9761239138647539 -80.6727616169248165 -84.2636191915375861 -86.9449943332074042 -89.4119380430676216 -91.9199848885530741 -91.2583301851152271 -87.5069890442009779 -80.8280317340385324 -71.6597657725727260 -59.9789950887797474 -44.2627125047223302 -26.3021533811862476 -3.3439365319229317 27.1910842463165849 67.7176426142803223 119.5468077068379245 185.2208537967510438 261.3437854174537165 339.4677748394408923 405.8161692482055400 446.5480921798261988 449.8302984510767146
119.3562920766442232 143.4940445365095911 159.1196271361988579 172.2812014500258897 188.8816675297773315 211.2791299844640207 242.1724495080269151 287.9627136198860740 349.5214914552045684 427.2309684101501830 522.8544795442775239 635.4171413775245583 755.6680476437079506 878.1519937856032811 1006.8213360952873927 1134.1385292594511611 1258.8516312791300606 1369.2954427757638314 1458.0872604867943210 1521.6641636457793538 1555.8513723459348057 1555.9795442775764513 1508.0882962195753407 1434.2053340238219334
-313.4740932642487223 -404.7320092112838097 -532.7268278641336110 -703.6816350028785791 -896.5071963154864534 -1084.2677029360966117 -1247.0241796200346016 -1349.6683937823834185 -1380.8701784686240899 -1356.5293609671848571 -1288.2953367875647928 -1164.3831318364996150 -984.7570523891766925 -777.8108808290155594 -570.2691421991939933 -391.4297639608520285 -257.7829591249280270 -169.1606217616580352 -118.6355785837651098 -105.4038572251007508 -118.7878526194588318 -132.2432354634427156 -129.0284974093264339 -91.0803108808290176
1884.1006655574042270 2337.2004991680532839 2507.5000000000000000 2277.8718801996674301 1740.9309484193011031 1141.7038269550748737 646.3652246256239096 301.0965058236272966 77.2603993344425959 -115.6314475873544154 -347.0440931780366327 -610.6896838602328899 -869.9409317803660997 -1117.9550748752080835 -1321.3876871880199815 -1400.5291181364393651 -1317.3968386023293533 -1137.5998336106488296 -1067.3876871880199815 -1270.6705490848585214 -1558.7737104825291681 -1668.2312811980032166 -1603.5981697171380347 -1429.1247920133112075
334.2585412873514201 371.8351718967548436 410.9507336403555655 451.2208418121452382 488.9883260147798865 520.6273963799935700 545.8428831530470688 559.1549748313162809 560.9206383206596911 554.1502623969155366 541.3446503159473195 523.1769304915925431 503.0073899539466424 481.0891078504873235 457.9043590018206942 434.0566563135910769 407.0999250294527201 375.3268715861625537 339.2153796722715811 297.9994644960908090 256.7346042626111284 218.7961872121666431 184.6301810003213006 153.0962836028703009
