-440.6463221026635892 -446.4263538542953142 -452.4607514552831162 -458.9056270947256735 -465.7793261598165486 -473.1337096489680789 -481.0739107426354053 -489.6902451931557607 -498.8412418415946377 -508.5554771564649741 -518.8176045157875933 -529.3746692538366005 -540.1143058740518654 -550.8451225965778804 -561.4715117304639307 -571.9149761862762489 -581.9070382783560262 -591.1760451578761604 -599.3951314164755786 -606.3217498677015556 -611.8798729934733274 -615.8026106897159480 -617.9204445228435816 -618.4274122420180220
548.8114417228341608 552.9541344731218260 556.6478711162255877 559.9556140062469467 562.8941311852704530 565.4453394706558811 567.5900049317771163 569.3544303797468729 570.7645898405392018 571.8048660200558970 572.5327963176064259 572.9815880322209978 573.1984218313332349 573.2153542659872301 573.0121650501397426 572.5602498767055977 571.8377445339471024 570.8520466874897465 569.5837580141377430 568.0041098142363580 566.0720039454216703 563.7905638665132528 561.1579812592470944 558.1615978957751167
336.7375095347063052 338.5214530892448579 339.9118039664378443 340.9262967200610319 341.5948703279938741 341.9466056445461390 342.0020022883294928 341.8132151029748229 341.4434591914568955 340.9606216628527591 340.3978832951945037 339.7777459954233450 339.1348207475209620 338.4443173150266944 337.6746758199847704 336.8239893211289200 335.8699466056445431 334.7794622425629427 333.5222158657513205 332.0865751334858942 330.4466056445461390 328.6307208237986401 326.6261441647597508 324.4169527078565807
-639.0536832687146216 -641.7023560990157875 -642.3719057560393821 -640.8780196838652046 -637.0602445571130374 -630.9060542797494691 -622.3220996122875022 -611.4014315538323672 -598.3566954965701825 -583.3531166119892077 -566.4002385923054135 -547.5678496868475804 -526.8592305398151439 -504.4643602743811357 -480.5496570235609965 -455.4870265433939949 -429.7312854160453526 -403.5102892931702740 -377.1929615269907572 -351.1810319117208223 -326.0772442588726676 -302.4795705338502785 -280.9355800775425109 -261.8100208768267407
-690.4365038560410994 -691.9381319622964384 -692.8253641816623940 -693.1753213367609305 -693.2030848329048922 -693.0123393316195006 -692.6591259640102862 -692.2041131105398790 -691.6531276778063102 -691.0317052270779641 -690.3775492716366671 -689.7377892030848443 -689.1549271636674803 -688.5972579263067246 -688.0078834618680048 -687.3513281919451856 -686.6147386461011592 -685.6695801199657581 -684.5122536418166419 -683.1662382176521078 -681.6449014567266431 -679.9374464438732275 -678.0022279348758047 -675.8649528706083629
678.8395423600604772 680.3415279878971660 681.7352496217852149 682.9803328290469153 684.0693078668683711 685.0124810892586993 685.8073940998486933 686.4742813918305728 687.0390506807866586 687.5074697428138961 687.8892776096822672 688.1869326777609785 688.3916414523449703 688.4968797276853820 688.4860060514372435 688.3439863842662589 688.0510590015128400 687.5989977307110621 686.9686081694402446 686.1526096822994987 685.1490166414523628 683.9312594553706504 682.5129538577912172 680.9207639939485261
-365.0965597473824005 -373.8623898952966442 -383.3676250623234409 -393.5818514209739192 -404.5471165032408294 -415.9991690211068658 -427.7490443742728985 -439.7106531494100068 -451.5127139770650047 -462.8725278377929158 -473.5607445570882419 -483.4321090244307584 -492.3967093235831953 -500.5243476815688837 -507.7048362971580673 -513.8908093734419253 -519.1484128303141006 -523.5806880505234631 -527.2263586504902833 -530.1151736745886183 -532.2797074954296477 -533.7636696027921062 -534.5896626225693353 -534.7678244972577204
-523.0337688442210720 -528.7732663316583057 -534.7171859296482808 -540.9455276381909243 -547.4874371859295934 -554.3519597989949261 -561.7089447236180604 -569.5457286432160799 -577.8926633165829116 -586.6775879396984692 -595.8631155778894026 -605.4082412060301976 -615.1348743718592686 -624.7581909547739087 -634.0659296482411946 -642.9260301507537179 -651.2862311557788644 -659.0140703517588463 -665.8486432160804043 -671.5656281407035522 -675.8822110552763434 -678.7388944723618351 -680.1499497487436656 -680.1244221105528140
285.8721804511278037 283.4011114743379949 279.8896698267407714 275.3492971559333000 269.7025171624713948 263.0491990846682029 255.4869238313174264 247.1610003269042295 238.2613599215429758 228.8880353056554497 219.0966001961425320 209.0294213795357905 198.8476626348479783 188.6912389669826666 178.7930696305982394 169.3043478260869676 160.1417129780974165 151.2603792088918055 142.7322654462242610 134.5665250081726185 126.7631578947368354 119.3788819875776426 112.4081399150049094 105.8898332788492951
-782.4630769230768692 -781.3692307692307395 -778.7523076923076815 -774.3200000000000500 -767.4015384615385074 -757.8153846153845734 -744.9276923076922685 -727.8015384615384846 -705.5107692307692560 -677.2938461538461752 -642.6169230769230580 -601.1923076923077360 -553.5000000000000000 -499.9646153846153993 -442.0338461538461274 -380.7815384615384460 -318.5353846153846007 -257.8969230769230876 -200.7230769230769170 -148.9107692307692332 -103.0876923076923077 -64.1846153846153840 -32.2000000000000028 -7.0615384615384613
157.0463732681336637 156.9469437652811621 156.6259983700081477 156.1058679706601424 155.4488182559087193 154.7026079869600608 153.8822330888345675 153.0172779136104282 152.1378158109209551 151.3103504482477604 150.5345558272208564 149.8176039119804273 149.1841890790546188 148.6585982070089642 148.2700081499592386 148.0066829665851742 147.8348003259983727 147.7186634066829640 147.6466177669111630 147.5866340668296743 147.4618581907090515 147.2493072534637406 146.9211083944580309 146.4465362673186632
-130.9439226771222877 -129.7837147807057647 -128.5089814899243095 -127.1449803957326594 -125.7128658703382911 -124.2415428102489301 -122.7909182091729718 -121.3687425914105944 -120.0580833409318871 -118.8423452174705943 -117.7236254217197029 -116.7727728640466864 -116.0141333090179643 -115.4940275371569243 -115.1644022978024964 -115.0366554208078753 -115.1328531047688557 -115.4812619677213519 -116.0887207075772807 -116.8583021792650669 -117.7364821737941156 -118.6707394912008766 -119.5992523023616343 -120.4974924774323028
-398.8712976022566750 -394.1426304654443129 -388.1752468265162292 -381.0275035260930849 -372.7020451339915326 -363.4107898448518768 -353.3557827926657069 -342.9821932299012701 -332.5855077574047982 -322.3732369534555460 -312.4515162200282248 -302.9867771509167937 -294.0417842031029636 -285.6868829337094553 -277.9723201692524412 -270.8966854724964719 -264.4714386459802427 -258.5647038081805249 -253.0719322990127012 -248.0163963328631951 -243.5648801128349703 -239.6595557122708158 -236.3533145275035281 -233.6974612129760089
-48.5332059245102698 -33.2283803153368353 -16.8146201624462499 0.6641184902054468 18.7878643096034388 36.7505972288580978 53.4892498805542260 68.1930243669374079 80.1361681796464467 88.5704730052556073 93.0645007166746296 93.5035833731485866 89.6292403248924927 81.0616340181557575 67.4519827998088886 48.9952221691352108 26.0869565217391290 -0.3803153368370760 -29.4481605351170579 -60.0582895365504044 -90.6010511227902526 -119.6555183946488228 -145.9383659818442425 -168.7095078834209403
65.4608124051913052 66.3794033372661403 67.2565312658014562 68.0547783583347439 68.7510534299679819 69.3115624473284981 69.7261924827237465 69.9896342491151131 70.1341648407213825 70.1980448339794378 70.1574245744142928 70.0144109219619111 69.7571211865835181 69.3500758469576937 68.8175459295465970 68.1649249957862793 67.3645710433170422 66.4110905107028486 65.3783077700994397 64.2615877296477294 63.0992752401820312 61.9487611663576629 60.8359177481881019 59.7813079386482400
-628.4227296866702090 -640.3297928836962001 -653.7291556027615798 -668.6457780138077851 -684.7286245353159302 -701.5560276155072188 -718.9240573552841624 -736.5140732873074967 -753.9644184811470495 -770.9229952203929770 -787.1386086032925959 -802.5156664896442180 -816.8348380244291320 -829.9920339883165070 -841.8948486457779836 -852.4657461497610029 -861.6133828996282773 -869.1784386617100608 -875.1024960169941096 -879.2745618693573988 -881.5661178969729690 -881.8199681359532178 -880.1279872543813099 -876.6856080722251363
-640.7729867482161126 -643.1910295616717121 -645.3448521916411664 -647.2504587155963236 -648.9053007135576081 -650.3353720693170317 -651.5845056065239760 -652.6193679918450243 -653.4320081549439010 -654.0546381243628957 -654.5165137614678770 -654.8248725790010667 -655.0154943934760468 -655.1430173292558266 -655.2225280326197208 -655.2285423037716328 -655.1410805300713491 -654.9434250764526269 -654.6184505606523771 -654.1228338430173608 -653.4296636085626915 -652.4633027522935436 -651.1809378185524793 -649.5979612640163623
-577.4998441882206635 -582.8999688376441100 -589.5306949205360070 -597.3804923652228354 -606.4129012153318854 -616.5618572764101373 -627.6248052352757441 -639.6036148332814264 -652.2411966344656093 -665.3814272358990820 -678.8133374883141187 -692.1854160174509616 -705.0891243377999444 -717.2486755998753551 -728.5736989716422158 -738.8513555624805349 -747.9507634777189651 -755.7326269866001667 -762.1078217513244226 -766.8108444998441655 -769.7949516983484273 -771.1863508881270945 -771.1551885322530779 -769.8279837955749372
-267.3061953558334380 -267.0360063927799388 -266.7938328476074048 -266.5582401052928390 -266.3128701701607497 -266.0826360816019474 -265.8818275829651157 -265.6603365610604328 -265.4678010717307757 -265.2957600827301121 -265.1479740528344564 -264.9667199398326716 -264.7773808404625129 -264.5994171288897405 -264.4674250258531742 -264.3659866503713260 -264.3257497414684849 -264.4196671993983045 -264.6312870170160636 -264.9071166682335274 -265.2692488483594957 -265.7096925824950517 -266.2042869230045881 -266.7042399172698879
-274.2325728770595674 -281.4391634980988783 -289.5234474017743764 -297.9892268694550239 -306.2433460076045435 -313.3916349809886128 -318.7338403041825359 -321.5969581749049553 -321.0874524714828908 -316.7762991128010412 -308.6039290240811397 -295.9366286438529983 -278.1989860583016707 -255.0329531051964409 -226.6070975918884756 -193.2040557667934024 -155.8485424588086232 -116.3149556400506981 -76.2553865652725023 -37.5963244613434711 -2.4150823827629910 27.8745247148288975 52.5893536121673009 71.6368821292775664
-805.4915106660862421 -807.7518502394427742 -809.8989986939486698 -812.0076186329995380 -814.0720505006530630 -816.1967784066173408 -818.4414453635176869 -820.8060513713539876 -823.2686112320418488 -825.7962559860687861 -828.2929908576403477 -830.6869830213321393 -832.8852851545493650 -834.8391380060949132 -836.5167609925990746 -837.9373095341750286 -839.0912059207662423 -839.9830213321723704 -840.5992599042228903 -840.9074880278624278 -840.8084457988680924 -840.1972137570744508 -838.9902046147147985 -837.1726164562472832
-1106.5827814569536258 -1111.3807947019868152 -1114.3940397350993408 -1115.4685430463575813 -1114.4354304635762674 -1111.1721854304635144 -1105.6274834437085701 -1097.6920529801325301 -1087.1605960264901114 -1073.6208609271523073 -1057.0894039735098886 -1037.7665562913907706 -1016.1274834437085701 -992.8261589403973630 -968.3294701986754944 -942.8774834437085701 -916.9354304635761537 -890.9701986754967038 -865.7880794701986815 -842.5463576158940668 -822.3062913907284610 -805.7500000000000000 -793.0993377483443965 -784.1672185430463742
272.3061352253756127 274.3316986644407507 276.1351210350584324 277.7198455759599369 279.1223914858096578 280.3328464106844535 281.3567404006677748 282.2463480801335436 283.0686560934891531 283.8261686143572433 284.5514398998330421 285.2189065108514114 285.8313856427378710 286.4193447412354203 287.0155467445742943 287.5950542570951711 288.1378338898163634 288.5960976627712853 288.8753130217028229 288.9817404006677748 288.8638355592654534 288.4112061769616275 287.6016277128547358 286.4060934891485886
-595.7078444621905646 -597.2098408993181238 -598.3473800602002939 -599.1262976841329646 -599.5790896246697912 -599.8115363351556653 -599.8968609865470398 -599.8761594692548442 -599.8096934701148939 -599.7090116100497426 -599.5458566250998729 -599.3291971251305768 -599.0398673137170817 -598.6758400393144939 -598.2498310707045448 -597.7952576939615028 -597.3185085078936254 -596.7853062227409282 -596.1598992567111281 -595.4106517599360586 -594.5155722095952342 -593.4574605319736520 -592.1947294059831393 -590.7211130904846641
-559.5099006555383312 -560.6228965330810752 -561.4180577144015842 -562.0373048590930694 -562.3821720619043845 -562.6348584172467326 -562.9785767385280906 -563.2300466310738329 -563.4959789146448657 -563.8909238359126448 -564.2408596337095332 -564.5936338446982745 -565.0632560654186136 -565.5869432993174541 -566.1578698384807922 -566.7644792863418388 -567.3629789822260818 -567.9264040008109760 -568.4412380888018106 -568.8902480232479775 -569.2061904440089393 -569.3436507400148230 -569.3034398864634795 -569.0633912279515698
-274.8798384382362769 -279.7574890609222393 -285.4086166273982030 -291.7931672837428323 -298.9044092898014355 -306.6627398182430397 -314.9656681252103567 -323.6587007741501338 -332.4678559407606713 -340.9969707169303206 -348.9957926624032325 -356.3375967687647403 -362.9336923594749464 -368.7512622012790189 -373.8059575900369964 -378.2640525075731830 -382.2558061258835664 -385.9649949511949103 -389.4855267586671062 -392.6900033658700977 -395.4358801750252610 -397.6073712554695589 -399.2512622012790189 -400.4217435207000904
1192.8138686131387658 1203.9233576642336629 1212.1788321167882714 1217.1861313868612342 1219.1240875912408228 1216.6313868613137856 1209.2080291970803501 1196.4489051094890328 1176.8029197080290942 1149.2700729927007615 1113.6204379562043414 1070.2737226277372429 1020.5255474452554836 965.6459854014598250 906.8759124087591772 846.0145985401460393 785.9233576642335493 728.1678832116788271 674.0328467153284464 625.2883211678831685 582.5145985401460393 545.4051094890511422 512.7810218978102057 483.4854014598540175
-624.9223313601769405 -625.7122877772718539 -626.2651401808365108 -626.6142587653678220 -626.8192285175307461 -626.9427567813698943 -627.0375333376699700 -627.1309438626162773 -627.2014571001105878 -627.2192805568204221 -627.1975541533857950 -627.1529955116112660 -627.0881415468678597 -627.0135952644246800 -626.9178429714434060 -626.8060235477785227 -626.6551096077538432 -626.4677681649645820 -626.2302088076497739 -625.9235672933064052 -625.5055616990828184 -624.9594744031743403 -624.2719052884928033 -623.4299746308463455
-513.6132791327913765 -507.0739837398373879 -498.2295392953929536 -487.0460704607045841 -473.5550135501355271 -457.8113821138211392 -439.9536585365853512 -420.3365853658536366 -399.1663956639566209 -376.6420054200542040 -353.0699186991869851 -329.0726287262872347 -305.1989159891599002 -281.7395663956639282 -259.0579945799457846 -237.5433604336043345 -217.2517615176151651 -198.1620596205962102 -180.4932249322493192 -164.2986449864498582 -149.6615176151761659 -136.5999999999999943 -125.2598915989159849 -115.6558265582655878
218.5905743740795231 208.4624447717231135 192.8983799705449087 171.0942562592047125 141.5743740795287238 102.9455081001472792 53.9027982326951403 -5.9381443298969074 -75.9617083946980785 -153.7805596465390181 -236.1045655375552315 -317.3460972017672930 -391.1384388807069286 -453.2488954344624403 -502.5051546391752595 -538.3328424153166907 -564.1546391752577847 -581.4580265095728464 -593.5301914580264793 -601.2017673048601409 -605.9101620029455262 -607.6907216494845443 -606.7260677466863399 -603.5463917525772786
-101.7847446670976126 -107.6024563671622474 -115.4285714285714306 -125.6399482870071154 -138.6115061409178963 -154.4440853264382554 -173.3852617970265158 -195.4311570782159038 -220.4583063994828649 -248.4434389140271549 -279.1661279896574115 -312.5358758888170883 -348.2999353587588871 -385.9172592113768587 -424.2449903038138359 -462.2411118293471191 -498.4511958629605601 -531.1519069166128020 -559.1622495151906378 -581.4680025856496286 -597.7802197802197952 -608.5326438267615003 -614.3529411764706083 -615.9250161603102924
-476.1618331543143654 -472.4842463301109774 -467.6457214464733170 -461.8163265306122298 -455.0153956319369968 -447.2388113139992925 -438.6056211958467657 -429.1969208736126120 -419.0452918009308974 -408.1163623344074267 -396.6392767633369090 -384.6756176154672175 -372.3768349445041395 -359.9973147153598347 -347.7858933046903189 -335.9548872180450871 -324.7123165055496088 -314.1994271392767359 -304.5358037952022983 -295.7543859649122737 -287.8752237737199948 -280.9978517722878451 -275.1453634085212911 -270.2155388471177844
-167.1243670886075847 -168.9009493670886002 -171.1363924050633045 -173.9300632911392483 -177.2979430379746759 -181.1237341772151979 -185.4172468354430521 -190.1930379746835342 -195.3599683544303787 -200.9425632911392370 -206.8781645569620196 -213.1593354430379748 -219.6965189873417614 -226.4227848101265863 -233.3240506329113941 -240.2840189873417671 -247.2238924050632818 -253.9776898734177166 -260.4795886075949625 -266.6806962025316352 -272.4898734177215260 -277.8229430379747100 -282.6504746835443029 -286.9452531645569593
-186.0236606388372422 -190.2742944059489503 -195.2797025519689100 -200.9868176440763818 -207.4443129964509183 -214.6445834037519091 -222.4289335812067065 -230.8171370627006809 -239.7955044786209271 -249.3207706608078524 -259.3351360486732915 -269.7914483691059786 -280.7020449552138075 -292.0052391414567978 -303.5065066756802707 -314.9979719452425115 -326.2938989352712724 -337.1174581713706289 -347.2996450904174139 -356.7816461044448033 -365.4853811052898322 -373.2009464255534681 -379.8921750887274129 -385.5014365387865496
359.5689252336448476 372.2827102803738057 387.1787383177569950 404.5303738317757052 424.5350467289719631 447.0782710280373635 471.8563084112149681 498.6518691588785259 527.1682242990654004 556.7920560747663785 586.9754672897196315 617.2570093457943585 647.1974299065420837 676.7768691588785259 705.6845794392523885 733.7745327102803685 761.0011682242990219 787.0210280373831893 811.4193925233645359 833.7184579439252730 853.3037383177570518 869.7313084112149681 882.6834112149532530 891.9707943925233167
-602.4466292134831065 -600.2584269662921770 -595.8645443196005544 -589.1301498127340892 -579.9928214731585285 -568.3773408239700302 -554.1154806491884983 -537.2219101123595237 -517.7777777777778283 -496.0224719101123583 -472.2749687890137125 -446.8314606741573130 -419.9837702871410556 -392.1803995006242189 -363.7381398252184681 -335.1598002496878621 -306.8710986267166163 -279.4416354556803981 -253.3888888888888857 -229.2880774032459499 -207.4431960049937516 -187.9697253433208459 -170.9762796504369646 -156.3473782771535525
-353.4141949152542566 -364.0349576271186720 -377.9629237288135641 -395.1091101694915437 -415.5434322033898411 -439.2033898305084563 -465.6726694915254257 -494.5550847457627128 -525.5275423728813848 -557.9290254237288309 -591.0709745762711691 -624.3305084745762770 -656.8697033898305335 -688.0084745762711691 -717.3230932203389330 -743.5879237288135073 -766.0677966101694665 -784.2733050847457434 -798.0911016949152099 -807.6281779661017026 -813.3336864406779796 -815.9798728813559592 -815.9322033898305335 -813.5021186440677639
-20.7666547915924475 -33.1489134307089444 -48.3184894905593154 -66.2882080513003160 -86.8072675454221638 -109.4830780192376238 -133.8924118275739090 -159.7905236907730568 -186.6836480228001562 -213.9643747773423570 -241.3099394371214714 -268.1677947987174662 -294.3170644816530057 -319.5603847524047296 -343.5614535090844583 -365.8592803705022902 -386.1834698966868586 -404.4766654791592373 -420.4763092269326421 -434.0484503028143877 -445.0912005700035365 -453.6932668329176863 -460.1043819023868764 -464.6857855361595853
-353.9057984269251733 -348.2035851472471109 -341.3888787269069098 -333.3815620998719851 -324.2568136089262794 -314.2858972013901848 -303.6014267422718262 -292.4300347539784184 -280.8814706420340030 -269.1616974574720871 -257.2782147430035025 -245.3897933052862754 -233.6839217120907222 -222.2800438997622052 -211.2354124748490847 -200.7603804646058165 -190.9893908907993421 -181.9319553685750748 -173.7451984635083306 -166.5871593195536775 -160.3605267971465196 -155.0934699103713115 -150.8238522041338854 -147.5875251509054351
-79.1568735127219441 -78.3327841845139972 -77.1237415339557089 -75.4416987003477999 -73.1857953505399905 -70.2138019403258227 -66.3853194215632385 -61.6320702910488762 -55.8918176825919844 -49.1709683324180844 -41.5112575507962660 -32.9190920739520436 -23.3900787113307693 -12.9591799377631336 -1.7417170053084385 10.0334980779791323 22.1511989749222025 34.3282079443529184 46.2707303679297084 57.6031484532308227 67.8248215266337127 76.7118799194581698 84.0248947464762921 89.7047409848068895
491.9812332439678357 518.5308310991956660 548.5227882037534073 582.1260053619303108 619.2734584450402053 659.7801608579088679 703.6487935656836044 750.4423592493297974 798.8981233243968063 847.9034852546916454 896.2546916890080411 942.4048257372654689 985.2707774798927858 1024.0348525469169090 1057.9302949061661820 1086.8632707774797836 1110.5388739946381520 1128.9276139410187625 1142.4209115281500999 1151.4825737265416592 1156.6058981233243230 1158.5817694369973196 1157.8391420911527803 1154.6863270777480466
-628.3076923076922640 -625.8896321070234308 -621.1546822742475342 -613.3327759197323985 -601.9339464882942821 -586.4556856187291487 -566.6914715719063906 -542.3352842809364347 -513.2550167224080724 -479.3745819397993273 -440.7826086956521863 -397.5367892976588564 -350.1413043478260647 -299.6956521739130608 -247.5811036789297646 -195.0150501672240750 -143.4188963210702354 -93.9933110367892937 -47.9632107023411365 -6.7658862876254178 29.0250836120401345 58.7056856187290990 82.2090301003344450 100.0484949832775925
-593.8754491017964483 -586.8227544910179176 -574.6287425149700994 -556.7461077844311603 -532.7113772455089702 -502.3041916167664453 -465.3485029940119944 -421.7389221556886127 -371.5365269461078128 -315.5293413173652652 -254.8155688622754553 -191.1808383233532993 -126.1029940119760511 -61.5197604790419135 0.2910179640718563 56.8455089820359305 106.7688622754490950 149.1437125748502979 182.9592814371257532 208.8287425149700596 227.2742514970059915 239.3113772455089929 246.1808383233532993 249.0742514970059744
-301.3251001957311814 -302.0178954236182562 -302.7038866623170748 -303.3510112778450889 -303.9670053127038614 -304.4913785068505945 -304.9237580389598179 -305.3310653369372858 -305.6791872495106759 -305.9565663155932498 -306.1939602945288357 -306.4420728865691217 -306.6928884332183998 -307.0489327989561161 -307.5028427626060079 -308.0468822816665124 -308.6607325939043562 -309.3535278217914311 -310.0933917420076682 -310.8559045577407005 -311.5927859073539139 -312.2207102246248382 -312.7360425016311183 -313.1446546742473629
922.0987306064880613 917.6459802538787471 910.8166431593793959 900.8984485190409259 887.4245416078985045 870.5063469675599208 850.4555712270804406 827.2143864598025402 801.3949224259520179 773.6558533145274623 744.3173483779971775 713.6911142454160881 681.9887165021156079 649.4851904090268135 616.6008462623412925 583.4019746121297203 550.0789844851904036 516.7926657263751622 483.7545839210155236 451.4259520451340109 420.4118476727785492 391.1791255289139713 364.0253878702397969 339.3159379407616143
-220.4166950596252263 -211.0204429301533082 -200.2480408858603198 -187.9812606473594485 -174.2258943781941980 -158.9059625212947253 -142.0269165247018748 -123.4725724020442925 -103.2340715502555355 -81.2548551959114178 -57.6340715502555341 -32.4248722316865425 -6.0051107325383306 21.0562180579216367 48.1642248722316850 74.7655877342419046 100.1686541737649065 123.9284497444633786 145.5264054514480279 164.4909710391822841 180.7574105621805813 194.1873935264054580 204.7124361158432748 212.4473594548551887
-229.1246505508962343 -226.5058378556158516 -223.1626377240585555 -219.1580332182206803 -214.5421805624075091 -209.3415556651866609 -203.6007235652030829 -197.3843117908238867 -190.7990462095050077 -183.9217234007564628 -176.8309488570958763 -169.5377405032067202 -162.1368196020391395 -154.6193060351915847 -147.0463739516526971 -139.5504028942607988 -132.2567012004604408 -125.1718467357342490 -118.3550402894260856 -111.8717316230883085 -105.7432987995395450 -100.1096859069232039 -95.0975168557802988 -90.6817957572767597
-398.9431449846692885 -399.0100744634253260 -398.8390713972842718 -398.4717477003942463 -397.9780113885238961 -397.3459483136224435 -396.6080595707402381 -395.8805957074025628 -395.2346035917652216 -394.6682435392028196 -394.2312746386333515 -393.9479632063074632 -393.8128777923784583 -393.8388961892247266 -393.9711782742006108 -394.1684625492772511 -394.4264564169951655 -394.7278142794568794 -395.0275076653526298 -395.2989049496276834 -395.5313184406482492 -395.7307928164695454 -395.8551029347349868 -395.8456416995181826
-259.3942366646229516 -241.8145309625996333 -221.4503372164316488 -198.8930104230533402 -174.9212139791538903 -150.1621704475781769 -125.2526057633353815 -100.8510116492949180 -77.5459840588596023 -55.9770079705701988 -36.7277743715511988 -20.1934396076026985 -6.8323114653586758 3.4304107909258126 10.9193746167995087 15.8740036787247085 18.5839975475168622 19.1934396076026985 17.7967504598405881 14.6425505824647448 9.8985285101164937 3.7587369711833230 -3.5009196811771921 -11.4417535254445131
-705.7905502736963399 -708.9299913569576574 -710.5505617977528345 -710.4338807260155590 -708.5505617977528345 -705.0129645635263387 -699.7496398732354237 -692.8467300489772924 -684.5128205128205536 -675.1864016133679343 -665.2120426390089278 -654.8496110630942439 -644.2111783347738765 -633.2987611639297256 -622.1570152693748241 -610.9570728896571836 -599.6914433880725710 -588.4004609622587623 -577.1961970613656376 -566.1985018726592216 -555.4468452895418977 -545.1345433592624659 -535.3964275424949619 -526.2247191011235827
-79.3886215194224860 -80.7815400481265016 -82.7150223444482577 -85.2636644895152926 -88.5510484702646892 -92.6399106222069406 -97.5288759023719507 -103.1902715709865959 -109.4953592299759322 -116.3875902371949138 -123.8657614300446852 -131.9226538329322693 -140.5097971811619004 -149.5082502578205492 -158.8815744242007497 -168.4786868339635646 -178.0256101753179792 -187.3784805775180473 -196.3502921966311305 -204.7976968030251044 -212.5718459951873456 -219.5783774492952887 -225.7036782399449919 -230.9752492265383239
361.3778210116731771 360.7640077821011459 359.0642023346303517 356.1813229571984607 352.1597276264591301 347.1058365758755144 341.1558365758754690 334.4077821011672995 326.9867704280155749 319.0017509727626361 310.5031128404669403 301.5680933852140129 292.2435797665369819 282.5529182879377572 272.4828793774319138 262.0867704280155408 251.4215953307393079 240.5787937743190525 229.7107003891050567 218.8889105058365772 208.2669260700389202 197.9025291828793911 187.9461089494163559 178.5048638132295764
-983.1342426417803608 -993.4623115577888939 -1003.6202440775305149 -1013.5721464465183317 -1023.2785355348169105 -1032.6791098348887772 -1041.6137832017229812 -1050.0179468772432756 -1057.8348887293611824 -1065.0839913854988481 -1071.6712132089016905 -1077.5010768126346647 -1082.4508255563532657 -1086.5534816941851659 -1089.7573582196698680 -1092.0028715003588786 -1093.2491026561378931 -1093.4773869346734045 -1092.5046661880833199 -1090.0380473797558807 -1085.8485283560660264 -1080.0071787508973102 -1072.5613783201722526 -1063.6690595836323610
112.6422528940338310 107.3067675868210102 100.3488423864648240 91.5694568121104169 80.9214158504007059 68.6166518254674997 55.0126892252894066 40.3550756901157612 24.9178539626001765 9.0607747105966165 -6.8388245770258234 -22.4732858414959935 -37.6965716829919870 -52.3597506678539659 -66.2965271593944721 -79.4833036509349995 -91.8303650934995517 -103.2662511130899361 -113.6393588601958982 -122.8192341941228847 -130.8432769367765047 -137.7215048975957359 -143.5269367764915387 -148.4134016028495182
851.9258809234507908 859.4987849331713505 866.2697448359659802 872.2897934386390943 877.5151883353584026 881.9526123936816475 885.6427703523693253 888.5990279465370349 890.8414337788578905 892.4356014580802139 893.4040097205346456 893.8189550425273637 893.7150668286756172 892.9933171324422574 891.6409477521264080 889.5413122721749914 886.6445929526123564 882.8541919805588805 878.1044957472661281 872.3718104495746957 865.7357229647631129 858.2515188335358971 849.9854191980558653 840.9690157958688133
107.4848484848484844 104.2990845959595987 99.9400252525252455 94.4400252525252455 87.9409722222222285 80.6240530303030312 72.6788194444444429 64.2769886363636402 55.5812815656565675 46.7238005050505052 37.9517045454545467 29.3653724747474740 21.1780303030303045 13.4970012626262630 6.3626893939393936 -0.1824494949494949 -6.0943813131313131 -11.3731060606060606 -16.0978535353535364 -20.3249684343434360 -24.1101641414141419 -27.4938446969696955 -30.4965277777777786 -33.0651830808080831
462.9783255418614658 458.9983000424989541 453.2073948151296463 445.4228644283892891 435.5316617084573068 423.4011899702507549 409.0225244368890571 392.3174670633234200 373.2783680407989664 352.0658733531661824 328.9439014024649168 304.4054398640034265 278.9158521036974321 252.7764555886102755 226.2889927751806169 199.8283042923926871 173.9328516787080332 148.8699532511687096 125.1262218444538945 102.9375265618359521 82.6073098172545741 64.2838929026774366 48.0985975350616215 33.8470038249043768
-491.9740634005763695 -488.5192122958693517 -481.5249759846301458 -470.9610951008645543 -457.2257444764649108 -441.0758885686839790 -423.7228626320845137 -406.6431316042267099 -391.7185398655139466 -381.1008645533141248 -376.3093179634966532 -378.2401536983669530 -387.0004803073967423 -401.7531219980787682 -421.0499519692603485 -443.2180595581172042 -466.5244956772334035 -489.3064361191162561 -510.5000000000000000 -529.1018251681075526 -543.4356388088376661 -553.1844380403458672 -558.9548511047070178 -560.5408261287224150
89.9474002418379683 79.6798669891172864 67.2312575574365212 52.6511487303506627 36.0529020556227309 17.6224304715840390 -2.3805925030229744 -23.7823458282950426 -46.3143893591293860 -69.5232769044740024 -92.9458887545344652 -116.0244860943168135 -138.0674123337363994 -158.5625755743651837 -177.1181983071342074 -193.5952237001209255 -207.9377267230955226 -220.2370012091898559 -230.6363361547763020 -239.3328295042321656 -246.6015719467956444 -252.7545344619105094 -258.0266021765417008 -262.6163845223700264
-366.8057508657781227 -366.3495644873543711 -365.6319655787595480 -364.5991184804281602 -363.3271067268339038 -361.9230769230769056 -360.4573407492916317 -359.0155315353132437 -357.7281981320180648 -356.6081435617588227 -355.5834820023087559 -354.6049952775737211 -353.5894637422604774 -352.4589148913842109 -351.2660300136425917 -350.0178402770490038 -348.7370133277364062 -347.4407597859166685 -346.1381047329205671 -344.8886556826529386 -343.7929478434253383 -342.8827788855073777 -342.2183859796410843 -341.8611606674362520
439.7571230020847679 443.0821751216122379 445.9390201528839270 448.3377345378735299 450.2831827658096131 451.8064628214037270 452.9131341209172774 453.6000694927032555 453.8148019457956934 453.5590687977762059 452.8396455872133401 451.7182070882557241 450.2089993050729504 448.3300903405142321 446.0936414176511562 443.4864489228630759 440.5609798471160730 437.2567755385684336 433.5528144544823022 429.4195621959694336 424.8778665740097154 419.9689020152883927 414.6985753995830351 409.1289089645587183
-18.2356965174129364 -5.0609452736318410 7.1759950248756219 18.4154228855721378 28.2213930348258693 36.1560945273631873 41.9931592039800989 45.4191542288557244 45.9539800995024876 43.3028606965174134 36.8128109452736325 25.3855721393034841 8.0634328358208958 -15.8439054726368163 -46.3383084577114417 -82.5814676616915477 -123.0907960199004947 -166.0335820895522261 -209.5404228855721271 -251.7518656716417809 -290.3998756218905442 -323.8855721393034628 -351.0261194029851026 -371.4222636815920282
-371.1384071933204609 -358.3089274245343745 -342.9033397559409195 -324.7825947334617922 -304.3917790622992925 -282.3063583815028892 -259.1657032755298928 -235.5684007707129126 -211.9556840077071342 -188.9592164418754123 -167.1698779704560138 -146.9813744380218452 -128.5157353885677480 -111.9833012202954450 -97.5385356454720664 -85.0854206807964033 -74.2331406551059700 -64.8420038535645489 -56.8407193320488133 -50.0472061657032725 -44.6062941554271006 -40.3837508028259506 -37.4476557482337853 -35.8850353243416862
478.8969046430354410 479.7725911133300087 479.2933100349475808 477.4093859211183144 473.9660509236146027 468.8310034947578515 461.9435846230654192 453.4103844233649738 443.4053919121317904 431.9837743384922533 419.3057913130304541 405.5177234148777075 390.7588617074388253 375.2990514228657162 359.3714428357463930 343.2923115327009214 327.3781827259111310 311.7915626560159694 296.6460309535696638 282.2196704942585939 268.6722416375436637 256.0821268097853363 244.5496754867698428 234.0836245631552686
-428.0323916444280599 -429.2543480261341529 -430.3051440139872739 -431.1701481549645791 -431.9085304131775160 -432.5624367350694683 -433.1884604766725033 -433.8662924450170522 -434.5704426244593606 -435.2019876690899309 -435.7643323824422623 -436.2093494064599213 -436.5313333946811554 -436.7637802521394974 -436.9229778227661996 -437.0883408484402253 -437.3432410048771430 -437.7119720253979835 -438.1510076378025360 -438.6552866476488362 -439.2049323640379157 -439.7589951228490008 -440.2296862059446312 -440.6443360633109592
101.2517682721454975 102.3813573593802602 103.6437352643987850 104.9952846076119926 106.4099023240148227 107.8506231054226987 109.2968171101380932 110.7059616032334048 112.0137251599865209 113.1586392724823185 114.1340518693162664 114.9136072751768296 115.4925058942404803 115.9012293701583047 116.1635230717413236 116.2677669248905374 116.2084035028629216 115.9785281239474557 115.5536375884136078 114.9829067025934677 114.2998484338160949 113.5167564836645369 112.6531660491747999 111.7224654765914380
-531.8040413533834680 -528.9431390977443925 -524.9011591478696346 -519.5919486215539109 -513.0759711779448935 -505.5222431077694409 -497.0802005012531595 -487.9321741854636798 -478.1918859649122737 -468.0562343358395765 -457.6431704260651827 -446.9912280701754526 -436.1531954887217921 -425.2052005012531595 -414.2384085213032563 -403.3972431077694409 -392.8449248120300581 -382.7164786967418308 -373.1853070175438347 -364.2727130325814642 -356.0723684210526585 -348.5590538847117728 -341.7589285714285552 -335.6589912280701924
149.4989761092150218 158.0365187713310604 166.5546075085324276 174.8655290102389017 182.7020477815699735 189.7242320819112535 195.6334470989761201 200.2375426621160273 203.1255972696245635 203.9832764505119371 202.6068259385665442 198.5481228668942038 191.2846416382252528 180.6143344709897747 166.2761092150170725 148.2464163822525620 126.9211604095563075 102.9126279863481273 76.9587030716723604 49.8829351535836167 22.7518771331058005 -3.4880546075085324 -27.9679180887371999 -50.0037542662116010
9.2268786127167637 -5.8121387283236992 -24.3677745664739902 -46.0729768786127138 -70.5549132947976858 -97.1018786127167601 -124.7648121387283169 -152.2518063583815149 -178.4010115606936324 -202.2543352601155959 -223.0921242774566338 -240.7644508670520338 -255.0946531791907432 -266.1033236994219919 -273.8309248554913324 -278.5335982658959324 -280.7669797687861433 -281.1622109826589622 -280.2510838150288919 -278.4263005780346703 -275.9317196531791865 -273.1979768786127352 -270.5469653179191027 -268.3641618497109675
-17.7774258086028674 -19.7510836945648549 -22.2325775258419469 -25.1838946315438470 -28.6787262420806925 -32.7284094698232764 -37.3242747582527485 -42.5138379459819973 -48.2597532510836942 -54.5120040013337785 -61.2735911970656915 -68.4348116038679564 -75.8274424808269458 -83.4214738246081993 -91.1738912970990327 -98.9234744914971600 -106.6160386795598498 -114.1013671223741284 -121.1793931310436818 -127.8739579859953324 -134.0863621207068945 -139.7162387462487629 -144.7642547515838487 -149.2397465821940727
51.4538461538461505 21.7714285714285722 -16.9747252747252730 -65.7824175824175796 -123.6516483516483476 -188.9032967032966894 -258.3538461538461775 -327.8736263736263936 -392.4615384615384528 -448.1252747252747213 -493.1923076923076792 -528.4505494505494880 -555.9329670329669852 -576.8274725274725370 -592.3670329670329693 -603.0934065934065984 -609.2054945054944710 -611.4054945054945165 -610.6241758241758362 -608.4560439560439136 -604.9230769230769056 -599.9879120879120364 -593.6483516483516496 -585.9208791208791354
499.3407373828951563 501.7629193109700623 503.7165306739196353 505.2039891205802178 506.2126019945603161 506.7975219099425885 507.0699607132063989 507.1154427319431761 507.0125415533393607 506.8278936234511889 506.6000302206104493 506.3831973405862641 506.1479298881837394 505.8797219703837982 505.6090964037473441 505.3170142036869379 504.9672106376548868 504.4761257177394782 503.7594439407675964 502.7426715019643666 501.3634028407373648 499.5417044424297615 497.2388939256572939 494.4564823209428823
205.5446126447016866 200.8573463935886139 194.4553873552983134 186.4794300979519051 177.0090828138913537 166.3276936776491652 154.8352626892252886 142.8318788958147820 130.5668744434550206 118.4302760463045416 106.7520926090828084 95.8089047195013421 85.8341941228851226 76.9561887800534237 69.2674977738201250 62.8596616206589474 57.6673196794301006 53.6448797862867295 50.6755120213713255 48.6491540516473719 47.4167408726625084 46.7203918076580607 46.3506678539625980 46.1975066785396251
763.3328424153166907 751.6509572901325100 735.9572901325478824 716.4506627393225244 693.0412371134020759 666.1561119293078264 636.2562592047128192 603.5198821796759603 568.4020618556701265 531.0220913107510796 491.4374079528718653 449.9793814432989620 407.1649484536082468 363.5095729013254982 319.7555228276877983 277.0898379970544738 235.9970544918998598 197.5817378497790742 162.3416789396170827 130.8026509572901261 103.2518409425625947 79.8321060382915988 59.7923416789396143 42.9425625920471248
-14.9170766615976387 -15.9712854459253961 -17.0881116378924780 -18.1845424456570370 -19.1804275874407359 -20.1024241882100370 -21.0093031577064124 -21.8621522497540042 -22.6988997226943390 -23.5110474997763674 -24.3256105197244850 -25.1259504427945259 -25.9024062975221412 -26.6251900885589059 -27.2524376062259606 -27.7970301458091065 -28.2789158243134437 -28.7735038912246175 -29.3037838804902044 -29.8421146793094181 -30.3616602558368385 -30.8338849628768230 -31.2405402987744871 -31.5698184095178469
-307.3168826852775055 -314.0520106347623823 -321.6556995679627562 -330.1301096709870535 -339.4652708541043467 -349.5312396144898912 -360.0887337986042098 -370.8778664007975863 -381.6533732136922481 -392.3780325689597817 -402.9730807577268479 -413.3467929544699473 -423.3278497839813781 -432.8188767032236797 -441.7480890661349235 -450.0676304420073279 -457.6671651711532149 -464.5103024260551479 -470.5599867065470221 -475.7942838152209788 -480.1633433034230620 -483.5910601528747179 -486.0787637088733959 -487.7841475573280263
-159.4342017368069548 -154.5678022712090751 -156.1576486305945082 -166.1943887775551048 -185.4509018036072234 -213.6072144288577022 -248.6613226452905678 -287.1556446225785066 -326.2304609218437008 -363.2451569806279394 -395.0494321977287768 -418.9505678022712232 -432.9779559118236421 -436.0794923179692546 -428.4889779559118210 -411.2491649966599994 -385.5177020708082978 -353.1262525050100294 -316.6867067468269852 -279.5778223112892533 -246.4569138276553133 -220.7788911155644485 -203.8577154308617310 -195.2411489645958511
221.8961796442111449 217.9052201808107441 212.4969378827646551 205.4983960338290956 196.8197725284339583 186.4149897929425492 174.2569262175561278 160.1729367162438109 144.2505103528725670 126.5978419364246150 107.1324001166520787 86.1697287839020163 64.0702828813064968 41.1321084864391935 17.8168562263050454 -5.3184601924759409 -27.8396033829104681 -49.3330417031204433 -69.4913969087197501 -88.1790609507145007 -105.1656459609215517 -120.3811606882473058 -133.7421988918052023 -145.2452610090405472
-874.4097870750840684 -877.5240941352260506 -880.4211804258497978 -883.0889054912215670 -885.5930145685468915 -887.9796413896152671 -890.2766156144938350 -892.5076578259245252 -894.6804258498318632 -896.7868883078072031 -898.8158386253268191 -900.7418752334702958 -902.4940231602539598 -904.0070974971984015 -905.2635412775495070 -906.2368322749346135 -906.9135225999252725 -907.2332835263354127 -907.1389615240941566 -906.6053418005229787 -905.6273813970863102 -904.1412028389988791 -902.1507284273440064 -899.6262607396339490
-904.5380859375000000 -906.9047851562500000 -908.4472656250000000 -908.8408203125000000 -907.8481445312500000 -905.2441406250000000 -901.0141601562500000 -895.2333984375000000 -887.9702148437500000 -879.4248046875000000 -869.7426757812500000 -859.1796875000000000 -848.2202148437500000 -837.0776367187500000 -825.8784179687500000 -814.7788085937500000 -803.7153320312500000 -792.6416015625000000 -781.6962890625000000 -770.8798828125000000 -760.1557617187500000 -749.6577148437500000 -739.6166992187500000 -730.1435546875000000
-186.5152327565196231 -186.7387277601754931 -186.6417255666585504 -186.0190104801364726 -184.5690957835730046 -181.9424811113819089 -177.7979527175237706 -172.0155983426760997 -164.7226419692907768 -155.7774798927613915 -145.0531318547404283 -132.7014379722154445 -118.7404338289056795 -103.2890567877163051 -86.6673165976115030 -69.1528150134048190 -51.0153546185717772 -32.6224713624177411 -14.4255422861320977 2.9444309042164272 18.9327321472093573 33.1766999756275922 45.4657567633438973 55.7170363148915442
182.3916477606923650 183.4483656835560055 184.3899672296445544 185.2707335518023797 186.1076380136123021 186.9562221662045260 187.8002688849676360 188.6377615326443049 189.4771027644735852 190.3024955886060070 191.1250315099571537 191.9158894210570452 192.6817074195445798 193.3935803713973485 194.0335265944038383 194.5777665742374722 195.0229392488026292 195.3688765649945367 195.6475086127216230 195.8300983110663083 195.8927821191496434 195.7928745483572754 195.4548357280900746 194.8672380472229122
304.8576576576576826 308.3891891891892101 307.3891891891892101 302.0342342342342477 292.3747747747747781 278.5945945945945823 260.0000000000000000 235.7009009009009048 204.4864864864864842 165.2756756756756715 116.7981981981981932 58.2540540540540519 -10.5009009009009002 -88.7657657657657637 -173.9549549549549567 -261.8018018018017870 -344.4792792792792966 -417.4774774774774642 -475.4576576576576485 -517.9387387387387207 -545.9873873873873436 -564.8666666666666742 -577.1549549549549738 -585.4522522522522650
-230.0121654501216426 -230.1205485512054736 -230.1176730811767186 -230.0238885202388985 -229.7931873479318767 -229.3732581287325729 -228.7695200176952142 -227.9578633045786376 -226.9198186241982000 -225.6087148860871423 -224.0194647201946339 -222.1585932315859395 -220.1037381110373872 -217.8848706038486966 -215.5861535058615459 -213.3082282680822743 -211.0820614908206210 -208.9485733244857215 -206.8879672638796592 -204.9180491041804828 -203.0498783454987972 -201.3258128732581156 -199.6880115018801121 -198.1603627516036283
-612.5770917678812566 -617.6821862348177774 -621.4814439946019320 -623.9984817813765403 -625.0875506072874259 -624.7727732793522364 -623.1125168690957707 -620.1007085020243039 -615.6664979757084666 -609.9016531713899667 -602.9244264507422031 -594.8081983805667505 -585.5612348178137836 -575.1718960863697703 -563.7547233468286549 -551.4119433198380875 -538.2807017543859729 -524.5192307692307168 -510.2692307692307736 -495.6803306342779933 -481.0070850202429256 -466.5246288798920204 -452.5116396761133615 -439.2240215924426252
-351.7385197190707800 -362.8946515397082635 -378.4078876283090267 -397.7136682874121902 -419.7298757428417275 -443.0453808752025679 -466.2112371690977852 -488.0443003781739435 -507.0875202593192625 -521.9054565099945648 -531.5650999459751347 -535.4300378173960553 -533.4230145867098827 -525.6229065370069975 -512.4376012965964264 -494.2685035116153358 -471.7698541329011164 -445.9492166396542530 -418.1496488384656800 -389.9481361426256285 -363.0210696920583473 -338.8914100486223901 -318.4473257698541602 -301.8649378714208638
-217.8154574132492201 -186.5236593059937036 -148.6198738170346871 -104.5205047318611946 -55.3075709779179832 -2.9211356466876972 50.7137223974763387 103.8067823343848630 154.2910094637223892 200.5638801261829656 241.2223974763406886 275.3722397476340689 302.9408517350157695 324.4621451104101197 340.8399053627760509 353.0339116719242725 361.8059936908517216 367.6648264984227126 371.1395899053627545 372.4763406940062964 371.7326498422713144 368.8619873817034431 363.6750788643533383 356.0299684542586647
304.9897119341563894 320.9242112482853031 337.7249657064471648 355.1673525377229339 373.0716735253772072 391.2023319615911987 409.5346364883401975 427.6872427983539069 445.2901234567901270 462.1117969821673341 477.8689986282578843 492.2630315500686038 505.2788065843621439 516.9026063100137662 527.2105624142660645 536.3024691358024256 544.1330589849108037 550.7942386831275599 556.3069272976680395 560.5775034293552608 563.5685871056241467 565.3014403292180532 565.7362825788751479 564.8148148148147811
-132.2164556962025301 -116.7865822784810064 -99.4617721518987281 -80.4321518987341761 -59.9394936708860726 -38.4589873417721506 -16.5893670886075952 5.0832911392405062 25.7837974683544289 45.0083544303797467 62.3032911392405069 77.2959493670886104 89.8448101265822743 99.9301265822784757 107.6531645569620252 113.2635443037974738 116.9655696202531630 118.8405063291139214 119.0336708860759529 117.8022784810126637 115.3240506329113941 111.8030379746835479 107.5075949367088555 102.5582278481012679
-238.1472962066182504 -261.4794188861985731 -289.1969330104923301 -320.8950766747377088 -355.9116222760290498 -392.6852300242130696 -428.9891041162227339 -463.8635996771590158 -496.4576271186440408 -525.9749798224374899 -551.7586763518967246 -573.6775625504438949 -591.1085552865214368 -604.3026634382566726 -613.6949152542373440 -620.0322841000806875 -623.8482647296206096 -625.6759483454399060 -625.7518159806295444 -624.2175141242937570 -621.3401937046004377 -617.0125100887812550 -611.5597255851492946 -605.4402744148507054
-386.1467953135768312 -367.5354927636113302 -343.3645761543762660 -313.9407305306685316 -280.3735354927636081 -244.9235010337698100 -209.4004135079255775 -176.3962784286698877 -147.6540317022742954 -124.9972432804962068 -109.2949689869055874 -101.4059269469331497 -101.5106822880771915 -108.8800827015851098 -122.4748449345279084 -140.6498966230186056 -162.2150241212956701 -185.7126119917298297 -210.1481736733287278 -234.5796002756719645 -258.0027567195037932 -279.7339765678842127 -298.7133011716057922 -314.1447277739490005
124.9005942733657548 117.0599675850891401 105.9735278227984878 91.3803349540788759 73.1518098325229573 51.2663425175580798 25.6531604538087521 -3.3922204213938412 -35.5245813074014052 -70.4008643976229109 -107.5521339816315560 -146.2809292274446307 -185.7358184764991904 -224.7633711507293413 -262.0513236088600593 -296.7633711507293128 -328.3922204213938585 -356.6326310102647312 -381.5602377093463247 -402.5494327390599665 -419.7498649378713935 -433.1388438681793787 -442.9567801188546809 -449.4327390599675596
-99.9191881918819149 -95.5476014760147621 -91.8564575645756491 -89.1771217712177133 -88.0476014760147621 -88.5232472324723290 -90.8830258302583047 -95.5132841328413349 -102.8549815498154913 -113.4007380073800704 -127.1549815498155027 -143.9261992619926218 -163.5405904059040552 -185.6693726937269275 -209.7852398523985187 -235.6346863468634751 -262.7804428044280485 -290.3575645756457675 -317.5062730627305996 -343.4826568265682454 -367.5826568265682681 -389.0686346863468543 -407.6937269372693891 -423.0800738007380346
604.1587301587301226 606.2506841817186114 606.7345374931582000 605.5123152709359147 602.8379857690202925 598.7783251231527402 593.1193212917351048 585.9649698960043906 577.1839080459769775 566.8429118773946129 554.9332238642583661 541.4367816091953500 526.4926108374384057 509.9726327312534409 491.8565955117679209 472.2588943623426303 451.4362342638204950 429.8253968253968083 407.9430760810071206 386.3355227148330755 365.3732895457033578 345.5736179529283163 327.4592227695675888 311.5265462506841914
191.7188353048225622 202.2800272975432279 213.8061874431301135 226.1733393994540506 239.1196542311191990 252.4449499545040965 265.9979526842583937 279.5327570518653602 292.7825295723384897 305.4906733393994500 317.5111464968152859 328.7616014558689699 339.1610555050045264 348.7745677888989917 357.5261601455869140 365.3696542311192275 372.3373521383075513 378.3987716105550589 383.5639217470427411 387.7315741583257704 390.7961783439490659 392.6899454049135443 393.4408553230209122 393.0987261146497076
-91.4098014364174105 -89.9737008871989872 -88.3265737220109912 -86.5184833122095540 -84.5466835656949769 -82.3965990705534495 -80.1625475285171092 -77.9094845796366684 -75.6391001267427185 -73.4421208280523814 -71.3348119983101014 -69.2973172792564469 -67.3950147866497673 -65.6191381495564059 -63.9598648077735561 -62.4891212505280933 -61.2115547106041404 -60.0875580904098001 -59.1675116180819600 -58.3927967891846222 -57.7347908745247125 -57.2126108998732548 -56.7775665399239529 -56.4002957329953531
1045.5000000000000000 1052.9097963142580738 1059.8191076624636935 1066.1110572259942728 1071.6391852570320680 1076.3419010669254021 1080.1590688651795062 1083.0877788554801100 1085.2463627546071621 1086.8113482056255634 1087.9553831231812637 1088.7924345295830335 1089.3399612027158128 1089.5688651794373527 1089.4364694471387338 1088.8103782735208824 1087.4233753637245172 1085.1692531522794525 1081.9854510184286482 1077.7196896217265021 1072.3225024248301906 1065.9059165858388951 1058.6382153249271596 1050.6813773035887607
36.9027072758037207 46.0309644670050773 55.9942470389170879 66.6742808798646394 77.8874788494077848 89.4531302876480510 101.3275803722504236 113.4221658206429737 125.6468697123519433 137.7720812182741099 149.6181049069373898 161.1390862944162450 172.2949238578680138 183.0043993231810475 193.1087986463620894 202.5057529610829192 211.1664974619289410 219.0162436548223468 225.9159052453468632 231.7343485617597310 236.2854483925549971 239.5646362098138695 241.5881556683587235 242.4162436548223241
-533.7700613687562736 -534.7893264973199621 -535.5807504078303509 -535.9528470442010075 -536.2034490794686690 -536.2958129418161661 -536.1073564825603626 -535.8537248504621857 -535.5342189077914554 -535.0456769983686627 -534.5589994562261609 -534.1341567622155253 -533.6957197234521573 -533.3013283616872968 -532.9429814340091980 -532.5530179445350996 -532.1110852171210581 -531.6652683912063821 -531.1761050260234924 -530.5941117066728339 -529.9533908179911350 -529.2394158315854611 -528.3769129185116071 -527.4566923017167710
-163.9343599615014568 -165.1845043310875951 -166.4377285851780641 -167.6531280076997064 -168.7946102021174113 -169.8757459095284048 -170.9125120307988368 -171.8893166506256023 -172.8210779595765132 -173.7051973051010521 -174.5230028873917263 -175.2483156881616821 -175.8432146294513814 -176.3282964388835410 -176.7113570741097135 -177.0094321462945004 -177.2414821944176992 -177.4231953801732402 -177.6160731472569694 -177.8092396535130035 -177.9864292589028025 -178.1612127045235923 -178.3313763233878717 -178.5230028873917263
373.0725388601036343 377.2829015544041340 378.1274611398963543 375.2663212435232936 368.5264248704663146 357.6041450777202044 342.6735751295336740 323.6186528497409540 300.6362694300518115 274.0217616580310960 243.4974093264248722 209.0974093264248665 170.7709844559585406 128.5098445595855026 82.6860103626943044 32.9668393782383404 -20.1046632124352342 -76.0352331606217575 -132.9430051813471607 -188.9751295336787678 -241.8217616580310789 -287.3647668393782624 -324.0652849740932879 -351.2683937823834412
-132.8870229007633554 -118.7461832061068634 -103.0225190839694704 -85.7477099236641180 -66.9839694656488547 -46.8259541984732834 -25.4034351145038180 -2.9412213740458015 20.7122137404580151 45.3988549618320576 70.9057251908396893 96.9725190839694591 123.3717557251908374 149.5648854961831944 175.1374045801526620 199.5980916030534331 222.2992366412213698 242.7751908396946590 260.8091603053435392 276.2774809160305267 289.2877862595419742 299.9988549618320803 308.4805343511450246 314.8343511450381698
-262.6698966408268916 -279.5542635658914605 -302.8766149870801314 -330.8062015503875841 -360.9670542635658990 -390.3417312661498499 -416.8675710594314978 -437.7803617571059362 -450.9321705426356743 -455.5103359173126591 -451.6485788113695321 -439.7267441860465169 -420.0516795865632957 -393.0077519379844944 -360.1311369509044198 -323.7997416020671722 -287.0155038759689887 -252.9450904392764983 -223.8191214470284365 -200.9412144702842511 -184.2293281653746817 -173.6518087855297097 -168.3094315245477901 -167.2409560723514232
20.0601231437884842 21.2663889894965585 22.7084389713871779 24.4844259326331048 26.6852589641434257 29.4771821803694323 33.0047084389713845 37.4820717131474126 43.0242665700833058 49.6280333212604106 57.3755885548714204 66.1561028612821502 75.9114451285766023 86.5161173487866648 97.7683810213690663 109.5545092357841384 121.6825425570445560 133.8400941687794159 145.6946758420862125 156.8725099601593627 166.8670771459616162 175.3103947844983566 181.9929373415429268 186.8658094893154669
-823.5491493383742636 -828.5879017013232897 -832.0817580340265067 -833.8175803402646125 -833.5741965973535343 -831.1413043478261216 -826.4773156899810829 -819.6394139886577932 -810.8227788279773449 -799.9740075614366788 -787.2466918714555959 -772.8152173913043725 -756.6606805293005209 -738.8931947069943362 -719.8648393194706614 -699.7490548204158358 -678.6781663516068193 -657.0841209829867466 -635.4059546313799274 -614.2183364839319211 -593.9735349716446535 -575.1691871455576575 -558.1862003780718169 -542.9064272211720663
-714.8835092828539928 -717.9195485984710103 -720.9510374954495546 -723.8775027302511944 -726.6738259919912934 -729.2808518383691307 -731.6596286858391522 -733.7477247906807634 -735.4741536221332581 -736.8627593738624455 -737.9035311248634343 -738.5353112486349119 -738.8929741536221627 -739.0278485620676747 -738.9266472515471378 -738.5487804878048337 -737.8909719694212299 -737.0036403349107559 -735.8642155078267706 -734.4852566436112511 -732.7846741900254983 -730.6907535493265868 -728.1525300327630248 -725.2459046232253286
-150.3929994308480502 -165.3981217985202079 -182.3503130335799653 -200.9823562891291999 -220.9163346613545684 -241.8764940239043710 -263.4965850882185805 -285.1989186112692209 -306.7453044963004913 -328.1058622652248005 -348.9154809334092420 -368.7214001138303843 -387.2174160500853759 -404.0867956744450566 -419.0293113261240592 -431.9524758110415519 -442.7783153101877929 -451.7527034718269761 -459.0637450199203045 -464.9171883892999517 -469.5378486055776648 -472.9903244166192167 -475.4692657939669971 -477.2552646556630407
-333.7909738717339678 -325.2141726049089243 -314.4881235154394403 -302.3752969121140382 -289.2482185273159416 -276.2292161520189779 -264.7763262074425938 -256.2038796516231400 -251.9952494061757591 -252.9782264449722788 -259.5324623911322419 -271.2367379255740047 -287.3749010292953017 -307.7830562153602614 -331.8277909738717426 -358.6983372921615114 -387.3012668250198089 -416.2410926365795945 -443.9271575613618097 -468.6278701504354558 -489.0166270783847722 -504.5340459224069605 -514.6096595407759651 -519.3586698337292091
355.7998159831756197 359.7779968454258892 363.5470557308096886 367.0046004206099042 370.2361987381703443 373.2928496319663623 376.2004468980020988 378.9986855941114641 381.7133280757097964 384.3889327024185150 387.0327287066245958 389.6260515247108174 392.1331493165089341 394.5086750788643712 396.6961093585699132 398.6230283911671677 400.2062302839116796 401.4110147213459641 402.2078075709779341 402.5657202944269102 402.4833070452155539 401.9047055730809461 400.8249211356466617 399.2761566771819162
360.2747580044676283 353.8123603871928253 345.4501116902457056 334.8723008190618202 322.0107967237527760 306.8462397617274746 289.3521965748324760 269.8708116157855557 248.7639612807148239 226.1370067014147480 202.5755770662695454 178.5022338049143684 154.0711094564408086 129.8711839166046218 106.2122114668652273 83.3283693224125130 61.3406552494415465 40.4787788533134787 20.7222635889798958 2.1753536857781088 -15.0100521221146685 -30.7315711094564392 -44.9195830230826516 -57.5703648548026834
116.8125000000000000 132.9106481481481410 151.6615740740740819 173.1166666666666742 197.0805555555555486 223.0986111111110972 250.2902777777777885 278.2083333333333144 306.3671296296296305 334.3759259259259125 361.9532407407407391 388.8824074074074133 414.7898148148148039 439.2138888888889028 461.6365740740740762 481.6898148148148380 499.3101851851851620 514.3175925925926322 526.7939814814815236 536.9689814814814781 545.0902777777778283 551.3532407407407163 555.9648148148147584 559.2361111111110858
251.8920118343195327 243.6217948717948616 232.2662721893491096 217.4733727810650805 199.4985207100591822 178.2238658777120293 153.5463510848126134 125.5236686390532554 94.5083826429980292 60.9403353057199197 25.5236686390532554 -10.7815581854043394 -46.9511834319526642 -82.0448717948717956 -115.3782051282051242 -146.2879684418145985 -174.4023668639053142 -199.2998027613412262 -220.9127218934911241 -239.3214990138067151 -254.7603550295858099 -267.6839250493096642 -278.6247534516765541 -287.8826429980276203
47.6048088779284839 35.1917385943279868 17.6658446362515420 -4.9475955610357580 -31.7885326757089999 -61.4969173859432772 -91.9364981504315608 -120.8797780517879232 -146.3273736128236635 -166.7940813810110967 -180.9537607891491859 -188.4340320591861939 -189.2731196054253928 -183.9352651048088774 -173.5838471023427871 -159.0024660912453669 -141.2046855733662198 -121.3803945745992650 -100.5191122071516645 -79.9099876695437672 -60.4636251541307033 -42.9032059186189869 -28.0030826140567193 -16.1418002466091259
10.7436050562356922 11.4441126704488898 12.1973723499552111 12.9942271324773557 13.8471185428486123 14.7494774559570025 15.7460933612023481 16.8276102319100218 18.0273713546332246 19.3539364984572515 20.8170598188513978 22.3778242261371538 23.9682492286254600 25.5947048870309537 27.2320095550910715 28.8499054444112666 30.4114661092863550 31.9178859361003298 33.3030755449387854 34.5632527122524138 35.6449686473574232 36.4550612123021764 36.9690454862147888 37.1411366577087705
-780.7123381049761974 -783.0361281526925268 -783.5555555555555429 -781.9659168370824318 -778.0688479890933422 -771.6639400136332370 -762.5971370143149670 -750.6332651670074938 -735.6680299931833815 -717.8036809815951074 -697.0606680299931668 -673.4621676891615607 -647.2603953646898844 -618.9461486025903696 -588.7539195637355078 -556.9304703476482246 -524.1942740286298204 -491.2563053851397399 -458.4901158827539120 -426.4301295160190648 -396.1247443762781018 -367.7818677573278592 -341.7989093387866433 -318.2903885480572512
-490.3602851818844783 -492.1352183423803126 -493.7858705339058361 -495.2548002916632868 -496.5349590861217166 -497.6816819249777382 -498.7432552863971296 -499.7434983391395917 -500.7003159685651781 -501.5560236571336077 -502.3847524912906124 -503.1576602122660802 -503.8535202138864406 -504.5100866888114979 -505.1087255934537552 -505.6475735234545823 -506.1464797861135594 -506.5107348294579879 -506.6665316373653241 -506.6720408328607164 -506.5049825812201334 -506.1200680547678985 -505.5545653406789484 -504.8087985092765280
120.6966167498613487 130.8186356073211414 141.4468478461822940 152.4902939545202400 163.8711406914401891 175.4575707154742190 187.1772970974301984 198.7877611388426828 210.0587909040488057 220.9983361064891767 231.4976890367905469 241.5631355148825890 251.1501201700868933 260.1342207432057876 268.4945461268256395 276.1621371787761063 282.9330745054538738 288.7665002773155720 293.5775559253096958 297.2334997226844280 299.7393233499722669 301.0963209465705290 301.3512664078388070 300.6002958032908055
-475.6403565193421059 -476.4425250390517590 -476.9161076908940800 -477.1162363318937878 -476.9864008086005924 -476.6409997243407020 -476.1816594688964415 -475.5545345952402840 -474.8221997610953053 -474.0816870348249381 -473.2314619130754636 -472.2675732794266423 -471.2274189102269588 -470.1281815675824873 -469.0037673435633678 -467.9001194523568756 -466.7901313975925746 -465.6906183956629661 -464.6416429293393549 -463.5691445373518604 -462.4396765597721242 -461.2747404208398621 -460.0424515299090444 -458.7660571533584744
-250.1468998410175004 -256.7618441971383163 -264.9624801271859837 -274.9271860095389570 -286.8244833068362709 -300.7558028616851971 -316.9697933227345175 -335.5618441971383277 -356.4922098569157356 -379.8505564387917275 -405.2769475357710576 -432.0438791732909181 -459.5678855325913901 -486.6702702702702936 -512.2263910969793415 -535.3958664546900081 -555.7891891891891873 -572.7993640699522757 -586.6089030206677535 -597.5942766295707997 -606.0578696343402498 -612.1637519872814437 -615.9243243243242887 -617.3465818759935928
-580.2606667818275810 -579.6633269994817965 -577.5121782691311410 -573.9129383313180597 -569.0827431335291067 -563.1953705303161541 -556.3745033684574537 -548.7490067369147937 -540.4681292105717603 -531.5481084816030943 -522.1824149248575395 -512.5037139402314779 -502.5928485057868329 -492.6828467783727774 -483.0283295906028798 -473.7673173259630062 -464.9944722750043411 -456.8143029884263342 -449.1772326826740596 -441.9972361375021705 -435.1544308170668387 -428.5316980480221218 -422.0196925202970988 -415.5612368284677700
47.5078947368421041 55.4210526315789451 64.1179824561403535 73.8399122807017534 84.6469298245613970 96.8021929824561340 110.6631578947368411 126.6381578947368354 144.9960526315789480 165.6868421052631675 188.7280701754386030 213.8083333333333371 240.2649122807017648 267.5030701754386087 295.0127192982455995 322.0776315789473756 348.0355263157894683 372.3745614035087783 394.3570175438596266 413.5236842105263122 429.6679824561403507 442.6640350877192986 452.6390350877193214 459.9543859649122624
-783.5383564762121296 -783.8941497837469115 -783.9189619849761357 -783.6646938310949508 -783.1566127930799439 -782.4227179603915374 -781.5019348964261781 -780.4400182107898445 -779.3810607785112552 -778.4040519007511421 -777.5763715001138507 -776.9353516958798309 -776.5080810380150069 -776.3580696562713683 -776.3453221033462341 -776.3412246756203103 -776.2865923059413262 -776.1286137036194077 -775.7760072843159378 -775.1188254040519041 -774.1659458229000847 -772.9280673799225951 -771.3314363760528067 -769.3849305713634976
-417.1135781383433141 -396.4244235695986163 -370.7233134073441647 -339.3945345858240898 -302.1759180187873426 -259.0973526900085631 -210.5422715627668708 -157.6293766011955597 -101.6114432109308297 -44.3766011955593527 11.8437233134073434 65.5029888983774526 115.0298889837745548 159.1622544833475672 197.0760034158838607 228.5140905209222808 254.1494449188727458 274.7070879590094137 290.8983774551664965 303.1750640478223886 312.1656703672074968 318.0187873612297267 321.2305721605465578 321.9359521776259498
240.2443805809298851 241.5961202914913315 242.6298881248075645 243.3367545930411495 243.7374525300215566 243.8809401621677182 243.7807656779226022 243.4628964384686469 242.9681822847172441 242.3888945909884001 241.7735810325361854 241.1421533408600908 240.4686441547777918 239.7098429641794155 238.7911320948373088 237.7103561531355922 236.5092887201067526 235.2043518423483590 233.7768654418557048 232.2168736528790021 230.5279687981114591 228.7747100482397684 226.9585343323411735 225.0495740531663671
-391.2393863717445583 -418.5094541562611425 -448.3642525865144535 -479.5158758473064609 -509.9725294327506049 -538.0481626828398021 -562.9468426685693885 -584.1006064930431876 -601.7495540492329837 -615.7138779878700916 -625.9653942204780606 -632.4505886550124387 -635.6057795219408035 -635.6457367106671654 -633.1134498751338242 -628.2475918658579985 -621.2732786300392718 -612.5750981091687208 -602.3977880841955539 -591.1551908669282511 -579.4944702104887710 -567.8176953264359099 -556.3574741348554653 -544.9125936496610620
-394.6734244160423373 -379.8360511238431059 -362.7831643895989373 -343.3155575143234728 -321.1626267078007686 -296.5711767298369068 -269.9479947113266007 -241.7620096959012699 -212.2661965623622677 -181.6615249008373780 -150.0118995152049308 -117.6698986337593595 -84.9814896430145410 -52.5425297487880130 -20.9471132657558385 9.0048479506390482 36.6319964742177149 61.3093873953283364 82.9576906126046651 101.6571176729836878 117.7051564565888100 131.2357866901718921 142.1855442926399178 150.4865579550462655
-485.1553191489361438 -493.4787234042553337 -494.8609929078014034 -487.8092198581560410 -471.7475177304964404 -446.9921985815602739 -414.7297872340425329 -376.8425531914893440 -336.2723404255319224 -296.2539007092198631 -260.4588652482269708 -232.9609929078014261 -217.4709219858156075 -215.0992907801418426 -225.9326241134751854 -248.0276595744680890 -278.3716312056737365 -313.4595744680851226 -349.9226950354610040 -384.5446808510638448 -414.4368794326240959 -437.3652482269503707 -451.4581560283688191 -456.1687943262411409
-505.1493975903614455 -494.1421686746987803 -479.6654618473895653 -461.9646586345381252 -441.1052208835341162 -417.2060240963855335 -390.5028112449799096 -361.2032128514056240 -330.0851405622490233 -297.6903614457831395 -264.7465863453815018 -232.0297188755019988 -200.5224899598393620 -170.7751004016064371 -143.0361445783132410 -117.5120481927710898 -94.4108433734939752 -73.9718875502008046 -56.0718875502008061 -40.5301204819277103 -26.9309236947791177 -15.0674698795180717 -4.8317269076305225 3.8562248995983937
