542.1962509563886670 543.2955241009946121 544.1090920683499235 544.6283473603672292 544.8841494516705097 544.9303111451160930 544.8433435348125613 544.6439683754144880 544.3852971180821214 544.1297500637592748 543.9000255036980889 543.7132109155827493 543.5415710277990229 543.3854883958174469 543.2439428717163992 543.1168706962509987 542.9553685284366793 542.7609028309104815 542.5075235909206413 542.1666666666666288 541.7051772507013538 541.1157867890843818 540.3714613618974454 539.4904361132364556
295.7318834699342460 296.1793394465633469 296.8803051205063639 297.7387811409559504 298.6675322567556350 299.6951229408423387 300.8195244664448751 301.9917227947739775 303.2630852876734480 304.5062890529903257 305.7077821958938557 306.9466850604560477 308.0882090400065181 309.0998133571370659 310.0248316156780106 310.8240688144121009 311.5285238984013745 312.1567800048689492 312.6588493061754548 313.0457680759555501 313.3581919987016136 313.5858151424166067 313.7381319483891957 313.8583948713787208
-419.4775453869837634 -423.0117846905191641 -426.1644548253530047 -428.8837456205541798 -431.1568107017729972 -433.0125278692005395 -434.4611954559932201 -435.6105743709523495 -436.5257458328909479 -437.2611742223165834 -437.8707930778214177 -438.4116148211062978 -438.8729164454825309 -439.2175390168807780 -439.4328484977173730 -439.4775453869837634 -439.2688183458965909 -438.7940333368723032 -437.9808896910499811 -436.7784265845631353 -435.2052234844463214 -433.2263509926743836 -430.8383055526064140 -428.0731500159252505
-375.2623823168235617 -376.4854686860417701 -373.7556283258289227 -366.5264019647974010 -354.5501432664756294 -337.5841178878428082 -315.5231273024969028 -288.6991404011461100 -257.4797380270159692 -222.4842406876790903 -184.6066311911584137 -145.0184199754400254 -105.3614408514121976 -67.1596397871469435 -31.9066721244371685 -0.5816618911174785 26.0978305362259526 47.9275480966025356 64.8559148587801815 76.9107654523127309 84.4138354482194018 87.8767908309455521 88.3417928776094925 87.0159639787146943
522.2711496746203466 528.6236442516268426 524.5368763557484044 508.3058568329718128 477.8080260303687510 430.9880694143167261 367.1344902386117042 286.1366594360086992 191.6995661605206180 90.3351409978308055 -10.4479392624728842 -102.2754880694143225 -180.0401301518438117 -241.1279826464208327 -286.2028199566160538 -318.0835140997830877 -340.1203904555314352 -354.7169197396963227 -363.3893709327549004 -367.2472885032537988 -366.3763557483731006 -360.6268980477223636 -349.8069414316702819 -333.9360086767895837
-353.8378400591764716 -355.7140626284211180 -357.0407660064107631 -357.9077833484014377 -358.3785649708227083 -358.5428618394016667 -358.4856579271800570 -358.3197994575490952 -358.1028191008465456 -357.8983315525601938 -357.8174570559710901 -357.8740856414892733 -358.0484918221418411 -358.3225117120078949 -358.6452699926029482 -358.9598915098216594 -359.2118024163721657 -359.3271965151639620 -359.2694994657680354 -359.0350949289060623 -358.5652173913043725 -357.8123613051697021 -356.7377332127886689 -355.2908687433221075
-542.1800535475234710 -537.9933065595715789 -525.2503346720213813 -503.2838018741633164 -472.1445783132530210 -433.1693440428380200 -388.4645247657296068 -340.4585006693440619 -292.0153949129853004 -245.8621151271753718 -204.8212851405622530 -171.6218206157965085 -148.4170013386880953 -137.1004016064256916 -138.4538152610441841 -152.1465863453815359 -176.9230254350736402 -210.5742971887550254 -250.0408299866131188 -291.8835341365461886 -332.3527443105756447 -368.1224899598393563 -396.6298527443105968 -416.4591700133868812
984.4828060522695523 1030.6891334250344698 1068.0976616231087064 1096.0220082530950094 1114.1884456671252792 1123.0247592847317719 1122.2723521320494910 1110.5694635488307540 1086.6148555708391541 1048.5158184319120664 995.7083906464924894 929.3988995873452268 852.2063273727648038 768.1320495185694881 681.1265474552957357 595.6616231086657081 515.3204951856946536 442.3480055020633017 378.6795048143053464 325.7854195323246245 284.5392022008252866 254.7647867950481384 236.2558459422283477 228.7276478679504805
-901.7261613691931643 -916.5867970660146966 -927.0097799511001995 -933.3814180929094846 -936.1271393643031615 -935.4205378973105098 -931.4596577017115351 -923.2909535452322416 -910.4376528117359157 -891.8801955990220449 -866.6063569682152092 -834.0097799511001995 -793.5574572127139845 -745.6088019559902023 -690.8728606356968385 -630.3643031784840787 -565.7212713936430646 -499.2542787286063799 -433.0757946210268869 -369.7481662591687268 -311.3740831295843350 -259.0782396088019368 -213.8337408312958416 -176.4596577017114782
-700.7894509916642392 -703.3896234550157942 -705.4400689853406448 -706.9501293475136663 -707.9576027594135894 -708.5411037654498614 -708.7448979591836178 -708.6511928715148088 -708.3166139695314314 -707.7752227651624253 -707.0881000287438383 -706.2707674619143745 -705.3209255533199666 -704.2369933889048070 -703.0206956021845599 -701.6353837309571873 -700.0395228513940538 -698.1691578039666410 -695.9604771486059462 -693.3508192009197728 -690.3115837884449775 -686.8317045127910205 -682.9508479448116987 -678.6769186547858226
37.5825654257279780 32.4401032067821617 26.5764835974935494 19.9218577220788795 12.2548838923700707 3.5287504607445630 -6.4537412458532986 -17.7604128271286399 -30.3474014006634718 -44.0995208256542597 -58.9106155547364523 -74.6026538886841166 -90.9454478437154421 -107.6489126428308083 -124.3656468853667576 -140.8499815702174658 -156.6419093254699533 -171.6028381865093877 -185.3402137854773173 -197.5751935127165382 -208.0543678584592726 -216.4718024327312946 -222.5199041651308391 -226.1712126796903704
703.5439725439725862 687.8434148434148483 663.7121407121406946 631.9107679107679587 593.6821106821106468 550.8918918918918735 505.7400257400257146 460.4882024882024893 417.2286572286572550 377.0647790647790885 341.2754182754183034 311.1136851136851078 287.1046761046761162 269.5649935649935856 258.2895752895752821 253.1793221793221846 253.6297726297726172 259.2964392964393028 269.6001716001716204 284.0107250107250252 301.9266409266409141 322.5182325182325371 344.4139854139854151 366.2192192192192124
254.9416490486258056 282.4190274841437827 315.9632135306553664 353.8993657505285455 394.0122621564482301 433.9632135306553664 471.6219873150105855 504.8346723044397208 532.0553911205073518 552.2042283298097800 564.8536997885835262 569.6486257928117993 566.1534883720930793 554.2947145877378716 534.3167019027483775 507.0617336152220105 473.5627906976744157 435.8765327695560359 396.5175475687103699 357.9441860465116179 322.4477801268499206 291.5716701902748582 266.0887949260042546 245.9813953488371965
857.5173031026253057 861.7690930787589423 863.4194510739856696 862.5617541766109753 859.2538782816228604 853.8284606205251066 846.5868138424821154 837.8269689737470571 827.5522076372315041 815.9740453460620984 803.2828162291169747 789.6085918854415695 775.0990453460620984 759.9644988066826272 744.4970167064439011 728.7792362768495877 713.0429594272076201 697.4615155131265283 682.1605011933173728 667.4069212410500995 653.5683174224343475 640.9710620525059994 629.7514916467780495 620.0733890214796702
719.5652892561982981 721.2462809917354889 722.5676607977003414 723.5292849443046634 724.1327344592166355 724.4251527128997168 724.4417535034135653 724.2371541501976253 723.9111749910168783 723.5039166367229200 723.0602227811714329 722.6584261588213849 722.3278476464247433 722.0549766439094128 721.8178224937117875 721.5862738052461509 721.2868127919510925 720.8830758174631228 720.2962270930649993 719.4749550844412624 718.3651455264104015 716.9158462091268120 715.1028386633129230 712.9374775422206767
-648.9975500204164973 -652.8566761943650363 -654.6271947733769139 -654.4708044099633071 -652.4544712127399180 -648.6145365455288356 -643.0167415271539539 -635.7501020824826128 -626.8775010208248659 -616.4834626378113853 -604.7292772560228968 -591.5994283380971410 -577.2376480195998738 -561.6055532870559546 -544.7484687627603535 -526.8023683135974125 -507.8640261331155443 -488.1420988158432124 -467.7884850959575260 -447.1126990608411802 -426.4454879542670369 -406.2311147407104954 -386.8844426296447523 -368.7848101265822720
509.9325153374232968 446.6042944785276063 381.7101226993864884 316.3190184049079789 252.0030674846625800 190.3604294478527663 132.8328220858895747 82.0475460122699332 40.3711656441717821 8.8067484662576678 -11.6288343558282214 -20.4616564417177926 -16.1226993865030686 4.6595092024539877 45.5598159509202461 108.3757668711656379 191.9371165644171811 291.7239263803680842 400.4141104294478737 509.0046012269938842 609.4984662576687242 696.0352760736196842 765.4110429447853221 816.2607361963190442
600.9132189707365796 645.0807265388496035 684.5398587285569647 718.2593340060544733 745.5913218970736125 765.7790110998990940 778.4046417759838050 782.6609485368314836 777.1019172552977352 760.5630676084763309 731.7517658930373727 689.1533804238143830 632.1564076690211778 561.7305751765893547 480.8758829465186864 393.4994954591321630 303.7669021190716308 215.5156407669021235 132.5802219979818233 58.7325933400605464 -3.0998990918264377 -50.2593340060544875 -82.1039354187689270 -100.8113017154389439
-31.5158386128709580 -31.7132377459153041 -31.7995331777259089 -31.7536512170723562 -31.5976658886295425 -31.3581193731243744 -31.0917639213071020 -30.8590863621207063 -30.7087695898632873 -30.6706235411803938 -30.7461153717905979 -30.9605868622874283 -31.3113704568189384 -31.7318439479826608 -32.1890630210070015 -32.7104368122707569 -33.2708902967655860 -33.8503501167055703 -34.4055351783927961 -34.8817605868622849 -35.2817605868622906 -35.5707235745248411 -35.7718572857619179 -35.8495498499499803
208.9552006905481107 212.7621924902891806 208.1576176089771195 209.2437634872680121 213.4294346137246521 209.0880448856279656 210.5026327147172935 214.8820889080707843 210.4824341821320672 211.9015105740181184 216.0579197237807421 211.4111350884764704 212.5754855416486748 216.5589123867069361 211.7108329736728649 212.8117393180837382 216.6129477772982170 211.7369874838152839 212.7967198964177840 216.3766076823478670 211.5537332757876641 212.6059559775571870 216.0759602934829502 211.3115235217954364
180.2888583218706913 175.9890875745070957 175.7179275561668987 177.8674919761577371 173.9405777166437304 173.4495185694635495 175.4633654287024171 170.8191655204034873 170.0739110499770845 171.5359926639156356 166.8965612104539105 165.9702888583218794 167.3949564419990850 162.1275561668959142 160.7977074736359384 161.8754699679046212 156.4892251260889395 155.3550664832645509 156.7363594681338839 151.9988995873452495 150.9422283356258561 152.6342961944062324 147.9556166895919205 147.4530032095369165
271.6882503072123995 271.1158899706966849 271.0625768031004554 270.8588713488987878 269.9484828433689358 269.6113054163909624 268.9934776443898272 267.6183949333585588 266.7804140277909255 265.7102750732583445 264.0016069571793196 262.7766329520748627 261.3881274222516140 259.4982512524813387 258.1157954438037905 256.4611021835711995 254.4888930900841331 253.0132337650061345 251.3397296530862945 249.5874846393799089 248.3792418943189375 246.9868607618867600 245.6502504962661817 244.7066830513280991
486.8629839060461109 456.2553284036537775 424.5745976511526578 390.5515441496302742 346.6994345367551205 307.7316224445411308 271.4419312744671515 231.0717703349282317 199.0234884732492446 173.2257503262287912 144.4236624619399834 127.9834710743801622 119.3223140495867796 109.7973031752936066 111.8247063940843873 121.8621139625924314 129.5424097433666759 147.3236189647672916 171.5828621139625909 193.0839495432796866 222.7398869073510355 254.1661591996520144 278.3305785123966984 304.5798173118747059
-313.5369323050557000 -313.7518423307626563 -311.9694944301627970 -308.1125964010282701 -302.2159383033418862 -294.4265638389031778 -284.8464438731791120 -273.8361610968294713 -261.7881748071979473 -249.0839760068551811 -236.1395029991431045 -223.2620394173093530 -210.7045415595544000 -198.6601542416452446 -187.3230505569837305 -176.9765209940017030 -167.8015424164524347 -159.9173950299914395 -153.2114824335903904 -147.5348757497857832 -142.6445586975150093 -138.3360754070265557 -134.3766923736075398 -130.5916023993144677
-683.4752293577981845 -695.9467889908256666 -704.2330275229357994 -708.5779816513761489 -708.2238532110092137 -702.1779816513761716 -688.6183486238531941 -666.2844036697247248 -633.4935779816513559 -588.9798165137614205 -532.1651376146788834 -462.5981651376146715 -381.7064220183486327 -291.7100917431192784 -195.6495412844036821 -97.2018348623853257 0.1596330275229358 91.8972477064220215 173.7761467889908147 241.9394495412844037 293.8733944954128674 327.7724770642201975 343.5834862385320889 342.6366972477064223
867.8819453697534527 870.1857428381078989 871.9017988007994973 873.0647568287807871 873.7954696868754354 874.1452365089940031 874.2334443704197611 874.1137908061292592 873.8550299800133416 873.5133910726182194 873.0788807461692613 872.5698867421718887 871.9798800799467244 871.3096602265156889 870.5456362425049974 869.6918054630247070 868.7465689540306357 867.6754163890739164 866.4345103264490717 864.9488341105928839 863.1653564290472787 861.0600932711525957 858.6327781479013765 855.9037974683544689
-215.3800152846771141 -216.2776079480320846 -217.6452044325563691 -219.7565915170042103 -222.8651127244936845 -227.3316774933129523 -233.3838364539548991 -241.1501719526175123 -250.6719526175009491 -261.7745510126098338 -274.0470003821169485 -287.1771111960259759 -300.8429499426824805 -314.5626671761559123 -327.8849828047382289 -340.3034008406572184 -351.5114635078334118 -361.1811234237677013 -369.1173098968284307 -375.2025219717233426 -379.3087504776461856 -381.4094382881161778 -381.5131830340084207 -379.7911730989682724
553.8654910096819322 550.2181881051175196 542.3609958506224302 529.7527662517288718 512.4125172890733211 490.3267634854771586 463.7769709543568410 433.1421161825726358 398.9194329183955574 361.9056016597510279 322.7033195020746916 282.3724066390041685 241.8706777316735952 202.4868603042876885 165.2078146611341651 131.1234439834024954 100.4215076071922539 73.5871369294605842 50.9284232365145257 32.4121715076071908 17.9066390041493761 7.4754495159059475 1.1936376210235131 -1.2776625172890732
946.7430838079740170 950.9125305126118519 954.3818144833197721 957.1615134255491739 959.3045158665581766 960.9696908055329914 962.1283563873067806 962.8358421480878633 963.1562245728234757 963.1722945484133334 962.9879983726607406 962.6727013832384046 962.3043124491456410 961.8443856794141311 961.3207892595605699 960.7394222945483762 960.0844182262001141 959.2947518307566952 958.2076891781936183 956.7493897477623932 954.8275020341741310 952.4113100081367520 949.4641985353946438 945.9904393816110542
-23.5025575447570318 -60.9207161125319701 -93.5051150895140637 -120.7225063938618916 -141.5511508951406654 -154.9194373401534506 -159.5843989769821007 -152.9872122762148479 -131.4705882352941160 -91.3145780051150950 -29.2352941176470580 56.1368286445012785 162.3554987212276330 284.2046035805626616 413.3184143222506464 540.4398976982097338 657.5460358056266159 758.5805626598465778 839.7186700767263119 899.1074168797954371 937.0460358056266159 955.4335038363171861 956.4603580562659317 941.4053708439897719
245.0432397547596111 235.2707324943530125 225.2397547595998617 215.2820264601484439 205.9115843820587202 197.4343336560180830 190.6343981929654774 186.1416585995482365 183.8409164246531020 184.5701839303000895 189.0942239432074814 197.6676347208777145 210.7063568893191245 228.3681832849306090 250.1248789932236321 275.5404969344950246 303.9748305905130792 334.1329461116488915 364.9699903194579065 395.5253307518554493 424.2471765085511493 450.0767989674088199 472.2671829622458972 489.6592449177153981
412.1733658140478838 411.9983759642711902 408.2846122614697606 400.6069833536337796 388.2878603329273233 371.1798619569630659 349.0320747056435380 321.8696711327648927 289.9736094194072393 253.5286236297198457 213.1372310190824066 169.5464880227364972 124.1628095818108051 78.7771010962241149 34.8668290702395467 -6.1514413317092975 -43.0795777507105129 -75.0820138043036991 -102.0267965895249631 -123.9001218026796636 -140.9244823386114547 -153.4315874949248837 -161.5708485586683025 -165.4449857896873652
225.4514084507042355 231.1867957746478908 238.6153169014084483 247.9269366197183047 259.0142605633802759 271.6163732394365979 285.5205985915492874 300.5757042253521263 316.3917253521127009 332.6491197183098620 349.0818661971831034 365.2978873239436552 380.9459507042253676 395.9095070422534945 409.8133802816901152 422.5088028169014365 433.9867957746478737 443.9607394366196900 452.3292253521127009 459.1598591549295634 464.3308098591549538 467.8352112676056436 469.9542253521127009 470.8799295774647931
492.3874813710879152 579.1311475409836476 673.4977645305514216 769.2205663189270126 859.4485842026825821 939.2369597615498833 1005.8256333830104268 1058.0998509687033220 1096.3770491803279583 1121.3323397913561621 1134.3219076005962052 1136.4083457526080565 1128.0670640834575806 1108.4500745156483390 1076.6974664679582929 1032.3219076005962052 976.8062593144560424 913.8643815201191956 847.3457526080477464 781.9552906110283175 720.4128166915052134 664.8345752608047405 616.4023845007451428 575.2414307004470402
-104.4754358161648184 -90.0522979397781285 -70.1636291600633939 -45.6430269413629190 -15.6759112519809829 17.8062599049128352 52.4659270998415224 87.8799524564183798 122.0919175911251955 153.0507131537242458 180.6683835182250277 203.3232963549920669 219.8490491283676818 230.8007131537242458 235.8609350237717877 234.8221077654516762 229.1156893819334357 219.0566561014263129 205.2828843106180727 189.1866085578446928 171.7444532488113964 153.9053090332805027 137.0681458003169553 122.0946909667194973
330.7038961038961133 322.1818181818181870 325.9454545454545382 343.4623376623376885 376.1532467532467763 425.1090909090909236 490.1532467532467763 569.9454545454545951 660.7688311688311842 758.3584415584415410 858.1246753246753087 955.1376623376623911 1045.2389610389609516 1124.5688311688311387 1190.5272727272727025 1242.2415584415584817 1279.8649350649350254 1304.2077922077921812 1317.0077922077921357 1319.0805194805195697 1310.0857142857141753 1288.7246753246752178 1254.2623376623375862 1208.3662337662337904
-294.9177746122190342 -295.8356283634061583 -296.3813706869262319 -296.5243748021525789 -296.3284267173156081 -295.8567584678695539 -295.1897752453307930 -294.3926084203861819 -293.5371161760050427 -292.6779835390946687 -291.8477366255144148 -291.0664767331434177 -290.3307217473883952 -289.6749762583095844 -289.1021684077239797 -288.5848369737258849 -288.0964704020259433 -287.6308958531180906 -287.1343779677113162 -286.5362456473567363 -285.7912314023425324 -284.8300886356441879 -283.5970243748021744 -282.1187875910098342
-298.0209159754778057 -315.3562928236567018 -336.2726289217454223 -359.9047962495492357 -385.3021997836278274 -411.5073927154705871 -437.7583844212044824 -463.4240894338261683 -487.9545618463757819 -510.9963937973313932 -532.2120447169130557 -551.4435629282365880 -568.6274792643346245 -584.0021637216011641 -597.6134150739271718 -609.3324918860439539 -619.1348719798052116 -626.7125856473134036 -631.7673999278759993 -634.2509917057338953 -634.0429138117561934 -630.9368914532997223 -624.9610530111792741 -616.0555355210963171
654.5333430401864234 656.5793535235876561 657.3265870704717599 656.6549213744904137 654.3661910308677534 650.4164239953406650 644.8635701805474127 637.8238206173558638 629.3661910308677534 619.6804018637158151 608.8865754222481428 597.1790914385555880 584.8006697728596919 571.9563191613278832 558.8248398369248662 545.6857891671520520 532.7185497961561396 520.0429528246942255 507.7999417588817437 496.0599883517763260 484.8699767035527088 474.2776645311590187 464.3691030867792620 455.2020966802562612
920.9739027283511632 937.6097271648873175 940.3487544483986085 927.7046263345196166 898.4970344009490191 852.0344009489916743 788.9074733096085765 711.4697508896797444 623.3736654804270074 530.0545670225385493 437.3084223013048586 350.9478054567022696 275.4495848161328695 212.1103202846975080 160.7473309608541001 119.7935943060498261 88.0094899169632328 64.3653618030842267 48.4021352313167270 39.7603795966785256 38.8778173190984546 46.1340450771055757 62.1316725978647710 87.3629893238434221
134.7206098457016878 126.8096987509184430 116.9662013225569410 105.2198750918442300 91.9827332843497487 77.7064658339456287 62.8767450404114641 47.8014327700220392 32.8043717854518704 18.0780675973548846 3.8190668626010287 -9.8488243938280675 -22.8427626745040406 -34.9707935341660558 -45.9434239529757562 -55.5132255694342405 -63.6447465099191803 -70.2319985304922909 -75.3148420279206476 -78.9391991182953774 -81.1809331373989664 -82.1855253490080884 -82.1140705363703205 -81.1296840558412953
1211.2192090395481046 1232.5649717514124859 1253.0723163841807946 1271.8553672316384109 1288.2451977401130989 1301.9514124293784789 1312.8485875706214756 1320.9751412429377524 1326.5322033898305563 1329.8994350282484902 1331.4079096045197730 1331.2915254237288991 1329.7197740112994779 1326.8824858757061520 1322.5875706214690126 1316.7220338983049714 1309.2293785310735075 1300.2542372881355277 1289.8971751412429967 1278.0350282485876505 1264.8158192090395460 1250.1536723163842453 1234.0813559322034507 1216.7593220338983429
287.5287631831255908 293.6049856184084206 304.3518696069031648 320.9041227229146784 343.9055608820709722 373.6011505273250464 409.6466922339405414 451.1203259827420879 496.4261744966443075 543.6495685522530721 590.8868648130393240 636.0143815915628238 677.2368168744008017 713.1663470757430332 743.2209971236817410 767.0757430488973796 784.4774688398849776 795.6140939597315764 800.9683604985618786 800.7502396931927251 795.0992329817833024 784.5455417066154951 769.5589645254075322 751.1951102588686808
-524.9121909633419136 -546.1014492753623699 -564.2847399829496453 -579.4671781756180735 -591.8286445012787453 -601.5532821824382381 -608.6905370843990113 -612.9190110826939417 -613.7220801364023828 -610.1892583120204563 -601.0358056265985169 -584.7502131287297971 -559.9104859335038782 -525.3418584825234348 -480.7058823529411598 -426.5490196078431495 -364.6973572037510394 -297.6010230179028326 -228.2387041773231147 -159.7723785166240305 -95.5703324808184078 -39.0954816709292388 6.9522591645353797 40.7553282182438181
-510.1554551937247197 -514.3040171143333055 -516.4333254100308750 -516.4342762063228065 -514.2685999524601357 -509.9560256714999014 -503.5455193724744731 -495.0480152127406654 -484.5426669835987923 -472.1419063465652357 -458.1264559068219455 -442.8837651533158919 -426.7114333254100416 -409.8830520560969717 -392.7337770382695226 -375.5987639648205345 -358.9151414309484380 -343.0292369859757287 -328.2671737580223521 -314.8188733063940958 -302.8393154266698275 -292.3109103874494963 -283.3120988828143823 -275.7211789874019701
-168.3422319474835831 -189.5396061269146628 -211.0118161925601612 -231.7063457330415872 -251.3667396061269130 -269.4568927789934492 -285.3286652078774637 -298.6017505470459241 -309.1610503282275886 -316.2341356673960604 -319.1754923413566871 -317.0748358862144300 -309.0625820568927793 -294.2538293216630336 -271.7820568927789964 -241.3387308533916951 -203.0743982494529405 -157.7811816192560173 -107.0603938730853457 -52.9137855579868699 1.6542669584245075 53.7803063457330381 100.6582056892778922 140.4017505470459639
42.4013311148086558 48.4625623960066534 57.1001663893510809 68.4988352745424294 82.7713810316139700 100.2682196339434313 121.1820299500831908 145.5763727121464228 173.5108153078203088 204.7950083194675415 239.2056572379367765 276.1617304492512517 314.5251247920132869 353.2422628951746901 390.9850249584026756 426.4931780366056842 458.9291181364392855 487.6319467554076823 512.3823627287853242 532.7024958402662378 548.1078202995008724 558.4455906821963254 563.7217970049916858 564.4402662229617818
840.3905862923204495 815.7555739058628888 781.6696944673823282 739.7374071015689196 691.9066886870355120 640.0049545829892850 586.3253509496283868 533.2254335260115568 483.6218001651527629 440.0990916597853015 405.4178364987613463 381.1527663088356803 368.3451692815854699 367.3501238645747549 378.2716763005780081 400.7605284888521737 433.4153592072667038 474.4731626754748390 520.9083402146985691 569.9752270850536888 617.5251857968620470 660.6812551610239552 697.7101568951279660 727.7613542526837591
342.5690789473684390 346.8309210526315951 352.9036184210526130 360.4950657894736992 370.2542763157894683 381.7884868421052715 394.3429276315789593 408.0225328947368553 422.2294407894736992 436.2662828947368325 450.3309210526315951 463.8843749999999773 476.4504934210526130 488.0930921052631675 498.5748355263157805 507.6190789473683935 515.4120065789473983 521.7368421052631220 526.2791118421052943 529.4664473684210861 531.2578947368421041 531.5248355263157691 530.7629934210526699 529.0782894736842081
8.5147569444444446 -22.7664930555555571 -51.5364583333333357 -77.6310763888888857 -100.8559027777777715 -120.7421875000000000 -136.1336805555555429 -146.8585069444444571 -152.0416666666666572 -150.1015625000000000 -139.2395833333333428 -116.5538194444444429 -79.1857638888888857 -24.7838541666666679 46.4609375000000000 132.4105902777777715 228.6597222222222285 329.3411458333333144 428.2925347222222285 519.5598958333333712 598.4184027777778283 660.5564236111110858 704.2647569444444571 729.7873263888889142
-225.7187338723550738 -223.5651126784792666 -219.6184414243936089 -213.8745914329950040 -206.3853431962841967 -197.3400997763633313 -187.1013246172372249 -175.9755719938069944 -164.2733528298641090 -152.1845862721486355 -139.9733356270428430 -127.9299845174608663 -116.2752451402029976 -105.2382590744882123 -94.9413383794942405 -85.3858592809220767 -76.5143643557543385 -68.3354550146223971 -60.8825047307758496 -54.1013246172372249 -47.9994839153621200 -42.4747978668501602 -37.4763461207638073 -32.9647342164114932
1001.4303079416531546 1008.9521880064829702 1006.1628849270664432 991.3962722852512570 964.0194489465153538 924.8200972447325512 875.4367909238250149 818.2747163695299832 756.1418152350081527 692.4149108589950856 630.4781199351701844 572.6863857374391955 520.9197730956240093 476.2730956239870466 439.2106969205834730 409.4935170178281965 386.7520259319286993 370.6799027552674488 361.4489465153970968 359.1199351701782803 363.6288492706644888 374.4789303079416527 391.1272285251215521 412.4076175040518706
-116.4848371396480786 -117.6593036315986467 -118.7647323099962620 -119.8283040059902618 -120.8650692624485146 -121.8933732684387934 -122.9230250842381196 -124.0221639835267666 -125.1463871209284946 -126.3383002620741280 -127.6029202545862944 -128.8965181579932562 -130.1449644327967121 -131.3515537251965668 -132.5084238113066135 -133.6044178210408120 -134.6046424560089747 -135.4734556345937904 -136.2304754773493016 -136.8631973043803782 -137.3096967427929656 -137.5563459378510061 -137.5740172220142199 -137.3868962935230229
142.9232720355104505 157.8738110336081206 177.2942295497780663 201.4416613823715920 230.0510462904248641 262.7435003170576806 298.5665821179454724 336.4847812301838985 375.3576410906784986 414.0152187698161015 451.1788205453392493 485.7232086239695832 516.9226379201014652 544.0133164235891172 566.5317057704502304 584.5611921369688844 598.3249841471147192 608.0358275206087910 614.0006341154089569 616.5199746353836190 615.6306277742548900 611.7130627774255345 605.4492707672796996 597.6188966391882786
116.7740259740259745 116.3562152133580696 115.7792207792207790 114.9002782931354290 114.7800556586270915 114.5699443413729171 114.1470315398886868 114.4392393320964771 114.6780148423005556 114.7561224489795961 115.3195732838590004 115.7883116883116941 116.0410018552875755 116.7448051948051955 117.3807050092764399 117.9329313543599227 118.7225417439703108 119.3721706864563998 119.8334879406308033 120.3981447124304225 120.7989795918367406 121.0056586270872003 121.3631725417439640 121.5899814471243019
-28.3183544303797454 -25.4683544303797476 -20.6275316455696185 -13.6879746835443044 -4.5322784810126580 6.9759493670886075 20.9772151898734194 37.4196202531645596 56.4541139240506311 78.1379746835443001 102.5740506329113941 129.5313291139240448 158.7901898734177166 189.8401898734177280 221.9031645569620252 254.0718354430379691 285.5370253164556971 315.3591772151898454 342.6598101265822720 366.9075949367088469 387.7012658227848192 404.8196202531645440 418.1743670886075961 427.7943037974683307
91.7340101522842701 86.2822335025380767 68.8060913705583772 37.6812182741116786 -7.2263959390862942 -64.6548223350253863 -131.6974619289340183 -204.5796954314720892 -279.0020304568527649 -350.4111675126903833 -415.9005076142132111 -472.9827411167512423 -520.9258883248730854 -559.6213197969543671 -590.0010152284263540 -613.0812182741116203 -630.1928934010152261 -642.4203045685279676 -650.3441624365482312 -654.1969543147207560 -653.9664974619289524 -649.2324873096446254 -639.3796954314721006 -623.5604060913705098
767.1875048445856464 769.4542283543911481 771.4739942640105710 773.2408340438726100 774.7669948066040888 776.0322455623595488 777.0546469265948417 777.8512518409426093 778.4896519649639686 779.0334082629253771 779.5158514843810735 779.9651189830245812 780.3888070692194106 780.7868382295946503 781.1585923571816465 781.4981009224090940 781.7358344314394571 781.8117975350747884 781.6934346174715529 781.3066428958995857 780.5606542128517731 779.4023719091543398 777.8205565460042408 775.7885435237578804
-386.6207627118644155 -370.3114406779661181 -342.5116525423728717 -302.1355932203389898 -249.1747881355932179 -185.4555084745762770 -114.1631355932203320 -39.3686440677966090 34.0635593220338961 101.3474576271186436 158.4375000000000000 201.8993644067796538 229.4258474576271283 239.9385593220339103 232.3707627118644155 206.5794491525423666 163.5603813559322077 105.9385593220338961 37.6790254237288167 -34.9237288135593218 -104.5911016949152526 -164.8029661016949206 -211.4735169491525539 -243.7055084745762770
147.4419531639262573 149.4404583956153374 147.7827603388141426 141.0393622321873579 127.9935226706527089 108.0797209765819673 80.8749377179870521 46.2830094668659697 4.8126557050323866 -41.8948679621325368 -92.0318883906327869 -143.5724962630792163 -194.3313403089187830 -242.3223716990533205 -285.9118086696561818 -324.1400099651220899 -356.9222720478325641 -384.2366716492277305 -406.2929745889387050 -423.5176880916791333 -436.1559541604384549 -444.3009466865968875 -448.0607872446437341 -447.2272047832585713
549.0901287553648444 511.7939914163090407 476.7267525035765630 444.3891273247496656 416.0185979971387837 393.2889842632332034 378.3490701001430807 373.0686695278969864 379.1330472103004467 398.0901287553647876 430.7081545064377792 477.1187410586552460 536.3662374821172989 606.4892703862660710 683.8025751072960929 763.9556509298998890 842.7954220314735494 916.5050071530757805 982.2503576537911840 1037.5851216022890640 1081.4778254649500013 1113.2989985693848212 1133.0228898426323667 1140.7095851216022311
116.0483221476510067 152.7718120805369040 208.3033557046979922 282.3691275167785193 373.4026845637583847 475.8174496644295459 582.2241610738254849 685.6201342281879079 779.5852348993288388 860.3543624161073922 926.1838926174497146 976.8335570469798768 1012.5812080536912845 1034.7919463087248459 1045.4026845637583847 1045.4885906040267400 1035.4389261744966007 1014.0496644295302531 981.3073825503355465 938.1624161073825690 887.0335570469799222 831.6845637583892312 776.5020134228187771 725.4912751677852611
673.5978090766823243 678.6817944705268246 686.2378716744914300 696.3260302556077477 708.8868022952530055 723.9900886802295190 741.5482524778299194 761.4882629107980847 783.4924360980699021 806.8768909754825245 831.1757955138236866 855.7683881064162961 880.1893583724569226 903.9608763693270248 926.4251434533124439 946.7496087636932316 964.2712571726656279 978.7788210745957258 989.9379238393322566 997.7068335941575015 1002.1627543035993995 1003.4324465310380674 1001.6139801773604177 996.9989567031821025
-1310.5853658536584589 -1327.3170731707316463 -1342.6991869918699649 -1356.4227642276423467 -1368.5121951219512084 -1379.1869918699187565 -1388.6260162601627144 -1396.9512195121951663 -1403.9512195121951663 -1409.4634146341463747 -1413.2845528455284239 -1414.7479674796747986 -1412.8943089430895270 -1407.4634146341463747 -1399.8373983739836603 -1390.9593495934959719 -1380.9756097560975832 -1370.0325203252032225 -1359.0569105691056393 -1348.0406504065040281 -1336.6585365853659368 -1325.2357723577235902 -1313.4227642276423467 -1301.4065040650407354
450.3866326293803581 450.0199582269668213 449.6532838245532844 448.8666357236791100 447.9040767386090920 447.0160129960547692 445.8155024367602550 444.6053221938578304 443.5626208710451124 442.3738686470178436 441.2425156648874349 440.3665970449446831 439.4554807766689919 438.6245068461360006 438.1889842964338300 437.7482787963177771 437.5309043088109888 437.7175678811789226 437.8033573141486841 437.9390423145354703 438.2507929140558645 438.5262628606791964 438.5469173048657581 438.4812408138005821
1204.0501474926254559 1238.5766961651918336 1264.6607669616519161 1282.3657817109144617 1292.2846607669616787 1294.7359882005898726 1290.6445427728613140 1280.6032448377582114 1264.8628318584071621 1243.3908554572271896 1216.1047197640118611 1182.9793510324484487 1143.7522123893804746 1098.7846607669616787 1049.5191740412979016 997.5988200589970347 944.7005899705014826 891.6106194690265738 839.6047197640117474 790.5250737463127280 745.8687315634218749 707.2418879056046990 675.7005899705014826 652.0073746312684762
321.2067848294263399 316.6716218791690380 313.1743853630646299 309.4011816275967135 300.9679817038307874 294.0737564322470234 286.7135506003430692 275.0181055841433135 264.2725366876310318 253.4040404040404155 237.7175528873642065 222.9357728225652693 208.2008766914427156 189.7606251191156730 173.3373356203544802 157.5309700781398874 139.2012578616352130 123.4274823708785931 109.0924337716790546 92.0472651038688809 79.1124452067848267 68.6361730512673915 56.9582618639222389 49.6106346483704996
86.1013046815042173 114.4650805832693834 143.2356101304681602 170.9079048349961738 195.8480429777436598 216.2532617037605576 230.5118956254796672 236.8511128165771424 233.4558710667689923 218.6707597851112723 191.4957789716039827 151.4474290099769860 99.5732924021488941 38.0360706062931726 -29.9316960859554868 -99.7728319263238745 -166.5679201841903421 -225.7904834996162720 -274.8979278587873978 -313.5333844973138753 -342.1688411358403528 -362.3254029163468886 -375.3407521105141882 -382.5471987720644620
282.6036461850101205 239.6401080351114103 191.5806887238352374 140.5860904794058115 89.1336934503713678 39.9932478055367966 -5.2964213369345039 -45.4814314652262013 -79.2336259284267328 -105.5638082376772502 -124.2997974341661092 -135.3079000675219561 -138.0884537474679234 -132.3355840648210631 -117.3565158676569951 -91.9648885887913536 -55.5070898041863572 -7.9513841998649557 49.2923700202565840 113.1114112086428065 179.7792032410533523 245.8480756245780015 307.8359216745442382 363.0236326806211764
706.4624538366844035 725.9306524415264903 743.0964300369306557 757.4214197784160660 768.5954041854739671 776.2704144439885567 780.2043496101764504 780.1226918342224508 775.6762412802626159 766.3709478867459666 751.6799343455068083 731.3865408288879735 705.3561756257694242 674.0004103405826754 638.3459171112023114 599.4407057858022654 558.5174394747640463 516.8473533032416753 475.4078785391875499 435.0217480508822518 396.5043085761182056 360.9380385720147615 329.4755847353303011 303.1522363561756492
-81.2148514075119579 -81.8434878067905629 -82.3718340782561000 -82.8240414020230560 -83.1529836116992129 -83.4134713400768391 -83.5840194464047670 -83.6485532815808028 -83.6228338430173324 -83.5423821845840138 -83.3801458480357525 -83.1379283305888777 -82.8270210930761408 -82.4436603152199439 -82.0214851407511958 -81.5175252881674908 -80.9426017407668752 -80.2897357484513492 -79.5805692778169913 -78.8718732847173243 -78.1573747353563846 -77.5066258919469959 -76.8916333411746251 -76.2763271387124604
-198.5944656488549640 -193.6059160305343596 -180.4942748091603164 -157.5839694656488632 -123.5553435114503884 -76.3291984732824460 -14.7404580152671763 61.0839694656488561 148.7270992366412088 244.2977099236641152 342.3654580152671656 436.4570610687022736 520.6078244274808640 590.3101145038167488 643.2490458015266768 679.6097328244275104 701.3654580152672224 710.2624045801526336 707.5438931297709360 695.0648854961832512 673.8396946564885184 645.5973282442747632 612.4169847328244032 577.0916030534351648
70.6647867465632658 70.0670309011866976 69.4991187874515362 68.9249794383738674 68.4298554811420559 67.9926565620961156 67.5365409470097546 67.1234872517918006 66.7576665491716597 66.4118787451533308 66.1144988837974381 65.8550111620256189 65.6251909293854965 65.4698625308424340 65.3740453530724892 65.3182352250029368 65.3629420749618077 65.4599929502996076 65.5535777229467698 65.6928680531077447 65.8105980495828931 65.8863823287510257 65.9147573728116498 65.9410175067559692
-834.4708839547548678 -844.4671135316297068 -853.5927943024717024 -861.6443234185169331 -868.5835777126100083 -874.3623795559279870 -879.0339338081273581 -882.6401340594889007 -885.2220360284876506 -886.9224968579807182 -887.8814411395056823 -888.2170087976539889 -887.9698366149979165 -887.0791788856305402 -885.4541265186426244 -882.9710934227063035 -879.4830330959363209 -874.8487641390867111 -868.9803100125681112 -861.7549224968579438 -853.1889400921659217 -843.3887725178047958 -832.5090071219103720 -820.8433179723501780
-242.4735356386732406 -259.3874382498235605 -274.1580804516584067 -286.5864502470006983 -296.6499647141848754 -304.0839802399435143 -308.8052223006351369 -310.3789696541990111 -308.1693719124911581 -301.1340860973888311 -287.7720536344389757 -266.3359209597741710 -234.7699364855328099 -191.9618913196894709 -137.5123500352858059 -72.6160903316866637 0.6788990825688074 78.9548341566690226 158.1891319689484874 234.2342978122794648 303.1333803810867948 361.8489767113620132 407.5899788285109366 438.3606210303457829
-62.1964672554574207 -69.9003499416763816 -78.9626728878520225 -89.1766372271288077 -100.4179303449425049 -112.6065655724046053 -125.3947675387435368 -138.5424095984002690 -152.0456590568238653 -165.8528578570238210 -179.7842026328945053 -193.6448925179136893 -207.1244792534577641 -219.8745209131811293 -231.6500583236127397 -242.2304615897350573 -251.5295784035994018 -259.4635894017663986 -265.8643559406765462 -270.6735544075987150 -273.8255290784869089 -275.3722712881186681 -275.4927512081320060 -274.3216130644892701
271.4644478063540305 261.0372541603630907 248.3205370650529460 233.8978819969742915 216.8385022692889663 198.3897503782148135 179.4640695915279878 159.7222012102874373 140.4143343419061978 122.0516263237518899 104.2757186081694414 87.7929273827534047 73.0463313161875902 59.4305975794251111 47.4156580937972763 37.1406959152798777 28.0692133131618746 20.5071860816944032 14.6132753403933435 9.9784417549167923 6.7187972768532527 4.9245461422087748 3.9457261724659607 3.9305975794251133
12.1070121504904122 12.2998096911140387 12.7395696091348274 13.3753476796955066 14.1669594495681448 15.0504318547796814 15.9718928414580592 16.8907919777484992 17.7657736788171583 18.5700483091787447 19.3051529790660226 19.9731371687893429 20.5581906016688620 21.0666081100863707 21.4850680720245926 21.8043478260869570 22.0379885814668413 22.2133655394524965 22.3367735324257062 22.4289269506660816 22.4909969257795339 22.5456741326306549 22.6152100717318092 22.7001903088859613
-53.3881064162754271 -70.8309859154929597 -78.3427230046948324 -73.4960876369327138 -53.8763693270735544 -16.5508607198748052 41.1862284820031306 121.2175273865414766 222.7511737089201915 341.7339593114240870 469.4726134585289401 597.4162754303599741 718.1345852895149164 824.7699530516431423 913.6995305164318779 982.9593114241001786 1033.4600938967137154 1066.6713615023475086 1083.5665101721440351 1085.4726134585289401 1072.4898278560249310 1044.7949921752738192 1002.5383411580594384 947.2629107981221068
576.8253898848564631 576.1869989797405651 574.2410727299227347 571.1749016178399643 566.4398775688674732 560.3054948258271679 553.3001020259437155 544.8351552251858720 535.2053636496137869 524.8915609969392335 513.4736918816498701 501.4404605742603280 489.4292377204488957 477.2232910654423677 465.2788223291065606 454.2936889666229376 443.9775542923771923 434.5572074041684800 426.4056260020404920 418.8441918087742124 412.0310450371666207 406.6178399650196980 401.7325462760530286 397.6649176504882917
364.9932891024174637 363.3791657134141815 361.5233737512392054 359.4082971097384416 357.2221459620224095 355.0454510790818290 352.9175627240143172 350.9206131320063946 349.0485777472737254 347.2653092351101805 345.6323495767558711 344.1324639670555712 342.7669488294059192 341.6359338061465678 340.7759475329825136 340.1793639899336767 339.9289254937847886 339.9841378784412314 340.3423320369099088 340.8829405933043404 341.5363379852055346 342.2884923358499236 342.9877983680317470 343.6045908640280686
-37.8813456889605149 -38.1442385173247374 -36.9750201450443186 -34.3285656728444835 -30.2848509266720392 -24.9607171635777583 -18.2451651893634157 -10.2888799355358582 -0.9937550362610797 9.7461724415793718 21.9810636583400481 35.6381950040290079 50.5328364222401305 66.5515713134568898 83.5733279613215103 101.3225221595487540 119.3992747784045179 137.4202256244963678 154.9637389202256372 171.6665995165189429 187.1460515713134498 201.0263900080580299 213.0235697018533472 222.7512087026591416
95.4666967712801977 106.2680063219688407 119.7286069090088034 135.1819823888010887 152.5811695642357222 171.2932941973357401 190.4136373899300168 209.9744863400316035 229.2788439828403568 247.5064348611424805 264.6922555881689050 280.0018062768119194 293.0257394445698651 303.7764732445247091 312.1655001128922891 318.1501467599909461 321.9374576653872282 323.8302099796794096 324.2917137051252894 323.5513659968390243 321.8972680063219514 319.6728381124407292 316.9747121246330721 313.8751411153759250
100.8133253301320593 101.8559423769507788 108.9273709483793482 97.5832332933173205 100.4537815126050475 109.9103641456582636 101.1144457783113211 107.5030012004801989 120.9711884753901501 116.1590636254501732 126.8209283713485434 144.5248099239695989 143.4819927971188349 157.7505002000800403 178.6970788315326217 180.4753901560624172 197.3425370148059130 220.3103241296518604 223.4657863145258148 240.7320928371348430 262.6948779511804446 263.5796318527411017 277.3513405362144795 294.7993197278911452
-135.8784832451499085 -136.6666666666666572 -135.7451499118165827 -133.1365079365079396 -128.8980599647266274 -123.0594356261022995 -115.6606701940035293 -106.7513227513227463 -96.4100529100529116 -84.7128747795414512 -71.7571428571428527 -57.6620811287477935 -42.6058201058201078 -26.8067019400352748 -10.6003527336860675 5.7798941798941801 22.0223985890652543 37.7804232804232782 52.7456790123456756 66.5185185185185190 78.9088183421516760 89.6797178130511412 98.7345679012345698 106.0433862433862373
-433.2602611940298516 -453.2621268656716325 -476.7910447761194064 -503.3740671641791096 -532.3292910447761415 -562.7210820895522829 -593.6063432835820777 -624.2975746268656394 -654.5018656716417809 -683.6343283582089043 -711.2546641791044522 -737.1800373134328765 -761.4832089552238585 -784.3526119402985159 -805.3460820895522829 -824.2378731343283107 -840.7313432835820777 -854.8722014925373287 -866.4011194029850458 -874.9766791044776255 -880.3796641791044522 -882.3404850746268266 -880.9188432835820777 -876.1716417910447490
-220.5839358010410649 -222.5658617698091462 -224.4416570271833393 -226.2561451706188507 -227.9889386928860517 -229.6478455754771630 -231.2623626373626280 -232.8585164835164960 -234.4146182764603736 -235.8898930017351177 -237.3199826489300222 -238.6580393290919631 -239.8358155002891863 -240.8421775592828169 -241.6312897628687040 -242.1993204164256781 -242.5228455754771630 -242.6242047426258068 -242.5105552342394333 -242.1737998843262005 -241.5754771544245330 -240.6528340080971589 -239.3855552342394333 -237.7655436668594575
-495.3907252576317433 -498.0283881003305737 -500.1856892864087172 -501.8432821310519216 -503.0195411238576639 -503.7765895391794402 -504.1767450904141583 -504.3000194439043185 -504.2396461209410745 -504.0827338129496411 -503.8859615010694029 -503.6975500680536584 -503.5664009333074205 -503.4980556095663928 -503.4526540929418843 -503.3765312074664848 -503.1673147968111834 -502.7284658759479044 -501.9437098969473254 -500.7413960723313266 -499.0530818588372313 -496.9099747229243462 -494.3342407155356568 -491.4027804783200395
495.6466795615731940 495.6204061895551263 493.9134429400386921 491.4798517085750973 486.7076079948420215 480.2261444229529275 473.1331399097356325 463.8273694390715605 453.1476466795615465 442.6323339780786341 430.3549323017408028 417.2254996776273401 404.9490651192778614 391.3752417794971166 377.5507736943907275 365.3589619600257947 352.3763700838168802 339.8750805931657055 329.6323339780786341 319.1972920696325104 309.8307543520309650 302.9160219213410983 296.2491940683430016 290.8816892327530468
488.1093886904360488 488.4895868437015451 488.7847947698321605 489.0983352429736328 489.3623373997438648 489.5757902540944997 489.8106760126710242 490.1650603221675624 490.5664891824492884 490.9494506975803461 491.5710723192020168 492.2741794163240456 492.8772662937251425 493.7614746916492550 494.6433915211970316 495.2565208600121309 496.1089168969468233 496.8899373188650088 497.3198759857114055 498.1274516411673403 498.8646626676551818 498.9395430343061548 499.3516209476309200 499.5245669609759602
291.0642092746730327 256.9066587395957413 207.5677764565992902 144.5707491082045237 72.1516052318668244 -3.4845422116527942 -76.5398335315101122 -141.3626634958382908 -194.4381688466111768 -234.8947681331747788 -263.2776456599286803 -281.4274673008323475 -291.0392390011890598 -294.2247324613555293 -292.4322235434007098 -287.1587395957193962 -278.7520808561236549 -267.3763376932223537 -252.8032104637336488 -234.8014268727705200 -213.5992865636147542 -189.4809750297265225 -163.3049940546967775 -135.7782401902497043
-313.5848252344416096 -280.6675191815857033 -240.8439897698209791 -196.0051150895140779 -148.5490196078431495 -101.4458653026428010 -57.9198635976129594 -21.1867007672634280 5.7996589940323959 20.4850809889173071 21.3861892583120188 7.3793691389599321 -21.5174765558397283 -64.1943734015345200 -117.8533674339300887 -178.6163682864450095 -241.5882352941176521 -301.5498721227621672 -353.9693094629155894 -395.8337595907928517 -426.2549019607843093 -445.9497016197783523 -456.4373401534526806 -459.6231884057971229
-63.3265508684863505 -99.4302729528535991 -143.0709677419354762 -191.2183622828784166 -240.8332506203473997 -288.9330024813895648 -333.4719602977667705 -372.7012406947890781 -405.4595533498759323 -431.0615384615384755 -449.3870967741935374 -460.5627791563275650 -465.1538461538461320 -463.9384615384615245 -457.6392059553350009 -446.9593052109181031 -432.2858560794044820 -414.0044665012406995 -392.7290322580645352 -369.0481389578163771 -343.7200992555831363 -317.9091811414392055 -292.5419354838709864 -268.5831265508684851
-107.1481927710843394 -79.2421686746987888 -33.4602409638554192 31.7638554216867455 116.5325301204819226 217.4566265060240937 328.0048192771084246 439.0325301204819084 542.4698795180722755 631.4578313253011856 702.9168674698795485 755.8939759036144324 790.9759036144578204 809.3156626506024622 812.9602409638554263 803.1759036144578658 780.6072289156626312 746.7433734939759233 703.2554216867470132 652.6060240963855676 598.4891566265059737 544.1819277108434108 492.8313253012047994 446.9120481927710671
340.2811583577712327 324.6407624633430942 302.8870967741935374 275.0626832844574778 241.8665689149560194 204.0843108504398913 162.8258797653958823 119.5219941348973549 75.8929618768328424 33.4494134897360738 -6.5076979472140764 -42.4831378299120246 -73.6678885630498570 -99.8035190615835717 -121.0909090909090935 -137.7532991202346011 -150.6242668621700886 -160.5975073313782957 -168.2489002932551330 -173.3376099706744924 -175.8240469208211039 -175.4989002932551330 -172.2914222873900201 -166.4281524926686302
1103.3548626577580762 1112.4766146993317761 1115.0363771343727421 1110.8240534521157770 1099.8693392724574096 1082.7757980697847415 1060.1581291759464420 1032.8277654046028147 1001.8582034149962965 968.3942093541202212 933.4536005939123697 898.0994803266518147 863.4387527839643326 830.3971789161098513 799.5798069784706286 771.3325909428359637 745.7958426132145178 723.4342984409800010 704.4543429844097773 688.6985894580549257 676.0779510022272234 666.6288047512991852 660.0014847809948151 656.1677802524127401
733.3927482209420532 736.4966113181972105 738.0631989156217969 737.9661131819722186 736.1684174855980700 732.7416130125380960 727.8065062690612876 721.5006777363605579 713.9613690274483133 705.4230769230769056 696.0936970518467888 686.0784479837343497 675.5027109454422316 664.4672992206031950 653.0613351406302627 641.3951202982040058 629.6338529312097307 617.9212131480853714 606.3297187394103958 594.8985089800067954 583.6946797695696887 572.7934598441206617 562.2180616740088226 552.1133514063029679
-483.7721382289416852 -488.2861771058315412 -487.3185745140388576 -479.7591792656587586 -464.6447084233261080 -441.3056155507559311 -408.8574514038876941 -365.8801295896328156 -311.3585313174946236 -244.8110151187904933 -166.8045356371490300 -79.7796976241900637 12.9190064794816415 107.0874730021598253 198.1241900647948171 282.0377969762419070 354.3898488120950105 412.3174946004319850 454.3682505399568186 480.5377969762419070 491.3704103671706207 488.5712742980561529 473.6749460043196791 448.4697624190064857
-272.4307770184763626 -276.7873955960516241 -281.7170336623639741 -287.5115160718805214 -294.4745634016704798 -302.7942293090356998 -312.6238926853961289 -324.1326246519868164 -337.5001265502404522 -352.7393065046823608 -369.6934953176411227 -388.0263224500126285 -407.2789167299417841 -426.8752214629207629 -446.2520880789673470 -464.8683877499367441 -482.0293596557833666 -497.2758795241711027 -510.2801822323462488 -520.6717286762844878 -528.2558845861807413 -533.0070868134649800 -534.9230574538091787 -534.2880283472538849
429.3092117076674299 425.4323936074699191 420.1553241156401555 413.5643742144011412 405.7047943975579187 396.7712336146525445 386.6315316933022359 375.4029448734063408 363.0644639971269498 349.6577482492368745 335.3411743580535358 320.3090321422158127 304.7791344945232481 288.9920991201292964 273.2641407793140615 257.8085832285868264 242.8834620219069791 228.7593822948464606 215.6690608726881067 203.8597593822948397 193.6166277608188295 184.9340994792601975 177.8852576764230662 172.6660082600107842
584.0774985038898421 585.0493117893477120 585.7842609216038454 586.2925194494314383 586.6418910831837366 586.9073010173548255 587.1134649910233065 587.3418910831836683 587.6058049072411222 587.9095751047277645 588.2613405146619243 588.6648713345301758 589.1393776181927251 589.6834230999401143 590.2932974266906285 590.9631358467983091 591.6836026331537823 592.4219030520646356 593.1368641532017136 593.7959904248953080 594.3377618192698719 594.6964093357271395 594.8056253740274997 594.6238180730101703
525.9744178419153968 532.0524762217120269 538.3852082650049624 545.1259429321088419 552.4501475893736142 560.4655624795015001 569.1862905870776785 578.6133158412594639 588.7845195145949901 599.8335519842571557 611.6179075106592791 623.9788455231223452 636.6643161692358035 649.4435880616595114 661.9522794358806550 673.8916038045260848 684.9898327320432827 694.9811413578222528 703.5856018366677063 710.4932764840931441 715.6059363725811409 718.8976713676614736 720.3945555919973458 720.1884224335848330
280.4959785522788138 263.4249329758712861 247.2231903485254634 232.6052278820375250 220.3378016085790989 211.5120643431635301 207.4664879356568292 210.2131367292225264 221.4477211796246650 242.3203753351206444 273.8847184986595380 315.9323056300268036 367.8344504021447960 427.5938337801608782 492.4859249329758768 558.7272117962465927 622.6306970509383518 681.2567024128686626 731.9765415549597947 773.0428954423592813 803.5737265415549473 822.9698391420911321 831.1769436997318508 829.2667560321715428
1096.4717083786724743 1104.9319912948858473 1112.2121871599565566 1118.2584330794340985 1122.9347116430903952 1126.1697497279651543 1128.0342763873775311 1128.7339499455929399 1128.4809575625679372 1127.5968443960825880 1126.3025027203482296 1124.7176278563656524 1122.9466811751904061 1120.9760609357997510 1118.9015233949944559 1116.6256800870512507 1113.8672470076169247 1110.3852013057671684 1106.0609357997823281 1100.6006528835691824 1093.7698585418934272 1085.3764961915126150 1075.3944504896626313 1063.8405875952121278
759.9566630552545803 778.4474539544961544 802.1235102925244291 831.1679306608883735 864.9794149512459853 902.2719393282773126 941.7313109425786024 981.9815817984832620 1021.7345612134344037 1059.4918743228602125 1093.8829902491875146 1124.1451787648970821 1149.8667388949079395 1171.3217768147344486 1188.4290357529794164 1201.5319609967498309 1211.0487540628384977 1217.0075839653304683 1218.9934994582881700 1216.7854821235102918 1210.7323943661972407 1201.2838569880823343 1189.2264355362947299 1174.8429035752978962
71.1807531380753176 119.8686192468619254 175.7715481171548220 235.8778242677824153 297.3196652719665281 356.4753138075313927 409.1188284518828482 452.2476987447698775 483.1782426778242439 500.7163179916317972 503.8292887029288636 491.6200836820083850 463.5238493723849160 419.7573221757322131 362.0828451882845229 293.4887029288702820 218.6251046025104472 142.5104602510460268 70.6510460251046055 7.3958158995815904 -44.4351464435146468 -83.4627615062761521 -109.7037656903765708 -124.9297071129707177
483.4894957983193535 465.8375350140055957 446.1383053221288719 424.7485994397758873 402.2794117647058556 379.7034313725490051 358.1911764705882320 339.0168067226890685 323.7044817927171039 313.6400560224089418 309.8438375350140177 313.2457983193277187 324.3217787114845692 342.9569327731092585 368.2979691876750508 399.1957282913165272 434.0059523809524080 470.7356442577030862 507.3620448179271989 541.6218487394958174 571.8389355742297084 596.9691876750699748 616.5259103641456022 630.1656162464986437
-512.1847658260421667 -516.0051466803911353 -516.6170869788985556 -513.8764796706124116 -507.4302624806999233 -496.7920741121976107 -481.3288728769943532 -460.5234173957797452 -434.1899125064333589 -402.6340710241893817 -366.4652599073597798 -326.7328872876994410 -284.6999485331961068 -241.9022130725682018 -199.9495625321667660 -160.3067421513123918 -124.3417395779722057 -93.1039629439011804 -67.4657745753988678 -48.1466803911477115 -35.4498198661863100 -29.1626351003602693 -28.7097272259392682 -33.0442614513638731
695.6641414141414543 676.3299663299662825 640.7845117845117784 588.4983164983165125 520.9015151515151274 441.0244107744107964 354.4747474747474598 267.0622895622895498 184.0126262626262701 109.9250841750841801 48.0867003367003392 -0.2533670033670034 -35.3964646464646435 -58.4755892255892249 -72.0151515151515156 -77.6262626262626299 -76.3838383838383805 -69.0681818181818130 -54.8560606060606091 -33.4065656565656539 -3.3670033670033672 35.3930976430976401 81.8619528619528580 133.4031986531986433
426.0229007633587912 428.9548481403280675 432.4459964268312433 436.7955172973851177 442.3808673055059444 449.3639759623193299 457.9683287315251050 468.2205619619944628 480.0540847815494772 493.2512587299009397 507.5952574305668463 522.8361214877375005 538.7087867467922706 554.9769368198798247 571.2181257105733039 587.0095825889231946 602.0180282605165303 615.7714796166964106 627.9265876238428064 638.1339938281630566 646.1400032483352334 651.7609225272047979 654.9108331979859940 655.6688322234854240
384.5201516640921113 384.8117539671394525 385.0403033281842227 385.2458924308383530 385.8744558348546434 386.5206431680943524 387.1181716051116268 388.0153068389271311 388.9131442213172249 389.6475916303890017 390.5921218929925658 391.4520432523522118 392.0540654402471432 392.8818986097458037 393.6657772784721487 394.2490520994242615 395.0872770678275288 395.9127229321724712 396.5650891728689658 397.4321022328324489 398.2182979918550814 398.7357814913635821 399.3108411739924009 399.7663951692177875
-280.9051383399209385 -274.6725955204216234 -261.9914361001317502 -241.8820816864295011 -213.4209486166007821 -176.1317523056653442 -129.7325428194993435 -74.6890645586297808 -12.2918313570487481 55.3135704874835312 125.5632411067193743 195.5191040843214694 262.1693017127799976 322.5256916996047494 374.5777338603425619 417.0032938076416258 448.9749670619235644 470.6870882740448110 482.8353096179183126 485.8754940711462496 481.0164690382081858 469.8656126482213722 454.1291172595520607 435.6877470355731248
-572.0098356048896449 -576.9033300547984027 -581.2489813123506792 -584.9505409582689026 -588.0042152592384355 -590.4721090347056816 -592.4707039482927939 -594.0940002810173155 -595.4181537164536167 -596.5832513699592710 -597.6322888857664566 -598.6200646339749483 -599.5224111282843751 -600.3084164676128012 -600.9423914570745637 -601.3927216523816242 -601.5999718982717468 -601.4768863285091811 -600.9627652100604109 -599.9897428691864434 -598.4830687087255683 -596.3851341857524631 -593.6709287621188196 -590.3984825066742133
55.3334690553745929 67.6502442996742701 82.5545602605863138 99.4389250814332257 117.2056188925081415 134.6135993485341942 150.5688110749185569 163.9071661237784951 173.6364006514658058 178.8652280130293093 178.9291530944625492 173.2561074918566817 161.4075732899022739 143.1099348534201852 118.5215798045602611 88.2117263843648232 53.2650651465798077 15.2096905537459275 -23.9576547231270354 -62.2076547231270354 -97.2658794788273582 -127.3000814332247614 -151.2817589576547164 -169.0394951140065132
321.3223259152907190 351.8323761665470215 388.8492462311558029 430.4414931801866260 474.0122038765254615 516.8686288585786315 556.7936109117013075 592.2358219669777100 622.5139985642498459 646.8327351040918529 664.8689877961235197 676.7623833452979625 682.8244795405599916 683.5786073223258654 679.5725053840632199 671.1101938262742124 658.6145010768126440 642.6324479540560333 623.9016511127064177 603.6001435750179098 582.8951902368987703 562.9411342426417377 544.7372577171572630 528.6489590811198696
584.2872270019854568 588.5115817339510613 590.0536068828590714 588.6171409662474616 583.8312375909993079 575.5145598941098797 563.5916611515552859 548.0529450694904199 528.7481800132362650 505.6843150231634922 478.8934480476505655 448.5416942422236843 415.0354070152217218 378.8792190602250116 340.9242223692918401 301.7908669755129267 262.4133024487094872 223.5718067504963642 186.3931171409662397 152.0112508272667071 121.6350099272005281 96.0734612839179363 75.7150893448047668 60.5939774983454669
-179.7947686116700083 -180.5398315820850996 -180.9570012668604306 -181.0713913108279201 -180.9628884417616916 -180.6719576719576708 -180.2810939712348102 -179.7928310604366970 -179.2316118935837324 -178.6291079812206704 -178.0284670988896210 -177.4945972129070810 -177.0855503390714603 -176.8004322229674301 -176.6031746031746081 -176.4140397943214964 -176.2480065578657218 -176.0497056412549455 -175.7800879350175194 -175.4390043967508745 -175.0221327967806815 -174.4813324390789262 -173.7835159102764635 -172.8859825620388904
555.3979445506691945 567.7327915869981325 582.4945028680688210 599.3618546845124229 617.9562619502868301 637.7358986615678305 658.0351338432122930 678.3585086042064631 698.1419694072657194 716.8601816443594998 734.1111376673039786 749.5002390057361481 762.7997131931166450 774.0346558317399968 783.0867590822180091 790.1297801147227347 795.3410611854684475 798.7729445506691945 800.4648661567877070 800.5587954110898181 799.1771032504780123 796.2153441682600032 791.8969885277247158 786.3128585086042222
673.1924980463662678 680.3136233394112651 684.0401146131805490 684.0698098463141150 680.1760875227923862 672.2479812451159660 660.2529304506381322 644.3326387079969209 624.6822089085699190 601.4868455326908361 575.1654076582443622 546.5022141182599853 516.2729877572284067 485.2969523313362856 454.3206564209429530 423.9679604063558145 394.4456889815056115 366.0028653295128720 339.0135451940609528 313.8132326126595331 290.8306850742380902 270.5079447772857293 253.2250586090127626 239.4795519666579935
206.4287515762925693 287.6103404791929279 379.5510718789407179 476.4590163934425959 572.1992433795712714 661.4098360655738134 740.1664564943253026 804.7667087011349167 852.9230769230769056 885.0214375788145844 901.3366960907944758 902.0832282471626513 886.3530895334173465 853.8814627994955799 804.2976040353089502 738.8234552332912699 661.6784363177805517 578.3896595208070721 496.3354350567465190 420.9419924337956900 356.4703656998739234 303.8461538461538680 262.2673392181588952 229.5737704918032875
604.4382716049382225 625.7808641975308319 641.8106995884774051 651.5390946502058114 653.9619341563785611 647.8837448559670520 631.3775720164609311 603.1059670781893374 561.5884773662551197 505.7181069958847957 435.3024691358024825 351.7860082304526941 258.3991769547325248 160.6049382716049365 64.5195473251028773 -23.4104938271604937 -97.4485596707818900 -155.0864197530864317 -197.4125514403292243 -225.9876543209876445 -243.6018518518518476 -252.4207818930041185 -253.3497942386831312 -246.4063786008230466
-144.4193270060396799 -122.6531492666091481 -87.4805867126833476 -38.0655737704918025 24.3088869715271798 96.2890422778257147 173.9370146678170954 252.5823986194995712 327.9991371872303603 395.8826574633304745 452.4995685936152086 495.1009490940465980 522.4805867126833618 534.6988783433994286 532.2640207075064609 515.7549611734253858 485.7540983606557461 444.1975841242450542 393.3218291630716408 337.6125970664365923 282.0345125107851345 231.0707506471095769 188.1130284728213837 154.8058671268334763
-247.0841411399767367 -242.9476541295075549 -235.1012020162853844 -223.3412175261729260 -207.6269872043427824 -187.9379604497867433 -164.4513377278014730 -137.0089181853431626 -105.7440868553702984 -71.1178751454051934 -33.8305544784800318 5.1434664598681659 44.5277239240015490 83.0480806514152761 119.6075998449011308 153.1500581620783237 183.0616518030244322 208.9709189608375368 230.6126405583559631 248.1260178363706927 261.5025203567274161 270.7177200465296778 276.1194261341605056 278.2954633578906396
-18.6003147128245487 -25.8253343823760808 -36.7214791502753712 -51.6420141620771034 -70.6927616050354004 -93.9012588512981949 -121.1506687647521687 -151.7234461054287920 -184.8465774980330423 -219.7635719905586029 -255.0900865460267539 -289.8056648308418630 -322.5118017309205243 -352.2057435090479771 -378.2930763178599705 -400.5916601101494621 -419.1180173092053565 -433.9571203776553716 -445.3343823760818054 -453.4756097560975832 -458.6581431943351959 -460.9638080251770020 -460.5944138473643079 -457.7289535798583984
664.0237982164529740 665.7753680544561803 667.3130705503667741 668.6642921217877529 669.8453907445517643 670.8888185320035973 671.8190069125639639 672.6669305049865670 673.4454646192813243 674.1585140625824124 674.8059732995620834 675.3939633792411996 675.9591050604190059 676.4907392749722703 676.9753047332594633 677.3883700068597591 677.6991715476756326 677.8527254498443426 677.8194818215397390 677.5380718695582800 676.9686032399346232 676.0897577964223046 674.8713524352276636 673.2902749195293381
633.3301473068705718 634.3325649387157910 635.0732598673113216 635.5497020128191252 635.7867986056448899 635.8121556280220830 635.6714831890250252 635.3766445518947421 634.9713819858314992 634.4713819858314992 633.9101540537501478 633.3362757224783763 632.7767345102889749 632.2340042730237428 631.7230405937253863 631.2246710896210971 630.7138760823119128 630.1705836050826974 629.5690430675812195 628.8642190486899608 628.0246823344202767 627.0205217586866411 625.8327336107050769 624.4388282919150015
-376.7524370890954515 -382.3087735207436140 -386.9616866923599900 -390.4500113352981430 -392.5610972568578632 -393.1609612332804318 -392.1469054636136775 -389.4370890954431843 -384.8476535932895217 -378.2210383133076448 -369.3747449557923233 -358.2817955112219579 -345.1031512128769236 -329.9451371571072400 -313.1228746316028264 -295.0573566084788126 -276.1795511221945389 -256.9845839945590455 -238.0584901382906367 -219.8664701881659482 -202.8460666515529454 -187.4257537973248589 -173.9188392654726840 -162.5026071185672265
1699.2138728323700434 1707.1734104046242919 1715.1502890173410378 1723.1329479768785404 1731.1040462427745297 1738.7283236994219351 1746.0057803468207567 1752.7283236994219351 1758.7687861271676866 1764.3872832369941079 1769.4393063583816001 1773.5144508670521191 1776.3583815028900972 1777.8323699421964648 1777.8381502890174488 1776.3063583815028323 1773.1271676300577838 1768.1676300578035352 1761.3930635838150920 1752.9421965317919785 1742.8901734104047136 1731.5433526011561298 1719.1618497109825512 1705.8034682080924540
