154.4722625617194183 168.4034272436828417 167.6529189660180066 155.6352018588440274 136.2663374963694594 113.1995352889921520 95.0212024397327895 87.7452802788265984 95.1057217542840476 114.7261109497531208 142.8687191402846395 174.7961080453093246 206.9991286668602868 234.6744118501306957 248.3496950334011046 236.6613418530351396 197.0029044437990251 134.6497240778390960 61.6148707522509440 -16.3796108045309339 -88.2303223932616874 -143.0092942201568462 -176.1670055184432044 -187.0092942201568462
466.3211186113789495 457.0501446480231493 434.0742526518804425 401.4011571841851378 360.6991321118611609 310.8061716489874584 251.1793635486981771 183.4059787849566021 110.3770491803278730 34.0414657666345235 -45.7068466730954697 -129.7945998071359668 -216.3866923818707733 -303.0771456123433154 -387.8891031822565196 -469.0973963355834258 -543.2555448408871825 -606.2333654773384524 -655.4522661523625402 -691.8871745419479566 -713.2921890067502773 -721.0067502410799989 -713.4946962391513807 -689.5486981677917129
-45.3364188602834801 -41.0555394851026918 -35.6809372288111106 -20.6658952849291282 10.2021984379519814 61.9771478160254574 128.3022852183974578 194.8469771478160339 251.3161700896731361 292.3722881110789444 314.5018802429852371 314.4524153890656635 291.2111657506508777 248.4720856233728625 192.7567254845241678 130.6930864911773256 71.8559444605148911 22.7749493780734724 -11.2100086780445469 -33.8226786230835970 -49.1741394272490595 -58.8382991032687315 -66.2140584321666239 -71.2591842638125570
995.9701338825952917 1041.0556127703398488 1076.5252317198765013 1101.4613800205972893 1111.6951596292481099 1109.1307929969104862 1093.0638516992789846 1064.1699279093718360 1024.4840370751801402 977.7940267765191038 927.1101956745623056 871.7312049433573975 812.9598352214212582 753.4757981462410044 695.1359423274974461 640.3058702368691684 588.5890834191554859 540.7229660144181480 498.4315139031925810 460.9186405767250108 424.9083419155509773 390.3470648815654158 357.6992790937177915 325.2152420185375945
-1.9157063531425349 -2.1314000641829800 -2.3808287384154583 -2.6163997238186929 -2.8420709708161938 -3.1903025352277039 -3.5636821581040738 -3.9952154505936925 -4.5339634934990425 -5.1042876175472376 -5.6469352627126064 -6.1105114216530039 -6.5225369781486124 -6.8023358714784452 -6.9649035796598300 -6.9379175540449864 -6.7708862113564976 -6.4920986861938523 -6.0412716009763594 -5.5518763796909489 -4.9726736100981226 -4.4240647275627003 -3.8912195738639128 -3.4984780854022621
169.1534810126582329 191.3966772151898681 213.8370253164557084 235.3525316455696270 254.5799050632911360 269.6587025316455879 279.6775316455696156 282.7479430379746645 277.6242088607594951 264.7833860759493518 244.7925632911392313 219.7729430379746702 191.6223101265822777 161.9170886075949340 133.2375000000000114 106.9552215189873436 85.0756329113924039 68.0962025316455737 55.8950949367088583 48.0767405063291164 42.9025316455696171 38.8139240506329131 34.5517405063291108 29.6580696202531655
-149.9058192955589561 -164.9896630934150039 -174.3579632465543625 -181.6362940275650715 -187.5765696784073384 -194.8667687595712152 -206.9138591117917372 -227.8342266462480836 -259.6596477794793145 -297.1910413476263670 -321.9303215926493067 -310.9065849923430278 -240.7224349157733627 -106.0819295558958686 48.7346860643185309 176.9467840735069046 262.0823124042879044 314.8430321592649079 339.8759571209801038 340.1160030627871151 324.9318529862174501 306.6144716692189718 290.6772588055130200 275.1114088820826851
205.1422351233671861 221.3727970143064567 236.5616835994194389 251.1982168774621584 265.3960190752643484 278.4959568733153787 289.9226622434169371 300.0062201948994129 310.2900684221439178 318.2618702052664048 324.4824797843666033 329.4343769438108893 330.9266017001866089 328.1430644826871230 320.5438523740410801 308.8245905038357932 292.9500311009745133 272.2614555256064932 248.7507775243624337 223.5618909392494231 198.6255442670536979 174.2506738544474274 151.9637155297532729 131.8121501140369105
-324.7277404036406665 -330.9331222793826441 -287.0439256034823643 -178.0858725761772803 -27.3296398891966774 110.5191927186387062 204.4527107241788713 264.5294815987336960 296.4396517609814055 303.6137712702809495 294.7281361297982016 279.2793826671942838 263.8278591214879043 253.5548080728136142 247.2643450732093413 239.4178868223189625 235.1032845271072347 242.3248911753066750 234.4491491887613677 184.5180055401662003 94.9228333992876969 3.8409180846853976 -59.7681044717055769 -101.3858330035615296
165.2802795031055894 200.1195652173913118 243.5706521739130324 295.7678571428571672 353.4759316770186501 416.3183229813664639 482.4611801242235742 549.0590062111800762 614.7321428571428896 675.9052795031055894 731.5326086956521294 781.6933229813664639 825.1630434782608745 860.2181677018633081 887.2158385093167681 902.3905279503105703 906.3074534161490874 900.8454968944099619 887.3781055900620913 866.3928571428571104 837.8470496894409507 802.8066770186335361 761.8392857142856656 716.4440993788820151
37.7400811837108847 39.3094146916328384 38.9937148094801600 34.7001440356160771 23.0531622364802935 2.6794552834882808 -25.1254419274584251 -58.3442451224302729 -91.5500851119549566 -120.4044781982453856 -139.5393479114835600 -142.7705905460259146 -127.9755139452664707 -97.6124132512766778 -58.3828728558334404 -18.0421631530705788 17.8690585308367176 45.7928505957836833 64.7669241848893478 74.7066911090742423 77.0259264108943285 74.0594474270001371 69.1153594343328592 64.8441796516956970
223.2641693018730109 238.9518365361225847 250.2216005837995567 259.7287764534176517 267.2999270250547283 272.9175383118462719 273.9854050109462378 268.5297981026513980 249.3225492580880598 208.5957188032109002 147.0038919970810127 71.1415713938214509 -5.6416930187302361 -76.7667234249574335 -136.5361225979080473 -183.3288737533446806 -216.4809048893213230 -236.5339333495499829 -244.7129652152760855 -240.3843347117489770 -225.3366577475066777 -205.4232546825589907 -186.3527122354658161 -173.4748236438822744
-27.1603665521191289 -35.7720504009163776 -44.6953035509736551 -55.1105383734249727 -67.9047346315387585 -84.1387934326078692 -105.0444826269568495 -130.7920962199312669 -160.4558991981672307 -193.0624284077892412 -226.8384879725086023 -259.9467353951890232 -289.1227567773959777 -312.5061092019855096 -326.8438335242458948 -330.6607483772432374 -323.7751050019091394 -306.3377243222603852 -279.7909507445589838 -246.7953417334860546 -210.8484154257350269 -174.4318442153493720 -139.2220313096601672 -109.3302787323405880
10.5325977933801411 -6.5025075225677034 -24.2898696088264785 -44.2166499498495469 -69.7612838515546656 -102.3630892678034172 -143.5707121364092416 -194.1664994984954831 -254.0210631895687072 -324.3410230692076084 -403.8545636910732242 -487.9899699097292114 -577.3440320962888563 -667.4433299899699250 -756.4603811434302543 -839.7311935807422287 -912.8184553660983056 -973.3861584754263276 -1019.2718154463390192 -1048.2326980942827959 -1061.4453360080240145 -1056.9297893681043661 -1035.0892678034101664 -999.7923771313942325
-333.1689216892169156 -352.8995489954899654 -362.2054120541205293 -345.0090200902009201 -284.2460024600246129 -174.9364493644936545 -32.9893398933989346 99.8581385813858162 193.9893398933989204 260.0135301353013801 303.2341123411234207 322.2209922099220876 325.4132841328413406 321.4464944649446352 316.0947109471094905 313.2894628946289686 312.0926609266092555 309.1172611726117339 307.0225502255022434 309.4653546535465125 299.8462484624846525 257.6359163591636161 190.0930709307093025 119.0774907749077443
-158.7997562956945501 -171.1368805848903207 -181.1797319252640079 -189.4246547522339483 -195.0615353371242975 -198.9928919577579336 -201.1592201462225944 -202.3365150284321601 -202.0735174654752200 -202.2010560519902640 -204.0302599512591257 -207.2018683996750497 -213.0834687246141357 -222.2441104792851263 -235.2201462225832529 -251.8149878147847289 -270.9679122664500142 -292.1192120227457281 -313.5790008123476582 -332.6287571080422367 -346.0905767668562021 -352.2536555645816634 -350.1683590576766960 -339.3261575954508658
257.3472696245733573 263.2000853242320773 261.9254835039818090 254.1076507394766679 241.0631399317406078 222.6053754266211513 198.6579920364050054 170.4226393629124061 140.2531285551763460 110.9057167235494887 84.7511376564277583 61.3626279863481230 40.4034414106939721 21.1810295790671219 4.0490614334470987 -10.3222411831626850 -22.9658703071672363 -33.3887940841865785 -41.7238339021615445 -47.6523037542662138 -51.2511376564277583 -53.2032138794084162 -53.3303469852104683 -52.8216723549488023
-9.3552068473609129 -44.1205420827389432 -83.5798858773181195 -128.4407988587731779 -176.9689728958630610 -227.7485734664764720 -278.9226105563480473 -328.9079885877318361 -377.0438659058488042 -418.2214693295292705 -448.4657631954351018 -465.6458630527817490 -466.7713980028530614 -450.2778174037089798 -416.1394436519258306 -365.5167617689015742 -299.3038516405135283 -223.7410841654779006 -144.7753209700427988 -70.1554921540656267 -5.9432952924393723 44.6037803138373761 82.1858059914408017 105.3334522111269678
586.0269953051642915 608.3622848200312774 624.6388888888889142 635.9718309859155170 641.3802816901408050 639.5950704225351728 632.0082159624413407 617.3039906103285830 594.9714397496087486 566.2304381846635124 531.7977308294209706 493.5645539906103068 451.8298122065727966 408.2124413145539847 362.7977308294209706 316.7335680751173754 270.9659624413145593 226.1071987480438281 183.8376369327073689 145.5391236306729184 111.5211267605633765 82.3720657276995354 58.5700312989045386 40.6756651017214423
-72.7447674418604606 -69.0200581395348820 -67.6944767441860478 -68.6133720930232585 -67.2247093023255786 -58.2651162790697654 -32.9249999999999972 9.5337209302325583 67.4686046511627922 135.3427325581395451 204.4709302325581461 264.0973837209302246 308.4976744186046744 335.0651162790697413 344.9697674418604834 339.1340116279070003 318.9063953488372363 284.8281976744186181 238.8857558139534945 189.6191860465116292 143.6607558139535001 101.3090116279069832 61.0354651162790702 26.7694767441860471
-208.2850162866449466 -223.8473127035830714 -243.3216612377850083 -264.9258957654723190 -290.7467426710097698 -324.0419381107491859 -360.0891693811074674 -383.8733713355048849 -374.1453583061889390 -313.6005700325732732 -199.6372149837133634 -52.3293973941368051 83.0879478827361595 178.2442996742670971 240.6050488599348398 277.5964983713354854 289.3953583061889390 282.6547231270358225 266.7198697068403703 249.8583061889250700 236.5134364820846997 225.2862377850162829 213.6563517915309376 207.7186482084690624
864.3219645293314670 866.4843110504774586 857.6111869031377637 829.4556616643928919 784.7462482946793898 723.0491132332878124 651.0013642564802012 570.9754433833560370 483.6330150068212674 392.6152796725784242 298.1282401091405063 205.4938608458390092 115.2087312414734015 27.0477489768076396 -57.9549795361527984 -139.1309686221009656 -216.5511596180081995 -287.5034106412005599 -353.8922237380627394 -410.7366984993178676 -454.8894952251023369 -484.4761255115961944 -495.1050477489768014 -488.2769440654843152
170.4881628787878753 216.5639204545454675 247.6257102272727195 267.2713068181818130 275.6576704545454390 276.9434185606060623 276.7057291666666856 277.8719223484848726 280.3281250000000000 281.2578125000000000 279.3250473484848726 271.7677556818181870 252.8532196969696884 215.4325284090909065 151.3792613636363740 70.8203125000000000 -9.0539772727272734 -79.0603693181818130 -137.3740530303030312 -186.2125946969696884 -223.8918087121212182 -249.0250946969696884 -261.1103219696969973 -260.6458333333333144
-108.6959216965742314 -103.4398042414355672 -95.8006525285481274 -83.0208809135399690 -61.2933115823817261 -27.0000000000000000 21.1823817292006531 79.5631321370309905 142.8551386623164774 206.3549755301794448 268.0874388254486007 326.7680261011419134 379.4440456769983712 424.8897226753670679 461.6495921696574101 488.6632952691680316 507.6345840130505849 519.8365415986949074 522.5474714518760493 516.6753670473083275 500.7363784665579374 472.7014681892332533 433.6978792822185937 389.9383360522022599
-57.9230263157894711 -66.0769736842105289 -75.9331140350877263 -89.2767543859649066 -105.4583333333333286 -123.3559210526315724 -140.4453947368421041 -148.6666666666666572 -140.8247807017543778 -110.8649122807017591 -59.1142543859649123 7.6668859649122805 75.7353070175438603 136.7146929824561425 181.6366228070175453 206.2453947368421154 211.7874999999999943 199.2809210526315837 172.0000000000000000 134.2359649122807070 94.0984649122807042 58.1074561403508767 29.8486842105263150 11.2432017543859644
-458.4229607250755407 -460.4028197381671816 -444.4454514937898466 -409.4229607250755407 -356.7082913729439611 -289.4373950990265030 -214.1604565290365940 -139.4531722054380793 -70.1383014434373990 -8.3182275931520646 42.7035918093319893 81.3058073178919045 109.2346424974823833 128.5881168177240568 141.0228264518294736 147.3162134944612376 145.7213830144343660 138.1936891574353865 128.5109097012420136 116.4407519301779104 103.6911715340718416 89.5605908022826469 76.1433366901644888 64.5474991607922135
173.1872260488415805 216.6850344395741956 268.8954289292423141 327.6643706950532078 392.4289292423293887 461.0594865372573850 529.7251095804633678 594.3168440826549386 653.4126487163431420 704.3500313087038194 743.1953663118347322 767.8190356919224087 776.5773324984345436 768.4671258609893130 746.0093926111459268 711.0670006261740355 665.2874139010644967 611.0275516593612792 553.6180338134000749 495.2830306825297271 439.9918597370069051 389.6011271133374976 342.9574201628052492 304.5623043206011289
210.0304903172641104 226.0700453234445888 236.5006180469715673 241.3778327152863596 242.0539761021837535 239.0482076637824491 234.1363823650597453 227.8850432632879972 223.6526576019777508 225.0457354758961799 232.5360527400082447 246.8838071693448626 269.6769674495261597 299.7313555830243104 333.7960444993819351 371.2785331685208234 409.6102183765966060 445.9406674907293109 477.9361351462711127 504.1071281417387695 521.3700041203131832 529.5154511742892964 527.7185826122785102 516.0560362587556256
-657.0203269995581650 -659.8674326115775557 -646.0698188245692108 -615.3813521873619266 -567.7101193106495884 -507.0680512593901881 -439.3941670349094011 -369.4648696420680380 -300.9942554131683323 -237.2496685815289368 -179.7406098099867506 -125.5059655324790100 -76.2483429076447123 -34.1087052585064043 -0.1374281926646045 24.7759611135660620 42.6601855943437940 54.8267786124613323 62.3433495360141379 66.5059655324790100 66.9699513919575793 67.1833848873177146 69.3406981882456961 73.4224480777728701
-91.7932102060424882 -100.8153090637343894 -108.3330842318778622 -113.9765132913419450 -118.5379523860360820 -121.7742073235827860 -123.9787552044411285 -125.5382726593359735 -126.6061705989110777 -127.7469840930927774 -128.9941283228354791 -131.1776449236681970 -134.2815202305967830 -138.0124906586954125 -142.2978541688907796 -147.1972883527276679 -152.0445179886836797 -156.3255044304473245 -159.3311625920785843 -160.7857371623785525 -160.2119141667556335 -157.7316109746984125 -153.0717412191737026 -145.5848190455855615
37.0762055109070019 24.1122273249138921 8.5657290470723311 -10.6907290470723311 -32.3178817451205518 -57.8790183696900087 -86.5499425947187149 -117.2327784156142343 -147.7101033295063246 -175.0529563719862267 -196.6780998851894253 -211.4295350172215819 -217.1580080367393748 -213.0084672789896558 -198.7593283582089612 -176.0324339839265235 -148.0040183696900158 -117.5724741676234260 -87.0017221584385823 -58.0476463834672813 -32.5942881745120516 -10.5460677382319172 8.3141504018369687 22.9738805970149258
85.5656872678149227 109.2033096926713966 138.4400540357987097 173.0658561296859261 211.1543397500844321 251.4329618372171637 293.8946301925025182 336.4532252617358949 377.0040526849037406 413.9675785207700187 445.8969942586963953 471.3265788584937468 489.7494089834515307 499.9517055048970064 504.0530226274906909 501.6470786896318828 491.4718000675447342 474.3343465045592779 451.5552178318135930 426.0945626477541168 399.7109084768659386 372.1381290104694131 344.7301587301587347 316.6977372509287534
-683.4638218923932982 -746.7198515769944152 -810.5269016697587858 -873.9443413729128451 -933.4100185528757265 -988.7588126159554349 -1039.0723562152134036 -1084.5473098330242010 -1124.9016697588126590 -1158.0834879406309028 -1186.0482374768089358 -1206.5324675324675354 -1219.7903525046381219 -1224.1669758812615783 -1219.2430426716141483 -1203.5250463821892026 -1179.0797773654917364 -1145.6808905380332817 -1105.1688311688312751 -1055.8311688311687249 -1000.3265306122449374 -941.1391465677179440 -878.5584415584415865 -816.3098330241186886
-384.6176541717049417 -403.8401451027811504 -418.5131801692865565 -427.9424425634824729 -432.9320435308343349 -432.1593712212817309 -424.4152357920193595 -409.5446191051995015 -388.9709794437726487 -363.1596130592503187 -334.4498186215236046 -304.2701330108827165 -273.5779927448609214 -241.6420798065296367 -209.4442563482466824 -177.6998790810157232 -148.1259975816203109 -121.0031438935913002 -95.5629987908101555 -72.9516324062877857 -52.0399032648125726 -32.6918984280532072 -14.5555018137847636 1.6619105199516324
385.1388357474720010 387.2610002732986914 363.8909538125170684 311.1270839027056354 233.3181197048373861 144.3459961738179800 58.5629953539218349 -11.1478546050833565 -59.7731620661382905 -90.8734626947253332 -106.4613282317573066 -110.9297622301175181 -107.1306367860071020 -96.1954085815796702 -81.1913091008472207 -66.2899699371412936 -55.2292976223011749 -50.5665482372232873 -52.3547417327138547 -59.2560808964197889 -68.2298442197321720 -72.8800218638972410 -69.2678327411861119 -57.7644165072424158
-34.0858208955223887 -33.8604477611940311 -31.9973880597014926 -27.0977611940298502 -19.7279850746268650 -12.2630597014925371 -6.0847014925373131 -0.9873134328358208 2.4029850746268657 2.6276119402985074 -3.6753731343283582 -18.6238805970149244 -45.1190298507462657 -83.6559701492537329 -135.2626865671641667 -196.5828358208955251 -263.3417910447761301 -332.6694029850746119 -401.9048507462686644 -470.1388059701492352 -532.9324626865671917 -584.2253731343283789 -620.3582089552238585 -636.8182835820895207
-123.1753420349111536 -135.8658594118572012 -147.0630602295958624 -154.4080830319232689 -157.0652618336216335 -155.4277402107249486 -149.6412958012266188 -139.7348639723226995 -127.6208523352728434 -113.1916968076741625 -98.2283377889605305 -82.9987419405566982 -66.2303821355558995 -46.2127693033495817 -19.3454945746186517 13.6442836924044659 49.6845415945903426 85.7729202704827856 119.4777480735964730 148.2596320176128302 169.8336216386224180 183.5442679666614367 189.7024689416574859 187.3794621795879891
-106.6259455370650500 -78.6108169440242079 -31.8309379727685311 30.5245839636913772 99.8430408472012090 170.7038577912254027 239.2322239031770152 304.0306354009077268 360.7057488653555311 409.1558245083207339 445.7946293494704832 470.9122541603630907 485.2692889561270704 490.6694402420574761 484.2049924357035025 464.0090771558245137 429.5317700453857697 377.9546142208774313 310.9576399394856026 236.7344931921331295 163.5741301059001387 102.2806354009077126 54.3971255673222416 21.4398638426626320
152.2704460966542683 155.4821561338289939 153.9206319702602173 148.6887546468401524 139.6362453531598646 128.4008364312267645 116.1026022304832708 104.3593866171003697 93.5360594795538987 84.4066914498141330 76.6052044609665472 71.3380111524163567 67.9406133828996275 65.6139405204460928 64.3495353159851362 63.9548327137546480 64.2858736059479554 65.0599442379182165 65.2469330855018654 65.2644981412639424 64.9635687732342006 63.3720260223048300 60.1333643122676591 55.5420074349442388
-41.9988415870257725 -72.5545902114103711 -113.8305821025195428 -162.4862438459310852 -216.1146828844483139 -270.2169128294236771 -317.6414711844772683 -351.4161598609904331 -367.8459310744280515 -362.2145960034752648 -333.2800463365189785 -284.6999710396756313 -223.4468578048074221 -158.7242977121343870 -99.0356211989574291 -47.6724587315377946 -5.9878366637706346 24.9672748334781360 45.0251954821894032 56.5626991022299421 62.2140167969881261 64.5264986967854099 65.5409788589632143 67.4558355053576548
-3.5932657494569153 -2.1334540188269369 -0.0403330919623461 2.5404055032585084 5.3240405503258508 7.9467052860246197 10.5071687183200577 13.6994207096307026 17.9919623461259945 22.7110065170166529 26.7564808110065186 29.6012309920347576 29.6844315713251277 26.0900072411296158 18.2428674873280237 6.1911658218682115 -10.4895003620564804 -30.8910209992758880 -53.9548877624909480 -77.2233888486603917 -98.2622013034033301 -114.6845763939174532 -124.4673425054308495 -126.5591600289645129
-167.9344812490879804 -185.8784473953013219 -203.5244418502845463 -220.5177294615496919 -235.4701590544287058 -248.1840070042317166 -258.2883408726105472 -265.4342623668466103 -269.0246607325258879 -268.9414854808113091 -265.1920326864147341 -257.9162410623084725 -248.0315190427550078 -235.4532321610973327 -220.0827374872318671 -203.1933459798628405 -185.7424485626732746 -168.3796877280023239 -151.2746242521523357 -133.9521377498905679 -117.1615350941193583 -100.7069896395739050 -84.7242083758937667 -69.8413833357653573
-352.3548721492743425 -353.6496199032480945 -343.4512785072564043 -325.1330338631651671 -299.2149274360746176 -269.1216309606081722 -234.2764340013821709 -197.1333794056668864 -162.1620594333103043 -130.5687629578438020 -103.2398064961990372 -80.0514858327574359 -58.2004146510020703 -32.4903248099516233 1.5967519004837596 47.9682100898410511 104.8386316516931629 166.7214927436074561 227.6793365583966704 281.7584657912923376 324.9170697995853629 356.0611610228057771 373.7252937111264828 377.5221147201105509
351.1355608591885584 341.3474940334128860 314.1627684964200284 264.1312649164677850 191.5183770883054990 106.6176610978520216 15.5097852028639611 -70.9341288782816264 -152.1498806682577651 -227.0978520286396076 -290.9527446300716065 -342.3637231503579983 -381.2405727923627410 -406.2968973747016435 -416.2558472553699289 -413.6630071599045095 -398.8357995226730282 -374.0315035799522434 -341.9470167064438897 -304.3016706443914359 -258.4100238663484674 -205.7073985680191015 -144.3642004773269605 -80.9961813842482030
299.5525423728813621 300.7567144719687349 295.5637548891785968 282.5877444589308993 258.7846153846153925 220.6844850065189121 169.8756192959582734 107.0784876140808279 40.1598435462842218 -24.0910039113428951 -84.8560625814863130 -136.4714471968709120 -180.9577574967405553 -219.1076923076923038 -250.2550195567144726 -274.9335071707952807 -295.7906127770534681 -314.5786179921773282 -331.4790091264667353 -347.6049543676662097 -361.9825293350717175 -371.2411994784876015 -370.1382007822685978 -351.6289439374185122
-350.1589825119236821 -380.5786963434022141 -408.3640699523052717 -434.6271860095389457 -459.8585055643879400 -482.5405405405405190 -502.9610492845786780 -522.6804451510333820 -542.6693163751987186 -561.6764705882352473 -579.2201907790142741 -597.9785373608903001 -617.7050874403815897 -638.2551669316375182 -661.1685214626390916 -685.7297297297296836 -709.8449920508744526 -731.9872813990460827 -750.8131955484897162 -764.2949125596184103 -770.3918918918918735 -766.5047694753577616 -751.7845786963433738 -727.1128775834657745
474.4745901639344083 469.9035519125683322 449.4030054644808843 415.6229508196721554 370.1325136612022106 316.8912568306010940 261.0040983606557461 208.0254098360655632 163.9202185792349837 131.5385245901639450 111.3778688524590166 101.4969945355191214 101.1426229508196712 104.8685792349726711 109.9344262295081904 113.6174863387978178 113.7000000000000028 107.6412568306010940 96.9065573770491824 82.1390710382513731 63.9704918032786907 44.8754098360655718 26.9461748633879772 10.5273224043715850
-544.5230769230769283 -544.0379120879121047 -531.0873626373626166 -508.5813186813186917 -477.4109890109889989 -438.5137362637362912 -394.6307692307692037 -348.4054945054945165 -304.3164835164835154 -264.6697802197801934 -232.2967032967032992 -208.7659340659340614 -195.5873626373626450 -193.5170329670329750 -202.0829670329670193 -219.6467032967032935 -242.3098901098901194 -266.2472527472527304 -290.6230769230769511 -310.8934065934066098 -324.4939560439560182 -332.2879120879121047 -333.0554945054944938 -325.7884615384615472
-136.5043440486533370 -125.8275412684622125 -86.9908774978279808 -29.5842745438748906 38.0890529973935728 102.3536055603822774 161.2219808861859178 211.4339704604691690 246.3249348392702132 259.9539530842745307 245.5182450043440383 203.9708948740225765 140.0734144222415409 62.9109470026064272 -14.9257167680278027 -88.1138140747176379 -152.7984361424848032 -208.0947002606429237 -253.5868809730669113 -283.9609035621198814 -298.0451781059948075 -293.7966985230234513 -275.3809730668983775 -250.7867072111207563
51.1637323943661997 61.3579812206572797 70.2951877934272318 76.5956572769953112 81.9072769953051676 87.8186619718309913 94.9242957746478879 106.2095070422535201 125.1179577464788792 152.5328638497652491 189.0176056338028161 236.1261737089201915 291.2476525821596169 353.4008215962441568 421.6484741784037737 493.2183098591549424 566.4735915492957474 639.1320422535211492 708.5856807511737543 771.5569248826291187 823.4125586854460153 858.7728873239436780 875.2899061032863983 873.3210093896714170
-8.4995383194829177 -33.0895660203139457 -64.5472453062480724 -102.5663281009541379 -146.6934441366574333 -194.0240073868882860 -242.5900277008310297 -290.5715604801477525 -335.9335180055401793 -376.5752539242843682 -412.1160357032933348 -441.9165897199138158 -465.5992613111726541 -480.2049861495844993 -486.5450907971683705 -484.1255771006463533 -471.6663588796552631 -449.9944598337950197 -420.2597722376115712 -383.5583256386580615 -342.1277316097260837 -298.1566635887965617 -254.9655278547245416 -215.3862726992920784
-29.7681492496958242 -34.5093957009598498 -38.3318011806588288 -41.9008607092965590 -45.2918300211797558 -48.1471317200666959 -50.7762155828939683 -52.8476409355143986 -54.6221441124780327 -55.8864855121445601 -56.5229597584606367 -56.6925780721914307 -56.6141228425938436 -56.2761479879230322 -55.7189851741697098 -54.5210670992744824 -52.7594069667883403 -50.8325897886530598 -48.6671172998062289 -46.0949934658194778 -43.2155378306520674 -40.5494119237528707 -38.0066693704655023 -35.1801180658825672
283.3887530562346910 303.6591687041564569 318.1051344743276559 328.1105134474327656 332.6704156479217431 333.0195599022005126 326.8268948655256736 311.5941320293398462 285.3657701711491654 250.7814180929095471 208.1320293398532897 155.5995110024449843 93.4904645476772629 23.8958435207823960 -50.8860635696821504 -127.9325183374083110 -205.4596577017114782 -281.3256723716381202 -351.8841075794621247 -412.8933985330073142 -459.2801955990220222 -488.5843520782395899 -499.3838630806845913 -492.7246943765281344
-99.5678160919540289 -135.2827586206896626 -161.7551724137931046 -182.3459770114942557 -198.0134099616858236 -209.1164750957854324 -220.2030651340996030 -233.3892720306513411 -250.0823754789271902 -272.3954022988505699 -300.9689655172413723 -331.5674329501915736 -353.5946360153256478 -348.2375478927203289 -299.3563218390804650 -195.9712643678161044 -52.3693486590038333 85.0977011494252906 188.3590038314176240 258.7735632183907910 301.2547892720306777 316.9727969348659258 315.4662835249042132 306.7099616858237709
111.7850983097619917 167.1024491203863533 217.0634701621248723 264.9589513625388122 309.9824077268023643 351.4605036219385852 388.8085546740255154 420.1852362883752789 445.6260779579165501 465.4104863746119349 475.7123145912383393 471.9517074853397958 454.0220765781303953 420.0614004829251371 364.5567437047257613 288.2987236978268584 202.9758537426698979 120.6253880648499432 50.3880648499482575 -4.8699551569506729 -46.3715074163504681 -75.4912038634011680 -96.3646084856847125 -108.0358744394618782
332.5771006463527328 349.7539242843952252 361.8938134810711063 370.0438596491227941 374.6542012927054657 368.9967682363804329 345.6952908587257411 299.9289012003693529 230.8601108033240905 146.4926131117266834 58.0923361034164358 -22.5050784856879034 -87.6712834718374836 -135.5120036934441430 -165.6204986149584499 -172.5821791320406362 -150.7109879963065566 -97.9048938134810669 -24.4053554939981545 54.1440443213296376 122.1768236380424781 170.3411819021237363 197.0309325946444972 206.2114496768236336
-169.4431245500360035 -184.6295896328293793 -197.3394528437725057 -203.3005759539236976 -192.9517638588912973 -159.7354211663067076 -105.1346292296616269 -37.3426925845932303 32.3545716342692558 96.5032397408207316 153.1447084233261364 198.7037437005039635 228.3084953203743623 236.1684665226781874 217.3480921526277996 178.3538516918646621 121.7789776817854630 58.6666666666666643 -6.1742260619150464 -64.7750179985601164 -116.3117350611951082 -159.6763858891288805 -190.1177105831533538 -201.8826493880489465
-160.5434131736526808 -166.2879241516966147 -170.4161676646706667 -172.4191616766466950 -172.9930139720558770 -170.7480039920159811 -166.5069860279441230 -156.8118762475049834 -136.5329341317365390 -104.3697604790419149 -59.8677644710578818 -3.4431137724550900 61.0908183632734563 130.7839321357285485 202.9525948103792530 277.8183632734530875 354.4341317365269219 428.4096806387225342 494.9136726546906289 552.3258483033931725 598.7365269461078015 632.8882235528942601 652.4590818363273002 652.5434131736526524
60.2049999999999983 72.4210000000000065 85.6940000000000026 103.0289999999999964 125.6889999999999930 155.5329999999999870 192.7199999999999989 239.2649999999999864 296.3530000000000086 364.2110000000000127 442.0360000000000014 524.9519999999999982 611.2630000000000337 699.2999999999999545 787.2899999999999636 872.2000000000000455 949.6730000000000018 1015.4059999999999491 1064.0750000000000455 1095.7760000000000673 1109.3420000000000982 1105.2180000000000746 1085.4700000000000273 1049.9939999999999145
257.0297082228116778 265.6397877984084630 267.3843501326259684 262.2413793103448256 251.8220159151193513 237.1777188328912587 217.1114058355437635 194.5941644562334147 170.4445623342174940 146.2962864721485516 124.8063660477453567 107.8843501326259968 98.7257294429708168 99.9612732095490770 111.8708222811671078 132.5461538461538566 159.5673740053050267 190.0519893899204362 221.2745358090185732 249.9811671087533114 273.8262599469496195 289.4522546419098035 295.2501326259946950 291.0779840848806543
493.7656250000000000 553.5222039473684390 612.3577302631579187 673.3470394736841627 734.3133223684210407 792.1661184210526017 846.5197368421053170 896.3947368421053170 939.3207236842105203 972.4983552631579187 993.3684210526315610 999.6990131578946830 991.7500000000000000 970.6924342105263577 937.9860197368420813 895.9449013157894797 846.2047697368420813 791.5164473684210407 731.5559210526315610 669.9078947368420813 609.5756578947368780 553.7565789473684390 503.5904605263157805 460.4111842105263008
45.9883907125700588 60.6386442487323194 77.4523618895116073 95.7279156658660213 115.4801174272751467 136.0169468908460146 156.1810781958900520 174.7060314918601591 190.2784894582332527 201.8885775286896092 209.4339471577261804 212.3629570322925133 211.8708299973311853 207.9067253803042377 200.9937283159861181 192.1135575126768060 182.0222844942620668 170.3529490258873693 157.2515345609821225 142.2457966373098373 126.2957032292500656 110.3570856685348218 94.4765145449693051 79.2955697891646594
-1.3036279069767442 -4.8154418604651159 -1.8913488372093024 8.1080930232558135 24.8293953488372097 45.2500465116279074 64.7227906976744123 78.4980465116279049 81.3348837209302360 68.4059534883720914 38.6189767441860496 -4.8286511627906981 -55.3272558139534851 -103.8457674418604597 -142.2801860465116306 -160.3026976744185959 -151.7769302325581293 -116.8569302325581418 -61.4839069767441870 1.2701395348837210 58.0654883720930215 100.6632558139534837 125.1635348837209278 131.1916279069767484
-715.8978444236175847 -734.0192127460168194 -740.9484536082474051 -736.0571696344892416 -718.6218369259606789 -689.5000000000000000 -651.7033739456419426 -607.4686035613871127 -558.3008434864104856 -507.4376757263354989 -456.3922211808809948 -408.0079662605435828 -361.6925960637300932 -318.0220243673851996 -277.8139643861293280 -240.6452671040299833 -207.7474226804123703 -177.3950328022492897 -150.6105904404873570 -127.7689784442361827 -108.6921274601686918 -91.5646672914714088 -75.0346766635426405 -57.8631677600749796
-14.5237651444547993 -18.6849953401677524 -20.2441752096924503 -20.8331780055917974 -21.2360205032618836 -22.0869058713886304 -23.6116029822926379 -26.5715284249767016 -30.6591332712022364 -34.7795899347623489 -39.0973904939422212 -41.6304753028890957 -39.3299161230195722 -28.9326654240447354 -5.4009785647716679 33.6435228331780039 86.7176141658900264 148.1181267474370884 213.6011183597390470 277.1260484622553690 334.3376048462255312 381.0694315004660098 412.1992078285181833 422.1008853681267396
-357.0851674641148179 -392.5133971291866146 -426.3277511961722439 -456.0009569377990601 -481.8698564593301512 -501.0148325358851480 -508.4478468899521317 -503.8177033492822829 -484.9578947368420927 -451.8081339712918520 -405.6755980861244097 -348.8167464114832796 -282.7904306220095805 -210.2090909090909179 -134.2732057416267821 -58.8215311004784667 14.0995215311004785 81.6076555023923476 141.0976076555024008 191.9449760765550366 232.9712918660287073 262.3464114832535756 278.9856459330143821 283.9550239234449691
-170.1164490861618788 -216.4856396866840669 -270.1681462140992380 -328.5477806788511543 -387.3284595300261230 -448.2245430809399522 -507.1023498694517002 -561.2146214099216195 -608.8501305483029000 -646.2783289817232344 -671.3754569190600705 -684.1765013054830433 -684.2020887728459684 -670.1838120104438303 -643.1613577023498465 -604.9665796344647788 -556.8986945169713181 -503.1389033942558626 -447.2328981723237575 -391.3639686684073240 -337.5900783289817468 -290.0563968668407142 -248.6344647519582338 -212.9300261096605880
-646.5468018720748660 -644.1965678627144598 -626.0366614664586677 -593.0787831513260926 -546.5062402496099594 -487.9056162246490089 -417.5975039001560276 -339.6466458658346141 -259.1895475819032981 -178.7932917316692567 -96.8822152886115475 -16.9188767550702011 61.9173166926677041 135.0202808112324533 200.8572542901715963 262.6029641185647279 318.3322932917316734 368.5920436817472705 413.0046801872074980 450.5553822152886028 479.1435257410296344 498.7425897035881235 509.1591263650545898 507.2355694227769050
-117.8123954655268477 -129.8511429102397301 -139.4648764170228503 -146.7353651737595328 -151.7935328005946758 -154.8247537632410342 -155.8619215759152610 -154.3945363315368979 -149.9027132503252062 -143.2446571269280753 -135.0523136963389845 -125.0669020628135968 -113.1344545623490063 -99.8046831443969467 -86.1134547481880759 -71.7454004831815695 -57.4651551756179160 -43.7489314253856136 -31.7696524809514962 -21.1625162609180464 -11.0108715852072105 -1.5365173759524251 6.4177662144582790 12.7890726630737781
-206.0925141242937855 -202.7609463276836266 -187.9590395480225880 -162.9382062146892736 -129.1486581920904086 -85.0872175141242906 -36.4080155367231626 11.4304378531073443 51.6038135593220346 80.2637711864406782 98.5324858757062145 108.3012005649717509 113.2152189265536748 115.0151836158192111 115.7010946327683598 117.5508474576271141 122.4945268361581867 130.7616525423728717 140.2999646892655505 150.3919491525423666 159.0902189265536606 163.4044844632768445 159.9837570621468785 149.8444562146892736
-268.6636050516647742 -326.1710677382318977 -390.8932261768082412 -463.8783008036739375 -542.4672789896670793 -624.1733639494833596 -706.5166475315728576 -787.1090700344432207 -858.0723306544201705 -920.7887485648680013 -968.4225028702641112 -995.5154994259471550 -1000.8955223880597032 -989.8323765786452668 -961.8117106773822798 -916.1354764638347206 -858.9138920780711715 -792.8576349024110641 -722.1722158438576571 -651.6303099885188885 -580.1251435132031702 -509.8656716417910388 -446.9793340987370698 -393.0803673938002021
240.8788154897494280 191.2378132118450935 105.6742596810933890 15.5148063781321177 -64.9148063781321127 -128.6523917995444322 -172.4082004555808680 -202.5986332574031792 -222.8109339407744756 -229.8154897494305260 -228.7002277904327912 -225.6984054669703994 -223.3872437357630929 -224.9699316628701524 -235.9822323462414602 -259.8669703872437253 -295.7015945330296063 -322.9362186788154645 -317.3321184510250532 -253.3553530751708536 -118.1471526195899742 41.6451025056947586 161.3548974943052485 232.3334851936218683
-765.5900621118012168 -795.4134871339840629 -817.0088731144631993 -831.3682342502218034 -838.7213842058562250 -840.5155279503105703 -836.7480035492458228 -830.1206743566991690 -820.8722271517302715 -809.0044365572315428 -796.7062999112688431 -785.0532386867790819 -774.9414374445429985 -766.8624667258208092 -758.2156166814552307 -750.2653061224490330 -741.7852706299911461 -732.4862466725820696 -719.6610470275066973 -702.9378881987577188 -681.7914818101153287 -656.2369121561667953 -626.4649511978705050 -591.4977817213841718
-25.8437335670464492 -19.4679228746713413 -10.3978089395267315 0.1419807186678352 12.0972830850131459 25.8658194566170039 40.6770376862401406 55.9348816827344422 71.4828220858895662 86.6591586327782579 100.9282208588956991 113.4389132340052555 122.4605609114811529 127.4839614373356653 127.9889570552147262 124.0053461875547782 115.8713409290096337 103.5312883435582876 87.5393514460999143 69.2427695004382144 50.6815950920245371 33.1958808063102566 18.0844872918492534 6.1158632778264677
-224.0618686868686780 -256.2537878787878753 -297.8371212121211897 -346.6704545454545610 -400.6174242424242493 -459.9053030303030027 -526.0063131313131635 -596.7790404040404155 -672.5707070707070443 -749.0315656565657036 -822.7689393939393767 -891.8181818181818699 -956.0454545454545041 -1012.6148989898989612 -1062.5366161616161662 -1101.9911616161616621 -1128.1767676767676676 -1141.2500000000000000 -1141.6881313131314073 -1130.4065656565655900 -1108.6035353535353352 -1074.2222222222221717 -1028.7992424242424931 -975.3510101010100470
-1017.2932061978546017 -1060.0953516090582980 -1089.1680572109653440 -1100.6460071513706680 -1092.8581644815255913 -1065.4076281287245820 -1021.9141835518474863 -964.6483909415970857 -897.5065554231227907 -819.4815256257448937 -737.5756853396901533 -654.3003575685339683 -572.9749702026222167 -493.2634088200238125 -417.0417163289630480 -347.8474374255065413 -286.7199046483909228 -231.3802145411203810 -180.7783075089392071 -136.4052443384982212 -95.8009535160905870 -60.1418355184743731 -29.9153754469606667 -5.9833134684147797
297.6957983193277073 337.9731092436974791 388.0336134453781369 444.3210084033613612 507.9428571428571217 577.8991596638655892 652.9848739495798782 731.7310924369747909 813.0336134453781369 894.2302521008402891 972.6268907563024868 1045.0184873949579014 1108.6957983193276505 1160.9747899159663120 1199.3344537815125932 1223.6537815126050646 1232.2739495798318785 1225.0621848739494908 1205.2168067226891708 1172.9243697478991635 1129.7983193277311784 1076.8084033613445172 1016.0470588235293690 949.4588235294118022
-41.7310087173100897 -44.4713574097135762 -45.9315068493150704 -47.4987546699875480 -47.8760896637608937 -48.0056039850560410 -50.0249066002490679 -57.5112079701120820 -72.1905354919053508 -98.7596513075965134 -136.2154420921544329 -186.8872976338729757 -246.2584059775840615 -312.8760896637609221 -385.7671232876712111 -463.9582814445828376 -544.7895392278953750 -625.0080946450809734 -699.1425902864259569 -763.9501867995019211 -815.6650062266500072 -850.5466998754669703 -867.3169364881694037 -864.5361145703611783
507.9502279635258333 515.6253799392097790 514.9129939209726672 507.1827507598784450 491.8955167173252221 469.6641337386018336 441.5227963525836117 409.7940729483282780 375.6094224924012224 341.4213525835866108 310.7902735562309999 285.9031155015197783 268.2693768996960557 260.5478723404255561 261.9916413373859996 271.2735562310030559 286.1500759878419444 303.8195288753799446 321.3677811550152228 335.8936170212766115 343.9540273556231114 344.1732522796352782 335.5003799392097221 319.0049392097264445
-266.5708099847172434 -293.4724910850738411 -319.2898624554253502 -342.6207335710647044 -363.3965868568517408 -381.1630157921548516 -396.8731533367295015 -409.3945491594498094 -418.1795720835455654 -424.1044319918491965 -425.1844116148752164 -422.0685175751401061 -413.5779419256240317 -401.0427916454406727 -383.8438614365766739 -362.5389709628120158 -339.0104431991849196 -314.0203769740193707 -287.6650534895567830 -260.8800305654610270 -235.2990320937340698 -211.6006113092205680 -188.8835965359144211 -166.5784513499745287
-339.0767029192901987 -386.6989124212936417 -435.6765884373211293 -485.5546651402403882 -534.3566113337149091 -578.6783056668574545 -615.3978248425872835 -641.9771036061820269 -655.6903262736119586 -654.0206067544361304 -635.5998855180308738 -598.6370921579850801 -546.7985117344018136 -482.2707498568975666 -410.1551230681167795 -336.7401259301660161 -263.6027475672581772 -193.7298225529479225 -131.2999427590154653 -75.9078420148826609 -26.2570120206067550 17.0080137378362899 50.0194619347452800 73.8597595878649145
280.5366897005594069 318.7917077986179493 358.6637051661730879 399.0595590654820626 438.1414939124712191 474.8203356367226320 507.6903586706153533 534.9177360974005069 554.7031918394208105 565.3543928923987778 566.8976637051662237 558.8153998025666169 540.9052319842053294 515.0947680157946706 482.2560052648897795 443.8285620269825813 402.6377097729516095 361.3260941099046022 321.1707798617966318 282.8953603158934129 247.4208621256992444 215.9967094438960089 189.8634419216847675 166.7216189536031550
401.2537435338959995 422.3484889735910883 438.5578546147563088 447.8910971957527636 451.4497685815409795 448.6885379798529812 439.7772937653144822 425.5208276613122962 405.5091206098556995 380.0427443506670215 350.7457119520827860 319.5344405118431723 287.3182684454124569 254.7737544241764169 223.7816498774843410 194.1856792812415051 166.2227062346855462 141.0008167710318503 118.1214266267356408 98.3084671930302250 80.9300299482711694 65.3547508848352834 51.9852981214266237 40.8962700789545366
137.0121911573472175 143.5946033810143092 143.3603706111833560 137.6123211963589199 127.6596228868660603 114.5856631989596934 100.6209362808842656 87.0941157347204182 74.7948634590377139 63.8465539661898589 53.6900195058517582 42.0648569570871231 27.2556892067620282 6.7997399219765926 -20.0487646293888169 -52.9635890767230180 -89.7823472041612547 -127.2662548764629378 -163.3972691807542219 -196.3582574772431713 -223.7124512353706223 -243.0438881664499320 -251.9369310793237844 -248.1006176853055933
260.1688909341923477 244.7045559134836594 213.0745513115508629 168.8936953520478710 111.3248964565117376 43.8656235618959940 -26.4703175333640139 -96.3925448688449080 -152.2365393465255465 -179.0464795213989930 -162.9217671421997125 -100.7643810400368096 -15.3110906580763917 73.4031293143120109 149.6157386102162832 208.1831569259088894 247.5218591808559552 271.6898297284859609 277.8380119650253164 269.6649792913023589 249.5895075931891256 224.7712839392544879 197.2057063966866224 173.4399447768062714
-167.0159211523881595 -162.0214809198888020 -152.6906747536012006 -140.6451857467778552 -126.8579732120293215 -111.2572656052565065 -95.0396765226181515 -77.4139499620924880 -56.0187010361384878 -25.4296183977760926 16.7427343947434935 71.7020470053070511 133.0113722517058363 192.3340914834470539 245.9471822087440103 290.2451352034369734 323.0568612585291817 343.3735152893606255 352.7285822592873501 352.4905231235784413 344.5873136214303827 329.3007328784432843 308.6166287591609603 287.6467020470053058
138.9791535060012677 129.2501579279848443 111.7138344914718857 85.1800379027163643 48.0164245104232492 -2.2981680353758684 -64.1933038534428277 -134.5666456096020340 -210.3013265950726520 -288.6146557169930702 -364.8117498420720040 -434.9096651926721506 -498.2830069488313143 -556.0751737207833685 -604.5281111813013695 -641.4131396083386107 -667.8812381554010926 -682.3297536323436816 -683.4605180037902983 -671.9393556538218490 -648.0739102969046144 -615.2975363234364750 -575.3278584965255504 -530.2653190145293820
350.1157862407862353 373.8396805896805972 391.7208230958231070 405.6848894348894419 415.9960073710073516 420.9001842751843014 419.3599508599508567 408.6378992628992819 385.8353808353808176 350.3802211302211163 298.9975429975430075 229.9533169533169428 151.3442874692874796 78.4158476658476644 18.2668918918918912 -30.2051597051597049 -66.2005528255528191 -90.6265356265356274 -104.3194103194103235 -108.2960687960687949 -103.7199017199017135 -92.5770884520884465 -79.1615479115479133 -67.3436732186732172
24.2080673244341256 29.4155542658154374 34.5844457341845626 38.2060359837492740 40.1619268717353464 40.4573418456181102 40.5432385374347035 43.7071967498549014 52.1590249564712707 64.3549042367962869 79.9802669762042910 100.7814857806151991 127.9143934997098029 163.6033081834010545 206.3691236215902620 253.0232153221126055 301.8264654672083793 352.1564132327335983 402.6506094022054754 448.7959953569355775 488.5902495647127353 520.5037724898432998 540.6479976784677319 545.2785838653511519
-62.5123098079226338 -65.6382025462449548 -66.6565230892072975 -65.5851483830901003 -62.0954620059441922 -56.5695781395555173 -49.1020272368362711 -39.7514971388014047 -29.3331854677727009 -19.0139732954797509 -9.5482854988244696 -1.3623741294415117 5.8796078605332029 11.9205074746040900 16.9597657809519582 21.0377500776294184 24.4515814221709604 26.8865279687707925 28.2828372443774114 28.6643303908086757 28.1386683227609460 26.9566606041786798 24.7284301113427674 22.1621345872332860
20.2685890115467586 23.7084126379901043 26.6987057480015224 29.2704923233092238 31.0982426088059896 32.4389354142875277 33.3999175231569581 33.7321723131582303 33.6583238167745193 33.1225732775028519 32.5022839741149596 31.6628283212790258 30.8245463773632800 29.8955081842405797 28.8593135388910049 27.6255868544600922 26.0753077020682653 24.3664192361375456 22.3864040096434458 20.2486676817662747 17.8436429387133622 15.2520301992132978 12.6676500444106086 10.4717040984646612
-38.7655622489959839 -15.7781124497991971 14.0215863453815253 51.3278112449799195 98.8599397590361377 154.3227911646586392 215.8232931726907680 282.6987951807228683 351.6415662650602485 421.0431726907630718 486.8157630522088084 546.4477911646586108 598.9196787148594012 643.2028112449798982 677.3222891566265389 702.3378514056224731 716.0737951807228683 718.7971887550201018 710.1024096385542634 691.4457831325300958 663.7484939759036706 629.0712851405622814 590.6214859437751556 551.2791164658634671
8.9634297010130961 14.5422535211267601 19.9621942179392136 25.3965900667160867 30.7066963182604411 36.0053125772176941 42.0992092908327180 49.5680751173708956 58.4997529033852217 68.5774647887323994 79.9005436125525108 93.7519149987645193 109.7881146528292504 128.1527057079318013 149.1163825055596703 170.2949098097356000 190.1807511737089271 207.4650358290091390 221.2495675809241504 229.7060785767234847 232.1850753644675081 228.6740795651099631 220.0921670373115830 207.1723498888065365
-317.0679430701457022 -329.8932565232124716 -335.6535072856658530 -333.9776347001016461 -325.0016943409013948 -309.8659776347001298 -289.0391392748221051 -263.4095221958658044 -234.8198915621823062 -204.8691968824127514 -174.2595730260928519 -143.6387665198237755 -114.7263639444256142 -87.8015926804472997 -62.2346662148424272 -38.4664520501524905 -17.1599457810911566 1.8802100982717722 17.4737377160284666 30.6101321585903072 41.4000338868180293 50.5567604201965466 56.6728227719417177 60.4074889867841378
-59.5008746355685147 -62.7032069970845498 -63.7554907677356653 -62.3793974732750272 -59.7028182701652099 -55.2275996112730780 -48.7172011661807574 -40.3652089407191426 -31.4182701652089413 -22.4013605442176882 -14.3160349854227409 -8.2526724975704564 -5.5164237123420801 -8.9290573372206019 -19.7692905733722064 -40.1498542274052497 -71.5226433430515129 -112.4960155490767733 -160.5545189504373127 -211.8855199222546162 -260.9168124392614345 -302.6833819241982724 -332.3799805636540441 -345.4633624878522937
-591.0353798126950551 -610.5764828303849754 -623.2081165452653977 -628.9151925078043632 -628.8241415192508157 -621.5686784599375869 -609.8839750260145820 -594.3829344432882635 -576.0796045785640445 -557.0332986472424182 -539.0473465140478311 -521.8433922996878209 -507.3272632674297711 -496.2424557752341343 -486.3621227887617238 -477.0624349635796193 -466.9594172736732389 -456.3808532778355698 -444.6316337148803086 -430.8189386056191665 -415.0026014568157962 -396.4396462018730745 -373.9568158168574428 -347.0104058272632415
-197.7554858934169317 -212.7259292431706115 -239.1836094939543216 -279.0510523958799922 -325.4102104791759871 -356.6368114643976810 -344.5167935512762938 -267.1545006717420279 -120.2933273622928851 42.9955217196596493 173.5091804746977289 256.7760859829825222 309.4746977160770030 333.7407075682937716 334.9896999552171906 322.5315718763994823 306.7250335871025300 294.6636811464397852 288.8154948499775969 283.3918495297805862 277.9767129422301650 282.3502015226152935 285.9332736229288230 257.6215853112404943
978.9277456647398594 1015.0606936416185135 1033.1984585741811316 1032.1840077071290125 1013.9267822736030666 979.9585741811175694 931.2668593448939873 869.6030828516377369 798.9123314065510613 722.5780346820808973 642.0886319845857315 561.1782273603082558 480.9701348747591396 403.5529865125240576 330.0915221579961667 260.4421965317919216 194.9210019267822815 134.2244701348747640 78.2331406551059700 26.2899807321772627 -20.8227360308285157 -59.3410404624277490 -91.4412331406551004 -117.7398843930635906
761.8154696132596655 766.7867403314917283 754.6839779005524633 725.8209944751381499 680.9911602209945158 622.9270718232044146 554.8972375690607350 481.9342541436463989 408.6033149171270793 338.4519337016574809 273.4961325966850723 215.4839779005524747 165.7828729281768005 124.9419889502762402 92.5574585635359171 67.3110497237569092 49.3375690607734825 38.2519337016574568 30.7640883977900543 27.2685082872928177 25.9060773480662974 23.7850828729281751 20.9657458563535926 14.4491712707182316
-237.1097910692339212 -140.3396149119213305 5.8299877099549366 141.5813191315034771 237.6407210159770500 298.1741089717328919 325.8045882834903750 325.6149119213437189 308.6022122081114389 285.4870954526833202 265.5637034002457995 252.1249487914789142 240.9959033183121733 226.4145841868086961 223.1650962720196674 231.5845964768537613 216.0036870135190554 148.3867267513314232 47.0913560016386725 -52.2220401474805413 -121.7320770176157367 -173.8119623105284859 -211.0786562884063926 -231.4621056943875601
363.5049598488427023 385.9121398205007267 404.2073689182805651 419.3320736891827778 430.6282475200756039 439.3103448275862206 446.0444024563061021 452.0278696268304088 458.0571563533301855 465.5838450637695018 476.0495984884270229 489.4600850259801632 505.2106754841757379 523.4690599905526369 542.3915918752952621 560.5531412376003573 577.2385451110061467 592.0080302314596565 603.0647142182333482 608.9513462446858512 608.7090222012282084 602.3675011809164062 590.4785073216816045 571.6268304204062360
-365.8141496598639719 -369.0462585034013614 -359.1994557823129526 -335.5363265306122571 -300.3322448979591854 -256.9741496598639401 -209.2647619047619116 -161.8133333333333326 -117.9771428571428515 -80.9319727891156475 -52.7632653061224488 -36.2046258503401361 -31.2024489795918356 -37.5058503401360568 -51.7259863945578218 -70.9069387755101985 -92.7137414965986437 -114.0019047619047683 -133.0908843537415009 -149.1703401360544206 -160.7812244897959317 -167.3801360544217687 -169.1695238095238096 -166.9417687074829928
516.2939508506616448 570.1937618147447893 629.2136105860113275 688.9243856332702762 748.2240075614366788 803.3922495274101720 849.2372400756144089 882.3846880907371997 899.7665406427221342 898.7334593572778658 880.2287334593572723 843.0028355387523789 789.4442344045368145 721.0340264650283189 641.9773156899810829 556.5604914933837790 470.5642722117202084 386.7136105860113275 307.7221172022684073 231.0349716446124830 163.2277882797731650 102.4281663516068051 51.2863894139886582 11.5831758034026464
645.1164972634870765 672.3440187646598361 691.9515246286160846 703.8866301798279892 708.7615324472243401 707.3526192337764087 701.3072713057075589 691.5738858483190370 680.9640344018764608 672.5121188428460073 668.3322908522283115 668.5598123534010711 673.2900703674746410 683.5879593432368893 695.7419859265050945 708.9452697419859533 722.1110242376856831 733.1376075058639117 741.4370602032838633 745.6856919468334581 744.0875684128225203 735.4738076622361405 717.9616888193901332 691.4620797498045022
-560.0684615384615199 -614.9269230769231172 -669.4276923076922685 -720.5607692307692105 -767.2784615384615563 -806.0569230769231126 -835.2038461538461434 -852.9069230769230217 -856.9961538461539021 -847.9199999999999591 -826.4884615384615927 -792.4861538461537975 -747.3046153846154311 -692.0199999999999818 -629.0692307692307850 -561.6569230769230217 -492.3730769230769511 -423.4130769230769147 -354.8061538461538476 -289.7961538461538566 -231.0346153846153925 -178.1884615384615245 -130.5638461538461570 -90.4461538461538481
169.9845037269517434 173.3928991761474947 175.4899960768929077 175.1135739505688491 172.9497842291094685 166.0033346410357069 145.2993330717928586 105.5574735190270701 50.3685759121224024 -10.2977638289525313 -71.0125539427226329 -126.4578265986661449 -173.3462142016477117 -207.2359748921145410 -227.7616712436249600 -234.5419772459788135 -227.7004707728520998 -209.0031384856806653 -182.0154962730482566 -150.8369948999607573 -121.1490780698313046 -97.5969007453903430 -83.1686936053354202 -76.3026677128285655
181.3894996634507493 159.0608032308727786 102.2838231994615228 26.4092438860219865 -49.9706080323087249 -112.2198788422705888 -150.4406551492035078 -161.6017500560915323 -147.2450078528158031 -110.0740408346421333 -60.9501907112407437 -12.8608929773390166 25.0085259142921252 47.6784832847206630 53.8736818487772027 45.4325779672425369 24.7581332735023558 -1.2690150325330940 -26.3172537581332726 -43.4628673995961421 -43.4509759928202826 -24.6042180839129472 2.6706304689252862 24.6071348440655164
117.3207634700775372 118.6958048909801846 114.5187885214394612 105.4038040956988596 92.2191000066273432 75.3122141957717588 55.5906289349857516 35.2855059977467036 15.8186095831400362 -1.3428988004506595 -15.4679567897143606 -26.2919345218370992 -33.6960037113128763 -38.4609980780701193 -40.7000463914109645 -41.2066405991119353 -40.6610113327589602 -39.5979190138511470 -38.0569288885943422 -36.0912585327059432 -34.2258598979388964 -32.1575319769368448 -30.2358671880177603 -28.1173702697329198
16.9281566285050609 16.0743321718931469 16.4695536751285871 17.3683424589347943 16.8783806205408986 13.7992367678778827 7.2593330014932800 -3.7134561141529780 -19.0544217687074813 -38.8858470217355219 -63.6024556163929020 -92.7335324373651844 -125.4023560643769741 -159.5810519329683075 -194.7560975609756042 -228.3368176538908187 -258.1700680272109025 -282.9971793595486815 -301.1518168242906768 -310.7542724406835646 -312.4035175045627852 -306.7758420441347198 -295.5166749626679916 -279.5800564128090286
-25.0463150777552386 -79.0050709939148135 -126.5868830290737037 -161.8870858688302974 -182.8745774171737537 -192.7657200811358962 -195.4722785665990443 -191.5091277890466586 -183.6271129141311746 -175.3438133874239213 -169.7278566599053420 -170.1629479377958205 -180.0253549695740389 -202.2599729546991227 -234.0459770114942444 -260.6203515889114328 -257.0510480054090863 -199.2407031778228657 -81.3573360378634192 57.1233941852603095 168.5294117647058840 250.6494252873563084 303.3941852603110192 321.1984448951994864
-894.0985221674876584 -916.1389162561575858 -920.1546798029556840 -903.7881773399014946 -871.2522167487684328 -822.1487684729064540 -759.3605911330049594 -685.6049261083743431 -602.2266009852216939 -513.3655172413792798 -423.4413793103448143 -335.1852216748768569 -248.3330049261083730 -167.3812807881773495 -92.0551724137931018 -21.8738916256157623 43.3221674876847302 103.2640394088669922 155.5044334975369509 200.6945812807881850 238.8354679802955616 267.6226600985221467 287.5950738916255887 301.0256157635467957
-223.3644420329173386 -213.4219569542412671 -178.7898354132754548 -124.4807379272924521 -60.1472237294266563 1.3374932175800325 49.6597938144329873 82.8703201302224670 100.1074335322843183 102.8601917164044153 92.4886959667209254 72.8609151745342700 49.5416892747332227 26.7565563393018628 7.9710616748055703 -6.1244347983360461 -15.2600831976849332 -21.4525230602278896 -26.6238017724724187 -31.6020980285765951 -36.2877554711521100 -40.0345451257008520 -42.0888044854404058 -42.4181587990595048
711.1994560290117988 728.8413417951043130 739.2239347234814204 740.3182230281051943 734.0308250226654536 721.0734360834088648 701.8164097914777813 679.2991840435176982 655.1029011786038154 629.8155031731640747 604.8699002719854434 581.5856754306437324 559.9922937443336650 539.6971894832275893 522.2162284678150854 506.7733454215775168 491.7774252039891394 477.0820489573889631 460.5344514959202229 440.6595648232094504 418.4741613780598186 393.0761559383499275 363.9718948322756091 331.5784224841341938
22.4105744125326360 40.8303959965187104 64.8119016536118409 90.6131418624891154 115.9576805918189706 138.1721061792863452 154.7758920800696387 162.6830939947780621 161.3781549173194207 150.8754351610095625 131.9941253263707495 107.5363359442993954 79.7117058311575306 52.0023933855526579 25.5871409921671003 1.3769582245430809 -18.6916884247171460 -34.5150130548302840 -45.3570496083550907 -51.7842689295039165 -54.8210400348128815 -55.7944952132288918 -55.9041557876414288 -54.8977371627502180
18.8862961391599491 16.9429783623249897 15.1455239711497658 12.1021637675010609 8.2793381417055585 3.3246499787865931 -3.2065337293169285 -11.5910055154857865 -21.5014849384811200 -33.0459906661009768 -46.0553245651251615 -61.0310564276622856 -77.4044972422571078 -93.8427662282562522 -109.5875265167585866 -124.1160797624098393 -136.0658464149342421 -144.2934238438693342 -148.3735256682223280 -147.8414934238438718 -143.0406448875689307 -134.8557488332626235 -124.0629613915994867 -113.0505727619855776
2.1126201739661226 1.9591027010529529 1.0676026247520221 0.1586296352815504 -0.2884175186937281 -0.0595910270105295 1.0259423164962613 2.5892720891194871 5.2739203418281706 7.9749732946741947 11.3408362582023496 15.2999389592553037 20.0521898367160070 26.1401648100106812 34.1428353425911766 45.2836868609797065 59.1934991606897611 75.3943232107431669 93.4218678467877339 112.7223409125591331 129.9319395696627453 143.2925377689607842 151.3147413398443462 152.5552418739508482
-984.1634304207119612 -1042.3576051779934915 -1094.6472491909385099 -1138.2621359223301170 -1173.8527508090614901 -1200.6456310679611761 -1216.7022653721683128 -1217.3058252427183561 -1203.2977346278316872 -1176.2766990291261209 -1133.9223300970872970 -1078.9967637540453325 -1013.7346278317152155 -941.8770226537217241 -864.6537216828478449 -785.4126213592232943 -707.4757281553397661 -632.8786407766990578 -563.4126213592232943 -498.5161812297734514 -440.2508090614886669 -390.6456310679611761 -349.4805825242718242 -310.4757281553398229
0.8445706174591909 -26.8161816891412350 -65.4350603264726800 -115.1646557842441467 -176.2292405961675001 -247.0908445706174632 -322.9794180269694834 -400.5479063165365687 -477.8239886444286526 -551.5784244144783770 -621.4762242725337273 -685.4045422285308860 -736.9680624556423254 -774.5919091554293345 -797.4364797728885605 -804.3917672107877479 -794.2320794889992612 -768.0794889992903336 -727.3775727466288572 -676.4201561391057567 -620.6799148332150935 -564.7075940383250554 -509.4492547906316418 -457.9368346344925271
1.8879853628786338 16.2341939418581021 34.4271193331978012 55.7220979873958129 79.4004879040455336 105.1457613336043977 131.8213051433218084 159.3828013823948027 186.1166903842244267 210.4600528562716022 233.3043301484041478 253.8784305753201807 272.6293962187436364 288.6302093921528922 302.3992681439316925 313.6424069932913312 321.9095344582232201 326.5141288879853505 327.0410652571661103 323.9650335434031376 316.2085789794673474 302.8973368570847811 284.7255539743850363 262.0760317137629727
36.6677384780278643 29.7467845659163999 19.9348874598070722 6.5675241157556270 -10.7725080385852099 -31.9648981779206842 -56.9965166130760963 -86.5005359056806071 -119.6299571275455520 -158.0680600214362244 -199.7569667738478074 -241.5310825294748156 -282.0787781350482533 -321.4916934619507174 -357.8191318327974386 -391.0235798499464295 -420.4860664523043852 -444.6832797427652508 -462.5351018220792980 -472.6570203644158710 -474.5565380493032990 -466.1278135048231661 -447.9761521972133096 -421.4153269024651536
557.8938261895399364 558.3004325599684989 541.6476602438065129 508.4872198191112602 460.3865513173417412 399.7333857648446838 328.6590640975226165 252.7141171844278347 177.3657097915847487 108.0538733779001177 48.6767597325992938 -0.9583169484860401 -44.6413684624459322 -81.9944946913094839 -115.2005505308690516 -143.8450648839952919 -167.1411718442784036 -184.4648053480141527 -192.7467558002359453 -195.4927251278018048 -195.0935902477388879 -193.1116791191506081 -188.0609516319307772 -179.8509634290208510
-400.8727984344422453 -381.9305283757338429 -352.1164383561643945 -314.2348336594911871 -267.8688845401173921 -212.3463796477495009 -145.2984344422700644 -69.4158512720156580 12.8033268101761255 98.9579256360078290 186.9530332681017626 275.9119373776907764 363.4305283757338429 446.7103718199608693 523.9060665362035252 591.1125244618394845 647.9951076320938910 692.4872798434441847 726.5264187866927159 749.0273972602740287 760.2397260273972961 759.7054794520547603 747.7651663405088129 724.2671232876712111
-233.4920956627482838 -247.2845561410620121 -258.6980137819213610 -268.9687880016214194 -278.3879205512768635 -287.4925010133765682 -297.0222942845561533 -308.1139035265504731 -321.9177138224564487 -337.1284961491690524 -354.9647344953384618 -376.1187677340899995 -399.7997567896230180 -424.9027158492095850 -450.7344953384677524 -475.8970409404134330 -500.0141872719902949 -522.1645723550871026 -540.5780299959465083 -553.8184029185244981 -560.9002837454397650 -559.7571949736521901 -550.9197405755978707 -535.4130522902310076
209.2298258523424010 196.3007113073338132 168.5015943095413320 122.0019622271277910 56.7704194260485622 -17.3939170959038520 -87.4002943340691729 -145.4495952906548837 -188.9973019376992909 -217.7238165317635605 -231.9129261712043046 -231.8351729212656380 -220.8089281334314364 -202.6357615894039839 -182.4051999018886363 -164.8837380426784307 -154.0716212901643303 -151.5582536178562805 -161.7292126563649788 -182.5499141525631615 -206.8530782438067206 -222.0299239636987920 -212.6156487613441186 -178.0117733627667462
504.6732443412652174 529.3447475333720149 546.9709808473592147 556.8212420197330630 558.6674405107370376 556.5339524085896983 549.0946024376088417 535.5397562391177644 515.5258270458502921 486.2687173534532690 449.6546720835751785 403.6952988972722096 347.7620429483459361 281.5217643644805321 207.9332559489263019 132.0185722576900673 55.7336041787579788 -18.1688914683691252 -86.2362159024956441 -148.8856645385954778 -202.6302959953569314 -245.5885084155542586 -273.9471851421938595 -286.3482298316889114
261.6353301268036944 256.8154787931788405 237.2037603847835499 204.0830782684739972 158.2470485351989566 107.6816790555312622 55.6305203323130755 0.9938784433756013 -55.7796239615216436 -112.0091823349365967 -166.9239177962396070 -215.8705728027984208 -245.7809357236554320 -249.8390905115872442 -215.9829470922606163 -147.6528202885876624 -60.6235242675994783 26.4932225623087021 105.4101442938347191 174.8277219064276267 233.7857455181460296 272.6003498032357015 290.1342369916921484 287.1149978137297580
-211.4849227751900003 -215.3986271144888462 -212.1240500122578965 -202.1157146359401793 -186.0042902672223590 -164.0724442265261018 -136.9922775189997424 -107.5395930375091922 -79.0876440303996020 -52.6627849963226282 -29.0275802892865897 -9.4314783035057612 5.6998038734984062 16.1941652365775930 23.2148810983084104 26.3584211816621732 26.6309144398136795 24.7348614856582500 21.2967639127237085 17.8336602108359905 14.0345672959058589 8.8557244422652612 4.3134346653591571 2.2235842118166218
873.7796208530805870 946.9881516587677197 1015.7867298578198643 1078.2606635071090295 1135.2464454976302477 1182.3104265402844248 1220.5687203791469528 1248.7559241706160265 1264.0663507109004513 1266.1706161137440176 1257.4526066350711062 1240.1469194312796844 1216.6966824644550798 1187.7962085308056430 1153.5758293838862301 1114.6587677725117373 1073.1611374407582389 1027.9573459715638819 979.2819905213269749 928.2345971563980811 873.3720379146919868 817.0971563981042891 759.7132701421801357 701.6113744075829572
