-776.2812805360383663 -776.9973942580614903 -777.9951142338653653 -778.5786143036619933 -778.8939090782188259 -778.5096086733981338 -776.7372853752733590 -774.1447117397980264 -772.5609324833651499 -771.8576148155041210 -771.4407891675584779 -771.0574659159648263 -770.6484109627285761 -769.8195523707598795 -768.5738215997394036 -767.1305662835605972 -765.8903261830533893 -764.8080591875668688 -762.6762830952491186 -759.7135545111907504 -756.7356567865617762 -754.1982690428551450 -752.8268577544088203 -753.8946535759155267
420.0542202800032214 426.7899975722262411 429.8826576029780426 430.8602411588573204 430.8532815408270835 429.6634296350246700 427.4794043861778619 424.9377680666828496 422.5134741442097379 421.2081411345795914 420.2524884680747732 420.1968115238326504 420.4361090879663152 421.3553451484988273 422.6708748078012263 423.9905316824471697 425.1855628388767627 425.5409889131666432 424.9962774136117218 423.6287124706644249 421.1169377680666912 418.0563243505705486 414.4680747754309209 410.2310431334466330
-558.4179278230500358 -549.3228005987027700 -543.7247630134708061 -541.6853484117744983 -540.7518709462830202 -540.6878430068185253 -540.9705637784799137 -541.6805255280225992 -544.9166805255280224 -550.8967237651754658 -558.3419258273739842 -567.6900049891901290 -580.8754365541327616 -598.6299684017960772 -619.2965241975718982 -642.2497921170796644 -667.5646100116414345 -694.6432729086977815 -720.8435057375686483 -743.7257608514884168 -764.4230833194744719 -779.7979378014301801 -786.4967570264426513 -784.8807583568933524
-310.0973949777047665 -307.7338652898380928 -329.4839239615113797 -376.9934287725885724 -448.3848861769537848 -534.1269655010561337 -622.9697254165688491 -701.6913869983571885 -760.3841821168739443 -797.2018305562074829 -810.7735273409997490 -804.3581318939216089 -792.5132597981694289 -783.3623562544004244 -772.8345458812485731 -762.7676601736681050 -751.6622858483923437 -741.2215442384416519 -734.3726824689040313 -730.8629429711335206 -727.9131659234921017 -722.8371274348744464 -718.1900962215441950 -714.3773762027692555
-18.0430139720558884 -19.4559880239520950 -20.9652694610778454 -19.7765469061876260 -17.6876247504990012 -13.6109780439121764 -12.3368263473053901 -13.0224550898203599 -15.3223552894211572 -16.5566866267465080 -17.8489021956087832 -16.2514970059880248 -14.1572854291417158 -12.2556886227544908 -12.9414171656686623 -14.9418163672654689 -16.1164670658682638 -16.6996007984031927 -18.5380239520958092 -17.6787425149700610 -14.7441117764471059 -10.7906187624750505 -8.1496007984031937 -7.6498003992015970
-820.0047620456091408 -819.3834777721908722 -820.0444851962495250 -821.6744653790410666 -823.8913307107575292 -825.7782543109823337 -827.2197343902511193 -827.5904049217664351 -827.0334526309562762 -826.4687805022331304 -825.9592711999763424 -825.4442012481883921 -825.3123724452068473 -825.4568605992486710 -825.2312402023129607 -824.7605962909284472 -824.6878937561004932 -824.7833712916678905 -825.0691531840634525 -825.1512319204945243 -825.1721139341595972 -824.9539471738294196 -824.7192167765979320 -825.4532816705610685
926.4146500981033796 937.1663396555483132 945.1059516023544802 949.9014606496621127 951.6367996511880847 951.2718552430782211 950.5927621539132133 950.2485284499673526 949.9744931327664972 950.1927185524307333 950.3952474384128664 950.1266623065183694 950.0089383039023687 950.5129714410289807 951.3518639633747398 952.4192282537605934 952.8136036625245424 950.9374318726836464 947.9967298888162759 945.7370830608240340 943.7878787878787534 942.0364072378461060 938.4528013952474339 929.3222149553084819
481.0473846153846011 506.7852307692307932 519.3821538461538694 524.8464615384615399 531.0366153846154020 545.3415384615384482 558.5963076923077324 588.7907692307692287 623.9055384615384128 649.7295384615384819 667.1935384615384237 683.6996923076923167 700.6753846153845871 717.2907692307692287 732.7473846153845898 747.8830769230769420 761.1092307692307486 773.8055384615385037 785.2236923076923176 793.9249230769230508 798.5713846153846589 798.9975384615385110 795.9356923076923067 789.9190769230768865
31.2075471698113205 46.1422082459818341 40.9870719776380170 13.0527603074772891 -34.3116701607267629 -93.8518518518518476 -157.4716981132075375 -219.0209643605870156 -271.4157931516422195 -310.8798043326345351 -334.7515723270440162 -349.3735150244584133 -358.6271837875611368 -361.9154437456324445 -361.7596086652690701 -359.9360587002096281 -350.7624039133473275 -338.3899371069182394 -326.3707197763801560 -315.1589797344514068 -309.1960167714884733 -311.2770789657582213 -317.3693221523409989 -327.6974143955276304
-506.0557313778463708 -505.0724044770358887 -506.1858741798533288 -508.5685835584716301 -510.0857583944422800 -511.9334619837900391 -512.5983790042454302 -513.1256657661134568 -513.1817059050559919 -513.1140100347356565 -513.3179467387109298 -513.6293323041296617 -514.4639907371671370 -515.3866460825936429 -517.2896179081435548 -520.3354689309146579 -523.5715167888846509 -526.3024314936318433 -528.4630644538788147 -529.9231956773446655 -530.5935932072559353 -530.0955615592434924 -529.4671555384021531 -529.4552682362021869
-1005.8621999186219682 -1028.1627560016274856 -1030.7235860572359343 -1011.2118540621185048 -974.3845110538451308 -933.5729011257290040 -897.7466431574664512 -867.8360233283602838 -844.0503187305031361 -826.9249966092500017 -815.3291740132917766 -808.7962837379628809 -804.6804557168045449 -803.2313847823138531 -802.1421402414214299 -800.9898277498982679 -800.5045436050454555 -800.7646819476468636 -801.1874406618744615 -802.5855147158551972 -806.8072697680727288 -812.3611826936117950 -819.0827343008273829 -827.7653600976535699
-291.3766467065868255 -252.2467065868263489 -246.5790419161676539 -284.0508982035927943 -377.0239520958083972 -535.3724550898203915 -766.8185628742514837 -1020.6802395209581391 -1226.6604790419162327 -1323.2449101796407831 -1305.2838323353294072 -1219.8467065868262580 -1114.3610778443114668 -1013.3083832335329362 -934.4197604790418836 -890.0413173652694923 -883.3556886227545419 -899.0305389221556425 -921.4005988023951659 -939.0940119760479092 -944.6844311377245731 -936.3497005988024284 -917.1826347305388936 -897.7449101796406694
-688.9835965978128343 -691.5291616038882694 -689.3669501822599841 -676.5923450789792923 -654.6287970838395722 -630.1895504252734099 -603.6561360874848106 -573.1622114216281716 -534.4277035236938218 -492.0224787363304699 -432.4556500607533280 -373.6901579586877347 -322.4295261239367960 -302.7156743620899420 -318.2199270959902719 -374.9198055893074297 -486.7387606318347366 -652.6239368165248607 -837.6397326852976448 -999.6002430133656844 -1100.5577156743620435 -1135.7041312272174309 -1108.9914945321993400 -1048.4106925880923882
-470.6681304893349989 -432.7540777917189416 -458.5853199498117760 -531.7835633626098115 -637.6110414052698161 -770.3776662484316375 -934.5338770388958665 -1104.9805520702634567 -1262.5382685069009767 -1349.0445420326223029 -1331.2766624843161480 -1297.0589711417817398 -1260.1499372647426753 -1137.3575909661228707 -930.1593475533250057 -716.7547051442910515 -547.7377666248431751 -433.8920953575909607 -390.6856963613550988 -426.1060225846925960 -517.6072772898369294 -636.8751568381430843 -772.8055207026349080 -918.3186951066498978
-1180.6104880266748296 -1116.6226129130038771 -959.6647468929978686 -793.2361321612610254 -666.6356471658077680 -588.8044862079417499 -564.2673537435586013 -588.9433161564110151 -647.2955441042739722 -731.4771142770536017 -850.7862988784480649 -982.2628069111851801 -1080.5419824189148130 -1154.6223097908457476 -1133.2300697180965017 -1033.9111852076387095 -1033.5077296150348047 -1071.9745377387087046 -988.0278872385571276 -826.5786602000606536 -679.6468626856623132 -583.8832979690815819 -543.1806608063048998 -556.4031524704455478
-9.0910404624277454 -7.0553949903660884 -21.6021194605009619 -45.8916184971098247 -66.8179190751445020 -99.2336223506743806 -144.6488439306358487 -189.5081888246628239 -212.6522157996146518 -189.4214836223506779 -119.0260115606936466 -24.2736030828516363 88.8665703275529921 194.9499036608863207 280.3468208092485270 340.9913294797688081 387.9070327552986441 421.2803468208092568 441.3212909441232910 453.9768786127167459 457.9816955684007667 455.7013487475915099 447.3959537572254135 429.9311175337186910
-837.3580398162328038 -960.5405819295558558 -1137.0796324655436820 -1297.9212863705972723 -1354.2339969372128508 -1279.4980091883614932 -1136.2790199081164246 -1001.9886676875956937 -912.1433384379785139 -862.6502297090352158 -840.7056661562021418 -839.0796324655436820 -854.0600306278713560 -877.2980091883614477 -900.3941807044410552 -920.5693721286370419 -929.4398162327718182 -925.3292496171516177 -915.2104134762633976 -903.3926493108729119 -899.4906584992343141 -908.3169984686064709 -921.2719754977028970 -929.2894333843797767
-927.6752815477909735 -931.1087207623447739 -932.2639330060641214 -931.9205890846087641 -931.2217730291654334 -931.1699393589373130 -933.0591972278371031 -937.0072191741264760 -941.6114640485128575 -946.7408316488593982 -951.4224660698815796 -954.4051400519780373 -955.4628934449898452 -953.1859659254980670 -946.4774761767254176 -931.5324862835691420 -905.6023678891134523 -870.2972855905284177 -826.1126191163731391 -776.1739820964481851 -726.7899220329194350 -687.0044758879583924 -663.3359803638463745 -660.5150158821830928
-1099.9231257941551121 -1180.4351969504448334 -1246.3284625158830750 -1288.1022871664549712 -1315.9396442185513934 -1327.4021601016518161 -1323.7954256670902851 -1309.6156289707751057 -1290.4574332909783152 -1256.2935196950445516 -1207.9701397712833568 -1145.1315120711562940 -1064.9294790343074055 -976.5082592121982543 -881.0463786531130381 -780.1372299872934946 -680.8818297331639542 -598.1321473951715006 -549.3392630241422694 -535.1035578144853844 -555.8437102922490567 -600.1137229987293722 -650.8170266836086739 -700.1931385006353139
905.8470290771175542 909.4892541087231166 937.0922882427307741 947.3754740834386894 959.4450063211124871 970.9772439949431373 979.1175726927939422 984.9469026548672446 982.2452591656131062 955.5701643489254593 888.3640960809102580 769.7635903919090197 659.6852085967129824 571.0227560050568627 475.3286978508217544 351.2566371681415944 341.0771175726927709 416.4007585335019144 521.3021491782553767 641.9001264222503096 730.1643489254108772 791.9228824273071723 782.3729456384323839 778.4450063211124871
-763.7680206621272418 -757.4207560460201876 -749.5564686546138091 -742.2733035923926082 -734.2876262033340709 -731.0009391876027394 -732.1242075604601496 -737.0864052594505438 -742.3254285043437903 -748.9917821084761727 -755.9258041793848406 -761.3618220239492302 -770.0363935196055536 -780.7997182437192123 -790.6398215543555352 -794.4524536276121580 -779.1408781404085175 -740.3968067621507316 -677.7703686311340334 -597.6898332942005254 -513.2376144634890807 -437.6205682084996624 -385.5311105893402441 -366.2681380605775985
-167.1254266211604147 -168.5315699658703181 -187.2807167235494887 -228.7713310580204791 -285.7141638225256202 -329.5298634812286878 -346.6322525597269646 -353.4889078498293316 -368.9658703071672221 -399.8677474402730354 -463.0656996587030676 -576.6740614334471502 -750.9752559726962318 -984.5452218430034463 -1225.5051194539248627 -1384.8805460750852490 -1411.8233788395905322 -1330.1655290102389699 -1205.3959044368600644 -1081.3694539249147510 -966.2073378839590987 -880.1663822525597425 -828.6851535836177618 -807.4633105802047339
-198.7190635451505045 66.4782608695652186 158.2976588628762613 4.7993311036789299 -319.8428093645484864 -724.5284280936455161 -1098.2408026755852006 -1360.4682274247491023 -1501.8762541806020181 -1541.0234113712374437 -1544.2474916387959638 -1556.5384615384614335 -1590.7959866220735421 -1592.9698996655517931 -1516.2107023411372211 -1362.4147157190634516 -1148.4147157190634516 -887.9297658862876688 -578.1973244147156947 -235.7558528428093609 49.7993311036789308 149.4983277591973376 13.7859531772575252 -351.0267558528428253
-879.7827661115134106 -911.2230267921795530 -943.1535119478638762 -975.3461259956553704 -1006.2490948587980029 -1029.7661115133960266 -1035.4308472121651903 -1014.8928312816799462 -960.7190441708906974 -872.8747284576394350 -755.6379435191889797 -617.6871832005792839 -477.3540912382331385 -346.7328023171614859 -240.3801593048515599 -168.4866039102099933 -138.0383779869659691 -143.1969587255611884 -182.2737146994931265 -242.5836350470673324 -309.0593772628529905 -360.7306299782766246 -386.8580738595221078 -390.6328747284576366
-1156.8037245773095947 -1203.3398676794902258 -1171.8108306787551101 -1114.4425385934819133 -1122.9720656701788357 -1130.8350894388629513 -1034.6079392305807687 -874.3597157559421476 -725.5961774074982031 -622.5371232541043582 -569.5187454055378566 -567.5954422935554931 -609.5172751776525502 -676.1683410928693547 -758.1580494976720956 -866.4520950747365760 -985.3263905905415641 -1093.1384464592010772 -1183.4881156579269827 -1201.2322960058809258 -1155.2857142857142208 -1160.0294045577063571 -1173.4182798333740720 -1105.2619456015681862
-966.5856087375522065 -940.2248634757468153 -925.3371345968519108 -916.6782846129135578 -899.4911660777385123 -871.3866045615162648 -845.8935110825569836 -829.1702537744940855 -818.5645679408930846 -810.7876646321875569 -806.1077738515900819 -806.0261805332477252 -812.9980725987793448 -834.5560552521683348 -879.0700289110183121 -950.8625120462576206 -1051.7393189849019564 -1153.0981368454865787 -1199.1663989720527752 -1163.4675554127850319 -1089.7438162544169700 -1021.0178284612914013 -968.8358496627047316 -929.4174429810472020
-223.1201820128479767 -209.0008029978586706 -175.1474839400428323 -144.5864561027837283 -114.5819057815845810 -84.2210920770877891 -55.1675588865096387 -16.7641862955032117 26.6180406852248410 64.9692184154175578 100.1753211991434682 128.7649892933618787 150.0722698072805201 170.3385974304068498 187.7055674518201158 193.5939507494646818 194.1833511777302022 193.5404175588865030 188.5299785867237574 183.3174518201284684 178.9041755888650869 171.8490364025695953 164.0548715203426013 158.3466274089935837
126.4049232964680698 151.6782019265073131 198.8366036389582518 240.9664645023189564 277.2736353906528848 316.4748483767392031 360.7199429183017969 399.9347128077060347 432.5119514805565473 461.9914377452729468 490.1876560827684557 515.0053514092044225 535.2561541205850517 551.8676418123438907 566.7363539065287341 579.7731002497324653 590.8833392793435451 600.3660363895826322 608.9279343560471034 616.0024973242954047 621.3392793435605199 623.4249018908312792 619.6075633250088686 612.0142704245450886
-886.4593867670790814 -877.8041958041958424 -804.1619150080688314 -680.6008606777837713 -539.5567509413663174 -411.3776223776224015 -305.6256051640667124 -238.7681549220010879 -219.1538461538461604 -245.4497041420118251 -308.1559978483055602 -391.2996234534696214 -476.3813878429263013 -546.9123184507799351 -599.6928456159225789 -625.8058095750403709 -631.9472834857450607 -626.7283485745024336 -621.5917159763313293 -617.8929532006454792 -612.5642818719742309 -606.0855298547605798 -596.4959655728886219 -586.8698224852071235
521.3462056578356396 530.3740458015266768 537.4692411315671734 545.5312079030085215 544.9577907498877494 534.7831162999550543 514.1823080377189399 479.4418500224517175 431.0435563538392216 368.2406825325550130 297.8051189941625694 215.3969465648854964 146.4077233947013781 89.8370004490345764 46.1683879658733716 6.9043556353839248 -23.2851369555455783 -45.6448136506511020 -60.7256398742703212 -73.6731028289178198 -87.5913785361472890 -99.5990121239335480 -111.8787606645711747 -120.9079479119892255
-251.4968715083798827 -249.4082681564245831 -246.8442458100558667 -244.5327374301676002 -240.9855865921787768 -237.4551955307262574 -234.6068156424580877 -232.8537430167597790 -231.9429050279329658 -230.0622346368714943 -229.3646927374301754 -228.2634636871508462 -227.9872625698324100 -228.3052513966480319 -228.6823463687150877 -229.9191061452513907 -231.6532960893854636 -231.9475977653631276 -233.0906145251396708 -234.4526256983240273 -236.1570949720670285 -238.7387709497206743 -242.1935195530726332 -245.3881564245810125
642.8642440863901584 644.5275968460747436 643.8563592732259622 643.4425779910867504 643.1597531710661997 642.6184436064449983 638.6942063764141722 629.1179293794995147 614.4477202605417006 594.5855330819334768 569.2152896811793426 534.2108330476517040 493.1559821734658726 450.5505656496400206 402.6205005142269329 358.3582447720260689 309.8148782996228761 260.5255399382927521 214.8635584504628184 174.3215632499143055 140.7089475488515689 113.3572163181350732 92.5111415838189970 77.9472060335961601
205.5841889117043024 201.3254620123203154 175.3963039014373635 134.5882956878850223 74.8316221765913809 -3.4425051334702257 -103.1694045174537990 -228.1950718685831703 -372.9712525667351315 -530.9856262833675373 -696.0112936344969512 -843.1375770020533764 -953.8952772073921551 -1006.6765913757700446 -1012.4876796714579541 -987.2012320328542501 -953.7679671457905215 -916.6570841889116537 -884.1642710472278850 -857.0965092402464052 -837.5277207392197170 -824.1591375770020704 -820.1149897330595877 -818.8367556468172097
-776.4483793517406411 -759.6680672268907983 -736.1356542617046443 -706.9279711884753397 -662.6020408163265074 -606.3535414165665998 -543.1794717887154320 -471.1548619447779060 -404.8379351740696279 -357.3469387755101820 -339.1662665066026534 -361.3199279711884628 -427.7503001200479957 -552.1194477791116242 -727.4285714285714448 -911.8577430972388811 -1066.2058823529412166 -1144.1002400960383056 -1146.8499399759903099 -1099.4885954381752526 -1034.9375750300121126 -960.7208883553421401 -891.0276110444177675 -827.2575030012004618
153.7960893854748576 155.3504316912138279 154.0835449466734417 155.4664804469273633 155.9497206703910592 158.8974098527171179 162.3720162519045118 174.1693753174200197 190.4311833417978619 209.8405281868969041 232.6488065007618218 256.5462163534789397 282.2219400711020967 307.9098527171153137 334.9753682072117726 362.4535297105129530 389.3006602336211017 414.2788217369222821 433.9304215337734831 447.8450990350431766 454.5678009141696521 453.5670391061452733 445.6165566277298353 430.0576434738445641
-703.1492011914432396 -660.5388572975900843 -605.8651502843216576 -552.2350392634714353 -505.4365014893040779 -472.6317357162198505 -459.3113999458435046 -470.1118331979420759 -507.7879772542648311 -576.2523693474140600 -670.2228540481993377 -776.0105605199024694 -874.5537503384781530 -944.0395342539940202 -953.1567831031682090 -925.7424857839155266 -902.8061196858922131 -879.5626861630111080 -841.6956404007581796 -795.0641754670999717 -752.2282696994313937 -720.6601678851882298 -702.8475494178175040 -697.0235580828594948
-835.6048824593128757 -873.7513562386980084 -925.7820976491863121 -990.5491259795056749 -1069.9118444846292277 -1148.4339963833633647 -1187.9249547920433088 -1163.6680229053647508 -1099.7441229656419637 -1032.4162145871007397 -978.1971066907775594 -932.7989752863170452 -891.9293248945148207 -858.7154912597950442 -836.6989150090415706 -826.5459614225436553 -824.8773357444243857 -828.8360458107293880 -836.4790536467751281 -845.6017179023508561 -855.4098854731765869 -867.8178119349005328 -885.3786919831223940 -911.4275165762508095
-1145.0464820120980676 -1164.9824896529767102 -1091.7558102515122300 -927.6045845272205952 -752.8627825533269515 -621.9328239414198833 -545.6985036612543354 -526.1136580706781842 -559.8032473734479026 -626.3941419929958556 -707.6889525628780575 -810.8615090735434023 -941.2438713785418258 -1062.0299267749123828 -1168.2747532632920411 -1226.4654568608723366 -1175.5873925501432495 -1155.6841770136898049 -1214.0920089143585301 -1181.5663801337154837 -1030.1088825214899316 -852.0936007640879097 -707.1349888570518942 -613.6157274753263664
-1348.0309810671255946 -1533.0275387263338871 -1640.8072289156625629 -1647.4440619621343558 -1569.2857142857142208 -1402.8709122203097195 -1135.1600688468158751 -796.3734939759036706 -431.5697074010327015 -98.2048192771084274 89.7676419965576571 76.2616179001721122 -171.4784853700516294 -579.4991394148020163 -1026.0516351118760667 -1351.3459552495696698 -1548.1772805507746398 -1620.5662650602409940 -1600.0309810671255946 -1535.5129087779689598 -1440.0671256454388640 -1296.8623063683305645 -1107.8089500860585304 -900.3838209982787930
-309.0148911798396512 -352.4788087056128347 -473.9621993127148016 -693.6809851088202095 -972.7697594501718186 -1220.1145475372279634 -1328.4421534936998341 -1295.6695303550973222 -1179.2743413516609507 -1050.5103092783504053 -941.0263459335624248 -858.6386025200457652 -815.2434135166093938 -810.7812142038945922 -840.1019473081328215 -883.7262313860252334 -925.0320733104238116 -951.6884306987399214 -952.2709049255440732 -927.0211912943872221 -891.3024054982818143 -859.5126002290950282 -833.3694158075601308 -819.0114547537227736
403.8772222222222013 413.3494444444444298 417.0190740740740694 414.0801851851852007 401.8001851851851711 383.2440740740740921 362.3570370370370597 339.5385185185185151 316.2701851851851984 293.9312962962962956 275.2129629629629903 260.8450000000000273 251.0474074074074053 244.3314814814814895 239.8892592592592621 237.5261111111111063 233.6072222222222194 225.5462962962963047 211.9020370370370472 195.3198148148148050 175.9042592592592484 158.6059259259259306 147.4409259259259386 145.1814814814814838
-111.0114530425256447 -110.9390498954287381 -111.1873319390498978 -112.4313315406832032 -114.5357036151777663 -117.8618663479733044 -121.2785579125585116 -125.3186933572353325 -128.4973608206354072 -131.7269196295189602 -133.2090429240115554 -133.4078279055870837 -131.5796235434717687 -130.1304650931182039 -128.8914450751917116 -128.0510905288317929 -128.5458619659396504 -128.8253162035653929 -126.8883577332935033 -126.0519868538990096 -123.3571357434518490 -122.4569266009361570 -122.0117518175480598 -123.7855791255851017
971.0391389432485312 966.0567514677103418 943.8610567514676859 893.2700587084149220 821.8121330724070503 754.9647749510762651 618.7729941291585192 422.6868884540117506 172.6594911937377788 104.1252446183952998 241.0821917808219155 419.8806262230919515 589.8590998043052878 706.0645792563600480 814.4129158512720323 840.3835616438356055 844.9138943248532314 841.9921722113502938 831.7162426614481774 813.3776908023482974 789.9804305283756776 765.7984344422700360 739.8101761252446522 716.2093933463796702
-157.8382701421801073 -148.6448459715639672 -158.8359004739336626 -188.7778436018957393 -237.1605450236966703 -301.0539099526066593 -371.9220971563980811 -438.3593009478673252 -494.6726895734597065 -540.1167061611374720 -571.2425947867299101 -587.7953199052133186 -593.4256516587677197 -593.3021327014217832 -589.7322274881516933 -584.0077014218009026 -577.7067535545023702 -569.9232819905213319 -562.3436018957346505 -554.8548578199051917 -550.6800947867299101 -548.0562796208530472 -547.7005331753554174 -551.7399289099525959
-149.7402015677491534 -156.5867861142217237 -164.6494960806271024 -155.1366181410974150 -134.7021276595744723 -123.7200447928331499 -80.3359462486002229 10.6315789473684212 141.7469204927211592 276.6181410974244272 400.3930571108622871 520.0873460246360764 631.6427771556550397 720.6808510638297776 781.3784994400896267 813.0380739081747379 820.1646136618140872 813.2228443449048427 803.1433370660694209 791.2721164613661813 782.7558790593504909 774.6159014557671298 768.2765957446808898 758.4602463605823459
688.9890501655207800 695.4933791698497316 692.6448943213648590 690.7859689330277888 689.0536032594856124 687.6555895085307384 688.1688311688311614 687.4418130888718679 688.8666921313980538 688.0411255411255524 684.3706391647567671 681.9923605805959141 679.0875986758339877 676.9427043544690150 675.3712757830404598 674.0628978864273222 672.4882862235803032 669.3722943722943910 666.8048128342245491 663.7654698242934046 661.0562770562770538 659.2477718360071322 657.4848484848484986 655.3209829386299816
-844.8649572649572974 -878.5424501424500932 -915.5413105413105086 -956.5737891737891232 -1002.1042735042734648 -1048.5441595441595837 -1088.1418803418803236 -1122.1692307692308077 -1144.0849002849001863 -1160.8450142450142266 -1176.6301994301993545 -1191.8877492877493296 -1206.6131054131053588 -1220.6980056980057725 -1233.4757834757833734 -1247.5418803418804146 -1263.2404558404557520 -1273.0347578347577837 -1276.0273504273504841 -1273.6706552706552884 -1257.1099715099715013 -1225.7658119658119631 -1174.8096866096866506 -1104.7999999999999545
2.7333333333333334 -68.3303703703703746 33.1777777777777771 214.7777777777777715 409.8459259259259397 608.5644444444444616 776.8192592592592973 870.5437037037037271 936.9659259259259443 960.6177777777777465 954.1955555555555293 924.8651851851851688 890.6637037037037317 863.6770370370370529 845.7925925925925412 839.3777777777777374 839.5837037037036907 838.9851851851851734 833.6859259259259716 823.4014814814814827 812.0488888888888823 798.2740740740740648 789.2266666666666879 773.4459259259259625
-659.4049693449500182 -644.8425298483381312 -643.2520167796063788 -654.7552436269764939 -678.2437883188125625 -711.5924491771538669 -751.2255566311713437 -793.4514359470797444 -836.5800258147789918 -875.9938689899968267 -907.5674411100354746 -930.6077767021620275 -945.5785737334624628 -955.2891255243627029 -959.9383672152307554 -959.8830267828332126 -960.1053565666344412 -960.6915133914166063 -958.6971603743143078 -951.1506937721845816 -938.1243949661180750 -922.2328170377541028 -907.3928686673120865 -893.3770571151984541
-921.8012147078135285 -904.7818450426789241 -881.2971109652003179 -856.9184175968483714 -839.5347997373604585 -829.0305318450426739 -823.2092908732764727 -821.3957649376230847 -823.9973736047274997 -833.9292514773472931 -858.0152659225213938 -902.0602429415627057 -974.0792843072882761 -1074.2293171372291454 -1170.2990807616545226 -1211.8192711753119966 -1171.9328627708471231 -1094.6713722915299059 -1027.1406762967826580 -984.4597833223899670 -948.4198949441890818 -907.2780695994747475 -866.1713722915299059 -835.2631319763623878
-634.5331485823918456 -668.3069707951395912 -723.6201236410147430 -804.1600937966318270 -909.4350884672777511 -1015.1790662971648089 -1105.8748667661479885 -1157.8575996589213446 -1119.2779791089319588 -1062.0769558729482469 -1094.7395011724579490 -1133.6932423790235589 -1060.5237689192069865 -907.9157962054998734 -759.6393093157109888 -653.4353016414410149 -595.3372415263270341 -585.1995310168407514 -615.3843530164143658 -671.2988701769345425 -747.6795992325729685 -851.7855467917288479 -956.8561074397782704 -1035.0087401406949539
-840.8501492537313879 -858.2955223880596805 -878.1665671641791278 -895.7325373134328856 -910.7964179104477580 -919.6065671641790686 -925.9958208955223427 -933.8495522388059271 -948.3868656716417718 -966.6041791044775664 -989.0214925373134065 -1015.9940298507463012 -1046.1976119402984295 -1068.8017910447761096 -1070.8746268656716438 -1037.6817910447762188 -954.1211940298506988 -827.2346268656716575 -681.9623880597015386 -537.1838805970148769 -411.4382089552238995 -319.5170149253731324 -268.1749253731343288 -262.6202985074626781
-928.2322503008423382 -961.5348977135980704 -981.5547533092659478 -982.2773766546329171 -948.2262334536702610 -869.4554753309265607 -754.4602888086642452 -617.9157641395908058 -485.6696750902527242 -372.5385078219013053 -289.9518652226233257 -244.1305655836341657 -231.1630565583634223 -249.8194945848375426 -294.1714801444043133 -353.3965102286401816 -420.7196149217809875 -482.9831528279181612 -527.3273164861612941 -548.5842358604091942 -548.6137184115523269 -530.1750902527076050 -509.9247894103489784 -502.2274368231047106
-790.6958463599821698 -799.9732023224653403 -807.4957570343904081 -811.3063867798124420 -808.8977221974095073 -799.5891022778025672 -785.8615453327378191 -766.4470745868691210 -740.4006252791424458 -706.4113443501563552 -665.1272889682894629 -614.8043769539973482 -555.1813309513175909 -491.6409111210361971 -423.4528807503349981 -352.7186243858865282 -276.1036176864671461 -199.0451094238499365 -117.9459580169718578 -35.1174631531933912 36.4385886556498448 86.7570343903528425 117.6806610093791932 120.4698526127735647
-866.0597381342062135 -886.5653027823240109 -909.4875613747954048 -933.2955810147299189 -949.9540098199672684 -957.2988543371521928 -955.5237315875614286 -944.8929623567921681 -926.6137479541735047 -904.5995090016366476 -881.2729950900163658 -850.9417348608837983 -812.9937806873977024 -768.3258592471358952 -720.9834697217676194 -676.9445171849426970 -638.7769230769230262 -608.3990180032733406 -587.5029459901800237 -575.3484451718494483 -572.1643207855973969 -580.3224222585924963 -598.4003273322422274 -622.3353518821603529
-145.6137931034482733 5.4517241379310342 1.0586206896551724 -171.9482758620689538 -481.1517241379310121 -875.3448275862068613 -1258.5137931034482790 -1527.5793103448274906 -1681.1931034482759060 -1742.6517241379310690 -1740.9103448275861865 -1638.3068965517240940 -1363.9793103448275815 -965.5275862068965580 -535.6034482758620925 -154.9172413793103544 135.5551724137931160 288.6999999999999886 191.1172413793103431 -172.3344827586206804 -671.7620689655171873 -1134.9862068965517210 -1467.4793103448275815 -1611.7551724137931615
-1036.6120290812955318 -1076.2617316589557959 -1112.8261731658956251 -1137.8017184401851409 -1157.2881692002642922 -1178.3707865168539684 -1200.7369464639789385 -1222.5525446133508467 -1245.1652346331791250 -1264.3654990085922236 -1285.7713152676801656 -1303.8618638466623452 -1310.2623925974885424 -1299.2656972901520476 -1271.5783212161268239 -1221.2868473231990265 -1152.5201586252478592 -1072.2610707204230494 -988.2795769993390422 -900.9220092531394357 -815.8043621943158996 -738.5459352280238363 -682.4851288830138856 -657.9114342366159462
-342.9391168016723555 -334.4813169584530783 -326.0175071857852345 -314.1429318003658295 -302.9391168016723555 -288.6684086752024996 -276.4494382022471655 -268.5764306245100670 -262.6898353801933581 -261.5568330284818330 -266.4280114972563638 -277.0472955317480910 -294.7786778155212914 -321.6145806114449783 -356.0616671021688262 -397.7705774758296116 -445.9924222628690700 -498.2639142931800507 -549.1964985628429758 -593.6882675725111085 -629.0729030572249485 -654.8280637575123819 -669.6407107394826426 -675.2963156519466565
-1171.8198271204753382 -1148.0967044840626841 -1163.0137763371151323 -1182.4181523500810727 -1091.0907617504051359 -917.8325229605618460 -746.6745002701242129 -620.6626148028093439 -549.2190707725553693 -534.0750945434899677 -570.6877363587250329 -640.6580226904376332 -729.0756347920042799 -845.4354403025391775 -980.0621285791463606 -1094.1925985953539566 -1186.0332252836303724 -1199.7525661804429546 -1124.8236088600756375 -1115.4257158292814438 -1153.1688276607239914 -1092.0586169638033880 -950.0035116153430863 -805.1401944894651024
-64.4108527131783006 -49.7844961240310084 -36.7961240310077500 -25.8872093023255800 -23.7348837209302310 -25.4968992248062030 -35.6352713178294564 -49.6116279069767430 -67.0821705426356658 -89.1562015503875926 -116.6732558139534888 -152.0248062015503763 -187.6736434108527192 -198.4996124031007696 -176.5534883720930281 -118.1965116279069719 -33.2158914728682149 63.0744186046511643 161.0410852713178258 241.5468992248061966 301.5131782945736632 339.1344961240309885 356.8596899224806407 351.2906976744185954
-506.2522522522522763 -643.2635135135135442 -838.4909909909910084 -1071.7972972972972912 -1293.8783783783783292 -1479.1081081081081265 -1625.1238738738738903 -1691.3761261261261097 -1679.5382882882881859 -1576.2184684684684726 -1340.0788288288288186 -1015.1599099099098567 -647.4099099099098567 -257.8355855855855907 78.3783783783783718 221.2522522522522479 104.6756756756756772 -286.0315315315315274 -822.3040540540540633 -1298.7680180180179832 -1577.0337837837837469 -1673.5045045045044390 -1650.6103603603603460 -1532.3468468468468018
-775.5153558052434164 -816.2767790262172412 -871.5260299625467724 -927.9780898876404081 -972.7681647940074754 -981.4822097378277022 -950.0440074906366590 -915.4898876404494104 -903.4161048689138624 -894.3153558052434846 -845.8073033707864852 -763.8374531835205516 -681.2726591760299470 -619.0571161048688964 -586.0421348314606576 -579.9514981273408694 -593.9563670411985186 -624.3458801498127286 -674.1529962546816250 -749.9331460674156915 -841.5895131086142555 -934.2052434456928722 -1007.1346441947565609 -1031.7292134831461681
-913.7522343594836229 -906.6621979476993829 -897.4644157563720910 -889.0870572658060382 -882.6107249255213674 -876.8382985766302227 -870.1338960609069773 -862.0095994703740416 -855.6982787156570112 -852.2906322409797895 -848.2148295266467812 -843.8220787818603412 -838.6739490235021321 -832.9786494538232091 -828.1774246938100532 -829.9432307183052444 -843.2048990400529647 -874.1281032770606316 -930.2080436941409971 -1017.4955312810327541 -1115.7932803707381026 -1189.2580271433300823 -1201.6191658391260262 -1147.8047004303211907
826.8498395231545146 831.6088950022925701 835.9174690508940557 839.3854883081155549 841.7524071526822809 842.6276937184777580 843.1123337918386369 843.5785190279688095 844.9591930307198027 845.6648326455754159 847.1225355341586010 849.7132049518569374 851.6947501146263448 852.7799174690509290 853.8218707015130349 856.0627005960568567 856.0710683172856079 854.2023154516276691 851.9313388353965593 850.1525676295277663 848.6185236130215799 843.5402338376891294 839.5311783585510739 835.8329894543787759
-721.5972922750198677 -810.3562516591451867 -930.9946907353331653 -1059.3809397398460987 -1174.9246084417309248 -1238.8895672949297477 -1198.7557738253251500 -1133.2962569684098071 -1153.2367932041411223 -1153.7448898327581901 -1042.9487655959649146 -874.8940801698964833 -724.6379081497212837 -618.7868330236261727 -563.5402176798513665 -560.2513936819750597 -605.6052561720201766 -679.3870453942129188 -776.3355455269445429 -899.0374303159012470 -1019.3241306079107744 -1111.2431643217414603 -1179.2556410937086184 -1170.1367135651712488
-803.0825046040515645 -734.4031307550644669 -680.9121546961325748 -648.4261510128912960 -637.7029465930017977 -646.1731123388582319 -675.4432780847145068 -731.7077348066297873 -816.8865561694291273 -912.3895027624309932 -1000.1327808471454546 -1055.9082872928177039 -1033.8495395948434634 -956.5659300184162248 -931.6064456721915121 -945.5324125230202981 -915.3784530386740244 -835.3360957642726135 -746.1156537753222437 -677.2756906077347594 -638.1828729281768346 -629.6793738489870975 -645.1911602209944476 -671.5453038674032769
-657.1965716829919302 -617.4639358860196126 -614.8601959038289806 -645.5638913624220550 -698.2807212822796146 -768.6211041852182007 -859.7264024933214159 -966.8176758682101308 -1070.5725734639358961 -1157.6491540516474288 -1193.5264915405164174 -1145.4138468388246110 -1114.2860641139805011 -1151.8871326803205193 -1142.5033392698130683 -1032.4439002671415437 -884.2497773820124394 -758.2382012466607648 -673.8755565449688447 -633.1961264470169226 -632.7660284951024323 -662.3087711487088427 -710.9283170080142327 -776.0431878895815316
-688.7297494526878836 -685.0321089759182769 -675.8280223789831780 -662.7397226952080018 -646.3986864509851102 -626.4042811967891566 -605.3972269520797909 -583.6645585015811548 -558.1427876429092976 -529.6803697397226642 -500.1104354171734485 -471.7742641693018868 -443.8270493797129461 -415.6776939917294840 -387.5327171004621505 -361.9822427633179132 -339.6465580150814958 -321.4667963999027052 -309.9000243249817572 -305.3339819995135258 -301.9360252979810184 -305.0795426903429757 -309.0938944295791657 -314.3364144976891339
-917.2614503816794240 -1063.4217557251909057 -1206.7684478371502337 -1313.0763358778626753 -1341.3199745547074144 -1311.8218829516538335 -1268.1106870229007200 -1175.0578880407124416 -999.8409669211196160 -788.4306615776081344 -601.2760814249363648 -466.1183206106870216 -391.4675572519083744 -391.9325699745547240 -466.4421119592875584 -583.8740458015266768 -721.1711195928753568 -882.3078880407124416 -1061.2302798982188961 -1217.6361323155215359 -1307.8390585241729696 -1325.2589058524172287 -1301.7194656488550208 -1253.1743002544528736
-1225.3527384144006191 -1275.0875143623131862 -1230.5942167751818488 -1131.2215626196859830 -1029.2734584450402053 -955.0731520490234061 -909.3065875143622634 -884.8513979318269094 -875.8000765990042282 -876.1558789735732944 -883.4333588663347427 -892.6656453466105177 -900.8400995787054626 -906.1238988893144324 -909.3289927230946432 -911.6811566449636075 -914.8259287629260825 -919.6390271926464948 -930.3477594791268075 -943.7646495595557781 -956.8134814247414397 -963.3134814247414397 -961.9885101493680395 -955.3282267330524746
-1652.0297029702969667 -1606.2442244224423575 -1447.3597359735972532 -1152.7062706270626222 -773.4356435643563827 -365.3333333333333144 -18.7920792079207928 172.9504950495049513 102.1485148514851460 -226.4818481848184888 -665.8052805280527764 -1108.4224422442243849 -1382.1056105610562099 -1501.9570957095709218 -1508.8349834983498567 -1462.5181518151814544 -1421.5379537953795079 -1418.4257425742573560 -1429.6402640264027468 -1414.6732673267326845 -1358.6039603960396107 -1253.4092409240925008 -1106.0099009900989131 -894.3993399339933603
-1520.5532467532466399 -1600.9168831168831275 -1595.8077922077923176 -1490.6051948051947420 -1258.0961038961038412 -925.2909090909090537 -560.6467532467532919 -220.2233766233766232 5.3740259740259742 44.9896103896103909 -138.9350649350649292 -526.3298701298700735 -991.6701298701299265 -1386.9714285714285325 -1613.1428571428571104 -1678.3688311688310932 -1627.4519480519479657 -1487.9870129870130313 -1248.3402597402598531 -924.4077922077922267 -586.8623376623376089 -324.3350649350649633 -186.8571428571428612 -206.4311688311688329
811.4628252788104419 815.7058550185873855 813.0315985130112040 809.7077137546468748 803.2825278810408918 797.4544609665427970 790.4735130111523631 788.8299256505575840 789.0882899628252289 787.5343866171003810 785.6426579925650913 781.2100371747211511 775.1840148698885287 765.4809479553903202 744.1649628252788489 711.6194237918215322 664.2058550185873855 603.1491635687732469 533.2184014869887960 448.0650557620817835 367.6798327137546494 293.1640334572490474 244.8949814126393960 212.3977695167286299
-935.5541548103591367 -933.5646363865575950 -932.9590822317472885 -933.0221878039117200 -933.1578719878975789 -933.5802687029499793 -934.1939992075784858 -935.0743075316067916 -935.9929762633721566 -936.6756114252782481 -937.0408457299283782 -937.1122717285595627 -937.0815113640456957 -936.8827576270575719 -936.2092713323488624 -935.0748838382019130 -933.7727551057162145 -932.2856319562007457 -930.7128552389871174 -929.6414652595180996 -928.7477938263156148 -928.4961999783885176 -929.3611641393221134 -930.6267694413428444
177.6869827670139159 181.4876837698374175 182.5445428877421818 183.9862720280401049 186.6355758932917865 190.1393243111673712 192.5520397234933228 193.1351377665271229 192.4335507740239564 190.8396456041281226 187.9025411352351398 186.3076623503066855 185.4307272904293598 185.3547853178853018 187.0393340473176806 190.1288092688151039 195.4905072534319856 203.5060850939538568 212.8740142147794643 221.5993574140784688 228.8331223834096022 233.3404731769058458 234.5567130756498955 227.9243501119657367
-1267.9264214046822872 -1043.3110367892977592 -744.2642140468227581 -427.5351170568561656 -160.3110367892976456 -34.6588628762541830 -118.6321070234113648 -432.0936454849498318 -868.2775919732441707 -1303.9096989966556066 -1594.7525083612040362 -1710.1204013377926003 -1694.2173913043477569 -1571.7826086956522431 -1292.1872909698997773 -899.4414715719063906 -493.8628762541806054 -153.6856187290970013 29.4682274247491627 8.9264214046822747 -257.2541806020066701 -700.6387959866220854 -1118.7458193979932730 -1366.8896321070233171
-283.9456596035543612 -274.5950102529050127 -267.2006151742994007 -267.6192754613807097 -270.3366370471633786 -278.5088858509911347 -292.1736158578264053 -312.1507177033493008 -344.3058783321941405 -386.4979494190020546 -439.1165413533834680 -496.8732057416268049 -557.6807928913192427 -620.3188653451811660 -679.6821599453178351 -728.6100478468899837 -763.4812030075188432 -790.2282980177717491 -809.0563909774435842 -820.9914559125085134 -828.4890635680109199 -834.6226930963773611 -834.9979494190019977 -829.1182501708817654
-258.8936750272628160 -262.4356597600872192 -266.1924754634678152 -261.7633587786259568 -245.2764449291166784 -211.0790621592148284 -153.2448200654307584 -76.6853871319520124 5.5496183206106871 72.7818974918211552 126.3380588876772066 152.9601962922573648 151.7001090512540884 140.5916030534351080 111.5943293347873464 74.9356597600872476 27.0539803707742657 -38.4563794983642282 -115.7868047982551758 -192.5796074154852704 -267.7775354416575624 -322.3271537622682672 -355.0283533260632680 -350.5338058887677448
-1002.9510558515887624 -1012.3187290309848549 -982.2869548056048643 -938.9703966844286924 -908.2768896783106811 -889.8103414249062553 -847.8551411091375485 -775.7045589105979388 -698.6723899743437869 -637.0396684428656044 -600.0398657983027988 -587.5764752318926867 -594.0469705940398626 -616.1480165778567653 -656.5784487862640617 -718.5397671205842016 -797.3799092164989588 -885.1010459838169027 -963.7057430432208776 -1004.9143477402802773 -1002.6467337675153431 -978.7564633905664095 -962.1338069863825240 -948.2776791000592311
-688.2890048358360673 -681.1378213285823904 -680.9541868159836895 -684.1015525579027781 -687.3610333418172331 -690.0931534741664564 -694.3602697887503155 -700.9585136166963366 -706.3073301094426597 -709.7255026724357094 -714.0895902265207269 -719.5377958768134476 -725.7345380503944625 -736.0883176380758641 -751.7597353016034276 -772.4282260117078067 -796.0652837872231657 -820.7540086536014314 -844.8827946042249550 -868.0558666327309538 -888.8049121913973067 -905.0983710867905074 -911.7995673199287694 -902.7093407991854974
-841.4942939873956220 -825.2859819451541625 -816.8487480838017518 -814.8196218702095166 -816.2413558167262408 -821.9466871061148368 -835.4994038494294273 -863.1061148015670597 -910.1330267416112747 -984.4173053994209113 -1085.9805825242717674 -1183.4549480497360037 -1222.2779764946346859 -1178.9322091636859113 -1096.6051779935276045 -1025.8693578606710162 -981.0839720660875400 -947.1853176630897906 -914.2461250212910500 -883.8979730880599845 -861.6276613864758929 -848.9652529381706927 -844.4968489184125247 -846.0456481008345690
-901.7039159503342489 -759.5593759949060768 -645.0089143584845033 -577.8834765998090006 -559.2521489971346682 -585.2231773320598904 -643.2900350206940630 -718.0945558739255148 -800.2581980261063563 -896.2257242916268751 -997.7593123209169335 -1090.4511302133078061 -1174.6119070359757188 -1204.1244826488380113 -1193.9544730977395375 -1218.6682585163960084 -1240.7640878701049587 -1176.7943330149632857 -1046.2174466730341464 -899.0235593759948642 -769.3317414836039916 -674.4476281439032164 -618.5813435211715614 -603.8589621139764176
-871.0116638895501637 -875.1547250654606387 -870.0483218281361815 -855.8502737443466231 -839.5334444179957245 -819.3365865270174027 -796.6607950487979224 -773.0371340157105351 -745.2713639609617076 -711.1380623661033269 -674.6588907402999666 -639.9447750535587147 -606.4108545584384728 -574.2696976910259536 -545.1499642942156925 -520.6498452749345915 -498.8957391097357572 -481.2382766008093427 -464.7990954534634511 -453.3027850511783186 -441.9847655320161834 -434.1980480837895584 -429.4677457748155120 -436.4094263270649776
-707.7521428571428714 -695.6807142857143162 -687.6828571428571877 -681.3335714285714175 -672.6021428571428942 -657.6642857142857110 -633.6678571428570876 -598.8257142857142981 -555.2571428571428669 -501.4707142857142799 -429.6821428571428783 -350.8814285714285575 -270.5600000000000023 -169.9057142857142821 -63.2428571428571402 28.9985714285714273 114.2621428571428623 195.1242857142857190 262.8278571428571695 316.9078571428571536 344.8514285714285847 368.8785714285714334 388.4028571428571581 388.3235714285714266
-395.3127797115863018 -389.0499751367478893 -386.7623073097961424 -388.3615116857284875 -393.3866235703629854 -401.5472401790154322 -409.9050223769269223 -420.8135256091496785 -430.7235206364992450 -436.4942814520139223 -434.7282446544007826 -420.0813028344107352 -392.1193436101441989 -354.1499254102436680 -308.3468423669816048 -256.7503729487817168 -203.9281452013923399 -158.4530084535057313 -120.9987568373943247 -91.2496270512182974 -72.0967180507210372 -60.7620586772749860 -60.2247637991049203 -68.5412729985082052
-277.7745586238116857 -292.8596650067904079 -247.7483023992757012 -160.0122227252150253 -55.7695789950203746 52.8619284744228182 166.1607062019013199 251.2883657763694032 304.0267089180624680 334.8628338614757922 353.5835219556360585 366.2458125848800137 377.4327750113173465 383.2114078768673835 386.4780443639655800 388.2684472612041873 387.6238116794929738 386.2775011317337999 383.8066998641919554 382.1665912177455766 380.0122227252150537 377.1806247170665642 373.8089633318243727 368.9375282933453946
-1234.3996175908221176 -1288.7609942638623579 -1299.1414913957935369 -1276.5616634799234816 -1230.3374760994263397 -1166.8752390057361481 -1090.5454110898660929 -1002.6018164435946574 -909.4541108986616109 -824.6328871892925463 -750.8059273422562683 -690.1257170172084443 -643.8307839388145339 -611.0463671128106853 -589.3059273422562683 -577.5540152963670835 -574.7452198852772653 -583.7065009560229782 -603.1653919694072101 -630.0798279158699415 -664.8771510516252192 -703.4976099426386327 -739.7370936902485710 -764.8169216061185125
-568.5131233595800495 -566.7834645669291831 -555.4160104986876831 -534.1404199475065298 -505.2188320209973540 -469.7208005249343614 -422.4255249343831906 -364.4475065616798020 -306.2398293963254332 -247.8307086614173329 -193.6312335958005235 -154.2536089238845136 -131.8894356955380545 -128.6778215223096993 -143.3208661417322958 -168.8841863517060347 -198.7125984251968589 -231.5754593175853131 -262.2821522309711213 -295.1899606299212451 -326.3480971128608985 -353.1853674540682277 -372.1489501312336188 -373.1817585301837426
-333.5528301886792519 -335.8264150943396089 -338.2364779874213809 -325.0088050314465136 -317.0610062893081817 -331.8257861635220252 -376.0245283018867894 -460.9006289308176179 -595.2031446540880779 -791.2993710691823708 -1018.4245283018867667 -1213.5603773584905412 -1318.7553459119496893 -1320.8484276729559497 -1245.9226415094340155 -1144.8855345911949826 -1043.7100628930818402 -959.8496855345912309 -905.6345911949686069 -885.6396226415093906 -887.1188679245283311 -891.9100628930817720 -897.1899371069182507 -899.6389937106918069
-779.0830650354153022 -622.9594333547971701 -501.1770766258853769 -431.8866709594333315 -422.7933032839665088 -470.7012234385061333 -555.7952350289762080 -672.5981970379909853 -820.6889890534449705 -988.8319381841596396 -1159.6084996780425627 -1290.3155183515775661 -1318.5074050225371138 -1295.5280103026400411 -1273.7714101738570207 -1192.8834513844171852 -1009.5737282678686597 -788.5994848679973757 -597.0109465550547156 -462.8840952994204940 -397.4307791371538769 -406.2601416613007359 -475.8486799742433959 -581.8364455891821763
-456.8087484811664467 -440.5897934386391057 -412.8493317132442257 -378.6534629404617363 -339.9596597812879963 -300.4867557715674593 -262.4782503037666856 -230.1300121506682785 -202.8119076549210149 -175.8580801944106895 -146.0400972053462851 -111.0337788578371772 -75.3268529769137274 -49.1873633049817727 -28.1202916160388838 -14.4017010935601455 -1.4335358444714459 12.1805589307411903 26.3275820170109363 46.0979343863912518 65.7827460510328024 78.1246658566221157 79.4765492102065565 74.2398541919805552
758.1139341008337169 761.7629019452162993 764.4077014688368763 766.7524811433108880 768.8235410877332470 769.3080587534735741 770.1072846367605962 771.7481143310837979 772.8985708614529813 773.2975387058356773 771.6993846764588625 770.7482135768161697 771.4634775704644198 771.5341405319571777 770.7963477570464192 772.5005954743945722 771.3207622072251297 770.0162763001191024 767.9135569670504537 766.1444025406907485 764.3594680428741412 762.9773719730051198 760.5834656609765716 757.3622469233822585
167.0603326755004332 169.8491683112489454 175.4023118127995531 183.0053566394135771 194.0823230899351586 211.8099802650126833 234.9943614321962286 262.7877079221877921 291.8285875387651345 320.8525514519312196 342.7795319988723008 355.0541302509162733 348.0758387369608045 322.3419791372991199 277.6492810826050004 221.8339441781787400 162.1911474485480653 99.2534536227798156 44.8632647307583881 0.4524950662531717 -32.4426275725965638 -54.9828023681984774 -68.7738934310685153 -67.0535663941358848
590.2331730769230944 586.9302884615384528 569.8533653846153584 552.0817307692307168 517.5913461538461888 480.9302884615384528 435.8389423076923208 379.7500000000000000 308.4230769230769056 223.5721153846153868 120.6802884615384670 -3.3557692307692308 -155.7932692307692264 -334.4903846153846416 -528.6658653846153584 -717.4375000000000000 -882.6586538461538112 -1001.7259615384615472 -1077.3100961538461888 -1107.3413461538461888 -1095.4134615384614335 -1058.3197115384614335 -1005.1826923076922640 -956.6610576923077360
-848.8380187416331637 -845.5087014725569361 -820.1767068273092036 -775.8634538152610958 -718.9134315037929355 -649.2958500669343493 -572.7416331994645589 -494.3900044622936321 -417.4921909861669178 -347.2445336903168140 -285.0182954038375556 -234.0896921017402974 -194.9535921463632349 -157.6653279785809900 -127.0490852298081279 -94.7809013833110185 -73.1789379741186963 -62.5988398036590823 -53.1784917447568048 -44.7394020526550662 -32.6184738955823263 -19.4002677376171349 -2.5983935742971886 1.0513163766175815
-634.4484240687679630 -629.6224928366762015 -606.3961318051575518 -569.5630372492836386 -519.1991404011461100 -443.2292263610315217 -350.4405444126074372 -243.0179083094555779 -127.7808022922636155 -29.8703438395415475 38.0694842406876788 104.5093123209169050 168.9412607449856694 219.8352435530086098 268.0945558739255148 313.7091690544412472 347.0823782234957093 378.0121776504298055 403.6812320916905605 427.7184813753581807 444.7428366762177916 452.0050143266475402 452.3230659025787759 448.9792263610315217
-759.9354699003897622 -746.4828930272844900 -733.8770030316154589 -723.7501082719792294 -718.1857947163274503 -719.9705500216543896 -727.1758336942399410 -745.7067994802945350 -776.7479428323949833 -817.9761801645734067 -866.8523170203551445 -920.3278475530532887 -977.2390645300996539 -1034.5638804677348617 -1087.7193590298829804 -1140.1186660892160489 -1195.3993070593330685 -1245.7037678648766814 -1276.2793417063664947 -1283.1087050671285397 -1271.8601126028584076 -1247.0433087916846944 -1207.6946730186227796 -1153.0961455175399806
-682.8551583737501005 -681.8428237830070202 -684.3727920483803473 -688.4558409676067186 -691.6922938746182581 -694.2721393928507041 -694.7443865636788587 -694.3659062331596488 -694.0554457816897411 -693.9822166337345379 -694.1451410095204437 -693.7997724687144228 -692.8423447697742859 -690.2696844500329689 -687.9406622357943206 -686.3630321537632426 -684.8198910244896069 -684.6873839889826741 -685.7569007843841291 -686.6478653972816346 -687.7580384408119016 -688.9656906772049751 -690.4394347643853962 -692.1003532722590990
-485.4297385620915293 -507.5661764705882320 -575.7736928104575327 -686.7459150326797044 -846.3839869281046049 -1049.6593137254901649 -1267.0580065359476976 -1407.0531045751633883 -1426.1846405228757249 -1385.7818627450981239 -1288.9689542483661171 -1105.4060457516338829 -879.7949346405229107 -679.5972222222221717 -532.8643790849673678 -442.6184640522876066 -422.6674836601306993 -489.9362745098039227 -608.7352941176470722 -760.3513071895424673 -944.6282679738561683 -1123.8243464052286527 -1248.8366013071895395 -1292.2892156862744741
-913.5555750658472789 -907.8419666374012422 -896.9359086918349249 -852.1820895522388355 -781.5285338015803518 -711.8330114135205804 -658.8221246707638556 -628.0935908691834584 -620.5232660228269879 -632.0426690079016225 -661.5536435469709886 -712.1480245829675368 -786.3915715539947087 -869.2460052677787417 -948.9118525021949608 -1007.6158033362598871 -1010.3750658472343957 -959.2101843722563217 -926.4091308165056944 -923.2981562774363056 -903.9682177348551022 -855.5550482879718857 -795.7315188762072466 -747.5905179982440814
-566.2078866768760008 -556.1133231240428358 -559.7607197549770035 -576.4728177641653701 -605.1049004594181042 -641.5260336906585508 -682.0352220520674109 -724.6929555895865178 -767.1983154670750764 -799.5444104134762711 -818.7706738131699922 -813.5015313935681434 -780.3671516079632511 -717.1458652373660243 -628.4295558958652919 -533.0865237366002702 -448.7465543644716490 -385.6202143950995378 -351.4054364471669487 -345.6332312404288132 -362.9793261868300078 -398.9368300153139444 -450.2186064318530043 -505.9843032159265022
-924.6942663817663970 -938.6193019943019635 -922.2191951566951502 -881.6972934472934185 -829.5584045584045043 -776.7612179487178992 -729.7054843304842962 -687.5710470085469979 -651.4579772079772511 -625.5096153846153584 -606.8735754985755193 -596.9020655270654743 -595.7574786324786373 -602.5090811965811781 -613.7245370370370665 -627.8187321937322167 -649.4702635327635107 -670.3449074074073906 -688.0621438746438798 -700.9610042735042725 -708.4407051282050816 -713.2932692307692832 -713.7859686609687060 -712.3044871794871824
817.0296495956873741 815.8274932614555155 807.7061994609164230 779.0889487870620087 705.5822102425876210 608.6900269541779380 533.1347708894878679 421.3180592991913613 294.5525606469002469 183.2506738544474274 45.1644204851751994 -8.7223719676549862 -118.3504043126684593 -160.2964959568733150 -94.4555256064689956 87.5390835579514857 268.9380053908355990 446.0161725067385419 610.9326145552560092 757.2776280323449782 882.8032345013476743 964.5876010781671539 988.9595687331536737 952.2641509433962028
-789.4873770491802816 -794.0283606557377425 -805.3142622950820169 -825.6288524590163433 -860.6445901639344811 -914.4391803278688258 -992.4285245901639883 -1093.5304918032786645 -1185.2137704918031886 -1216.4422950819671314 -1168.1373770491802588 -1089.6370491803279492 -1019.9808196721311333 -970.8780327868852282 -934.4067213114753940 -902.2283606557376743 -875.5437704918032296 -858.7367213114754350 -851.1913114754098615 -850.4195081967212673 -853.1162295081967386 -858.2296721311475949 -866.3940983606557893 -877.2736065573770929
-829.5570665371540144 -845.9689169499756645 -865.6085478387566354 -883.0354541039339438 -901.9485186983972653 -923.1588149587178123 -946.0038853812529851 -965.7411364740164572 -982.2632345798931510 -991.5939776590578276 -984.7926177756191919 -956.7707625060709233 -907.0922778047596466 -833.5434677027683392 -737.7921321029625688 -627.8324429334628576 -511.6915978630403288 -403.2768334142787694 -307.3700825643516055 -229.6410879067508404 -181.0767362797474505 -154.2967459932005738 -152.7761049052938347 -178.4011656143759126
-509.7918088737201288 -493.8502559726962318 -488.9266211604095815 -492.1002559726962318 -503.6599829351536073 -522.0106655290102253 -547.4863481228668434 -572.9394197952218519 -598.9850682593856845 -625.2269624573378906 -652.2478668941979549 -683.6552901023891309 -720.6036689419795493 -763.1147610921501609 -812.1232935153583412 -870.0499146757679227 -928.6817406143344442 -987.7713310580204507 -1044.9018771331056996 -1091.3758532423207726 -1119.9782423208191631 -1125.4449658703072146 -1109.5682593856654421 -1073.8959044368600644
-879.9992003893755736 -878.3955986649979195 -878.3416770963705176 -879.3912877207620795 -881.1291197329995839 -882.7170769016826171 -883.7974551522736419 -884.2557711027673122 -884.3834654429147122 -884.7132526769572678 -885.1301279376998536 -885.2342511472674005 -885.0830204422194356 -884.7438464747600619 -884.6329091920456449 -884.8148379919343824 -885.5080308719232107 -886.7122792379362863 -887.9319983312474278 -888.8887845918509356 -889.5695313586427346 -889.7344945070226458 -889.9359963843693322 -889.6833541927409215
-1354.6368715083799543 -1135.4860335195530752 -842.2737430167597950 -515.3100558659217540 -195.5726256983240319 55.4720670391061432 140.5000000000000000 16.8100558659217860 -286.8240223463687357 -717.1145251396648064 -1154.9692737430168563 -1455.9692737430168563 -1629.2988826815642369 -1704.9441340782123007 -1712.7541899441341684 -1653.9022346368715262 -1494.2960893854749429 -1221.4776536312849657 -868.8938547486033031 -510.3575418994413440 -199.3212290502793280 9.3016759776536304 50.1508379888268152 -102.4776536312849231
-9.7988394584139265 -23.4003868471953567 -36.5647969052224369 -47.7514506769825928 -60.7949709864603491 -83.8172147001934178 -129.6644100580270731 -191.9874274661508764 -249.4854932301740860 -290.6015473887814551 -316.9845261121856765 -341.9381044487427630 -381.1798839458413681 -448.2466150870405954 -552.6208897485493026 -709.3529980657640408 -921.9883945841393142 -1150.3636363636362603 -1321.7030947775629102 -1384.7079303675047868 -1341.2495164410058806 -1233.5696324951643419 -1110.5348162475822846 -992.8056092843327178
293.1497743838944530 298.9082783755640662 301.5772301284276296 303.8467545990975509 308.2307358556057011 313.4265012148559322 319.5700277681360717 325.5319333564734734 331.2985942381117752 335.3671468240194145 338.0809614717111913 338.2167650121485849 336.6454356126345147 334.0166608816383018 330.2286532454008920 325.3182922596320736 320.5474661575841537 317.2874002082610332 315.8195071155848836 315.1485595279416998 315.8555189170426729 316.8170774036792636 316.8834606039569621 314.8392051371051821
-952.7017647058823968 -1053.2625490196078317 -1134.5876470588234497 -1169.8368627450979602 -1119.2903921568627084 -1048.3594117647057828 -1060.1976470588235770 -1086.8821568627452052 -1022.7611764705882251 -896.7699999999999818 -775.9758823529411984 -691.1874509803921001 -646.7817647058823241 -640.9362745098038658 -666.5476470588234861 -710.6729411764705446 -769.9178431372548630 -851.6911764705882888 -941.6229411764705901 -1020.9088235294117339 -1096.9323529411765321 -1121.6388235294118658 -1085.5964705882352064 -1071.2043137254902376
152.5852713178294664 150.6773255813953369 130.1942829457364326 107.7136627906976685 79.4549418604651123 43.5382751937984480 0.8987403100775194 -54.7529069767441854 -114.2965116279069804 -172.5649224806201687 -236.5939922480620226 -304.2926356589147190 -376.7015503875969102 -447.3624031007751682 -511.3614341085271349 -568.0048449612403374 -610.7364341085270780 -640.9060077519379774 -659.3691860465115724 -669.9980620155038196 -678.5440891472868543 -685.0048449612403374 -694.7601744186046062 -709.3827519379844944
-620.7303399948092419 -619.7294748680682233 -620.2516653689765462 -621.1957781815035560 -621.3062548663378948 -618.1823687170170842 -614.9427286097413798 -611.4794532398996125 -608.3107535253914193 -605.6977247166710185 -603.1770049312224273 -601.0475819707587561 -599.7674539320009899 -599.9355480577904700 -600.1381607405485283 -599.2402456959944175 -598.1052859243878856 -595.6472013149926852 -592.7024829137468487 -589.3838567350117046 -585.6152781382472767 -581.6088762003633974 -579.1430919629725622 -580.4643135219309897
-633.2510822510822663 -636.9670995670995808 -649.8532467532467081 -668.5125541125540849 -690.7186147186147309 -713.1943722943723287 -728.8251082251082380 -732.4437229437229462 -721.1610389610389120 -690.9926406926407481 -640.8757575757575751 -574.2896103896104023 -501.2190476190476147 -424.9121212121212352 -357.9199134199134278 -316.4294372294372124 -306.6311688311688499 -333.0610389610389461 -399.5731601731601472 -509.0584415584415865 -649.9770562770562492 -792.1424242424242266 -900.8056277056276713 -928.9748917748918302
-969.1717277810386122 -972.1597726360013212 -974.5743412313490808 -976.4933428068333114 -977.7604028296932483 -978.0882271168638908 -977.8849587593833803 -977.4979765839794936 -977.0052516140990519 -976.3678601217138748 -975.8424206851811959 -975.3638132896728621 -975.0058076673566347 -974.9460628340181074 -975.0360507861975066 -975.4083284421241160 -976.0094837972259256 -976.8621605758240776 -977.6312131228569342 -978.3079608291371869 -978.3045318340490439 -976.8925890457508103 -973.8020141484662417 -968.9636094034784719
-327.7376039119804432 -326.3302689486552595 -325.5272371638141635 -325.0300244498777715 -325.4357946210269006 -326.5189242053789940 -328.9663569682151660 -331.5146210268948721 -334.3374083129584164 -337.8534963325183185 -341.9589242053789917 -345.9018092909535653 -349.8555501222493831 -352.2606356968215096 -353.7300733496332441 -354.0410757946210083 -354.0781418092909689 -353.6439119804401230 -351.9801466992665269 -348.8491931540342534 -344.6085085574571849 -340.5432762836185816 -338.5341809290953279 -337.4134963325183207
-437.4581636807817517 -436.4874796416938239 -436.5209690553745645 -436.7397190553745645 -437.2273004885993259 -436.9384161237784951 -436.4929763843647947 -436.0905944625407074 -436.0967019543974175 -436.2338151465797864 -435.4540920195439639 -434.8188110749185853 -434.0433631921824258 -433.3345887622149917 -432.1001628664495229 -430.6074918566775409 -428.4155130293159459 -426.2260789902280180 -424.0859120521172372 -422.3856881107491859 -421.5520154723126893 -421.1974755700325659 -422.2462337133550250 -425.4742467426710277
40.3263069139966248 60.0202360876897103 64.5784148397976452 44.9182124789207435 15.2757166947723437 -9.1424957841483980 -26.6003372681281611 -25.6458684654300164 -34.4266441821247895 -67.8364249578414871 -122.9426644182124733 -192.4966273187183674 -251.5784148397976310 -290.5042158516019981 -314.9409780775716854 -340.2344013490725274 -387.9148397976391038 -474.0564924114671044 -608.0059021922428428 -799.0370994940977880 -1016.7900505902192663 -1207.1188870151770516 -1313.4064080944351645 -1317.0640809443507351
716.2531120331950660 720.7614107883817951 746.1369294605808591 741.5269709543568979 745.3692946058091593 739.6390041493775698 722.1867219917012335 697.6721991701244860 674.3402489626555507 646.9253112033195521 611.8672199170124486 573.2593360995850844 514.9107883817426909 434.2551867219917199 330.0186721991701120 211.4253112033194952 98.3692946058091309 -35.9751037344398341 -187.5539419087136821 -334.0788381742738693 -504.6514522821576634 -627.1286307053942437 -713.2780082987551395 -767.3340248962655323
531.3821481118195607 535.7076998528690410 537.1111329082883685 537.5927415399705751 538.3206473761647430 538.5917606669936504 538.7602746444335935 539.2124570868072624 539.3258460029426260 538.6715056400196318 537.6623835213339362 536.7990191270230298 536.0355076017655165 535.7478175576262629 535.4223639038744977 535.2263854830799801 535.1507601765571280 534.9471309465424156 534.6406081412457070 534.3103482099068060 534.1509563511525585 533.5524276606179228 531.8207945071113727 527.9999019127022848
-139.1507523939808380 -132.9477428180574634 -114.9562243502052041 -93.8938440492476047 -69.8563611491108105 -48.2019151846785192 -33.4590971272229822 -27.0626538987688114 -30.0995896032831745 -43.8103967168262685 -69.4183310533515794 -101.9154582763337942 -138.2158686730506076 -179.5507523939808436 -219.8158686730506020 -255.9274965800273662 -289.5827633378933115 -324.5228454172366810 -358.1064295485635967 -388.1833105335157370 -412.6744186046511800 -431.2180574555403609 -445.7283173734610386 -456.7887824897400719
-604.7217583915488603 -600.9320156755835569 -620.7120463452035892 -663.1156926222524817 -726.7703186232748749 -810.2172431419321583 -902.1274493099335814 -977.0623615607429429 -1013.3278241608451253 -995.4358493780882782 -931.1293235644914148 -883.5815300732663218 -880.7670812744930799 -866.6377577100016651 -812.5466007837791267 -744.8621570966092804 -691.5249616629749880 -661.3109558698245110 -653.5609132731300406 -661.6524109729084557 -677.1772022491054486 -695.6246379280968313 -723.6680865564832175 -763.3281649344011157
-590.7997311827956537 -581.5210573476703075 -577.8620071684588311 -575.6612903225806122 -573.0887096774193878 -571.2320788530465734 -570.1518817204300831 -572.7446236559139834 -577.5739247311828422 -585.7163978494623962 -601.9112903225806122 -630.2083333333333712 -661.4050179211469640 -691.6675627240143740 -711.1129032258064626 -703.4919354838709751 -659.7880824372759889 -574.8835125448028975 -452.2818100358422839 -319.4372759856630637 -198.7885304659498331 -107.8445340501792060 -65.3113799283154179 -71.8310931899641645
100.2443975479851304 96.8998090644156349 94.3148427293739360 95.2191739523666030 99.7385187418349943 102.4854788463471067 104.6085820520550698 104.8826248618229329 102.5745151241081317 100.2087227414330215 98.0067329916591348 95.9563862928348925 96.9879409104612620 97.3175560245201439 97.2085217566073823 98.5365289920610934 96.9002110340669276 94.2581650085418516 91.3602652999698535 87.7403276052658043 85.4576424479951697 84.7323887046528057 85.4870867249522632 87.2056074766355209
-757.0248756218906010 -972.2213930348258373 -1228.4029850746269403 -1467.9328358208954342 -1642.6318407960197874 -1727.7014925373134702 -1716.9104477611940638 -1590.9303482587065446 -1329.0920398009950532 -966.9950248756218798 -551.8830845771144595 -127.3034825870646785 179.9975124378109399 266.7587064676616819 58.0547263681592014 -440.1417910447761415 -1008.5522388059702052 -1449.8830845771144595 -1662.3358208955223745 -1703.3159203980098937 -1629.7711442786069256 -1491.4029850746269403 -1326.0422885572138512 -1155.2611940298506852
400.2396717600452689 418.1652518392755837 402.7512733446519633 356.6086587436332707 293.2142048670062309 223.9289756649688741 161.0670628183361544 111.8839841539332269 78.8800226372382554 57.2526881720430083 42.4544425580079263 30.1383701188455007 23.0002829654782133 21.0698924731182800 22.9858517260894182 26.6148839841539342 33.1813808715336762 39.3338992642897551 45.6400679117147732 49.7074136955291479 51.5172608941709100 50.5067911714770830 49.1658177702320316 46.5265987549518982
300.2485726833552917 301.0474308300395023 295.6223100570926476 290.6403162055336225 279.8278436539305858 261.4259991216512731 235.3675889328063136 203.9297321036451365 171.2485726833552917 136.0873956960913347 99.5419411506368021 56.2231005709266611 3.8682476943346509 -58.3359683794466406 -128.7088274044795924 -201.0122968818621132 -271.4690382081686266 -333.6908212560386460 -391.2630654369784793 -447.3965744400526887 -504.0043917435222056 -559.3535353535353352 -615.5766359244620389 -662.9661835748792100
158.9839412709337125 159.2578573067217178 155.4484973617802268 148.6549667354897792 139.4627208075246756 125.9460885524202780 111.7733425097499378 97.0736407432897437 78.8146363844918625 59.2167928423950443 37.7593484744207402 16.5248910300527641 -4.8582243633860980 -26.5099793530626293 -43.0665290204175264 -59.1330580408350528 -78.7315898141775676 -101.3679743060334886 -127.8589125946317893 -155.3402156457903232 -184.3794448267951225 -208.0532232163340325 -226.6721725166322585 -241.1433815095205375
