108.1908079109616523 108.8325726639442763 109.4415885979662164 110.0048042277203990 110.4786612218752566 110.8229642085034783 111.0059252141884798 111.0455600928817290 110.9660501241092163 110.7685162943390225 110.4271759148050336 109.9528384978781332 109.3382977019777371 108.6154215709824626 107.8585955640964045 107.0840739851068975 106.2942589478741269 105.4796220674193279 104.6040515653775316 103.6924493554327853 102.7714789014332553 101.8831771959324186 101.0598927055809071 100.3148370566098180
-524.0886132033673448 -525.5455250332299784 -526.7576428887904285 -527.7523260965883765 -528.5809703145769163 -529.2675011076649980 -529.8331856446610573 -530.3166814355339511 -530.7120070890562147 -531.0230394328755210 -531.2430217102348706 -531.3577758085955338 -531.4086176340274505 -531.4113867966326552 -531.3883473637572479 -531.3414931324767849 -531.2826761187417333 -531.1749003101461994 -531.0622507753655555 -530.9150420912716299 -530.6963890119627649 -530.3766061143110164 -529.9086176340274505 -529.2658396101019207
-659.9413200221852094 -661.2740987243482778 -662.1565169162506663 -662.6231835829173633 -662.7383250138657331 -662.5774819744870001 -662.2127565169162153 -661.6889628397116212 -661.0632279534110012 -660.3596228508042714 -659.6114254021075567 -658.8362728785357376 -658.0410427066001375 -657.2643372157515387 -656.5203549639489893 -655.7764836383804550 -655.0036605657237487 -654.1745978924016072 -653.2551303383249888 -652.2288408208540886 -651.0405990016638498 -649.6510260676650432 -648.0491403216860817 -646.2312811980033302
-625.2151230949589262 -621.4994138335287062 -616.0867526377491004 -608.6840562719812624 -599.2760844079718936 -587.6916764361078549 -573.8716295427901741 -557.7772567409143676 -539.1248534583821765 -517.9577960140679806 -494.2948417350527279 -468.3053927315357328 -440.3083235638921451 -410.7350527549824051 -380.2039859320046844 -349.3563892145369323 -318.8974208675263640 -289.4132473622508996 -261.3200468933176808 -235.0650644783118537 -210.9226260257913168 -188.9859320046893458 -169.3417350527549843 -151.9109026963657811
-902.8345166575642224 -905.3921354451119896 -907.4462042599672031 -908.8225013653741371 -909.4631348989622666 -909.5297651556526262 -909.2058984161660646 -908.7837247405789185 -908.4041507373020750 -908.0338612779901268 -907.5707263790278603 -906.8940469688694748 -905.9464773347897335 -904.6734025122883622 -903.0966684871655161 -901.3069361004914981 -899.3473511742217852 -897.3631895139268408 -895.4429273620971799 -893.4685963954123054 -891.3948661933369522 -889.2151829601310737 -886.7684325505188099 -884.0720917531403984
542.8488593155893795 537.4315589353611813 529.5465779467680250 518.5076045627376971 503.5256653992395286 484.0817490494296749 459.6834600760456055 430.1416349809886128 395.5465779467680818 356.2937262357414170 313.3269961977186426 268.1577946768060770 221.8060836501901179 175.9638783269961948 132.2737642585551328 90.4648288973384069 50.9942965779467698 14.9068441064638790 -18.0066539923954387 -47.8060836501901107 -74.5655893536121681 -98.4553231939163567 -119.3906844106463865 -137.3269961977186426
314.5750595710881612 315.2269261318506892 315.8551231135821808 316.4463860206512891 317.0348689436060567 317.6248610007942830 318.1615567911040330 318.6825258141382164 319.2158061953931565 319.7865766481334617 320.4115965051628336 321.0576648133439335 321.7040508339952112 322.3502779984114568 322.9699761715647242 323.5612390786338324 324.0918189038919763 324.5652899126290549 324.9486894360603628 325.2878474980142869 325.5069102462271644 325.6444797458300400 325.6954725972994424 325.6473391580619818
601.8639705882352473 605.3063725490195566 606.7867647058823195 606.1115196078430927 603.1262254901961342 597.4362745098038658 588.5122549019607732 575.4497549019607732 557.1629901960784537 532.6678921568627629 501.1740196078431495 462.1164215686274588 416.5968137254902217 366.1654411764706083 312.6409313725490051 258.5735294117646959 206.0465686274509665 156.6495098039215748 111.9276960784313673 72.4852941176470580 38.0220588235294130 8.5281862745098032 -15.8419117647058822 -36.4276960784313744
15.5536607548885861 13.1025466120964076 9.5586630286493861 4.8112778535698046 -1.0784447476125512 -7.9722601182355612 -15.7789904502046383 -24.3933606184629390 -33.5609367894497481 -43.1591632560254652 -52.9567985447930880 -62.7569349704411081 -72.4622555707139639 -82.0304683947248776 -91.4281491587085071 -100.6477944520236463 -109.6996361982719463 -118.4713506139154191 -126.8155979990904996 -134.4779445202364627 -141.4074579354251853 -147.5106866757617183 -152.8487949067757938 -157.4597544338335524
-613.1109646810754157 -613.9262651555086450 -614.5977200843436776 -615.1317211386399322 -615.5460595677385527 -615.8518713758566037 -616.0733394833948751 -616.2354375329467757 -616.3561544544016897 -616.4522930943595611 -616.5363073273589407 -616.6346863468634183 -616.7673299947284704 -616.9397733263047030 -617.1263837638376799 -617.3110173958882569 -617.4697548761201915 -617.5779520295202474 -617.6232208750658401 -617.5749868212967613 -617.4239588824459588 -617.1520163415920024 -616.7350421718502957 -616.1754744333157987
563.8884093711467358 568.9734895191122632 573.3113440197287218 576.3347718865597926 577.8563501849567956 577.7170160295930827 575.5813810110973918 571.3224414303329013 564.8902589395808036 555.8853267570899561 543.9519112207151466 528.7281134401972622 509.6516646115906042 486.1553637484586829 458.1381011097410578 426.0542540073982991 390.2447595561035882 351.6602959309494167 311.8575832305795075 272.3131935881627896 234.5012330456226834 199.8458692971640005 168.9223181257706585 142.4901356350185040
-393.3564421190320672 -410.2478744277305509 -429.3407455853499073 -450.6671026814911443 -473.9496402877697960 -498.9234793982995484 -525.2223675604971049 -552.2138652714191949 -579.2930019620666826 -605.9345977763243809 -631.4362328319162998 -655.3695225637671911 -677.4388489208632791 -697.2969260954872652 -714.7475474166121785 -729.6677567037279459 -741.9751471550032420 -751.7194244604316964 -759.1314584695879830 -764.2871157619358655 -767.3865271419227838 -768.5585349901896279 -767.7102681491170415 -765.1262262916939108
669.6301003344481160 671.5897993311036771 673.3854515050167038 675.0215719063545521 676.4931438127090360 677.7921404682274442 678.9483277591973547 679.9884615384615927 680.9058528428093950 681.7061872909698650 682.4026755852843280 682.9387959866220399 683.2989966555184083 683.4732441471571747 683.4409698996655607 683.2110367892976228 682.8050167224080269 682.1966555183946639 681.3508361204013681 680.2403010033444843 678.8274247491639244 677.1245819397993273 675.1369565217390800 672.8663879598661879
-276.4246443211960695 -275.5346033277067477 -274.5085604051121209 -273.2339040270074975 -271.5944055944056004 -269.3465155534121322 -266.3725584760067591 -262.5741499879430876 -257.9004099348927070 -252.3462744152399466 -245.9799855317096728 -238.7513865444900034 -230.7446346756691469 -221.9898721967687436 -212.6112852664576849 -202.7164215095249631 -192.4516517964793820 -182.0438871473354254 -171.7817699541837442 -161.9382686279238044 -152.6990595611285357 -144.2413793103448256 -136.6795273691825514 -129.9843260188087868
-316.4580936090810042 -316.0279894262167772 -315.6963147255481204 -315.4616700357642571 -315.3708598973720996 -315.4705333540662195 -315.7283470688851139 -316.1371481884621630 -316.6156118799564751 -317.1439900482039889 -317.7389208521225328 -318.4952573472243671 -319.3958948841548704 -320.4030477375213763 -321.5938423262323340 -322.8815114290156885 -324.2159850723060117 -325.6188773130151048 -327.0659306484217268 -328.5167159073238849 -329.9283159695226004 -331.2217384543616845 -332.3823666614834451 -333.3899860052869144
-218.4819958847736530 -209.7762345679012412 -199.2937242798354021 -187.2258230452675036 -173.9346707818930042 -160.0534979423868265 -146.3009259259259238 -133.1517489711934275 -120.9657921810699577 -109.9164094650205783 -99.9660493827160508 -91.1540637860082370 -83.5645576131687307 -77.1496913580246968 -71.8688271604938222 -67.7389403292181100 -64.5951646090534979 -62.2723765432098730 -60.5588991769547320 -59.3302469135802468 -58.5792181069958815 -58.3127572016460931 -58.5254629629629619 -59.2631172839506206
696.3385579937304328 699.6183385579937521 701.8910658307210042 703.0446708463949790 702.9365203761755083 701.4161442006269453 698.2962382445141429 693.3887147335423151 686.8009404388715211 678.5054858934169033 668.5415360501567648 657.0932601880878110 644.0141065830721345 629.2742946708464160 613.0438871473354538 595.5501567398118823 576.9122257053292060 557.5634796238244917 538.0721003134796092 518.6888714733541974 499.6559561128526639 481.3463949843260252 464.0650470219435988 447.8981191222570715
-14.4149727317798710 -22.3296975706494791 -30.7887952404561247 -39.3961328705998994 -47.4913237481408004 -54.2880515617253323 -59.2186415468517566 -61.7203767972236008 -61.3054040654437316 -57.9529003470500754 -51.5314823996033695 -41.8884481903817516 -28.9186911254338135 -12.5433812592959839 7.1943480416460091 29.8958849776896365 54.9201784828953876 81.3906792265741217 108.3852255825483439 134.9826474962816008 160.1888943976202313 183.4586018839861197 204.0109072880515555 221.4685176003966376
-290.8870488322717733 -282.1248407643312248 -271.4704883227176424 -258.8365180467091022 -244.2628450106157061 -227.6700636942675260 -209.2276008492569019 -189.2713375796178354 -168.1248407643311964 -146.1524416135881097 -123.7770700636942678 -101.3596602972399126 -79.1074309978768611 -57.3201698513800437 -36.2509554140127364 -16.1817409766454361 2.7745222929936304 20.5337579617834400 36.8976645435244137 51.7010615711252655 64.9078556263269633 76.4989384288747374 86.5609341825902305 95.1851380042462836
294.0720108695651902 294.2731777493606273 294.3486253196930988 294.3059462915600761 294.1928548593350570 294.0215792838874904 293.7894820971866920 293.5514705882353041 293.2756553708439924 292.9367806905370912 292.5414002557544677 292.1123721227621672 291.6601662404091826 291.2198689258311788 290.8126598465473194 290.4634750639386311 290.1772698209718442 289.9064098465473194 289.6207640664961787 289.3155370843989544 288.9761828644501520 288.6042199488491065 288.1986892583120152 287.7366528132992585
408.4203236975602067 408.3761977614944954 408.1876157500603881 407.8509541831065235 407.3766003704001832 406.8515983573556696 406.2075851517835758 405.5444882840808418 404.8871889846203658 404.2769144053466448 403.6947419276914388 403.1325388517594206 402.6502939045011544 402.2364924712134666 401.8957242934213809 401.5748449955713113 401.3071905950559426 401.1083823174168401 400.9605443272405410 400.8456397455511819 400.7410419518479898 400.6144617118930569 400.4318383122634941 400.2094371527498424
369.2403560830860556 364.4527342094107780 358.3124205171682775 350.8257736328952774 342.0029673590504444 331.7647308181432777 320.1318355235269451 307.0411191182704442 292.4942772361170000 276.6286562102586117 259.5739720220432218 241.3933870284018610 222.2187367528613890 202.1398897838066944 181.3590504451038612 160.1810089020771386 138.8232301822806392 117.5650699448919028 96.6570580754557085 76.4277236116998751 57.1106401017380279 38.9147944044086458 22.0368800339126736 6.6659601526070364
195.0057471264367734 174.6048850574712503 152.8965517241379359 130.9080459770114828 109.5704022988505812 90.0057471264367877 73.9152298850574709 62.5847701149425291 56.9439655172413808 57.1925287356321874 63.4094827586206904 75.8405172413793167 94.7887931034482705 120.9181034482758577 154.8864942528735753 196.7514367816091863 245.8534482758620641 299.7859195402298838 354.9640804597701162 407.1408045977011625 453.2140804597701162 489.2385057471264531 512.7428160919540687 525.2586206896551175
-736.3388786198397611 -737.6568083795440316 -737.3635243376463677 -735.2908194701170714 -731.2692544670363759 -725.0006161429452050 -716.3197781885397717 -705.2556993222427764 -691.6155268022181417 -675.4762784966112577 -656.9470117067160118 -636.2150338878619777 -613.6290819470117412 -589.4368453481207553 -564.0474430067775984 -538.0203327171903993 -511.5859519408502933 -485.0246457178065498 -458.7806531115218718 -433.3074553296364684 -409.0406654343807986 -386.3610597658656616 -365.4793592113370551 -346.6204559457794403
481.7240044247787409 480.3888274336283075 477.7347898230088390 473.7419800884955521 468.3716814159292312 461.5522676991150206 453.6767146017699019 444.7472345132743499 434.8454092920354128 424.0879424778760836 412.8177544247787409 401.1222345132743499 389.1391039823008668 377.1678650442477760 365.4070796460176780 353.9596238938053148 343.0091261061946852 332.3346238938053148 322.2801438053097627 312.8462389380530908 304.1581858407079721 296.2021570796460423 288.9029314159292312 282.1280420353982095
333.5771867857885127 331.3544566798254891 328.1886557240806042 324.0243091626844034 318.9071265323083253 313.0654477456887435 306.5082069395387521 299.2688551838770081 291.5408269270724873 283.3573654685227439 274.7872428838562087 265.8882194057759989 256.7982547267816358 247.5643050072719689 238.3025140245169382 229.1003532100560847 220.1097028880116397 211.3914398504051633 203.0770829004778761 195.3160191148971592 188.1130272179513838 181.5601495948472746 175.7163931020153882 170.5593185123623527
218.1049382716049365 226.3802469135802369 236.1098765432098787 247.4432098765432215 260.5611111111111313 275.2703703703703582 291.5987654320987872 309.5475308641975403 329.0518518518518363 349.7808641975308888 371.4777777777777601 393.7413580246913511 416.3425925925926094 438.6604938271605079 460.1209876543209703 480.1222222222222058 498.1654320987654501 513.6808641975308092 526.6493827160493311 536.9864197530864658 545.2154320987654046 551.0512345679012469 555.2277777777777601 557.8586419753086147
590.5145655036208154 591.5218071099407098 592.2702435813034754 592.7685977616853279 593.0318466096115344 593.0773535220539543 592.9877386438446365 592.8472679394338911 592.6413759052007890 592.3937623436471540 592.1320770243581819 591.8659479921000184 591.6061553653719329 591.3728604344963742 591.1467248189597967 590.8985352205398840 590.6185813034891225 590.2743581303489009 589.8484200131665602 589.3183015141540864 588.6581632653061433 587.8261191573403721 586.8081797235023487 585.5876398946675181
-345.3142968142968243 -359.5446775446775405 -374.8733488733488457 -391.0971250971251152 -408.2086247086247113 -426.0866355866355661 -444.6266511266511543 -463.6732711732711891 -483.1456876456876444 -502.8391608391608543 -522.5256410256409936 -541.8632478632478069 -560.4844599844599315 -578.1305361305361430 -594.6907536907536951 -609.9895104895105078 -623.7902097902098149 -635.9615384615384528 -646.3655788655788683 -655.0097125097124717 -661.8372183372183599 -666.8593628593628182 -670.2311577311577366 -672.2101787101787522
-82.1949380721594025 -71.9507269789983894 -60.2073236402800234 -47.1795907377490593 -33.1618201400107679 -18.4542272482498646 -3.4884221863220248 11.3128702207862144 25.5131933225632750 38.6690899299946125 50.5939687668282190 61.1322024771136228 70.1499730748519141 77.6707054388799207 83.7918686052773296 88.5993537964458824 92.1561658589122175 94.5371567043618768 95.9458804523424931 96.5783521809369887 96.5457727517501354 95.9614970382337162 94.9754981152396311 93.6303177167474416
-791.1636214329706718 -793.8472592896736160 -796.2855676452473972 -798.4799835762677276 -800.3826729624306608 -802.0125230958735756 -803.3945801683432819 -804.5319236296448935 -805.4247587764319860 -806.1026483268323091 -806.5855060562512335 -806.8411003900636160 -806.8796961609525624 -806.7006774789571182 -806.2693492096078671 -805.5750359269144383 -804.5889960993636123 -803.2740710326421549 -801.6011086019298091 -799.6087045781154075 -797.3108191336481241 -794.8051734756722908 -792.1597207965510279 -789.3717922397864868
519.2645034414946394 519.9643559488691835 519.8097345132742930 518.6000491642084853 516.3033431661750683 513.0221238938053148 508.6403638151425639 503.2212389380530908 496.8416912487708714 489.7079646017699019 481.6998525073746578 473.0068829891838504 463.7917895771877852 454.1723205506391423 444.3338249754178833 434.3419370698131843 424.4223205506391423 414.7212389380530908 405.1796951819075616 395.9552605703048016 387.1728121927237112 378.8461160275319344 371.1010324483775662 363.9702556538839531
-246.3132926256458290 -231.1658055425082239 -213.3170502583372468 -192.9051197745420438 -170.0587130108031886 -145.1714419915453220 -118.5998121183654348 -90.8633161108501639 -62.6045091592296856 -34.3757632691404424 -6.9544387036167219 18.9675904180366359 43.1056834194457466 65.1296383278534563 84.7228745890089243 101.9520901831845947 116.8327853452325087 129.5932362611554822 140.4748708313762222 149.6087364960075092 157.0779708783466333 163.0784405824330747 167.8078910286519374 171.3259746359793212
228.1064154329295661 228.2450426200089737 228.2349035441902174 228.0993270524899117 227.8588604755495624 227.5437415881561378 227.1613279497532574 226.7576491700314136 226.3565724540152644 226.0087931807985626 225.7722745625841299 225.6410946612830912 225.6212651413189860 225.7082099596231615 225.8587707492148979 226.0329295648272705 226.2006280843427533 226.3548676536563562 226.4524001794526669 226.4770749214894465 226.4151637505607937 226.2521310004486281 226.0071781067743473 225.6912516823687724
-422.5151006711409423 -419.4453020134228041 -414.8466442953019850 -408.3154362416107119 -399.5600671140939539 -388.5869127516778576 -375.3973154362416267 -360.1731543624160850 -343.1892617449664158 -324.5701342281878965 -304.4865771812080766 -283.1617449664429387 -260.9053691275167921 -237.9953020134228154 -215.0348993288590691 -192.5540268456375941 -170.9419463087248232 -150.5080536912751654 -131.4154362416107347 -113.7151006711409451 -97.5093959731543691 -82.8469798657718144 -69.6771812080536961 -58.0013422818791966
180.5087992221681930 181.2612542537676177 182.0000000000000000 182.7042294603791959 183.4238210986873980 184.1599416626154664 184.9047156052503738 185.6521147301895951 186.4308215848322732 187.2606708799222304 188.1079241614000921 188.9588721438988728 189.7968886728245081 190.6213903743315541 191.4181818181818073 192.2216820612542563 193.0195430238210861 193.7715119105493500 194.5174526008750604 195.2315994166261532 195.8659212445308810 196.4209042294603762 196.8602819640252903 197.1574137092853789
65.4183168316831711 80.1415841584158386 97.0292079207920750 115.9599009900990154 136.8262376237623812 159.2173267326732571 182.6826732673267202 206.7569306930693074 231.2009900990099140 255.4000000000000057 279.0450495049504980 301.9821782178217973 323.9905940594059643 344.7648514851485402 363.8742574257425986 381.4435643564356155 397.0400990099009846 410.5653465346534858 421.9678217821781914 431.2282178217821524 438.2049504950495020 443.2757425742574355 446.6836633663366456 448.7638613861386148
-46.8493243243243214 -49.8250000000000028 -53.9700450450450475 -59.3662162162162161 -65.9268018018018012 -73.4590090090090087 -81.7918918918918934 -90.8909909909909857 -100.5943693693693746 -110.8538288288288243 -121.5628378378378329 -132.6344594594594639 -143.9425675675675791 -155.3639639639639540 -166.7173423423423344 -177.8090090090090030 -188.5250000000000057 -198.8344594594594525 -208.7783783783783917 -218.2346846846846802 -227.0085585585585477 -234.9565315315315388 -241.8418918918918905 -247.5977477477477464
-677.3178861788618406 -677.5658536585366392 -677.0134146341463293 -675.6439024390243731 -673.4398373983740385 -670.4148373983739475 -666.6528455284552592 -662.1747967479674344 -656.9489837398374448 -650.9800813008130262 -644.2386178861788721 -636.7278455284553047 -628.4032520325202995 -619.3052845528454782 -609.5510162601625552 -599.2510162601626007 -588.5493902439023941 -577.5924796747967775 -566.5219512195121752 -555.4502032520325656 -544.4729674796748213 -533.7441056910569159 -523.3703252032520368 -513.4536585365854080
-558.7551551551551938 -567.7979979979979817 -577.2664664664664542 -587.0964964964964565 -597.1457457457457849 -607.2382382382381820 -617.1981981981981562 -626.8988988988988922 -636.1453453453453903 -644.8446446446446316 -652.9263263263263752 -660.3697697697697322 -667.1085085085085211 -673.1137137137137643 -678.3695695695695349 -682.9233233233233022 -686.7365365365365051 -689.7857857857858335 -692.0432432432432961 -693.4996996996997041 -694.1441441441440929 -693.9971971971972380 -693.1043043043042644 -691.5025025025024661
201.6786310517529159 195.5175292153589339 188.2412353923205330 179.7070116861435736 169.7141068447412238 158.2646076794657688 145.4586811352253619 131.2612687813021637 115.6272954924874767 98.4315525876460811 79.5596828046744520 58.8852253756260424 36.3459933222036753 12.2374791318864773 -13.0563439065108522 -39.1669449081802981 -65.5713689482470841 -91.7149415692821321 -117.0563439065108469 -140.9052587646076802 -162.6861435726210345 -182.0050083472454219 -198.7470784641068349 -212.7842237061769595
286.4627659574468339 315.0319148936169995 346.3085106382978893 380.2127659574468339 416.4574468085106105 454.2074468085106105 493.2074468085106105 533.3670212765957785 574.7393617021276668 617.6063829787234454 661.5744680851063322 705.4308510638297776 747.3404255319148888 786.0904255319148888 820.6117021276595551 849.6329787234042215 872.8776595744681117 890.6117021276595551 902.5425531914893327 908.9787234042553337 910.4042553191488878 907.7287234042553337 901.5531914893616658 892.6542553191488878
342.7304979696516511 346.4962598845906996 350.3109638811711761 354.3819192135071603 358.7452447104082012 363.4045736268433302 368.5088694165419838 374.0790767257960852 380.0839923060482874 386.4703996580465741 393.2201325069459017 400.4396238512502464 407.9239153665313324 415.4768112844624852 423.0089762769822528 430.4776661679846370 437.5191280188074643 444.1273776447958994 450.1579397307116892 455.4808719811925357 459.9061765334473080 463.4024364180380644 466.0886941654199518 467.9168625774738075
15.9287281747924823 15.7360938841713569 15.5280030531437845 15.3063638965747550 15.0802404350729891 14.8928537353305988 14.7216868619406540 14.6136819005820051 14.5726552809846392 14.6320961740291953 14.8341761282320395 15.1859555385936460 15.6483160003816426 16.2314664631237484 16.9229081194542488 17.6507012689628837 18.4271538975288607 19.2224978532582753 19.9639347390516164 20.5991794676080531 21.0981776548039299 21.4467130998950495 21.6867665299112673 21.8509684190439835
-427.4480064655172669 -427.8417295258620925 -427.9979795258620925 -427.9290140086206975 -427.6353717672413950 -427.1791487068965694 -426.6178609913793025 -425.9710398706896513 -425.2765355603448256 -424.5754310344827331 -423.8904903017241281 -423.2454202586206975 -422.6421066810344769 -422.0774515086206975 -421.5554956896551744 -421.0783943965517437 -420.6287715517241281 -420.1562500000000000 -419.6682381465517437 -419.0924030172413950 -418.4346713362069181 -417.7431303879310462 -417.0615571120689538 -416.4674030172413950
-204.1392749244712945 -203.4309667673716149 -202.6720543806646617 -201.9335347432024150 -201.2466767371601293 -200.6608761329305253 -200.2451661631419881 -200.0439577039275036 -200.0661631419939681 -200.3252265861027297 -200.8845921450151195 -201.7454682779456334 -202.8921450151057400 -204.3481873111782363 -206.1037764350453187 -208.1104229607250886 -210.2927492447129794 -212.5882175226586241 -214.9459214501510473 -217.3120845921450268 -219.5717522658610221 -221.6515105740181184 -223.4667673716012075 -225.0048338368580119
-680.8971284634760650 -683.2673047858942255 -685.4801007556675359 -687.5240302267002335 -689.3641309823677830 -690.9927455919395243 -692.4279093198992996 -693.7055919395465935 -694.8640806045340241 -695.9095214105793730 -696.8254911838790804 -697.6157178841309587 -698.2987405541562111 -698.8480604534005352 -699.2768765743072663 -699.5682619647354841 -699.6926952141058109 -699.6229722921914345 -699.3219143576826582 -698.7528463476070328 -697.8747607052896456 -696.6836272040302447 -695.1433753148614869 -693.2696221662469043
428.4545288531775213 429.1595142439737174 429.7961102994887028 430.3544558071585016 430.8398466033601153 431.1778670562454181 431.4423849525201149 431.6377830533235738 431.7647918188458789 431.8959094229364268 432.0073959094229394 432.0872899926953892 432.1598794740686458 432.2035244704163688 432.1861760409057638 432.1365960555149854 431.9984477720964264 431.7971146822497985 431.5397187728268591 431.2002373995617290 430.8093498904309513 430.4221146822497985 429.9644813732651301 429.4475894813732566
480.8735930735930992 489.3948051948052012 499.3025974025974278 510.3424242424242152 522.1225108225107761 534.1978354978355128 546.2623376623376998 558.1709956709956941 569.8917748917748440 581.3389610389610880 592.1861471861471955 602.2705627705627194 611.4969696969696997 619.6125541125541076 626.8129870129870369 633.0419913419913200 638.2008658008658131 642.4536796536796146 645.6372294372293936 647.8064935064935526 648.8614718614718413 648.7930735930735864 647.5341991341991843 645.1813852813852463
-242.3017656500802559 -255.9060995184590581 -270.8182182985553936 -287.0084269662921201 -304.3511235955056122 -322.7403691813804016 -342.0196629213482993 -362.1211878009630709 -382.7728731942215177 -403.8551364365970926 -425.1865971107544055 -446.3687800963081713 -467.1352327447833090 -487.2351524879614999 -506.3627608346709508 -524.3310593900481535 -540.9470304975923227 -555.9871589085072401 -569.3013643659711533 -580.7014446227929056 -590.0501605136436183 -597.4486356340288467 -602.9502407704654843 -606.5830658105938937
97.2770495445456618 91.9817818262608284 85.5587647189513376 77.9895578760275470 69.3721395245500929 59.7500555432126177 49.3668073761386381 38.6225283270384381 27.5525438791379678 16.4019106865141069 5.4070206620750945 -5.1632970451010882 -15.1259720062208398 -24.1937347256165296 -32.2477227282826036 -39.1948455898689190 -45.1295267718284805 -50.0902021772939321 -54.0615418795823146 -57.1448566985114397 -59.2808264830037785 -60.6318595867584946 -61.3783603643634734 -61.5685403243723641
494.6771799628942290 491.6368274582560502 486.6275510204081911 479.4958256029684662 470.0282931354360016 458.0435992578849778 443.4726345083487900 426.5055658627086927 407.5677179962894456 386.9239332096474868 365.1340445269016755 342.5663265306122298 319.5208719851577257 296.2996289424860947 273.3585343228200486 251.0227272727272805 229.4591836734693970 208.8534322820037232 189.4151205936920235 171.3014842300556495 154.5927643784786767 139.3028756957328369 125.5088126159554776 113.2119666048237434
-112.6553191489361723 -141.3730496453900685 -173.3304964539007074 -208.4907801418439703 -246.5773049645389960 -287.0496453900709071 -329.2085106382978665 -372.6297872340425670 -416.4666666666666401 -459.7390070921985625 -501.5078014184397261 -540.9645390070921849 -577.5120567375886367 -610.4666666666666970 -639.1390070921985398 -663.2695035460992585 -682.8453900709220079 -697.8737588652481918 -708.6950354609929263 -715.6340425531915344 -719.1617021276596233 -720.1375886524822363 -719.2496453900708957 -717.0368794326241186
151.6160337552742590 140.3286451007969902 127.0229723394280370 111.9221753398968531 95.1861228316924581 76.8045007032348792 56.9545241443975598 35.7627754336615098 13.3769338959212369 -9.9484294421003288 -34.0515705578996730 -58.7323019221753384 -83.5058602906704124 -107.9127988748241904 -131.5147679324894625 -153.9826535396155691 -174.9615564932020675 -194.1865916549460849 -211.4406938584153863 -226.6329113924050773 -239.7702766057196300 -250.8804500703234908 -260.0904828879512252 -267.6090014064697584
-482.7278830963664973 -491.3420221169036495 -500.3722353870458051 -509.7458530805687360 -519.3753949447077503 -529.2124802527646352 -539.0906398104265236 -548.9085703001579759 -558.6250000000000000 -568.1200631911532355 -577.3503159557661775 -586.1656793048973668 -594.5084913112164031 -602.3179304897314523 -609.5157977883096692 -616.0434439178515049 -621.8726303317534985 -626.9541864139021072 -631.2006319115323549 -634.6785150078989091 -637.4012638230648236 -639.3426145339652749 -640.5159952606635443 -640.9626777251185104
-59.4739667203435332 -77.1502952227589844 -96.8518518518518476 -118.6629092860976868 -142.4396135265700423 -167.7584541062801975 -193.7407407407407334 -219.2909286097691961 -243.3741277509393512 -264.9828234031132865 -283.2785829307568406 -297.7020933977455570 -307.8636607622115093 -313.7096081588834977 -315.3150831991411565 -312.9452495974235262 -306.9484702093398028 -297.4771873322598026 -284.9318303811057262 -269.7482555018787025 -253.0236178207192665 -235.7267847557702680 -219.0595813204508886 -203.9076757917337659
209.3134087237479832 214.0684571890145378 219.2798869143780394 225.0092891760904763 231.1126817447496080 237.5529079159935293 244.4293214862681793 251.5825928917608962 259.0191841680129414 266.7619143780290756 274.7744345718901400 282.8834814216478435 291.0258481421647616 299.0268578352180953 306.8121970920840340 314.2106219709208403 321.1229806138933895 327.4884894991922692 333.2415185783521565 338.2639337641356860 342.4222536348950143 345.7911954765751261 348.2701938610662182 349.8814620355411762
126.3403487672880345 133.8460613349368487 142.0533172980557310 150.8594908799358620 160.1300861896171455 169.7300060132291151 179.5203447584686387 189.4016837041491215 199.1928242132692048 208.8572860292643725 218.2892363199037788 227.4804570054118926 236.3772299057927455 244.9316496291841929 253.0839847664862816 260.7448386450190583 267.8745239526959381 274.3972740028061708 280.2573662056524313 285.4724393666065225 289.9655241531369256 293.6919222289035929 296.6728803367408318 298.8767288033674276
388.1252040102588126 387.3149918395896520 385.5012823501982098 382.7279086034040461 378.9785497785031225 374.2809512706924693 368.9312193984611667 362.9130333411051765 356.1702028444859138 348.8528794590813504 340.9435765912800207 332.6579622289577856 324.1037537887619351 315.4600139892748984 306.7036605269293545 297.8929820470972345 289.0923292142690570 280.4891583119608072 272.1585451154115276 264.1664723711820670 256.6360456982979485 249.6572627652133463 243.2804849615294813 237.4828631382606545
740.6521454307238628 742.6472322305928628 744.4087782509008093 745.9125450376678828 747.1824434981984950 748.2620373403209442 749.1424828037995667 749.7658041270881313 750.1123485096626382 750.1768752047166799 749.9685555191614412 749.5587946282345229 749.0127743203406681 748.3802816901408050 747.6790042581068292 746.8892892237143997 745.9541434654438490 744.8699639698656938 743.6842450049132367 742.3924009171306579 741.0219456272518528 739.5329184408777792 737.8365542089748033 735.9253193580085508
246.5283282816507437 254.4285381207740784 263.0997901608766369 272.4572161342970276 282.3816740498950821 292.7806015388202354 303.4103520634180313 313.9270226159944173 324.0788062485427758 333.8913499650267909 343.2711587782699780 352.2072744229424188 360.5630683142923658 368.3879692235952348 375.7325716950338119 382.4905572394497426 388.7568197715085034 394.4555840522266408 399.5770575891816065 404.0445325250641417 407.8689671252039943 410.9960363721147019 413.3851713686174207 415.0051294007927254
-218.7835748792270465 -209.3816425120772919 -197.3632850241545782 -182.3758454106280169 -164.4077294685990296 -143.5062801932367051 -119.3236714975845416 -91.9487922705313991 -61.2685990338164217 -27.3913043478260860 9.4608695652173918 48.7739130434782595 89.6850241545893709 131.1439613526570156 172.1584541062802032 212.1159420289855007 249.7188405797101325 284.2357487922705559 314.9227053140096473 341.1285024154589109 362.6000000000000227 379.3256038647343189 391.7120772946859688 400.6792270531400959
209.9936628643852998 187.9302915082382697 162.5031685678073643 133.3054499366286336 100.4017743979721189 64.2636248415716125 24.7414448669201512 -17.7072243346007596 -62.7186311787072270 -110.1204055766793459 -158.8187579214195182 -207.7629911280101283 -255.8859315589353685 -301.9898605830164797 -345.2991128010139619 -385.6172370088719958 -423.2078580481622225 -457.6210392902407875 -488.2636248415715841 -514.9797211660329594 -537.5589353612167542 -556.0012674271229116 -570.5678073510773629 -581.5145754119138246
253.3552707097761640 251.5599770422804795 249.1170843696192776 246.0730820738473312 242.3566099100822555 238.0220011478859874 233.1478859766596656 227.7482303424526435 221.8743064855557634 215.5106179452841104 208.6860531853835994 201.4522670748038990 193.9370575856131609 186.1541993495312681 178.2611440596900820 170.3397742490912492 162.4694853644537886 154.7790319494930031 147.3451310503156719 140.2686053185383628 133.6592691792615142 127.6001530514635505 122.1339200306102981 117.2881193801415662
-666.8525519848770955 -675.1984877126653828 -685.9735349716446535 -699.4253308128544404 -716.0283553875236748 -735.7580340264649976 -758.1625708884688493 -782.9395085066162210 -809.3534971644612597 -836.5803402646503173 -864.0359168241966472 -890.7466918714555959 -915.6105860113422068 -938.4045368620037380 -958.7958412098298595 -975.9527410207939511 -989.3289224952741279 -998.4385633270321705 -1003.2249527410208430 -1003.9527410207939511 -1001.0340264650283189 -994.7599243856333260 -985.8922495274101720 -975.2155009451795422
-439.4759071980963654 -431.9571683521713226 -421.6210588935157375 -408.4140392623438629 -392.5669244497323120 -374.1189767995240913 -352.8554431885782492 -328.7447947650207993 -301.9333729922665270 -272.5966686496133207 -241.3093396787626546 -208.8685306365258896 -175.7317073170731589 -142.5437239738251094 -109.6377156454491342 -77.4122546103509848 -46.3741820345032707 -16.8780487804878057 10.7935752528256987 36.4158239143367055 59.9488399762046384 81.1677572873289677 99.7204045211183825 115.9137418203450380
170.7080504364694491 201.0126091173617908 236.8981571290009640 278.2541222114451784 323.9088263821532223 372.0368574199806062 419.5208535402521761 462.5887487875848478 498.8341416100872721 527.3724539282250134 548.3288069835111855 563.2230843840931129 573.3695441319107431 581.0407371483995576 584.8884578079533867 586.8137730358874933 587.2541222114451784 586.3142580019398338 584.1842870999030310 580.4131910766246847 574.5809893307468883 567.3743937924344891 559.1319107662463921 549.8118331716780176
-28.5682887033304524 -28.1930127651406082 -27.6887417218543064 -27.1014492753623202 -26.4768211920529808 -25.8851137345234683 -25.3406276993953341 -24.9297437374028235 -24.6678184086764567 -24.5506286591803438 -24.5882522315001424 -24.7651406085036960 -25.0596026490066208 -25.4700067184950569 -25.9763892887993073 -26.5596506382570290 -27.1718974949611294 -27.8155293214319990 -28.4865150206353768 -29.1395527401861969 -29.7290526921969480 -30.2442652845762545 -30.6315385353680760 -30.8822343794989926
-122.3461333333333272 -132.7541333333333284 -144.6096000000000004 -157.5114666666666778 -170.7072000000000003 -183.3013333333333321 -194.3242666666666594 -203.1322666666666805 -209.0026666666666699 -211.7343999999999937 -210.8117333333333363 -206.0698666666666554 -197.3685333333333460 -184.5114666666666778 -167.6320000000000050 -146.8437333333333470 -122.6640000000000015 -96.1103999999999985 -68.6170666666666733 -41.6106666666666669 -16.3477333333333341 6.1440000000000001 25.2303999999999995 40.9978666666666669
-733.7942673452986355 -736.7088132869006358 -738.6932761853737475 -739.6289847307795071 -739.4910259844629081 -738.2499330297348479 -735.8459683900348409 -732.2311813554781565 -727.3619073131529831 -721.3552102866327687 -714.3222609161532546 -706.4002143048486460 -697.7476560407179704 -688.4160192874363702 -678.4007500669703177 -667.7535494240556773 -656.6131797481917829 -645.1237610500937762 -633.4894186980980066 -621.8952585052236373 -610.5105813019019934 -599.3766407714974775 -588.5936244307526977 -578.1130458076613650
-895.7939814814815236 -902.7152777777778283 -907.1238425925926094 -908.8530092592592382 -907.7465277777778283 -903.5671296296296759 -896.2407407407407618 -885.9363425925926094 -872.9641203703703241 -857.4548611111110858 -839.6967592592592382 -820.1527777777778283 -799.3402777777778283 -778.0659722222221717 -757.2129629629629335 -737.1967592592592382 -718.5972222222221717 -701.7395833333333712 -687.0219907407407618 -674.4826388888889142 -663.9467592592592382 -655.2719907407407618 -648.3298611111110858 -642.8530092592592382
488.2467305352798235 489.2136557177615828 490.0179440389294427 490.6131386861313786 491.0316301703163049 491.3210158150851612 491.4786344282238701 491.5745894160584157 491.6103254257907338 491.6177007299269803 491.5840176399026973 491.5434154501216426 491.4793187347931962 491.3968217761557185 491.3056569343065689 491.1666666666666856 490.9568126520681517 490.6819495133819942 490.3334854014598818 489.8881538929440467 489.3208637469586506 488.6545012165449862 487.8239051094890328 486.8899787104622874
-200.8445945945945823 -204.0048648648648566 -207.8956756756756761 -212.7264864864864933 -218.6029729729729638 -225.5405405405405475 -233.5683783783783838 -242.6989189189189062 -252.8478378378378295 -263.6575675675675825 -275.0321621621621375 -286.6586486486486365 -298.3875675675675438 -310.1762162162162326 -321.8081081081081152 -333.1043243243243523 -344.0500000000000114 -354.5332432432432483 -364.3613513513513453 -373.4486486486486569 -381.6145945945946210 -388.7248648648648555 -394.6816216216216162 -399.4032432432432529
-94.5525914634146289 -82.2896341463414700 -68.4721798780487774 -53.0083841463414629 -35.9839939024390247 -17.6463414634146325 1.6330030487804879 21.7263719512195124 42.2907774390243887 63.0918445121951237 83.6669207317073216 103.6524390243902474 122.8239329268292721 140.9352134146341484 157.7686737804878021 173.2515243902439011 187.4256859756097526 200.2210365853658516 211.5213414634146432 221.4592225609756042 230.0426829268292579 237.3342225609756042 243.4771341463414558 248.4496951219512084
-21.6976401179941014 -5.9631268436578173 16.3864306784660769 45.4454277286135664 81.2890855457227133 124.1843657817109090 173.8259587020648951 229.6976401179940979 289.8982300884955521 351.5752212389380702 410.7197640117993842 462.8053097345132869 504.6961651917404197 534.8112094395280565 555.7758112094395528 568.2227138643067974 575.5530973451327554 580.4646017699114964 583.2404129793510492 582.8244837758112453 581.9292035398229928 579.6342182890855383 574.8421828908554971 569.0766961651917200
-399.0908860116780943 -390.8870271642549028 -381.3084539223153229 -370.5587712617415832 -358.8118811881188321 -346.3493272404163577 -333.6021832952525870 -321.0119319624270133 -308.9134298045188984 -297.5323686214775307 -287.0111703478040113 -277.3945163747143852 -268.7707539984767777 -261.2533637979182686 -254.8245747651688191 -249.4765168824574744 -245.0921553693830788 -241.5727341964965831 -238.8492003046458478 -236.8626554963188653 -235.5280528052805380 -234.6420411271896285 -234.1640010154861500 -234.0284336125920390
219.8182238667900208 215.7941720629047211 210.7504625346901150 204.7624884366327365 197.9259944495837260 190.3422756706752921 182.1921831637372691 173.5441720629047211 164.3973172987974181 154.9979185938945534 145.4821924144310685 135.9313135985198926 126.4121184088806729 117.1077705827937052 108.0992136910268329 99.4824236817761403 91.3041165587419101 83.6156336725254334 76.4056429232192471 69.7298797409805786 63.6410730804810356 58.1709065679926027 53.2636447733580027 48.9680851063829792
-318.2136878385031764 -328.8946331856228653 -341.2323978335795118 -354.7951747907434878 -368.8261939931068696 -382.4657804037419737 -394.8916789758739583 -405.5110782865583587 -413.4903988183161232 -418.3308714918759392 -419.5494830132939228 -416.8655834564253837 -409.9453471196454757 -398.5544066962087868 -382.5445593303791156 -362.2732644017725079 -338.2688330871491758 -311.4470704086656951 -282.9842442146725716 -254.3569670113244570 -226.8926637124569083 -201.7971442639094164 -179.6893156080748497 -160.7927129492860558
255.4470492530690819 256.0411181777843694 256.5959917172015707 257.1309717497411498 257.6358526845141341 258.0731400680372758 258.4863185919242596 258.8639994083715692 259.2233397426415991 259.5462209732287988 259.8415914805502211 260.1260908149682223 260.3917319923088485 260.6547108415914522 260.8979440911107872 261.1365922200857881 261.3520189321106386 261.5377902677118982 261.6973080905191296 261.8109747078834744 261.9027510723265664 261.9534092589853458 261.9439432036680842 261.8345658926194233
-258.9770041926057615 -259.0693685681616216 -259.1101511879049895 -259.0924914242154955 -259.0309998729513268 -258.9992377080421875 -259.0202007368822024 -259.1187904967602549 -259.2962774742726424 -259.5757845254732388 -259.9507051200610022 -260.4123999491805534 -260.9153855926820142 -261.4286621776140009 -261.9468936602718827 -262.4662685808664833 -263.0078770168974529 -263.5430059712870161 -264.0717824926946946 -264.5287765214076785 -264.8650743234658762 -265.0528522424088465 -265.1064667767755054 -265.0485325879811853
41.0845602865101469 43.6798647035415826 46.7089136490250709 50.2779546358933516 54.3547552725825724 58.8929566255471570 63.8865897333863941 69.2811380819737366 75.0145244727417406 81.0618782331874286 87.4781138081973779 94.2387584560286484 101.3531635495423728 108.6721050537206565 116.0580978909669767 123.4265817747711935 130.6856346995622857 137.7349781138082108 144.5071627536808592 150.8846000795861642 156.7469160366096332 161.9411062475129199 166.3263032232391652 169.8097890966971875
551.7098203872171780 553.0167949615115504 554.0461083897052958 554.7987714796672662 555.3567374232175098 555.7509524920301374 556.0090195163672888 556.1635953658346807 556.2729181245625796 556.3923489619780867 556.5120908171992369 556.6213358214757818 556.7532073711220164 556.8897441878547170 556.9743410310239824 557.0234040898841386 557.0479744965399505 556.9828940206826928 556.8013373765647884 556.4661379363968763 555.9283103957701542 555.1806235907005203 554.2101702822486686 553.0073089184355695
-734.4955369726581011 -735.6664474302358485 -736.5732406276425763 -737.2199567791036543 -737.6664474302358485 -737.9366719909800167 -738.0435967302452127 -738.0287512919289838 -737.9048200695292508 -737.6864605844216385 -737.3994174574837643 -737.0593817532650291 -736.6360988443108226 -736.1197030912336459 -735.4873625857370598 -734.7253593911491407 -733.8589683359955416 -732.8663910551535992 -731.7233862632716637 -730.4609602555669881 -729.0854082495536659 -727.5931598233580644 -726.0019731278774771 -724.3007610636099116
-168.0247234873129401 -180.7241379310344769 -194.9141184124918595 -210.5797007156799054 -227.7638256343526280 -246.1564736499674666 -265.4798308392973354 -285.4134677944047098 -305.6180871828236718 -325.9743005855562501 -346.1431359791802151 -365.9525048796356259 -385.1607026675341672 -403.4642160052049462 -420.6688353936239650 -436.5572543916720747 -450.9687703318152217 -463.6707872478854711 -474.5787247885490956 -483.7225113858165173 -491.0702667534157513 -496.7940793754066249 -500.9801561483409387 -503.9681197137280151
-317.3726175904878346 -320.0554292708515618 -323.5034096870082294 -327.6280818324881920 -332.3554817275747268 -337.5333100192341362 -343.0683685959083959 -348.9498164014688086 -355.1239727225039360 -361.4876726700472318 -367.9767441860465169 -374.4817275747508347 -380.8557440111907795 -386.9680013988459564 -392.7413883546074658 -398.1036894561986514 -403.0435390802587676 -407.6404965903129778 -411.9186920790347699 -415.8938625633851984 -419.5815702045812259 -422.9540129393250822 -425.9893337996153377 -428.6191641895436533
-105.6984870317002816 -106.2054514889529315 -106.8554274735830916 -107.6601825168107638 -108.5872958693563817 -109.6414505283381402 -110.7791786743515843 -111.9472862632084542 -113.1006243996157536 -114.1832372718539830 -115.1859990393852087 -116.0857348703169976 -116.8675552353506220 -117.5150096061479417 -118.0579971181556260 -118.5072046109510069 -118.9414024975984603 -119.3707973102785758 -119.7916666666666714 -120.2182997118155612 -120.6069884726224757 -120.9127041306436183 -121.0661623439000891 -121.0868155619596536
-70.2924901185770779 -55.0333145115753837 -36.8746470920383942 -15.8961038961038970 7.8091473743647652 33.9655561829474877 62.0671936758893281 91.6171654432524036 121.6809712027103387 151.5245623941275994 180.5584415584415581 208.1270468661772952 233.6792772444946422 257.0237154150197512 277.9073969508752384 296.2156973461321172 312.0790513833991895 325.5719932241671586 336.9288537549406897 346.3094297007340288 353.8893280632411233 359.9599096555618303 364.7995482778091514 368.5064935064934843
137.2787568694333800 135.4138715179078929 132.7744930831912029 129.3871517907902273 125.2162213378813789 120.2671972711768120 114.5626302823574036 108.1279135872654962 100.9946939548986222 93.2219063862042816 84.9577411407996976 76.2617017244646576 67.2471101004358474 57.9236308508622315 48.3507674815235902 38.7282546901648672 29.2183058555997732 19.9522455940875503 11.1504642789463713 2.9785863179837029 -4.4091339776388097 -10.7657760090960775 -15.9494030699260936 -19.9641841955656609
886.4903581267217305 903.0826446280991604 918.3746556473829514 932.2038567493112851 944.4490358126721503 955.0716253443525829 963.9862258953168066 971.1212121212121247 976.3333333333333712 979.3801652892561833 980.3140495867768323 979.5371900826446563 977.2314049586776719 973.5041322314049239 968.5647382920110431 962.6501377410468194 955.8016528925619468 947.6005509641872777 937.5867768595040843 925.8071625344352924 912.7575757575757507 899.0027548209366159 884.9201101928374555 870.8429752066115270
-646.1827885256838044 -641.9599733155437207 -636.2354903268845874 -628.8559039359572580 -619.7818545697131185 -609.1561040693795803 -597.1114076050700987 -583.6831220813876371 -569.0473649099399154 -553.2505003335556921 -536.5620413609073012 -519.1934623082054259 -501.1721147431621262 -482.6971314209473007 -464.0416944629753289 -445.2991994663108812 -426.5637091394262939 -408.0663775850567276 -389.9789859906604192 -372.6204136090727275 -356.3539026017344895 -341.4533022014676362 -328.0300200133422095 -316.0083388925950771
56.9646323053698538 64.0077636402846650 71.9585939184817818 80.7213715764502950 90.2613758895837890 100.3385809790812999 110.7151175328876462 121.2257925382790660 131.7884408022428318 142.2592193228380495 152.5764502911365241 162.7095104593487065 172.5531593702825148 182.0392495147724787 191.1324131981884875 199.6653008410610255 207.5729997843433239 214.9381065343972352 221.7237437998706184 227.8658615484149266 233.3456976493422417 238.0944576234634553 242.0841061030838830 245.4578391201207808
-528.8860247123988074 -523.9390711546654984 -517.9953131657434824 -511.0325948018747226 -503.1148274392841699 -494.2848317000426164 -484.5730720068171991 -474.0890498508734368 -462.9339582445675205 -451.2780144865786269 -439.3216872603323395 -427.2207072858968786 -415.2025990626331691 -403.4090328078398215 -391.8858116744780773 -380.7349808265871047 -370.1084363016616976 -360.0945888368129317 -350.6642522368981645 -341.7831273966766048 -333.5387729015764648 -325.9305496378355542 -319.0547507456327025 -312.9731572219855025
-342.9424548515457332 -333.6290174471992600 -321.7964493419038945 -307.4876033057851146 -290.9574533210897016 -272.6106519742883165 -253.0186715641261230 -232.7566574839302120 -212.5117845117844979 -192.8175696357514539 -174.1821242730333665 -156.8790939700030549 -141.2271196816651297 -127.5228037955310612 -115.8821548821548788 -106.2767064585246430 -98.5708601163146625 -92.5004591368227693 -87.6486072849709217 -83.6734006734006783 -80.3452708907254305 -77.5867768595041269 -75.3400673400673355 -73.8108356290174470
-623.9350542921532679 -622.8875230485556358 -621.0471214914975917 -618.3237041589837872 -614.6533497234173637 -610.0503995082974598 -604.4599467322269675 -597.9014546199549613 -590.5623847572219347 -582.5486580618725156 -573.9030936283548954 -564.7908215529604377 -555.2431878713377955 -545.3458307723826692 -535.1479205080926249 -524.8184798197090686 -514.4746978078262600 -504.2052858020897474 -494.0522433927474140 -484.0618725670968843 -474.3026019258348924 -464.7576316328621147 -455.5455849211227246 -446.7312026224134343
-578.8516003879728942 -575.6964112512124530 -570.0717749757517367 -561.5315227934044060 -549.5683802133850122 -533.9388942774005500 -514.4073714839961440 -490.7575169738118461 -462.7109602327836910 -430.8603297769155915 -395.7623666343355922 -358.0261881668283195 -318.5645004849660609 -278.3084384093113499 -237.9699321047526723 -198.4597478176527545 -160.3870029097963084 -124.4946653734238566 -91.4442289039767218 -61.3608147429679889 -34.4481086323957300 -10.8525703200775947 9.7109602327837052 27.3734238603297761
-546.7520061138708343 -544.3954910202521660 -541.3364539549102119 -537.6490256018341825 -533.3377913641573969 -528.4375238823080281 -523.0468093236530649 -517.2416889568207807 -511.0420328620558053 -504.5626671761559123 -497.8238440962934419 -490.8423767672907729 -483.6585785250286449 -476.2997707298433170 -468.8685517768437307 -461.4102025219717120 -453.9061902942300435 -446.4375238823079712 -439.1593427588842360 -432.1283912877340185 -425.3574703859380861 -418.9138326327856134 -412.8064577760794691 -407.1062285059227861
-390.6048632218845000 -377.2492401215805558 -361.7608915906788525 -343.7730496453900741 -323.1114488348530926 -299.6869300911853884 -273.6018237082066662 -244.5258358662613887 -212.5764944275582593 -177.8206686930091109 -140.0516717325228058 -99.6028368794326298 -57.3637284701114467 -14.2178318135764936 28.9007092198581574 71.0131712259371852 111.3535967578520740 148.8125633232016298 182.6241134751772961 212.4549138804457868 237.9321175278622036 259.0212765957446663 275.8074974670719257 288.7943262411347405
445.3940697148030949 451.6908103214124139 458.5694884563150708 465.8906745133544405 473.4936622906292314 481.1781349026708767 488.8521955636034590 496.3829787234042783 504.0054323223178017 511.4520144861928657 518.6373924852874779 525.5552286102308699 532.1652331371661830 538.4067451335446322 544.2344952467179837 549.5110909913988735 554.3592123132639244 558.4461294703485237 561.8782254413762303 564.4943413309189282 566.2655047532820163 567.0855590765052057 566.9058397464916652 565.8175645088275587
-511.1981716307873853 -503.6588027130640057 -494.5169566499557732 -483.8245355352403294 -471.5491005603066696 -457.7658507814803670 -442.5706281332940080 -426.1447950457092020 -408.7915069301091080 -390.7920967266293246 -372.4057800058979524 -354.0439398407549447 -336.0221173695074981 -318.6835741669124218 -302.1875552934237703 -286.5788852845768133 -272.0678265998230358 -258.7882630492480303 -246.7505160719551895 -236.0604541433205554 -226.6104393984075500 -218.3706871129460296 -211.0209377764671217 -204.5977587732232337
445.6501014198782968 431.1095334685598459 413.4959432048681265 393.0638945233265531 369.5953346855984023 342.8833671399594323 312.7302231237322303 279.2809330628803082 242.7738336713995864 203.7768762677484915 163.0425963488843877 120.9716024340770844 77.9756592292089294 35.0649087221095357 -7.3417849898580121 -48.8904665314401612 -89.3782961460446188 -128.5821501014198702 -165.9077079107505028 -200.8651115618661152 -232.8184584178499108 -261.4350912778904785 -286.7210953346855717 -308.5172413793103487
318.4433781190019204 301.5230326295585428 281.8618042226487432 259.0412667946256988 232.9721689059500989 203.7946257197696696 171.5585412667946343 136.2927063339731149 98.2092130518234114 57.7773512476007696 15.5988483685220736 -27.7879078694817672 -71.7341650671785089 -116.2120921305182293 -160.4529750479846371 -203.4702495201535442 -244.1573896353166901 -281.4961612284068906 -315.2447216890594746 -345.3186180422264897 -371.8531669865643039 -395.0873320537427844 -414.9539347408829144 -431.7360844529750352
-465.2509826478765262 -466.0615473109002096 -466.7961844501965061 -467.4559486147061875 -468.0638481449525443 -468.6186367558240136 -469.1462946984948985 -469.6425079091170574 -470.1195475026363511 -470.5783721599079854 -470.9996165276579632 -471.3791582782091609 -471.7206403988112129 -472.0170645192215488 -472.2777298437350169 -472.5251653724475318 -472.7408685648547362 -472.9511072763876882 -473.1649889751701608 -473.3689962611446731 -473.5361902022816594 -473.6651327772984246 -473.7183395647588782 -473.6520947176684899
349.6652075353708824 349.9503634800281588 350.1301493003986707 350.2065191901821208 350.1506292503713098 350.0320487766747419 349.8580473696552531 349.6484014695536757 349.4267959040100209 349.1888532791370494 348.9336355819588675 348.6812319237082534 348.4472758539826600 348.2052685062143382 347.9622449777222073 347.7178144297662925 347.5012897678417971 347.3188462440397188 347.1985460798874215 347.0665989212851059 346.9296490268115463 346.7389978894707951 346.4568904869850599 346.0960681622762536
-40.0336170212765978 -52.8842553191489344 -67.3429787234042578 -83.4072340425531848 -101.0348936170212824 -120.1510638297872333 -140.4897872340425522 -162.1821276595744621 -185.1438297872340399 -209.3851063829787336 -234.6663829787233908 -260.7446808510638334 -287.1429787234042692 -313.3634042553191534 -338.9587234042552950 -363.5029787234042828 -386.6229787234042305 -407.8919148936170131 -426.8136170212765705 -442.9391489361702270 -455.9855319148936132 -465.7893617021276782 -472.4068085106383137 -476.1170212765957217
-589.6772076372315041 -601.5352028639617856 -614.6563245823389252 -628.9051312649164629 -644.0692124105012226 -659.8072792362768269 -675.8126491646778504 -691.5954653937947114 -707.0650357995226614 -721.9803102625298834 -736.1819809069212397 -749.5041766109785613 -761.8108591885441001 -772.9928400954653398 -782.8943914081145294 -791.5399761336515212 -798.8908114558472562 -804.9618138424821154 -809.5274463007159511 -812.4618138424821154 -813.7273269689737845 -813.3120525059665624 -811.3920047732697185 -808.0322195704056867
533.4332061068702160 510.7080152671755968 477.7156488549618416 434.3187022900763168 381.7729007633587912 322.5591603053435392 260.0858778625953960 199.0400763358778704 143.5305343511450360 95.6278625954198418 56.1698473282442734 26.6507633587786259 8.5209923664122140 -0.5820610687022901 -3.7442748091603053 -0.5973282442748091 7.7748091603053435 19.9866412213740468 35.1316793893129784 53.4484732824427482 74.7461832061068634 98.8511450381679424 125.4255725190839712 154.3225190839694676
-70.2364709412823913 -70.0716214864459346 -69.9415824747424182 -69.8700610183054920 -69.8992697809342758 -70.0103030909272803 -70.1550465139541899 -70.2855856757027055 -70.3954186255876806 -70.4248274482344669 -70.3873161948584567 -70.2896869060718217 -70.1409422826848044 -69.9633890167050083 -69.7400220066019756 -69.4429328798639602 -69.0901270381114330 -68.6885065519655882 -68.2633790137041103 -67.8499549864959448 -67.4890467140142079 -67.1792537761328390 -66.9522856857057178 -66.7706311893568056
152.0613833362816081 151.9626746860074320 151.7368653812135051 151.3652927649035860 150.8785600566071139 150.3752874579869001 149.8927118344242047 149.4298602511940430 149.0400672209446213 148.7462409340173224 148.5499734654165991 148.5056607111268363 148.6190518308862636 148.8941270122058995 149.2894038563594563 149.7698567132495953 150.3187687953299019 150.8982840969396761 151.4955775694321574 152.0639483460109602 152.6005660711126950 153.0682823279674381 153.4469308331859168 153.7184680700513013
-420.3750495834985941 -426.7046806822689291 -433.3417294724315525 -440.3139627132090368 -447.5428401428004577 -455.0039666798889471 -462.6612455374851152 -470.4506148353827939 -478.2949226497421478 -486.1545021816739336 -494.0495834986116392 -502.0295517651725277 -510.0836969456564702 -518.2090440301467424 -526.2715192383974454 -534.0737802459341310 -541.5541451804839426 -548.5652518841729943 -554.9059896866323243 -560.4520031733438827 -565.1122570408567753 -568.8685045616819025 -571.6622372074573377 -573.4900833002776608
-130.2709427071444850 -126.0456516776991549 -121.0447386441451698 -115.1921935631134488 -108.4622232367039487 -100.9621091075097041 -92.8048390778361068 -84.0057064597123997 -74.5889066423191025 -64.6729057292855458 -54.3658981967587280 -43.8724035608308611 -33.3789089249029871 -22.9876740470212297 -12.8808491212052036 -3.2602145628851860 5.7680894772882905 14.2346496233736595 22.1063684090390318 29.4142889751198346 36.0963250399452207 42.0910750970098135 47.3519744350604910 51.8160237388724028
-406.2130369968830337 -403.5840899850928167 -400.4172652120883527 -396.7786963003117080 -392.7666350453990844 -388.4953245697249145 -384.0685729773682056 -379.5503455752811988 -375.1361973167095698 -370.9329177395310921 -367.0645073858246406 -363.5652527442742894 -360.5361160048786928 -358.0291367393955966 -356.1004201111261409 -354.7842526087545707 -354.0527171703482736 -353.7528120341509634 -353.8013280932375437 -354.0922889280390109 -354.4858381894565582 -354.8551294213307870 -355.1061119392871888 -355.1337579617834308
527.7860501567398614 528.7723354231975463 529.3542319749216176 529.5950235109718278 529.4625783699059411 529.0051920062695672 528.3653017241379075 527.6310736677115756 526.7598942006269453 525.7890869905955924 524.8021159874608657 523.8134796238244917 522.8378722570532773 521.8774490595611724 520.9798197492162899 520.1369514106582983 519.2609717868338066 518.3990987460814495 517.5280172413793025 516.6275470219435419 515.7134600313479496 514.7281543887147564 513.7128722570532773 512.6045258620689538
-170.0405913304936121 -169.7905286895514791 -169.3043096968178531 -168.5982209972438000 -167.7440491104986222 -166.7788774743172269 -165.7843898772237594 -164.7609621648709606 -163.7288900025056364 -162.7302681032322766 -161.8031821598596878 -160.9951140065146546 -160.3231019794537815 -159.8117013279879757 -159.4007767476822721 -159.0750438486594760 -158.8069406163868678 -158.5801804059132962 -158.3653219744425087 -158.1687546980706713 -157.9997494362315251 -157.8350037584565371 -157.7352793786018594 -157.6447005762966569
-125.2691588785046690 -126.2635514018691651 -122.2429906542056131 -112.2859813084112091 -95.7102803738317789 -72.2037383177570149 -41.7626168224299050 -4.6037383177570090 39.1383177570093466 89.4448598130841077 145.8485981308411112 207.3514018691588774 271.6467289719626024 336.3158878504672771 398.0878504672897407 452.2037383177570291 495.4897196261682097 526.2598130841121247 544.6654205607476342 556.3831775700934941 561.8598130841121474 564.5794392523364422 568.5084112149532984 571.2392523364485442
-355.8379454926624703 -360.7083857442348176 -366.0010482180293252 -371.7226415094339700 -377.8329140461215729 -384.3616352201257769 -391.3412997903564019 -398.6882599580712849 -406.4075471698113233 -414.4402515723270426 -422.7513626834381739 -431.3165618448637133 -440.1023060796645723 -449.0322851153039778 -457.9536687631027121 -466.7809224318658039 -475.3809224318658266 -483.7016771488469544 -491.6264150943396203 -498.9865828092243305 -505.7354297693920557 -511.6419287211739970 -516.7222222222221717 -520.8953878406708782
-948.7148760330578625 -957.5185950413223281 -967.5805785123966416 -979.3615702479338552 -992.5227272727272521 -1006.9235537190082823 -1022.4669421487603813 -1038.3326446280991604 -1054.1673553719008396 -1070.1652892561983208 -1085.9132231404958020 -1101.0578512396693895 -1115.0971074380165646 -1127.3719008264463355 -1137.4504132231404583 -1145.0495867768595417 -1149.6776859504132062 -1151.0867768595041980 -1149.1115702479339689 -1143.7438016528926710 -1135.4318181818182438 -1124.5165289256199230 -1111.3326446280991604 -1096.4338842975207626
458.2454615384615408 458.8388461538461343 459.2719230769230876 459.5544615384615668 459.7036923076923358 459.7988461538461706 459.8301538461538485 459.8512307692307672 459.8817692307692369 459.9013846153846430 459.9449230769230894 460.0148461538461788 460.1091538461538448 460.2365384615384869 460.4110769230769051 460.5866153846153566 460.7711538461538225 460.9476153846154034 461.0743076923076842 461.1401538461538507 461.1103846153845893 460.9457692307692582 460.6486153846153684 460.2211538461538680
106.6848354020507230 89.3826227738802004 70.3399892066918540 49.6216945493793844 27.3453858607663243 3.7285483000539665 -21.2800863464651933 -47.4851592012951969 -74.6583917970858124 -102.4587155963302791 -130.4533189422558053 -158.1073934160820329 -185.3059902860226771 -211.8613059902860130 -237.5078251484079885 -261.9789530491095775 -284.9676200755531568 -306.3464651915812169 -325.8526713437668718 -343.5105234754452113 -359.1181867242309522 -372.4700485698866714 -383.4268753372908805 -391.7879114948731853
599.9410134600158244 602.1084718923199262 603.2145684877276608 603.2779097387173124 602.3642121931908378 600.4762470308788807 597.4093428345209986 592.9580364212192762 587.1797307996832842 580.2121931908154693 572.1397466349960723 562.9742676167854825 552.5071258907363472 540.8083927157560993 527.7711797307996449 513.3365003958828083 497.4932699920823325 480.2862232779097553 461.8879651623119571 442.5855106888361092 422.8305621536025569 403.0514647664291488 383.7272367379255797 365.3056215360253418
-1105.3479125248509263 -1120.6123260437375393 -1132.3280318091451591 -1139.8210735586480951 -1143.0337972166998952 -1141.8131212723658336 -1136.1908548707754107 -1126.2544731610337294 -1112.2326043737575674 -1094.7952286282306886 -1074.9045725646124083 -1053.4731610337971688 -1031.8548707753479903 -1010.9622266401590878 -991.0000000000000000 -972.5268389662028312 -956.1212723658052255 -942.0616302186879238 -930.4532803180914016 -921.2882703777336246 -914.3518886679920570 -909.0238568588468979 -905.1391650099403705 -902.3797216699800856
27.6422680412371129 1.8824742268041237 -27.1010309278350512 -59.1608247422680407 -93.9865979381443282 -131.5865979381443367 -171.4824742268041291 -212.8567010309278373 -254.8536082474226703 -296.4577319587629063 -337.3525773195876241 -377.1402061855670240 -415.4876288659793886 -451.7731958762886393 -485.4350515463917759 -515.9298969072165164 -542.8927835051546253 -566.1536082474226532 -585.7927835051546026 -602.0309278350515569 -614.9010309278349951 -624.5536082474226305 -631.3340206185566785 -635.6731958762886734
-121.1718610863757846 -121.3692490353220563 -122.6295636687444386 -124.7278124072425101 -127.6438112199465706 -131.5099436034431619 -136.3478777085188369 -142.1279311368358549 -149.2321163550014944 -157.8216087859898948 -167.9922825764321885 -179.8213119620065186 -193.3178984861976915 -208.3410507569011543 -224.8073612347877770 -242.5414069456812172 -261.0032650638171390 -279.8406055209260899 -298.4315820718314285 -316.2534876818046996 -332.8693974473137587 -347.8394182249925848 -360.8296230335411110 -371.6260017809439091
60.8890862944162450 60.6542301184433157 60.3851099830795235 60.0823181049069390 59.7286802030456840 59.3430626057529622 58.9969543147208100 58.6523688663282599 58.3775803722504207 58.2306260575296122 58.2451776649746193 58.4388324873096465 58.8344331641285976 59.3821489001692058 60.0346869712351960 60.7439086294416271 61.4757191201353663 62.2197969543147238 62.9877326565143818 63.7494923857868017 64.4736886632825730 65.1247038917089611 65.6804568527918775 66.1293570219966114
371.8421244752692019 372.6843402080671694 373.5016426355174417 374.2724949808359156 375.0131410841394199 375.6720204416864135 376.2340755612337944 376.6977550647928297 377.0576747581675363 377.3267932104398596 377.5181602482204539 377.6215550282898334 377.6461033035225228 377.5841394415039076 377.4538236904544419 377.2655594086511996 377.0087607227596322 376.7341668187625601 376.4026282168279067 376.0552108048914306 375.7302427450264872 375.3722394597554057 375.0014601204599103 374.6177222120824695
-576.1069642170065208 -577.0155829165063324 -577.6860330896498681 -578.1493843786071238 -578.4201616006156428 -578.5056752597153036 -578.4418045402077269 -578.2531742978068223 -577.9807618314736146 -577.6453443632166227 -577.2722200846479836 -576.8806271642939691 -576.4860523278183564 -576.0766641015775349 -575.6746825702192609 -575.2592343208926877 -574.8200269334358836 -574.3518661023470031 -573.8500384763370903 -573.2821277414390124 -572.6419776837244626 -571.9231435167372410 -571.0977298961139468 -570.1524624855713910
288.4084632516703550 282.5683741648106775 275.5055679287304997 267.1109131403118226 257.4547884187082332 246.5207126948775169 234.2650334075723890 220.6129175946547889 205.4824053452115891 188.8075723830735058 170.6222717149220500 150.9763919821826335 129.9790645879732836 107.7870824053452168 84.6400890868596889 60.8164810690423181 36.8022271714922056 12.9572383073496660 -10.3501113585746101 -32.7781737193763902 -53.9616926503340792 -73.6877505567928779 -91.6213808463251667 -107.7661469933184861
371.8918322295805865 378.7932303164091081 386.4365955359332929 394.6919303409369491 403.4047093451067099 412.3318616629874782 421.3522197694383067 430.4103507480991198 439.5675741967132808 448.6875153298994405 457.8910963944076684 466.8967377974000215 475.6578366445916117 484.0095658572479920 491.8501349031150198 499.1412803532008979 505.7890605837625912 511.6004415011037736 516.4204071621289813 520.2362030905077290 522.9627176845719987 524.6357615894039554 525.2950699043414033 524.9585479519254250
621.3611084475980988 622.6985329370025966 623.8130213826829049 624.7056285358136165 625.3967782145939509 625.9524403106721593 626.3988877169431362 626.7589414133665286 627.0418065011026556 627.2633042477706340 627.4289001821842930 627.5535525937290231 627.6681369258797076 627.7560648192539929 627.8107201073928536 627.8249113050148935 627.7568319110173434 627.5830856266180717 627.2840157253810958 626.8298015150062383 626.1927318055422802 625.3403969699875233 624.2610988589509589 622.9468788953878402
