1121.1853856562922829 1186.5115020297698720 1235.7124492557509257 1268.4046008119080398 1287.4594046008119221 1294.0500676589986142 1294.1718538565628478 1293.9898511502028668 1293.3301759133964879 1292.9465493910690839 1294.2192151556157569 1301.2774018944519412 1314.4560216508796202 1335.2266576454669575 1360.9925575101487993 1388.9357239512855813 1419.0893098782137258 1448.8545331529094256 1477.7185385656291601 1499.1583220568336401 1505.2259810554803607 1490.7023004059540199 1451.2334235453315614 1388.0953991880919602
-2450.2739884393063221 -2296.4924855491331073 -1959.1774566473989125 -1495.1317919075145255 -988.2369942196531838 -526.7231213872831859 -155.6040462427745581 111.7965317919075119 281.7479768786126897 375.4624277456647405 420.7780346820809427 435.9976878612716860 421.8832369942196578 387.3028901734103897 329.0734104046242692 262.0277456647398822 197.0965317919075233 138.7502890173410321 88.3612716763005750 52.1716763005780351 32.9803468208092454 29.4947976878612721 41.0254335260115610 52.6838150289017335
1553.3335407591785042 1598.2563783447417336 1524.7181082762913320 1338.2072184194150850 1052.6154324828873996 702.8500311138767529 318.2962041070317127 -66.9589296826384555 -417.7037958929682873 -695.6689483509645697 -882.9744866210329519 -962.6583696328563065 -946.3658991910391478 -862.7604231487243851 -727.2103298070940127 -553.6235220908524752 -363.5656502800248973 -170.6857498444306032 13.5444928438083387 169.0199128811449896 280.3204729309271670 355.8338518979464880 400.4436838830118290 429.5108898568761902
-17.1082977141795212 -9.8440810258316294 1.2520442296970824 14.2501393792975275 29.1443040327076766 45.4985597472588736 62.3085857647277450 79.0498048689834576 95.6929009477792221 111.9762125998884983 127.4186024902434440 142.5351235829771497 157.4232020070618887 172.1200055751718878 187.0096171715294417 201.8368333023601622 216.5135662516260879 229.9059654339341989 239.7870748931425453 243.1769652480951436 240.0288979743542086 229.9670600260174638 214.1101096450474017 193.1623768816205029
-652.1455085374907412 -599.5163325909428522 -500.8845582776540368 -356.8021529324424819 -177.4309576837416387 34.3132887899034884 255.3403860430586576 460.4472902746844625 634.2204899777283345 777.0489977728285567 895.7134372680029628 985.2680029695619623 1027.4955456570155548 1002.4224201930214804 894.4342984409800010 705.5772086117298159 453.1815144766147228 159.1499628804751296 -152.0764662212323799 -455.7405345211581107 -728.5805493689680361 -949.7828507795099995 -1099.7505567928731125 -1166.0367483296213322
1571.4288431061806932 1526.3087163232962666 1383.3825673534072394 1187.2310618066560437 948.0304278922345702 698.2218700475435753 468.6830427892234638 312.7042789223455088 193.0069730586370724 112.7914421553090278 64.8931854199683045 38.9033280507131565 25.1901743264659288 11.3841521394611735 -8.9347068145800321 -33.8855784469096690 -56.3968304278922332 -71.6757527733755921 -86.8500792393027012 -101.0656101426307458 -114.2025356576862123 -128.1768621236133185 -141.9026941362916148 -152.0209191759112457
395.0670910871694446 555.2766895200783210 710.4740450538687355 856.1655239960822428 992.2365328109696065 1112.5406464250734189 1199.7032321253673217 1228.9226248775710246 1177.6434867776688407 1038.4289911851126362 818.5935357492654703 534.2742409402546855 204.8163565132223312 -148.8996082272282138 -511.3956904995102946 -865.1087169441723290 -1181.5465230166503261 -1435.7776689520078435 -1603.4740450538688492 -1663.5582761998041406 -1612.6586679725758131 -1470.9588638589618768 -1270.9407443682664507 -1051.9657198824681927
1298.0448330683625500 1383.8607313195548159 1439.6031796502384168 1456.2721780604133528 1435.5087440381557826 1379.0896661367248726 1290.2947535771065759 1177.5383147853735863 1060.7945945945946278 942.8505564387917275 827.0384737678855345 718.0931637519872766 619.4645468998410252 533.6775834658187705 460.8457869634340227 402.4658187599363828 356.2677265500794874 317.4922098569157356 280.3519872813990332 244.8114467408585142 212.3624801271860179 179.6543720190778970 146.6600953895071484 111.8006359300476902
-276.4805504587155838 -406.3394495412844094 -541.1286238532110247 -664.8315596330274957 -756.5895412844037082 -796.1207339449541678 -775.9851376146789335 -695.1436697247706888 -561.7559633027523205 -395.9064220183486214 -216.7855045871559696 -44.6603669724770640 104.3319266055045915 220.2166972477064348 298.9631192660550596 335.6535779816513809 335.1075229357797980 304.4383486238531873 249.4581651376146851 178.6161467889908181 100.2706422018348604 21.4374311926605507 -47.2416513761467911 -98.0311926605504595
-71.3137132122730151 -422.6224170319349014 -805.2529743268628408 -1206.7376330619913460 -1601.6938008766437633 -1949.7413901064496713 -2216.5773324984347710 -2370.0037570444583253 -2391.5159674389478823 -2294.7701941139634982 -2102.3663118346898955 -1835.6762680025046848 -1522.5203506574828225 -1190.9474013775829917 -863.1928616155290683 -547.9442705072010540 -259.0194113963681843 3.3550407013149655 248.6105197244833960 471.5453976205384947 657.4715090795241395 794.6430807764558040 885.0525986224170083 949.1258609893550329
-632.4188288920056493 -700.5834502103787145 -757.0354137447404810 -797.6160589060308439 -820.3609747545582422 -824.2142356241233756 -812.0501402524544119 -786.6358695652173765 -750.2492987377279405 -704.1235974754557674 -652.3599228611500394 -600.3650070126227547 -550.1481416549789856 -501.5468092566620157 -456.0536465638148798 -414.4344319775595977 -377.7596423562412156 -344.8018934081346174 -312.9775596072931307 -282.0312061711080105 -252.7091514726507739 -224.9239130434782510 -196.7915497896213139 -167.5732819074333690
-379.7145514500718946 -368.1531242073222074 -325.1440771116936048 -256.8566838589667896 -168.8972689608523012 -68.8774837236830990 32.2512048702122271 127.7065189819903566 210.3319523125052797 272.2835038471294524 307.3550350892026586 309.8565147543755529 283.2168766382007448 232.8392660860742467 165.9183224824554088 94.0015219413207035 24.1599729432654087 -38.5689523970575792 -88.9915447704405125 -126.2123953665341958 -149.2479918829796190 -158.7985118795975268 -157.4119387841379876 -147.1553225670076870
-128.9901477832512455 3.5763546798029555 175.8128078817734092 408.0952380952380736 706.1149425287355825 1077.2216748768473735 1515.0952380952380736 1991.0591133004925268 2478.6666666666665151 2927.2955665024628615 3287.7931034482758150 3548.7898193760261165 3718.5123152709361420 3781.1330049261082422 3657.4285714285715585 2883.4975369458129535 1715.6962233169128922 886.1871921182265623 627.3809523809524080 393.6174055829227996 181.3842364532019644 24.3940886699507402 -80.9277504105090344 -174.7848932676518814
2225.1173402868316771 2384.7653194263361911 2501.6558018252935653 2575.1994784876142148 2607.3741851368968128 2599.6766623207299745 2561.5254237288136210 2498.0651890482399722 2420.6036505867014057 2327.3833116036507818 2223.4315514993481884 2114.6844850065190258 1998.5332464146024449 1882.7718383311603247 1767.5019556714471491 1644.3650586701435259 1517.5932203389829738 1390.3011734028682440 1264.1538461538461888 1146.7027379400260543 1036.2164276401565530 929.2750977835723916 824.8970013037809395 719.1212516297262027
-37.3716232088325100 -143.5806906272022445 -268.6046511627906739 -409.9682875264270479 -564.7007282123561254 -725.5233732675593501 -883.4707540521493456 -1022.1449377495889621 -1128.3939393939394904 -1191.8510688278129237 -1211.1167488841906561 -1186.2142353770261707 -1121.0394644115574465 -1029.1562132957481026 -917.9779187221047323 -792.7430115104533570 -660.0923185341789576 -526.1498708010335577 -394.9833215879727391 -269.3659854357528616 -149.1728917077754204 -41.5637773079633561 48.5111580925534440 119.4052149400986593
-460.2179199622240731 -468.1018769920906379 -452.1887616574194340 -414.5891866367607008 -358.9853618226891854 -290.9008381537008745 -214.0217211663321848 -132.1362294888442932 -47.8369732026915386 36.1125014756227145 114.9588006138590544 186.0394286388855960 246.9403848424034891 297.4920316373509763 338.6569472317318059 373.7720458033289788 402.8931649155943546 425.1571243064573196 437.6430173533231027 439.7136111439027104 429.8827765316963792 408.7790107425333304 377.9414472907566847 337.3524967536300210
3462.7592024539876547 3881.2684049079753095 4175.9693251533744842 4352.9125766871165979 4404.8742331288340210 4190.4754601226995874 3528.0460122699387284 2574.6027607361961600 1563.3803680981595789 859.4815950920245768 646.2592024539877684 369.7300613496932442 178.7576687116564358 57.2914110429447874 -17.0383435582822074 -67.1365030674846679 -108.4325153374233111 -153.0230061349693358 -204.3113496932515432 -268.3389570552147347 -354.7085889570552126 -460.8358895705521263 -571.1503067484662779 -684.6411042944785095
877.8064738292010816 792.2668732782368579 653.3512396694214885 467.7293388429752099 251.4779614325068735 20.3436639118457308 -215.2448347107437883 -450.3526170798897965 -672.8935950413223281 -863.5712809917355344 -1013.3274793388429771 -1115.3102617079889569 -1161.5426997245178882 -1146.5488980716254446 -1088.0168732782369716 -1009.0368457300274940 -923.9073691460055215 -839.1883608815427351 -751.2961432506887149 -659.6346418732782695 -559.3326446280991604 -447.0988292011019212 -325.2500000000000000 -197.5461432506887149
-4166.7649484536086675 -4351.8804123711342982 -4252.5113402061851957 -3830.1402061855669672 -3121.0577319587628153 -2268.2515463917525267 -1426.1175257731958936 -699.4639175257732404 -159.0432989690721683 176.6639175257732006 361.3216494845360671 446.0969072164948557 481.0824742268041518 496.8350515463917532 504.0371134020618342 516.0536082474226305 507.7195876288659520 496.6989690721649708 484.0309278350515569 469.5587628865979468 468.0515463917525949 489.1896907216494697 510.2350515463917304 556.0762886597938177
-2116.3780607247795160 -2383.5230166503429245 -2545.7619980411359393 -2601.0362389813908521 -2555.0088148873651335 -2417.8383937316357333 -2214.0950048971594697 -1951.8050930460333348 -1647.2105778648383421 -1311.4652301665034884 -959.6542605288932464 -600.7708129285014138 -237.1380999020568083 125.8354554358472086 473.7159647404505449 790.8579823702252725 1071.8707149853084957 1322.9108716944172102 1554.1635651322233116 1772.7766895200784347 1958.1792360430949884 2074.1518119490697245 2085.4965719882466146 2003.5837414299705870
89.8605108055009794 295.5199738048461313 577.9528487229862321 928.3379174852652795 1316.0595939751146943 1692.3163064833006501 1992.0163719711854355 2106.2462344466275681 1964.6273739358218791 1602.5808775376556241 1182.3962017026849480 792.8316961362147595 426.3163064833005933 126.4322200392927300 -102.0667976424361427 -239.9318925998690304 -301.2593320235756664 -322.3228552717746993 -315.5854616895874187 -301.8185985592665475 -291.7092337917485452 -280.1342501637196847 -256.5697445972494961 -219.0759659462999309
2876.8750000000000000 3310.0937500000000000 3582.5500000000001819 3748.4937500000000909 3648.2187500000000000 3127.0062499999999091 1785.8687500000000909 504.5249999999999773 -1081.5687499999999091 -1850.3375000000000909 -2719.2062500000001819 -3476.7062500000001819 -4120.3312500000001819 -4535.0062500000003638 -4702.4499999999998181 -4567.4812499999998181 -4054.9437499999999091 -3142.1562500000000000 -1993.9562499999999545 -868.0187499999999545 7.4749999999999996 545.7250000000000227 796.9812500000000455 882.7437499999999773
-2163.3253873659118653 -2141.7222884386173973 -2045.8522050059593766 -1873.1573301549462940 -1627.1597139451728253 -1317.2824791418354380 -965.7067938021453983 -577.6471990464839337 -158.1644815256257459 278.4171632896305368 701.8939213349225383 1090.7878426698450767 1442.7401668653158140 1760.1978545887961900 2053.6388557806913013 2312.2121573301551507 2512.1907032181165960 2616.1883194278902920 2555.2836710369488173 2332.1585220500596733 2005.4505363528010093 1528.7830750893922414 1108.5005959475565760 693.7806912991657100
271.5347405452946532 182.4133685136323777 144.0606860158311235 132.7968337730870587 110.4221635883905037 101.9173262972735330 114.2365875109938429 129.0184696569920959 134.7915567282321945 119.6121372031662276 73.1547933157431771 -21.4793315743183832 -179.6569920844327157 -403.6015831134564564 -691.6605101143359207 -1044.1715039577836706 -1453.0061565523305944 -1896.4652594547053468 -2328.6974494283199419 -2699.7563764291994630 -2969.9401934916445498 -3115.4080914687774566 -3118.6921723834652767 -2982.0598065083554502
-3275.1198347107438167 -3737.1384297520662585 -4133.0578512396696169 -4418.3739669421483995 -4530.8140495867764912 -4423.7582644628100752 -4029.0702479338842750 -3372.8863636363635123 -2549.2665289256196957 -1705.3842975206612209 -979.3367768595040843 -445.1404958677686068 -95.5371900826446279 141.5991735537189982 308.1528925619834922 428.1838842975206489 515.1425619834710687 586.5702479338842750 659.5785123966942365 719.6694214876033584 790.3409090909091219 846.1466942148759927 912.4132231404959157 943.3078512396693895
-1113.2269503546099259 -1298.2823581560282946 -1425.4844858156027385 -1484.9578900709220761 -1484.4055851063828868 -1443.1023936170213346 -1372.0735815602836283 -1285.3679078014183688 -1183.7659574468084429 -1061.4840425531915571 -911.3501773049645180 -733.1019503546099259 -527.7362588652482600 -300.4796099290780376 -57.8147163120567384 191.1653368794326298 433.8240248226950371 656.6015070921986307 857.4583333333333712 1035.3727836879431834 1185.3390957446808898 1298.7836879432625210 1360.8284574468084429 1340.6582446808511122
-217.0353773584905639 -374.5636792452830264 -569.0259433962264666 -816.6014150943395862 -1153.8419811320754889 -1577.5943396226414279 -2061.7806603773583447 -2568.4433962264151887 -3050.3443396226416553 -3465.0754716981132333 -3804.3113207547171442 -4065.5000000000000000 -4220.3514150943392451 -4238.6839622641509777 -4109.0613207547166894 -3816.9575471698112779 -3383.1297169811318781 -2849.1698113207548886 -2263.1014150943396999 -1685.7146226415093224 -1161.4056603773585721 -709.1603773584905639 -329.2948113207547181 -23.1415094339622627
-289.3889022919179865 -190.2325693606755124 -55.8740651387213489 102.5174909529553702 266.9268998793727405 416.1688781664656176 543.6998793727382235 644.8113389626055323 712.0009650180941208 735.7030156815440023 702.9396863691193857 614.0448733413751370 467.2525934861278643 274.6984318455970993 55.5365500603136297 -168.6349819059107347 -376.5544028950542952 -553.6692400482509129 -686.6352231604342933 -766.6019300361881506 -782.5051869722557285 -741.8477683956574538 -663.0484921592279761 -568.2376357056695042
-312.3656174334140587 -164.4430992736077428 10.4285714285714288 231.6634382566585941 514.3438256658595265 863.4939467312348143 1293.6585956416465706 1793.6246973365616668 2335.3462469733653961 2890.7675544794187772 3421.4358353510897359 3886.3292978208232853 4250.4673123486682016 4499.7578692493943890 4619.8692493946728064 4609.7384987893465222 4425.9467312348670021 3876.6876513317192803 2684.2493946731233336 2031.8644067796610670 1542.6682808716707314 1102.3777239709443165 750.0435835351089509 481.4237288135593076
32.0144200626959261 10.6347962382445136 -12.1617554858934174 -40.3291536050156765 -79.2631661442006248 -134.5605015673981200 -205.6981191222570544 -289.8086206896551857 -385.4615987460815063 -489.3565830721003067 -592.5730407523510621 -684.4802507836990344 -753.8647335423197546 -791.0032915360501420 -790.2844827586206975 -747.3766457680251278 -661.3514106583072589 -538.8686520376176077 -390.2382445141066114 -228.7697492163009372 -70.0327586206896484 70.6733542319749262 181.5340125391849426 260.2589341692789731
601.1538286753010425 665.6848443535560591 714.2566462167688996 744.3691206543967382 755.1555328334469550 744.1581458759372936 711.9850034083162882 657.8767325607816474 591.4314928425358175 525.3765053396955409 457.8800272665303623 390.1303112928879955 322.9041127016587325 260.5702113156100950 204.8574187684617129 155.7049534196773379 114.6062258577595969 79.4205862304021792 50.1361054305839602 27.3025448761645073 10.0340831629175185 -1.4445580549875028 -8.5674846625766872 -12.4229720518064077
-107.6830357142857082 -60.5870535714285694 -34.0714285714285694 -17.1294642857142847 4.8995535714285712 33.2834821428571459 75.2924107142857082 179.8973214285714164 398.4486607142857224 763.1785714285714448 1255.9129464285713311 1829.1205357142857792 2423.9040178571426623 2986.4486607142857792 3438.3549107142857792 3741.0491071428573377 3887.7544642857142208 3939.6428571428573377 3734.3772321428573377 1985.4486607142857792 437.0446428571428328 -308.1875000000000000 -545.6361607142856656 -954.7611607142856656
912.0283018867924056 721.2924528301887221 453.4292452830188722 124.2866876310272488 -245.4837526205450615 -636.6677148846960108 -1027.1179245283019554 -1376.8176100628929817 -1647.6860587002097418 -1821.8553459119495983 -1870.5000000000000000 -1786.3998951781970845 -1595.1797693920334495 -1329.0660377358490223 -1029.9973794549266586 -730.2180293501048709 -456.1918238993710588 -213.4675052410901515 -1.1006289308176100 192.0272536687631089 364.7463312368972765 514.9449685534591481 633.9177148846960108 712.5875262054507857
-30.5998201438848909 9.3794964028776970 39.8714028776978395 64.1438848920863336 91.2841726618704996 131.8857913669064885 186.8803956834532300 262.8561151079136948 373.2059352517985644 524.6600719424460522 720.6978417266186625 965.0233812949639969 1255.5899280575540615 1570.7230215827337361 1900.9154676258992822 2219.9928057553956933 2490.6843525179856442 2690.5476618705038163 2805.3983812949641106 2828.8417266187052519 2755.7616906474818279 2530.3929856115109942 1985.5638489208633928 1494.7482014388488096
650.5758928571428896 654.2715517241379075 616.5500307881773097 534.3454433497537366 420.2838669950738790 284.5469519704433310 140.6134544334975374 1.5010775862068966 -127.1721059113300498 -243.2484605911330107 -339.1725677339901495 -410.4859913793103487 -453.8080357142857224 -468.5840517241379075 -458.2504618226600996 -433.6705665024630321 -403.6691810344827331 -373.2201354679802989 -342.4393472906403986 -310.4926108374384057 -279.1530172413793025 -249.9899938423645267 -218.0534174876847260 -182.3914716748768399
-1125.2140724946696082 -1069.6622601279318587 -980.9484008528784216 -855.6742004264392563 -693.1117270788912492 -504.4801705756929664 -293.9292110874200148 -72.3931769722814522 153.3633262260127879 378.1334754797441633 591.0127931769723091 777.1061833688698925 929.8844349680171035 1060.1769722814499346 1179.5692963752665037 1292.6439232409381930 1389.6268656716417809 1442.1590618336886109 1413.2528784648186502 1315.1586353944562688 1157.0136460554369933 968.2660980810234150 753.6132196162046739 539.1176972281449480
922.1581769436996865 1295.8659517426274306 1727.0589812332439124 2206.8284182305628747 2711.6729222520107214 3212.1447721179624750 3676.0723860589810101 4069.1045576407504996 4364.7989276139405774 4546.9758713136725419 4615.3780160857904775 4557.0214477211793564 4388.1286863270779577 4030.7613941018767036 3312.5469168900804107 2490.2680965147451388 2088.4557640750672363 1590.7184986595175360 1183.1394101876676359 840.5630026809651554 579.0536193029490732 385.4664879356568576 240.9276139410187625 118.6541554959785572
3721.3760896637609221 3864.7633872976339262 3550.5454545454545041 2872.3785803237856271 2031.9551681195516721 1259.7534246575341967 748.1905354919053934 482.2440846824408709 277.5728518057285328 134.8530510585304967 56.5765877957658745 17.7945205479452042 1.0049813200498132 -1.3387297633872977 -3.0722291407222913 -14.2104607721046072 -37.3337484433374840 -74.4072229140722357 -108.5728518057285186 -138.5292652552926427 -175.8094645080946350 -226.3399750933997439 -297.2104607721046250 -381.6201743462017362
286.9211234095375858 301.4779662770249047 310.8991931312713177 316.8962449570704507 320.5613944346746393 322.7140271025136826 323.5186200475845908 323.2140271025136826 322.2663184028136811 320.7917140788248958 319.2189924485362553 317.2695769111409732 315.3248681079962807 313.5870487224578369 312.0774283645391733 310.4543291610634128 309.0387917658011929 308.3110065170166649 307.4484328126616219 306.0239474500879169 302.6084617771800822 295.4573290576187219 284.3500568945898408 269.9273300920658016
-1750.3550196298374431 -1917.1301177790242036 -2015.6500280426248537 -2024.7807066741447670 -1916.4587773415591982 -1684.1071228266964681 -1359.9971957375209968 -988.8328659562534995 -613.5720695457094962 -262.3651149747616387 39.6012338754907489 283.7509814918676625 473.3370723499719475 616.3813796971396641 718.8698822209759101 777.3415591699382503 789.2310712282669556 741.8407178911945721 641.3303421200224648 513.7436904094223564 365.3757711721817145 234.9803701626472332 117.0039259674705505 23.8502523836231077
168.1597374179431199 80.7921225382932136 -18.4288840262582063 -108.2341356673960604 -212.0328227571116031 -350.4967177242888283 -546.1553610503282243 -811.0984682713348093 -1165.0722100656455495 -1609.5754923413567212 -2110.8971553610504088 -2626.2231947483587646 -3115.6389496717724796 -3536.3851203501094460 -3866.2625820568928248 -4113.0175054704595823 -4242.5798687089718442 -4224.8774617067829240 -4045.6083150984682106 -3701.4463894967175293 -3224.6126914660831062 -2671.2472647702406903 -2096.9934354485776566 -1549.4354485776805177
-111.2451653150343134 146.5252651278852056 414.6406737367436222 684.0636306924516248 951.4815970056145034 1221.1154086088583881 1490.5620711166561705 1743.7018091079225997 1959.3992514036181092 2089.3306300686213035 2083.8621334996882979 1913.6500311915158363 1622.1921397379912833 1256.6026200873361631 834.1060511540861171 374.6612601372426639 -67.4897067997504649 -497.7404865876481495 -899.0449157829070828 -1264.6768558951964678 -1571.7772925764193133 -1789.1428571428571104 -1904.6076107298815714 -1913.1216469120399779
1301.8044692737430523 1824.2067039106145785 2397.5698324022346242 2953.1564245810054672 3399.0279329608938497 3657.2849162011175395 3746.1731843575416860 3637.0055865921785880 3236.9050279329608202 1956.2569832402234624 521.2011173184357631 -926.8882681564246013 -1590.9385474860334853 -2433.8938547486031894 -3192.3296089385476080 -3811.4804469273744871 -4241.1843575418997716 -4446.3351955307261960 -4409.9329608938551246 -4079.6927374301676537 -3403.1564245810054672 -2463.8268156424583140 -1457.4413407821230066 -594.0726256983240319
549.0322787344813378 560.2511013215859066 533.0763315979174877 468.6246696035242394 377.4567080496595963 272.4920304365238053 169.7682819383259982 80.8005606728073644 12.3990388466159391 -34.4113736483780528 -59.3506607929515440 -64.8632759311173430 -55.9647577092511028 -37.5048458149779762 -13.8307569082899473 11.8659991990388463 36.7434521425710869 59.2555867040448518 76.9902282739287074 88.3682819383259925 93.0774529435322364 91.8895474569483355 85.9986383660392448 76.5905486583900625
-955.3192118226601224 -1005.9648604269293628 -1043.1970443349753168 -1060.5083743842365038 -1056.6315270935961053 -1036.4817733990148554 -1004.1931034482759060 -963.9448275862068840 -920.8532019704433651 -880.0453201970443615 -845.3891625615763132 -823.7119868637109903 -819.1050903119868281 -832.2978653530377642 -860.4151067323481357 -899.5408866995073822 -943.8952380952381418 -991.5724137931034647 -1036.9911330049260414 -1070.7444991789818687 -1085.9711001642035626 -1078.9996715927750301 -1047.1389162561576995 -990.2013136288998112
50.9630996309963109 58.0275874187313292 68.4877877350202056 77.6691266912669107 85.0680021085925091 89.2391495343524923 87.1049024775961982 76.7952908100509575 57.6380249516780907 26.9274292742927415 -18.4631874890177485 -80.1960991038481836 -160.7745563169917489 -257.8125109822526611 -370.3619750483219377 -496.7137585661570824 -633.9513266561236833 -777.3103145317166991 -916.5596555965560128 -1038.6787910736250069 -1131.3795466526094060 -1182.1082410824108138 -1184.5960288174310335 -1137.6594623089088145
1.8521704736477800 -2.0925541382379116 -0.7007811727479482 2.3800059329575793 2.8659151587066152 -0.3215663008009493 -7.9848709581726487 -24.2560071195490963 -50.8056956392761805 -87.2179373084149177 -132.5960644714723742 -186.6720063284880951 -249.5400969049738080 -319.7325224957974683 -390.7566498566201858 -455.8309107089884264 -511.9589637100761479 -552.7947196677544071 -575.4247008800554113 -575.6022940769306615 -553.2239691486205402 -510.6800158212201950 -453.3020864234154033 -387.1561356669633369
411.4375000000000000 689.6351351351351013 1057.8344594594593673 1501.4391891891891646 1992.7736486486487593 2491.7888513513512407 2953.3885135135133169 3332.5033783783783292 3610.7888513513512407 3782.3175675675674938 3856.4915540540541770 3722.3023648648650124 2757.0996621621620761 1593.4543918918918735 816.8209459459459367 581.7702702702703164 339.5793918918918735 134.5320945945945823 5.5287162162162158 -72.2787162162162105 -136.2195945945945823 -193.5591216216216139 -252.2770270270270316 -311.5692567567567721
1728.0907519446845981 1968.7588591184096458 2180.3958513396714807 2340.5203111495247867 2442.4053586862573866 2481.6966292134829928 2458.3975799481418107 2362.0138288677612763 2185.6413137424374327 1866.0242005185825747 1502.4598098530682364 1192.3128781331029131 937.0293863439931101 727.5453759723422991 530.2385479688850864 355.6110630942091575 208.7000864304235108 85.8409680207433041 -16.5531547104580810 -101.0751944684528922 -169.5047536732930098 -238.1002592912705325 -305.2808988764044784 -361.6197061365600689
-185.2248243559718901 -81.3430913348946092 4.4847775175644031 53.2915690866510516 72.9320843091334865 73.3302107728337234 57.5702576112412174 31.1182669789227155 7.1498829039812648 -12.3548009367681502 -24.7306791569086641 -18.9484777517564389 16.7950819672131146 107.0374707259953198 278.0983606557376788 554.4367681498829370 941.8934426229508290 1433.2096018735362577 1996.9918032786886215 2571.3466042154568640 3104.5093676814990431 3533.7505854800938323 3795.6170960187355377 3845.4730679156909900
-269.0873044743543119 -206.8712259003274028 -127.1062204437977385 -31.4656238632229908 75.7777373590396479 196.5412877409967223 333.5107311749727046 487.6438704983630146 656.2069843579483859 839.9574390687522509 1036.9829028737722183 1233.5980356493271302 1403.4325209166970581 1514.3939614405237535 1510.1975263732265375 1378.7908330301927435 1188.2597308112040082 951.0883957802836903 697.7628228446708363 457.9956347762822588 223.7508184794470765 19.2462713714077829 -148.9243361222262649 -282.4518006547835398
-265.9279785156250000 -334.2261962890625000 -399.9666748046875000 -458.8909912109375000 -507.8035888671875000 -544.8648681640625000 -568.0720214843750000 -577.5297851562500000 -572.8059082031250000 -556.0780029296875000 -524.5250244140625000 -477.1557617187500000 -412.8205566406250000 -331.1707763671875000 -236.9927978515625000 -133.6368408203125000 -27.8917236328125000 75.0688476562500000 170.0826416015625000 250.6610107421875000 312.8790283203125000 357.0140380859375000 380.2128906250000000 383.2932128906250000
375.3286936105986911 451.4667113868857768 529.9569008888144026 610.1158812678181675 685.5425121583095915 750.8198893174576369 804.7445916484990676 845.4304880093912971 870.2061043099110975 875.9013919168204438 865.2371289619319441 841.9852423276873878 807.2837497903739177 760.9324165688411767 707.6412879423108961 651.2743585443569145 593.3588797585108523 536.9396277041757912 483.1710548381686863 432.8014422270669002 384.4942143216501904 339.9114539661244407 297.0700989434848225 256.3263457990944403
1914.3884034948371209 1737.4154090548054228 1463.7267672756156571 1111.7505957108817256 682.9984114376488833 217.8085782366957801 -268.0135027799840941 -757.2366957903097955 -1218.9563145353454274 -1620.2216044479746415 -1939.9094519459888488 -2152.3312152501985111 -2226.5861795075456939 -2165.2891183478950552 -2002.9197776012708800 -1778.8713264495631847 -1519.4733915806195910 -1252.2319301032564454 -995.2621127879269807 -751.7998411437648656 -516.5742652899126597 -288.2223987291501430 -57.6592533756949948 182.1111993645750715
1341.3897435897436026 1578.3307692307691923 1796.8430769230769783 1964.2958974358973592 2016.2743589743590746 1883.8107692307692105 1616.2066666666667061 1254.2999999999999545 927.0235897435896959 632.1748717948718195 344.5353846153846007 97.5769230769230802 -100.6733333333333320 -254.2035897435897311 -374.6482051282051202 -467.1646153846153879 -542.4779487179487205 -609.6610256410256170 -660.3482051282051088 -683.2323076923076997 -670.2358974358974137 -633.5543589743589337 -591.7200000000000273 -552.2400000000000091
-184.5407824644135815 -210.6477600209588559 -227.6155357610689123 -234.9497860448869062 -232.6789363374377899 -221.4838005414374322 -201.5640992053095886 -175.1048380054143649 -144.8108898786132102 -112.9505720024451989 -81.0027508514540244 -50.7402846912933398 -23.2552615492096777 1.0379006200331848 21.7016417780106536 38.3503187494541962 50.8194044188280500 59.3575233604052031 64.6111256658807065 66.7879661164963778 66.4518819317090248 64.7571391144878135 62.3829796524321054 59.5234913981311706
45.7054802981018682 38.5185490179931662 30.4454234775805972 21.1282990900481735 11.4887800057644007 1.6282785029027875 -8.1448923292296289 -16.8012105241487220 -24.4608638366204154 -31.4786511302342831 -38.4704574463704887 -46.6955572940256118 -56.7216206200848205 -69.7256145262897888 -85.6787993576810578 -104.3239593198007213 -124.8683657923992314 -146.4885329600197679 -167.5355540000823567 -186.4596286078972298 -201.3579281096883165 -209.6962984312595211 -208.7981224523407491 -197.7825585704286198
-101.0954598370197886 -79.6350407450523932 -44.4906868451688027 10.4481955762514556 78.1228172293364338 146.8119906868451778 200.1711292200232890 242.4924330616996428 275.7916181606519217 311.3015133876600657 336.1228172293364196 346.2398137369033861 332.3335273573923132 276.1728754365541363 159.8114086146682098 -27.8154831199068688 -289.4866123399301614 -620.9447031431897130 -999.3847497089639091 -1406.2642607683353617 -1799.7549476135041004 -2120.9941792782306038 -2316.9901047729917991 -2356.3684516880093724
408.4077490774907915 333.0424354243542666 274.8376383763837794 238.6383763837638412 187.5479704797047873 125.2084870848708533 49.8154981549815474 -31.8394833948339482 -140.6383763837638412 -291.6236162361623769 -499.7084870848708533 -781.2177121771218253 -1153.3671586715868216 -1612.1826568265682909 -2127.3985239852399900 -2653.2066420664204998 -3146.9741697416975512 -3572.3431734317341579 -3904.9612546125463268 -4130.2343173431736432 -4210.6900369003687956 -4115.5479704797044178 -3848.0313653136531684 -3433.7472324723248676
-22.5800165347820965 0.1876697767804417 27.1530648399669303 59.1288531947561111 96.5287587102869935 143.4369906696586838 200.9146096610369625 267.5327743002243892 341.4204558875634916 420.0305893468761269 497.9005550962560278 569.9252391638124209 632.2210936577299663 680.6589110664934879 710.7882366835951871 721.9173260895240674 714.6749734262430138 688.6753277430022990 643.7134758474076079 583.9782685721035023 514.8131569623243422 439.0259832290067266 362.4274241171607400 290.1070036612731542
292.1379716981132333 224.8738207547169736 123.5990566037735903 -20.3030660377358494 -192.2287735849056673 -410.6851415094339472 -691.3007075471698499 -1025.4245283018867667 -1402.5577830188678945 -1798.9481132075470668 -2178.9469339622642110 -2505.6580188679245111 -2759.8879716981132333 -2920.5341981132073670 -2962.4752358490563893 -2875.6922169811318781 -2664.9870283018867667 -2354.3679245283019554 -1977.6084905660377444 -1570.8030660377357890 -1166.6827830188678945 -799.5011792452829695 -498.6143867924528195 -259.0896226415094361
-362.8548703421224673 -250.5665722379603437 -87.5066463281760747 111.4390934844192600 323.2529962954891971 519.6458923512748243 677.2678143386358443 769.2543037698844728 774.8718675092612784 691.1987361080845176 536.4445412943996416 351.6075397690128739 182.2368707779472743 45.2721725866201794 -45.1993898452821981 -94.8040967531052559 -103.0200479407278209 -74.3754630638483292 -22.2540858574852898 37.5879276530834616 90.1725866201786914 127.9058618435389008 149.1011113532360071 154.0261494879058546
211.6566757493187936 233.0723309388159521 253.2670299727520558 270.6876393361407054 276.9318801089918338 259.4062422591032941 213.2610849640822437 137.7567500619271641 27.5734456279415419 -115.7473371315333139 -289.2382957641813164 -484.8858062918008613 -689.1976715382710381 -883.9623482784245425 -1051.3371315333167786 -1175.0832301213772553 -1243.3492692593511038 -1245.1102303690859117 -1172.8605400049541458 -1035.8791181570472872 -857.4446371067624568 -661.4540500371563212 -471.0393856824374552 -303.7344562794153831
181.5297029702970235 328.7920792079207786 592.9405940594059530 991.8415841584157988 1513.3613861386138524 2109.5594059405939333 2706.2178217821783619 3238.1782178217822548 3611.1881188118813952 3768.7128712871285643 3813.1633663366337714 3649.4950495049506571 2430.4108910891091000 1140.8960396039603893 -338.8564356435643390 -1481.3663366336634226 -2137.1831683168315976 -2950.7871287128714357 -3601.9455445544554095 -4059.0000000000000000 -4304.6039603960398381 -4309.4257425742571286 -4047.2475247524753286 -3522.2178217821783619
-957.4726756564939478 -940.4844570617459567 -871.6833215046132182 -755.0163236337828039 -609.2258339247692902 -455.9731724627395124 -314.8689850958126613 -199.3172462739531454 -114.3444996451383986 -56.9131298793470535 -21.6093683463449260 -4.7848119233498938 0.6847409510290986 -0.2759403832505323 -3.7233498935415188 -6.3112845990063873 -5.1974449964513836 1.6177430801987225 13.3846699787083043 30.0657203690560664 50.8550745209368316 72.8513839602555038 92.1308729595457834 107.7426543647977297
1569.1584062196307059 1434.8994169096210953 1248.6637512147715370 1062.0320699708454413 830.3853255587949889 604.9679300291545587 390.2536443148687795 216.0534499514091351 78.7900874635568442 -22.8153547133138979 -104.5335276967930014 -186.8245869776482095 -293.9834791059280974 -434.9538386783284523 -598.1788143828960074 -762.8391642371234411 -904.7312925170067501 -1023.5767735665695000 -1122.5782312925171027 -1203.5403304178814778 -1264.7560738581146325 -1297.0204081632653015 -1290.0806608357629557 -1238.1652089407191397
905.4202626641650795 1188.0065666041275563 1464.0553470919323900 1739.6510318949342491 1996.9324577861164016 2208.2495309568480479 2340.1407129455910763 2342.2579737335836398 2180.0046904315195206 1892.1435272045027887 1512.2242026266417270 1099.2551594746717001 683.2898686679174034 257.4896810506566567 -181.6322701688555412 -621.3339587242026028 -1045.0028142589117124 -1432.6547842401500930 -1775.7673545966229085 -2046.5900562851782070 -2224.6575984990618053 -2291.9277673545966536 -2231.1988742964354060 -2067.6500938086305723
-846.0500575373993115 -854.6720368239355139 -836.4499424626006885 -774.3233601841196787 -674.2307249712313251 -545.2586306098963860 -400.1838319907940331 -250.9197353279631670 -111.7336018411967729 1.1892980437284235 79.7934407364787148 122.9913693901035714 125.1760644418872204 88.0676064441887263 12.0920598388952811 -95.4134062140391279 -229.3596087456846817 -377.8754315304948364 -526.3360184119677569 -659.4991369390103273 -765.5184119677790022 -831.4260644418872062 -850.1378020713464139 -824.7157652474107863
3643.6408839779005575 3721.7237569060771420 2610.2928176795580839 1403.5082872928176130 94.7955801104972409 -1238.1215469613259756 -2087.3591160220994425 -2982.7679558011050176 -3739.1270718232044601 -4307.8397790055250880 -4632.1823204419888498 -4635.6464088397788146 -4304.3591160220994425 -3600.5911602209944249 -2600.6464088397788146 -1477.9392265193371259 -466.3370165745856184 255.6519337016574696 672.5359116022099215 845.5414364640884060 884.9613259668508363 853.1546961325966549 799.2209944751381272 730.1988950276243031
1473.6120263591433286 1711.4538714991763300 1925.2685337726522903 2081.0823723228995732 2140.2990115321254052 2072.9028006589787765 1859.2627677100495021 1547.4406919275122618 1170.2108731466228164 750.6194398682042674 315.5856672158154765 -133.4909390444810526 -581.9489291598023328 -1015.6169686985173257 -1414.8426688632619062 -1755.8484349258649218 -2013.8986820428335704 -2172.6252059308071694 -2215.5518945634266856 -2142.7594728171334282 -1977.0444810543656331 -1748.1400329489290471 -1495.7948929159801992 -1247.7644151565073116
33.1440972222222214 86.4058493589743648 148.0774572649572747 215.3430822649572747 286.8079594017094109 363.0705128205128176 441.5198985042734989 517.0546207264957275 585.4798344017093541 642.1921741452991910 679.8326655982906459 689.7059294871794464 667.7979433760683605 611.8235844017093541 525.8233173076922640 418.5631677350427253 299.4479166666666856 176.0530181623931583 54.8198450854700852 -57.7848557692307665 -153.6363514957265011 -227.9105235042734989 -278.7486645299145493 -303.7873931623931867
-829.6814660309893270 -894.0381406436233647 -920.7952920143027313 -897.9123957091776447 -820.1886174016686937 -688.7941001191894657 -506.0309892729439980 -282.3477353992848862 -34.9299761620977378 211.1829558998808238 435.0575089392133350 620.7640047675804453 769.1156138259833597 877.0893921334921970 936.0968414779499653 932.2780095351608907 848.5753873659117517 711.5721096543504700 533.1993444576877437 335.7270560190703463 144.6957687723480319 -34.1480929678188332 -183.1388557806913013 -291.6665673420739040
694.0932090545938991 573.0242343541943910 366.1872170439414163 107.2165113182423397 -169.6428761651131936 -433.9509986684420824 -650.3517976031957915 -792.7107856191744304 -840.8886817576565136 -793.7640479360852623 -670.8692410119840588 -506.1105193075898683 -338.5968042609853796 -196.6905459387483290 -92.2721704394141113 -23.3960053262316912 13.8639147802929426 23.1523302263648461 15.9587217043941418 -2.5182423435419441 -21.2663115845539288 -36.5898801597869507 -43.8082556591211727 -44.0918774966711027
-141.5266447368421154 -213.5907894736841968 -292.4203947368421268 -381.2111842105263122 -484.3585526315789593 -603.3141447368420813 -734.4434210526316065 -873.4486842105262667 -1012.2167763157895024 -1142.4963815789474211 -1258.8927631578947057 -1358.5338815789473301 -1434.2644736842105431 -1484.8098684210526699 -1507.8388157894737560 -1498.2825657894736651 -1457.7855263157894115 -1388.1332236842106340 -1293.3348684210525334 -1178.5911184210526699 -1045.6825657894737560 -900.5700657894736878 -753.3319078947367871 -611.0720394736841854
238.8714622641509493 228.8950471698113347 214.1833726415094361 179.2146226415094361 112.4316037735849108 -1.1704009433962264 -162.1320754716981014 -369.9280660377358458 -623.1704009433962028 -915.5784198113207140 -1223.4316037735848113 -1511.4599056603774443 -1744.7464622641509777 -1887.8732311320754889 -1896.8178066037735334 -1760.3343160377357890 -1492.3685141509433834 -1134.2299528301887221 -743.5695754716981583 -366.1002358490566166 -35.6261792452830193 231.0719339622641542 443.2093160377358458 600.0170990566037972
-29.6112859712230225 -11.5957733812949648 7.0160746402877701 21.4237859712230225 30.4081609712230225 33.4217625899280577 29.7362859712230225 20.7370728417266186 5.2307778776978413 -13.6881744604316555 -34.0456384892086348 -52.0802607913669036 -64.4633543165467557 -64.9294064748201407 -48.7442670863309360 -9.6135341726618702 57.8936600719424490 152.2331384892086419 271.3615107913669249 409.0184352517985644 553.7227967625899510 685.0361960431654325 776.6689523381295430 808.6931205035971288
-200.3980099502487633 -214.0696517412935407 -205.4776119402985159 -163.7562189054726502 -61.2238805970149258 178.8308457711442827 580.7014925373134702 1118.6169154228855405 1724.8955223880595895 2367.6368159203980213 2980.4925373134328765 3461.6616915422887359 3732.6616915422887359 3786.1691542288558594 3717.4577114427861488 3137.6766169154229829 1651.9601990049750384 173.0547263681592085 -1359.8358208955223745 -1951.7512437810944448 -2746.0995024875624040 -3369.2786069651742764 -3792.3184079601987833 -3968.4378109452736680
-712.2472727272727298 -1122.0363636363636033 -1525.6236363636362512 -2005.9709090909091174 -2481.6163636363635305 -2918.6418181818180528 -3297.9618181818182165 -3613.2454545454543222 -3847.0636363636363058 -3987.7618181818183984 -4008.9800000000000182 -3872.3872727272728298 -3547.4545454545454959 -3061.7399999999997817 -2478.6272727272726115 -1865.2927272727272339 -1293.2799999999999727 -805.8636363636363740 -415.7690909090908917 -98.6127272727272697 150.8090909090909122 330.6163636363636442 460.4599999999999795 568.4400000000000546
144.9421099167015541 168.2377030108427505 190.5981199683559169 210.4768951556610261 227.3042486853739206 239.5269672855879719 244.5164502768858483 242.7482898226999737 233.3511564056028647 218.2645074224021471 198.9719391316487531 176.0463027595513950 150.4256596398157058 123.6936572199730051 96.3135092372841939 68.9607240913956048 41.8113453394760128 16.0591930755270127 -7.4817813765182191 -27.6046349294988147 -43.1899576527525682 -53.5604728000372319 -58.4912746056121762 -57.4689375959793409
33.3500325309043575 -8.0553025374105403 -75.9251789199739733 -161.2342225113858092 -233.9882888744307081 -265.9362394274560870 -260.7983083929732970 -228.7124268054651850 -175.1132075471698215 -86.4437215354586925 63.4105400130123584 310.6310995445673484 659.7664281067013690 1073.9596616785945571 1486.4437215354587352 1820.0644111906310627 2002.0013012361744131 1972.4359141184124837 1740.7729342875732073 1373.4469746258946543 980.7696811971372881 579.1411841249187091 274.7358490566037972 5.5478204294079374
223.0542107917297017 265.5756429652042243 310.3441754916792661 358.2927382753404117 413.0673222390317960 473.1197680282400597 537.5068078668683711 604.2213817448310920 672.3537569339384845 741.5068078668683711 811.5257186081694272 879.5950579929400419 943.6538073625819152 1002.2118003025718735 1060.2115481593546065 1114.4112455874937950 1159.2622289460414322 1192.6331316187595348 1209.0746343923349286 1206.2264246091779114 1184.5163893091275895 1140.9006555723651672 1075.3696419566313125 990.1984367120523984
-1280.0364058869092787 -1426.3206816421379699 -1558.7962819519752884 -1675.7498063516654838 -1777.1611154144075044 -1857.9790859798606562 -1921.3121611154144830 -1963.7343144848953216 -1986.6537567776917967 -1993.4539116963594552 -1983.3245546088303399 -1959.5189775367932725 -1923.5313710302091295 -1876.9163439194423972 -1817.9264136328426957 -1747.2044926413632311 -1669.0704879938032263 -1585.4678543764523511 -1490.9635941130907213 -1387.3044151820295156 -1277.2718822618126069 -1160.6096049573973232 -1037.2269558481796139 -903.8001549186676584
38.3584195672624659 29.1274694261523983 14.9308560677328312 -6.2916274694261523 -34.4633113828786435 -67.5757290686735672 -90.6373471307619951 -92.8612417685794895 -71.3377234242709335 -28.6387582314205069 32.4162746942615243 115.4176857949200325 232.7916274694261460 395.9567262464722717 615.4524929444967256 894.3659454374411553 1208.9609595484478177 1518.2102539981185600 1779.6364063969897416 1959.3593603010347124 2029.6712135465663778 1967.4092191909689973 1813.4844778927563311 1607.3786453433679071
-943.9492149165848787 -839.2303729146221940 -674.8169774288518283 -468.3002944062806705 -238.2666830225711578 -5.0439156035328754 214.5014720314033241 408.4901864573110970 567.3645731108930477 685.4011285574092653 757.2826300294406110 782.2423945044160973 757.6629048086359717 688.2185966633954877 597.7239941118743900 502.2019136408243298 417.0431795878312187 337.7757605495584130 272.6803238469087205 218.4087340529931396 174.6278213935230497 136.5412168792934153 99.8108439646712498 63.5920019627085367
2438.2643274853799085 2503.1356725146197277 2371.4409356725145699 2094.2549707602338458 1710.5812865497075563 1296.9801169590643894 843.0023391812865157 334.7836257309941743 -118.8163742690058484 -592.5345029239765609 -1058.9181286549708148 -1503.9286549707601353 -1900.9859649122806786 -2216.2467836257310410 -2426.9637426900585524 -2511.1391812865495012 -2475.6187134502924891 -2330.3976608187135753 -2100.0596491228070590 -1826.1824561403509506 -1537.6467836257309045 -1252.8713450292398193 -977.4713450292397283 -705.5508771929825116
-1673.1158663883090867 -2024.1691022964510012 -2353.4394572025053094 -2627.9645093945719054 -2825.8893528183716626 -2936.3194154488519416 -2949.3872651356991810 -2850.7432150313152306 -2654.0354906054280946 -2394.2139874739041261 -2103.7359081419622271 -1792.7035490605428549 -1470.2296450939456918 -1156.1085594989560832 -878.6346555323590337 -633.7014613778706007 -418.6858037578288076 -233.4060542797494691 -77.2004175365344452 48.6461377870563680 152.5062630480167059 250.1263048016701589 345.6701461377870714 437.9060542797494691
-1293.5114155251142165 -1378.8697428502764524 -1414.1021389089162312 -1392.7700072098052715 -1317.0324441240086344 -1198.6258111031002045 -1053.4265801490025751 -898.0951694304253579 -743.7106464792117322 -600.4181687094448989 -470.3297284306656820 -355.0805094929103802 -258.1148762316750549 -177.6810862773371866 -109.5198269646719496 -53.6039413602499408 -9.8264840182648410 21.8089401586157159 44.2439317471761626 58.2208603701033383 65.9146839701994764 73.9447248257630321 82.3268445085316074 91.6604181687094410
5.0459098497495827 -21.9467167501391209 -53.4258486366165855 -83.2758764607679467 -107.4101279910962745 -121.2996661101836366 -117.8768781302170225 -87.0545353366722310 -24.6964385086254872 66.8991374513077375 179.8112131329994554 302.8121869782971771 425.5591263216471702 528.3731218697829490 592.5095993322203185 596.7399833055092131 536.8792431830829628 423.0353366722314945 274.1862826933778479 108.7963272120200315 -51.6282693377851984 -188.2849193099610545 -289.9090150250417537 -348.8447412353923482
25.0399788955328866 25.1221034118888511 24.9297291593387271 24.6137671473795301 24.3274287724234952 24.1105592683784735 23.8689834681674284 23.5674358072458681 23.2942666197678498 23.0427084066127321 22.9125993668659866 22.9493703833978202 23.2020612029546243 23.5684206823777700 23.9730566303200838 24.3843967639817087 24.9308547309180426 25.4482518466408720 25.7127119240239175 25.8406049947238827 25.8561308476960967 25.8754484699261340 25.8337530777347872 25.6040450228631720
-391.6110210696920717 -303.8314424635332216 -242.1896272285251257 -202.2285251215559185 -183.1329011345218873 -178.8557536466774707 -165.8962722852512286 -133.1004862236628981 -80.4975688816855808 8.5802269043760138 151.7423014586709940 375.2852512155591853 704.2528363047001676 1138.9902755267423800 1673.1442463533226146 2270.9967585089138993 2879.2674230145867114 3436.0178282009724171 3890.5121555915720819 4208.2058346839548904 4364.6288492706644320 4360.7471636952996050 4239.4392220421395905 3813.4457050243113372
314.6472282217422389 82.0057595392368626 -175.6781857451403823 -482.6789056875450115 -828.2462203023758320 -1204.8884089272858091 -1588.4845212383008857 -1947.1101511879048758 -2251.7415406767458990 -2469.7523398128150802 -2579.9776817854572073 -2571.0547156227503365 -2449.7991360691144109 -2237.4262059035277161 -1959.8185745140388008 -1646.3340532757379151 -1315.1958243340532135 -988.1540676745860310 -679.9488840892728376 -399.1936645068394682 -140.0755939524838141 99.8488120950324003 304.6925845932325387 462.3952483801296012
429.7390988372093261 408.9142441860465169 387.0537790697674154 376.9040697674418539 359.7674418604651123 328.0843023255814046 263.0414244186046631 150.1460755813953369 -23.3953488372093013 -264.0392441860465169 -562.9476744186046062 -910.6293604651162923 -1284.6998546511626955 -1656.3728197674417970 -1991.5327034883721353 -2252.2739825581393234 -2408.8909883720930338 -2440.5406976744184249 -2348.5087209302323572 -2141.9244186046512368 -1852.3517441860465169 -1518.3008720930231448 -1176.8197674418604493 -869.5741279069767415
-319.1222953904045312 -416.0385700846660484 -501.0874882408278381 -589.2605832549388651 -686.4534336782689934 -788.2041392285982511 -894.0263405456255441 -1008.3678269049859182 -1131.6011288805268578 -1264.4703668861711776 -1404.3273753527751069 -1550.5616180620884279 -1699.2568203198495667 -1848.1476952022578644 -1993.8410159924742402 -2130.5841956726244462 -2252.0667920978362417 -2347.0423330197554606 -2409.6152398871117839 -2422.9811853245532802 -2383.8701787394165876 -2291.4835371589838360 -2145.7262464722484765 -1951.3010348071495628
157.2003405593031573 137.9747200209575055 106.4108978977012185 63.8888597812561372 10.2184163992402901 -49.7341672670115926 -112.1653677385552470 -171.6884537297792974 -223.0365446329163603 -260.8438011657606808 -282.0028161634684807 -285.4686619948915904 -270.0092998886632927 -236.5205972886240033 -189.4015980090379117 -133.2099679088348978 -74.3801165760691561 -16.5267535529504208 37.1363547056126819 81.7530945052066329 115.8681642543716066 137.2824022529307797 147.5382801755190201 147.8888597812561443
-3634.9685534591194482 -3577.2861635220124299 -3299.0660377358490223 -2810.1352201257859633 -2204.4622641509436107 -1586.0031446540881461 -1039.1635220125785963 -596.7735849056604138 -234.3081761006289412 61.2358490566037759 316.6918238993710588 539.1981132075471805 733.4371069182390102 928.3553459119497120 1147.0314465408805518 1407.9748427672955131 1725.2704402515723814 2095.5660377358490223 2515.7232704402517811 2959.4025157232704260 3407.1100628930817038 3847.7012578616354403 4073.4402515723272700 3973.5471698113206003
690.6473354231975463 836.5156739811911848 1011.8840125391849369 1205.1410658307208905 1408.2601880877743952 1620.5109717868338066 1826.0203761755485630 2009.7476489028213109 2163.2680250783701013 2286.8777429467086222 2384.1520376175549245 2463.6159874608151767 2528.2664576802508236 2578.5094043887147564 2607.5846394984328072 2621.4200626959245710 2617.2115987460815631 2588.3385579937303191 2532.6818181818180165 2444.6222570532913778 2305.5047021943573782 2134.6583072100311256 1948.9984326018809497 1741.2382445141065546
-33.7620705312547287 -28.0774935674284833 -23.9948539427879517 -19.7280157408808847 -13.0782503405479034 -1.9341607386105646 15.9953080066596041 41.3649159981837471 72.3272286968366842 111.0145300438928473 157.6935068866353902 214.0665960345088479 282.5289844104737540 363.6900257302860382 456.1964583018011012 560.0616013319206559 669.7469350688663781 775.7433025578931165 869.6196458301801613 939.8996518843650847 977.2273346450733698 977.2112910549417393 934.8457696382624817 866.6553655214166838
-211.1934996220710445 -131.5502645502645578 -27.5374149659863932 96.8321995464852563 256.1080876795162453 449.3114134542706211 666.3484504913076307 904.5026455026454641 1154.4746787603930898 1404.5502645502645009 1649.9229024943310833 1871.5865457294028147 2046.7074829931973454 2162.2569916855632073 2214.1904761904761472 2190.4882842025699574 2084.2653061224491466 1888.7883597883596849 1606.4323507180649813 1396.4157218442933299 1176.3582766439908482 928.7392290249432563 708.8624338624338179 493.7498110355253402
-430.9510050251256530 -695.2462311557789008 -952.2826633165828980 -1192.2424623115578015 -1424.0816582914571882 -1625.5238693467335906 -1770.2361809045225982 -1855.2864321608039972 -1880.3241206030149897 -1835.7123115577890076 -1710.5552763819096072 -1500.1118090452262095 -1209.7110552763820124 -856.6017587939697933 -448.6783919597990007 -5.2110552763819094 461.6306532663316489 938.1821608040200999 1403.5540201005026120 1829.6218592964823983 2203.6884422110551895 2497.8555276381907788 2658.2512562814072226 2631.4384422110551895
1.5768472906403941 35.6177339901477836 60.2960591133004939 71.8704433497536996 71.3177339901477865 63.9532019704433523 44.8231527093596043 14.2463054187192117 -19.2812807881773409 -53.3275862068965552 -86.0640394088669893 -111.3940886699507331 -129.6719211822660043 -138.6472906403940897 -127.3645320197044271 -84.2093596059113310 20.6216748768472904 224.1280788177339787 543.4305418719211502 963.1852216748768569 1427.3546798029556157 1861.3487684729063858 2187.2729064039408513 2334.4536945812806152
-281.0053475935828828 -519.9871657754010812 -783.6641711229946168 -1054.8260249554366510 -1309.3315508021389633 -1515.5882352941175668 -1633.9094474153298506 -1643.9140819964350158 -1539.9094474153298506 -1333.1233511586451641 -1058.9657754010695498 -758.2516934046345796 -469.1144385026738064 -217.0787878787878924 -9.7661319073083774 151.3115864527629242 266.3511586452763140 341.5590017825311975 381.0049910873440240 386.2174688057040726 361.9240641711230069 315.2577540106951801 261.7939393939394108 208.9112299465240596
-903.1855817273376488 -954.7416131334761076 -971.7228170354508165 -959.7932429217225945 -919.9014989293361850 -850.7002141327623121 -751.1579823935284139 -626.3664049488460250 -476.8943611705924468 -311.0597192481560569 -137.2357839638353596 38.1620271234832273 206.8838924577682690 359.6512015227218626 491.9940518677135515 606.1575065429454980 700.3861527480371478 769.8548655722103149 811.9928622412562618 823.4396859386152983 803.0806566738044694 756.0252200808946554 684.1515584106590495 592.9083987627884653
-1036.8193157519601755 -1148.6154668567355657 -1250.7569493941552992 -1338.9037776193870286 -1409.6760513186029584 -1461.3531717747682706 -1489.1678545972915799 -1490.9779044903777958 -1467.3563791874555591 -1423.0844618674268531 -1361.6354240912330624 -1283.8831076265146294 -1193.9518888096934006 -1091.1525302922309493 -980.0160370634355331 -862.9957234497505851 -741.6104775481111346 -617.0292230933713427 -493.8973627940128495 -378.2401995723449772 -276.7384176764077210 -189.9326443335709200 -115.6457590876692763 -50.2954383464005730
2.7019629837352777 35.2013460459899079 78.0161525518788608 126.5439147504206403 173.4920919798093166 210.6429613011777917 226.3190128996074009 215.4123387549074664 176.8868199663488383 109.5729669097027426 18.7351654514862602 -86.6529444756029221 -196.0249018508132224 -295.7189007291082703 -371.4123387549074664 -413.7536735838474442 -414.6540661805944978 -370.6177229388670753 -286.2197420078519485 -173.9517666853617470 -50.8434099831744248 67.9205832865956296 166.0306225462703367 230.4149186763881119
-236.8368215679318780 -379.5587087619723548 -533.5427456544873621 -688.4164597374955292 -826.4146860588861045 -939.9404043987229898 -1023.0269599148634825 -1085.1450869102518482 -1129.0297978006385620 -1149.3682156793188369 -1150.7914153955302936 -1128.4611564384533722 -1066.8244058176658200 -956.0464703795672676 -794.4739269244413435 -586.1468605888612728 -338.8119900673997904 -71.1812699538843532 201.1553742461865966 463.1511174175239489 698.7641007449450399 902.1287690670450274 1063.4001418942887085 1170.4370344093649692
-1558.6963064295484855 -1476.3112175102598940 -1318.5471956224350834 -1088.8659370725033568 -803.7216142270862065 -486.7236662106703307 -141.1032831737346100 220.7038303693570356 582.2517099863200656 928.5725034199726906 1253.1648426812585058 1551.4945280437757447 1820.4199726402189299 2039.3091655266757698 2145.7134062927498235 2074.0834473324212013 1810.2824897400821555 1435.5991792065663049 1024.8324213406292529 640.2571819425444346 271.2968536251710248 -71.4480164158686790 -367.2017783857729114 -618.6928864569083544
358.4295010845987122 404.1534707158351694 434.4357917570499126 456.2477223427331978 461.3757049891540305 449.9444685466377223 427.4808026030368637 389.6254880694143026 340.7870932754880755 283.2212581344902560 218.7788503253796080 150.3175704989153871 80.3363340563991386 9.2874186550976141 -63.2075921908893719 -133.8289587852494549 -202.7431670281995650 -265.9672451193058578 -318.5716919739696209 -358.7890455531453426 -382.9030368763557703 -389.6208242950108342 -377.9667028199565948 -350.0459869848156131
-377.5484656600097537 -245.1305406721870384 -81.3511933755479788 112.7593765221626825 339.9868485143692283 608.7476863127130855 919.7169995129079325 1253.4179249878227438 1571.0292255236240635 1814.3258645884072848 1894.5036531904529511 1743.1203117389186446 1432.7457379444715571 1067.7861665854845796 713.9897710667315778 426.5733073550900940 189.0204578665367876 15.4359473940574770 -89.6872868972235722 -141.1894788114953769 -166.3857769118363308 -192.5148563078421944 -244.2518265952265040 -318.3711641500243559
769.6829633325019131 813.8907458219007367 820.3609378897480156 786.8343726615115656 723.5767024195559998 638.0107258667997030 539.5210775754552515 435.5505113494637044 340.9947617859815523 264.7545522574208121 215.9039660763282598 197.0334247942130332 209.0603641805936661 252.2180094786729967 318.7652781242205151 401.8151658767772574 491.0319281616363014 577.9229234222998457 656.6789723122973328 720.7326016462958478 763.5093539536044318 781.3093040658518476 773.9842853579446000 735.4504864055874123
-1298.9568527918781911 -2119.1624365482234680 -2646.0888324873094462 -3195.1421319796954776 -3705.9670050761419589 -4136.4187817258880386 -4475.3756345177662297 -4667.9898477157357775 -4628.0939086294420122 -4257.4898477157357775 -3558.1116751269037195 -2644.4263959390864329 -1700.6573604060913567 -907.0964467005076131 -334.7487309644670290 45.3654822335025401 310.1497461928934172 505.6675126903553519 637.9847715736040072 734.4619289340101886 833.3730964467005151 953.8984771573603894 1063.9796954314720097 1191.0253807106598742
-207.7739355445777392 -242.0340312083431229 -271.4009252724849262 -296.0986434564416072 -315.8682662902846232 -330.5138398808123839 -338.7220261899161073 -340.6960715125852630 -338.7485297577040910 -333.4415431663138065 -326.0868815180741649 -316.0356778797145694 -304.0523798321963227 -291.2082647220261720 -278.4022582921665503 -266.8940641417705706 -255.7519799262918525 -246.2409629106876707 -238.3285501450639003 -228.9576570218771963 -218.1491413784991664 -205.9398572884811358 -190.2843252568023331 -169.8959460519093625
-624.0681028492008409 -438.3036831132731095 -222.7116052814454576 20.5420430854760241 280.8054204308547810 541.7512161223071416 793.8554551772064087 1053.5594162612926539 1334.1417651146630305 1628.8665740097289927 1921.3252258512857225 2173.7004864489226748 2305.0945100764420204 2228.1848505906878017 1941.5879082696317255 1574.5879082696317255 1180.5844336344682688 725.7053509381514687 240.2793606671299642 -201.5128561501042270 -616.8026407227241634 -975.6803335649756264 -1259.5448227936067269 -1453.8929812369701722
-465.9640718562874326 -376.6766467065868369 -286.3812375249501088 -184.4630738522954232 -63.9580838323353262 89.5469061876247565 287.7385229540918203 541.8323353293412765 855.3293413173652198 1227.3692614770459386 1669.1277445109781183 2165.8642714570860335 2690.1297405189620804 3201.4371257485031492 3666.7045908183631582 4051.0299401197603402 4326.4890219560875266 4476.0798403193612103 4496.2994011976052207 4394.7844311377248232 4021.8682634730539576 3269.8303393213573145 2339.9600798403193949 1758.7624750499001038
657.9674280879864909 788.1307106598984547 920.9234348561759589 1055.8879018612522032 1185.9991539763113906 1307.7690355329948488 1418.4289340101522612 1510.7965313028764740 1579.0731810490692624 1619.5638747884941040 1629.1188663282571270 1604.2445008460235840 1542.6768189509307376 1445.7609983079526046 1320.2491539763113906 1165.8307952622674293 1016.2893401015228392 858.9416243654821983 706.6362098138747569 556.9479695431472237 420.2466159052453349 298.1531302876480822 187.4610829103214940 91.5410321489001717
3799.1048158640228394 3925.3541076487254031 3719.5524079320111923 2957.0509915014163198 2224.1869688385268091 1469.5184135977337974 961.7450424929178325 577.3144475920679497 324.0821529745042540 137.1218130311614800 -14.7450424929178467 -134.7082152974504368 -238.0169971671388112 -355.1643059490085079 -505.0283286118980186 -709.9206798866855479 -982.9235127478754066 -1315.1869688385268091 -1675.7223796033995313 -2042.3767705382435906 -2375.6373937677053618 -2636.7535410764871813 -2800.1699716713878843 -2843.6628895184135217
2193.4007858546169700 2716.2966601178782184 3237.0491159135558519 3713.4695481335952536 4102.4911591355603377 4380.0451866404719112 4529.0707269155209360 4566.0628683693512357 4468.7838899803537061 3990.5579567779959689 2867.0412573673870611 1809.2750491159135890 1380.3280943025540637 1001.4950884086443921 645.8133595284872399 386.1944990176817214 207.6581532416502966 84.1552062868369291 -24.4341846758349703 -124.3516699410609050 -223.0943025540275073 -324.7013752455795839 -436.1748526522593465 -555.4007858546168563
41.4025715800636291 21.4078738069989392 11.0512990455991513 -2.5779427359490987 -11.9879374337221627 -12.8606839872746548 -6.7046659597030756 8.1186373276776251 28.1071049840933185 52.3646606574761435 78.1862407211028625 100.1373276776245973 114.1542948038176064 116.3639978791092204 100.6227465535524885 57.5939819724284234 -17.5168345705196167 -125.1857104984093354 -263.2004241781548330 -421.3474284199363638 -584.8895811240721514 -735.1157211028631764 -849.0674708377518982 -906.4925768822905638
1282.6650124069478807 1385.9602977667493633 1434.4714640198510551 1414.3523573200991450 1311.4526054590571675 1128.1940446650123704 874.5245657568237903 565.7320099255582591 217.3042183622828816 -151.1161290322580726 -517.5548387096773695 -859.7498759305210569 -1153.8883374689826269 -1385.8133995037221666 -1529.5007444168734310 -1570.5513647642681008 -1514.2813895781637257 -1375.5632754342432236 -1183.8689826302729671 -971.8749379652605285 -764.3057071960297435 -577.5647642679900855 -413.0873449131513553 -262.8153846153846303
222.6138328530259400 177.8697102988017491 102.6129227969058064 6.5386015470954044 -96.7929622326710160 -193.1607765812225068 -270.6235401183072895 -318.7641437888669884 -331.9331108751706552 -309.1169422114363670 -248.4576065524040587 -147.7159108145002335 -16.7726376459881692 131.5707568633399092 282.0030335204004359 416.2965266191415026 521.7347186409828055 588.7283482481419696 605.7441225542241909 574.6329440315486181 501.5338995904747321 402.7653571970271287 296.5411800394357442 195.9557106021538004
464.2296422487223140 603.7788756388415550 734.6575809199318883 849.7155025553662426 941.6684838160135769 1009.1298126064735925 1045.4722316865418179 1045.7798977853492488 1021.3860306643952072 975.8095400340715742 911.5069846678023850 827.0054514480408443 717.4112436115843821 583.8940374787052860 428.0746166950596034 250.3621805792163570 48.2102214650766641 -170.8548551959114263 -401.7420783645656002 -630.9819420783645683 -838.9458262350937048 -999.5492333901192978 -1087.3039182282793718 -1099.7301533219761041
-1475.1040582726327557 -1486.7159209157127862 -1462.1436004162330846 -1417.4526534859521689 -1359.2013527575443277 -1270.6113423517169849 -1143.3236212278875428 -975.8303850156087265 -773.0104058272632983 -536.5593132154006071 -268.9588969823100797 24.4526534859521334 325.5733610822060200 615.9011446409989503 880.0619146722164032 1118.8574401664932338 1339.5593132154006071 1551.5603537981269255 1736.5879292403747058 1849.2939646201873529 1839.4219562955254332 1700.5603537981269255 1465.3855359001040597 1197.9131113423516126
-2055.2006578947366506 -2289.0473684210528518 -2445.1927631578946603 -2501.9019736842105885 -2451.1019736842104066 -2294.6546052631579187 -2055.8190789473683253 -1763.9664473684210861 -1452.8559210526316292 -1148.9927631578948422 -868.6000000000000227 -625.1605263157895251 -423.2572368421052715 -261.3888157894737105 -129.5111842105263236 -25.8789473684210520 53.6592105263157890 114.0802631578947341 160.2256578947368553 189.1190789473684220 203.7874999999999943 212.3769736842105260 218.2138157894736707 218.0519736842105374
31.5429532253133615 1.6502598593702231 -18.8878018954448166 -49.3384286151024156 -83.1754815041271769 -120.4604096606542356 -163.5881993274228137 -216.2766738000611326 -283.4377866095995273 -363.7725466218282122 -461.9067563436258297 -575.9315194130235795 -699.3625802506878699 -830.9630082543565095 -977.3420972179761748 -1132.3017425863649805 -1285.8780189544481800 -1423.5148272699480003 -1537.6001222867623710 -1616.0617548150412404 -1649.3894833384285903 -1634.4234179150107593 -1570.8605930907979200 -1462.7551207581780091
473.0611874513870703 597.2118226600985054 704.8133264194970025 789.2693803474202241 847.9979258491055134 872.8257713248639220 854.9953331604874620 786.4073113819030141 669.7469535908737726 510.2828623282343870 319.1804511278195378 110.9219600725952830 -99.0788177339901495 -300.6992481203007515 -482.0464091262639386 -629.4202748249934984 -733.0700025926886383 -782.0147783251231886 -775.8760694840549377 -722.5579465906145060 -639.9180710396681206 -544.1623023074928369 -450.0103707544723761 -364.4410163339383075
-113.7540934802024424 -197.7892229830306690 -296.5019350997320657 -406.7517118189937264 -522.4221494492408056 -633.9386722238762104 -729.3590354272105287 -790.3119976183387507 -805.4072640666864800 -767.9496874069664045 -675.6290562667460335 -534.4072640666864800 -350.7162846085144565 -136.7612384638285334 91.8696040488240584 319.0732360821672842 529.4766299493896895 714.2554331646323362 862.5808276272699686 967.1970824650193208 1020.6466210181602037 1018.4587674903244761 963.5269425424232850 867.8672223876153566
506.0579999999999927 620.4568571428571886 732.8814285714286143 826.0040000000000191 876.8308571428570986 871.3794285714285479 793.8931428571428341 638.3462857142857274 424.1734285714285875 183.0417142857142778 -57.1382857142857148 -280.4731428571428751 -462.5248571428571154 -579.8302857142857647 -614.1817142857142926 -571.8659999999999854 -467.8762857142857001 -322.7874285714285634 -160.7431428571428569 -1.7948571428571429 137.8008571428571543 248.6311428571428621 325.9714285714285893 367.6259999999999764
427.4770916334661592 411.0438247011952058 362.8904382470119572 279.8403884462151154 162.9210657370518049 17.0933764940239037 -152.5383466135458264 -333.9619023904382402 -506.1454183266932318 -650.8359063745019739 -752.3876992031872533 -791.6546314741035530 -762.2410358565737170 -664.9521912350597859 -510.2741533864542021 -313.2054282868525661 -95.0639940239043852 117.5801792828685279 307.4205677290836434 462.0024900398406658 578.9006474103586015 650.7487549800796387 679.4967629482072198 666.0622509960159050
-178.3557905509125021 -216.1717550741940954 -253.7491045539825905 -291.9831144465291004 -330.4431178577519859 -369.6263005287395345 -411.1045539826027380 -455.3931434419239395 -503.0409346750810187 -552.2060378645744549 -601.4688725908238212 -650.1304792768207790 -697.0730001705611585 -740.4591506054920274 -774.9409858434248690 -800.0668599692990028 -814.5892887600205086 -815.9391096708169471 -805.3278185229404471 -784.8865768377963832 -755.5486952072318445 -713.4724543748933456 -660.0706123145147330 -594.8659389391096965
