744.8023715415019979 1289.3201581027667544 2355.1126482213439886 3967.7312252964425170 5481.0948616600790047 6300.8221343873519800 6209.0039525691699964 4978.7865612648220122 2885.2509881422924991 995.0731225296442517 160.9841897233201564 123.3379446640316246 197.1778656126482190 213.1916996047430928 169.9229249011857803 84.3498023715415002 19.1620553359683790 -31.8873517786561251 -23.6837944664031603 -3.1818181818181817 -35.0810276679841877 -74.1403162055335940 -97.7490118577075151 -101.7648221343873587
2186.4151376146787698 2600.4434250764525132 2686.2071865443426759 2607.7071865443426759 2663.2805810397553614 2975.4151376146787698 3269.6467889908258257 3090.0198776758411441 1231.2003058103975945 -1411.5764525993884035 -2351.6926605504586405 -1991.2140672782875299 -1352.3486238532109383 -737.9732415902141156 -448.8340978593272439 -253.1980122324158913 -116.9709480122324123 -58.7652905198776736 -26.7813455657492341 -26.4602446483180422 -29.2874617737003042 -34.2293577981651396 -33.0420489296636077 -51.8478593272171224
16.1896373056994811 58.9005181347150284 107.5797927461139949 133.4860103626942873 51.0559585492228010 -208.9388601036269506 -612.3025906735750823 -1098.0803108808290744 -1613.8207253886009767 -2003.6341968911917775 -2026.1606217616579215 -1422.7471502590674390 -255.8284974093264168 929.9772020725388302 1735.8005181347150483 2208.0326424870468145 2486.1740932642487678 2520.4963730569947984 2321.0274611398963316 1731.9979274611398523 542.1984455958548779 -469.5243523316062237 -594.9388601036268938 -309.2844559585492448
-60.2457212713936414 -60.7616136919315437 -62.1613691931540373 -62.6161369193154016 -61.4107579462102677 -65.8349633251833808 -75.1674816625916833 -79.7310513447432783 -74.3215158924205355 -80.4902200488997579 -87.6858190709046426 -99.4352078239608801 -118.5574572127139419 -71.8667481662591712 116.1711491442542723 621.0220048899755056 1524.5709046454767304 2967.0525672371636574 4796.6063569682155503 6015.7860635696824829 6190.6564792176041010 5539.3655256723714047 4150.6699266503665058 2651.0672371638142977
34.9948301329394411 60.8936484490398797 74.6683899556868482 57.2658788774002971 -1.3604135893648448 -149.6617429837518500 -511.0140324963072658 -1218.5480059084195545 -1981.8449039881832050 -2357.7230428360412589 -1699.7511078286559041 347.3552437223042944 2246.2053175775481577 2765.9992614475627306 2341.1757754800592011 1300.2548005908420237 235.0775480059084259 -234.2769571639586275 -255.0007385524372125 -149.1041358936484471 -101.2090103397341210 -106.8072378138847824 -131.8522895125553873 -162.5051698670605731
-7.0183486238532113 -10.6596330275229363 32.4550458715596335 183.8651376146789005 399.4752293577981845 760.1467889908257121 1005.8733944954128674 841.7513761467889708 -33.5825688073394488 -2053.4614678899083628 -4105.7027522935777597 -4692.7403669724772044 -3729.6981651376145237 -1800.1926605504586405 -216.9027522935779757 320.9119266055045614 442.0954128440366731 437.3110091743119483 285.8724770642201634 92.0944954128440401 -38.4174311926605512 -39.7688073394495447 -45.2862385321100902 -79.3550458715596392
-22.2530682376043210 -13.4000981836033386 -5.3733431516936667 -0.8215513009327442 0.8983799705449190 8.3392243495336285 19.8544428080510542 19.8917525773195862 16.8573883161512015 21.9860088365242987 -5.2326951399116348 -125.5871379479626881 -379.0920471281295931 -781.8367697594501351 -1247.8870888561609718 -1530.0220913107511933 -1427.6789396170838700 -990.7236131566028234 -476.0812469317623936 -140.6045655375552315 -13.7027491408934701 39.9494354442808017 114.4872361315660214 203.2066764850270033
-41.2017629774730665 -6.1733594515181194 28.3290891283055828 58.2850146914789420 74.3202742409402504 52.6689520078354576 -12.5788442703232128 -51.6425073457394745 -37.4231145935357503 68.0871694417238018 335.1900097943192804 740.8393731635651420 1317.4299706170420450 1944.7962781586679739 2120.3192948090108985 1325.7257590597453145 -645.6385896180215695 -2919.4407443682662233 -3938.9500489715965159 -3338.7453476983350811 -1976.2213516160627478 -849.7698334965720051 -344.4828599412340964 -81.2164544564152777
-290.1210191082802794 -370.6005459508644435 -503.6687898089172108 -737.9162875341219205 -1046.3011828935395897 -1317.6096451319381231 -1224.0764331210191358 -23.9090081892629662 1893.6787989080983152 2983.1346678798909124 3021.0655141037304929 2665.4185623293901699 2249.0154686078253690 2084.0737033666969182 2211.1501364877162814 2490.8798908098269749 2788.1182893539580618 2894.0700636942674464 2735.7079162875343172 2249.8817106460419382 1493.7770700636942820 751.3457688808007333 188.9071883530482125 -108.9435850773430445
-2332.8061538461538476 -2682.5302564102562428 -2809.9189743589745376 -2809.4369230769229944 -2778.7333333333331211 -2821.8564102564100722 -3015.7230769230768601 -3308.8348717948720150 -3577.5333333333333030 -3527.2061538461539385 -2814.4974358974359347 -1588.3528205128204718 -427.6758974358974115 185.1456410256410265 287.1107692307692218 214.8061538461538476 133.0533333333333417 77.9476923076923072 57.0410256410256409 61.5743589743589723 66.3097435897435901 58.2717948717948744 45.7599999999999980 30.1015384615384605
-198.9542268041237207 -562.6061855670103569 -995.5263917525772968 -1372.6736082474226350 -1415.2828865979381590 -1085.0416494845360376 -624.1971134020618592 -261.7416494845360830 -100.1676288659793812 -60.6113402061855666 -31.6146391752577323 0.0189690721649485 6.3232989690721650 -1.6041237113402063 4.9552577319587625 9.6121649484536089 -2.2663917525773196 -9.1002061855670107 -14.8235051546391752 -16.5070103092783498 -8.0453608247422679 -10.5360824742268040 -22.2849484536082478 -33.2171134020618553
-23.6554006968641097 -22.6602787456446002 -9.1167247386759573 -4.8898954703832755 -9.7843205574912897 -9.3170731707317067 -15.3254355400696856 -12.4188153310104532 8.4219512195121951 29.4818815331010455 40.0034843205574902 5.3951219512195125 -101.3125435540069645 -273.4505226480836200 -562.5411149825783923 -1103.2937282229966058 -1756.0229965156795515 -2223.3135888501742556 -1981.0250871080138495 -340.6898954703832487 1557.4337979094077582 2262.4397212543553906 2271.2857142857142208 2010.4679442508711418
-1820.6784495368112857 -2365.6772306192101496 -2245.1767430521695132 -1369.1977084349098277 -416.5246221355436091 -2.5234032179424672 34.6043393466601685 10.7952218430034126 10.4558751828376408 8.1882008776206732 -16.8000975134080939 -22.5711847879083365 -8.6518771331058026 -14.0948317893710389 -33.0082886396879545 -30.7898586055582655 -16.5714285714285730 -5.7852267186738180 3.2425646026328621 1.5758166747927840 -9.9529497805948317 -25.6316431009263788 -51.6260360799609970 -111.4527059970746024
-24.3868660598179439 -19.2696142175986118 -28.3016905071521450 -23.8435197225834408 -12.0080190723883824 3.0929778933680105 11.2830515821413098 15.3387516254876459 24.2182488079757263 31.1218032076289539 39.6530125704377951 66.6140008669267445 110.1592977893368044 92.9915474642392752 -80.9995665366276540 -459.9410489813610639 -1067.3060251408755903 -1684.5325097529259892 -1880.2932379713913633 -1534.2440398786302467 -957.0264412657130606 -523.7228001733853944 -305.2878196792370886 -92.1796705678370216
5.8059800664451826 -66.0790697674418652 -73.7682724252491653 -41.0769102990033232 -30.1719269102990033 -32.2096345514950144 -24.6136212624584729 -9.7337209302325576 -2.8068106312292360 -1.9905315614617940 -4.1362126245847177 -7.2714285714285714 0.5750830564784053 18.3232558139534873 33.1372093023255800 43.3747508305647855 37.6805647840531535 -50.5744186046511643 -266.0634551495016353 -713.9898671096345879 -1425.9111295681063893 -2034.3877076411959024 -2096.3782392026578236 -1512.5330564784053422
-23.5923515052888533 -117.8128559804719231 -112.1611065907241596 -32.9804719283970726 11.9902359641985345 28.0179007323026852 32.8201790073230271 31.2302685109845406 28.5736371033360470 -6.8193653376729051 -53.9943043124491453 -59.9625711960943875 -42.4816924328722507 46.5711960943856766 290.5638730675345869 680.1293734743694586 1269.8722538649308262 1937.1065907241659261 2218.2310821806345302 1557.2693246541903136 -398.1407648494711111 -2744.2196908055329914 -3808.1716842961759539 -3300.5581773799835901
2647.5163934426227570 3141.2943368107303286 3007.8822652757080505 1147.9955290611028431 -1784.4523099850969174 -3113.1043219076004789 -2714.1117734724293769 -1747.5678092399402885 -804.9433681073024900 -361.8211624441132699 -204.7883755588673580 -77.8233979135618483 20.1691505216095379 87.7645305514158025 92.6378539493293545 47.9478390461997037 56.5901639344262293 64.8233979135618483 -26.8368107302533545 -95.5849478390461940 -97.4582712369597601 -137.3293591654247336 -252.6736214605066948 -523.3099850968703777
-4494.9286616161616621 -4354.6414141414143160 -2256.3560606060605096 -116.2752525252525260 417.9343434343434183 287.1893939393939377 145.9457070707070727 -19.2967171717171730 -67.8440656565656610 -68.5795454545454533 -42.9292929292929273 1.0157828282828283 -5.3617424242424239 -21.0094696969696955 -17.7992424242424256 -17.5700757575757578 -11.0347222222222214 -7.2821969696969697 -4.8945707070707067 -19.0587121212121211 -41.1963383838383805 -50.1900252525252526 -70.8503787878787818 -106.1426767676767611
34.7314285714285731 -78.2159999999999940 -110.1931428571428597 -90.0731428571428552 41.2000000000000028 376.2982857142857256 862.2628571428571149 1480.4480000000000928 1803.6902857142856647 1434.5840000000000600 -6.0011428571428569 -2491.7119999999999891 -4315.2354285714282014 -4207.4274285714282087 -2625.0194285714287616 -840.2971428571428305 29.2171428571428571 232.7577142857142860 380.2502857142857238 466.7908571428571349 429.0640000000000214 274.0137142857142862 134.5657142857142787 139.5725714285714218
-11.2951807228915655 -23.3407917383821015 -39.0804647160068868 -71.3145438898450976 -128.9939759036144551 -218.4044750430292652 -402.8395008605851899 -745.9879518072289102 -1255.9849397590362514 -1774.0167814113597160 -1980.5404475043028469 -1787.9961273666092438 -1198.5636833046471565 -198.4617039586919134 775.6243545611015406 1355.9100688468158751 1640.6622203098106638 1760.6798623063682498 1833.0830464716007100 1962.5232358003443096 2155.8007745266781967 2266.3713425129089956 2003.9698795180722755 1263.1919104991393397
-72.9744872436218088 -122.4947473736868488 -238.7278639319659703 -495.5277638819409844 -981.3906953476738408 -1663.2306153076538067 -2207.3966983491745850 -2356.9154577288645669 -1950.8699349674836867 -812.8744372186092733 499.0930465232616484 1321.1470735367684028 1741.2596298149073846 1891.5992996498248431 1891.4022011005502009 1943.9009504752375506 2095.3751875937969089 2289.6793396698349170 2285.9504752376187753 1797.6883441720860901 931.7393696848424725 232.8644322161080424 -59.3141570785392673 -224.6488244122060962
-68.5253595760787277 -92.9000757002271058 -159.0257380772142426 -274.8599545798637678 -500.9969719909159949 -957.1430734292202942 -1791.0613171839515871 -2860.4753974261921030 -3433.3679031037095228 -3211.0991672975019355 -2225.3202119606357883 -667.3535200605601858 532.6457229371687845 1329.9583648750947305 2112.6956850870551534 2501.5738077214232362 2509.7206661619984516 2474.0575321725964386 2760.0817562452689344 3261.0181680545042582 3422.7986373959120101 2468.8849356548071228 118.3830431491294490 -1457.0310370931113084
-4.2560000000000002 6.3546666666666667 13.0453333333333337 20.8946666666666658 34.9720000000000013 61.3713333333333324 96.6659999999999968 133.6140000000000043 163.8126666666666722 145.7106666666666683 9.5786666666666669 -343.1653333333333080 -919.5520000000000209 -1567.4173333333333176 -2096.3973333333333358 -2351.2153333333335468 -2334.1286666666665042 -2218.0360000000000582 -2148.0000000000000000 -2202.2126666666667916 -2321.9380000000001019 -2360.4453333333331102 -2247.3319999999998799 -1895.7593333333334158
160.0101681658193229 218.9256941728588117 164.5604223699648117 -165.1063746578021210 -1000.2694563942119430 -2173.6378568635118427 -2798.0363707469691690 -2203.3441533046539007 -843.3762221353148334 167.5267892061008865 385.4090731325772481 230.0797809933515907 44.0825185764567848 -71.8701603441533052 -86.3684004692999565 -74.5185764567852971 -47.0602268283144340 -3.8854125928822838 -8.6206491982792333 -32.5909268674227590 -41.7606570199452491 -36.7481423543214731 -7.1701212358232302 14.4434884630426286
-1625.4041025641024589 -1560.5466666666666242 -295.5394871794871960 1883.8615384615384301 3304.7364102564101813 3427.0482051282051543 2960.3989743589745558 2392.1733333333331757 2085.6656410256409799 2121.1148717948717604 2355.2430769230768419 2645.6605128205128494 2771.6348717948717422 2681.5958974358973137 2325.6635897435899096 1648.2523076923077952 882.1446153846153493 246.1784615384615336 -176.0512820512820440 -404.2287179487179287 -498.9323076923076883 -441.5210256410256306 -310.1999999999999886 -223.8174358974358995
750.5380658436214389 1568.3487654320988440 2271.4722222222221717 2689.6502057613170109 2708.9218106995886046 2638.5802469135801402 2907.6594650205761354 3388.0390946502056977 3739.4279835390948392 2952.4958847736625103 128.7263374485596614 -2279.6460905349795212 -2511.4639917695471922 -1902.4537037037036953 -1162.5627572016460363 -598.8353909465020024 -329.8950617283950351 -152.8559670781893089 -65.5504115226337518 -17.1707818930041149 -10.3467078189300405 -21.1666666666666679 -31.9732510288065832 -37.6563786008230466
-1561.4948453608246837 -1946.8055964653901810 -1968.2557682866961386 -1321.4884634266077228 122.7344133529700514 1619.8090328915070586 2447.6789396170838700 2718.4673539518898906 2485.7393225331370559 1801.7653411880216936 836.5630829651448721 -180.2847324496809165 -671.6234658811978306 -547.8340697103583352 -283.9464899361806829 -157.9779086892488920 -171.7933235149729967 -186.8276877761413743 -139.4074619538536979 -85.7074128620520383 -51.1531664212076578 -37.4005891016200280 -25.7162493863524801 -3.2351497299950909
131.7809330628803366 198.8569979716024250 219.2281947261663220 192.9432048681541687 141.2515212981744526 55.3945233265720063 -103.9097363083164254 -453.5963488843813138 -1010.9837728194726196 -1764.1703853955375507 -2807.3184584178497971 -3882.1551724137930250 -4534.9016227180527494 -4626.8438133874242340 -4110.9827586206893102 -2929.7616632860040227 -1504.2342799188641038 -528.1967545638945012 -120.3468559837728264 -22.2271805273833678 -69.9604462474645032 -146.1693711967545539 -210.4817444219066829 -223.9462474645030454
-80.3609271523178847 -50.8427152317880768 -25.1009933774834444 48.2980132450331112 316.4238410596026370 923.6688741721853830 2361.4437086092716527 4409.9420529801327575 5746.4370860927156173 5846.5960264900659240 4998.6109271523182542 3675.0413907284769266 2566.6059602649006592 2039.6291390728476927 2050.1705298013243919 2317.5447019867551717 2579.0115894039736304 2763.1903973509934076 2801.2268211920531940 2692.9586092715230734 2442.1324503311257104 2117.6721854304637418 1784.7748344370861560 1273.4039735099338486
2058.5424418604652601 2503.8706395348835940 2786.6709302325580211 2876.3598837209301564 2740.2299418604652601 1942.9470930232557748 458.8101744186046744 -397.7302325581395621 -310.9107558139534717 -124.5880813953488371 -94.4005813953488371 -151.4781976744185954 -173.0805232558139437 -120.7921511627907023 -70.5595930232558146 -44.1313953488372093 -34.2116279069767444 -23.8651162790697668 -18.9183139534883722 -28.3401162790697683 -31.6968023255813947 -20.8936046511627893 -19.1648255813953483 -46.8546511627906952
-19.7746279234585387 -35.9440113394755514 -49.8114812189936202 -57.8001417434443638 -71.7512402551381996 -123.8114812189936202 -203.6640680368533083 -375.2849043231750557 -724.0609496810772043 -1418.2898653437277972 -2613.9362154500354336 -3565.2572643515236450 -3747.0588235294117112 -3141.8008504606659699 -1320.2721474131822106 518.8214032600992596 1356.0226789510984418 2117.2041105598864306 2733.3465627214741289 2792.6187101346563395 2698.0928419560596012 2792.9978738483346206 3160.6973777462790167 3297.5761871013464770
0.8257252519733336 0.6465811176018407 0.2548981794709029 -0.2381553114612712 -0.8141892525304470 -1.2280844134103650 -1.4937043495030173 -1.2969682847064306 -1.0511553409240049 -0.8472169769628207 -0.6491738381638824 -0.6124338092904035 -0.9685820121975718 -1.4486692218892041 -1.6934456131328797 -1.6773643174154218 -1.5894957319212648 -1.6943643147369916 -1.8040085388359006 -1.5337147418127082 -0.7915752652315637 -0.0478287304508066 0.7326176567484391 0.6300230612851644
-412.4992967651195386 -715.9451476793249185 -1100.8602906704172710 -1415.8499765588373975 -1465.5002344116267068 -872.0914205344585071 501.1912798874824375 1973.5644631973746073 2860.5958743553678687 3012.4406938584152158 2431.5574308485702204 1333.6113455227380200 195.1026722925457193 -443.4463197374589640 -507.8940459446788509 -322.0126582278480782 -123.5293014533520903 -80.7599624941397138 -137.1537740271917585 -143.1612751992498715 -104.8654477262072220 -65.1383028598218488 -44.2484763244256882 -37.1889357712142541
-176.3413379073756460 -470.0217267009720103 -918.9239565465981059 -1500.0405946255002618 -1980.3253287592910965 -2092.9090909090909918 -1504.2321326472269902 -124.6129216695254485 1345.0120068610633552 2199.1572327044023041 2587.7129788450542947 2643.8599199542595670 2301.8056032018293990 1528.5351629502572450 354.9765580331617798 -582.0577472841623603 -779.0211549456832927 -499.5122927387078562 -224.5871926815323150 -173.8553459119496836 -198.3842195540308637 -164.6981132075471805 -109.5048599199542565 -66.6066323613493410
-645.0781696854146503 -924.5224022878932146 -1259.5471877979027795 -1431.6453765490944079 -769.2859866539561153 1095.2421353670163171 2909.2907530981888158 3440.7502383222117714 3131.1086749285032056 2622.1487130600571618 2230.6644423260249823 2165.3946615824593209 2359.7111534795044463 2657.0972354623449974 2857.2087702573880961 2836.6949475691135376 2504.3765490943756049 1880.7044804575787111 1123.4899904671115110 412.9142040038131540 -57.8493803622497609 -333.0047664442325868 -485.7759771210676831 -449.3975214489990435
-143.4250343878954652 -265.4044016506189791 -490.7427785419532142 -882.9559834938102085 -1643.9243466299863030 -2868.0962861072903252 -3866.1265474552956221 -3964.9834938101789703 -3144.9312242090782092 -1420.5103163686383141 244.8610729023383783 1156.8253094910592154 2085.7290233837688902 2845.4264099037141023 2909.3053645116920052 2673.3370013755156833 2726.3177441540578911 3314.9821182943605891 3903.9766162310866093 3516.9463548830813124 1138.3686382393398162 -1689.0618982118294298 -2494.6960110041263761 -2047.5378266850068485
72.0825035561877598 79.2645803698435287 71.9701280227595959 46.1322901849217644 16.5789473684210513 -51.4722617354196288 -302.8705547652916152 -822.0640113798008315 -1585.7197724039829154 -2472.6813655761025075 -3230.2332859174962323 -3610.4637268847795895 -3517.6230440967283357 -3142.8549075391179031 -2778.6201991465150059 -2574.2987197724041835 -2586.1621621621620761 -2760.3300142247512667 -3000.7098150782362609 -3259.0170697012804339 -3389.1877667140824997 -3263.5675675675674938 -2861.7667140825037677 -2175.5960170697012472
-1466.5901937046005514 -113.5393462469733663 1936.2887409200968705 3021.5617433414045081 2851.0714285714284415 1536.3668280871670504 228.0920096852300105 -87.5684019370460049 -73.9194915254237230 -45.8565375302663440 -6.7203389830508478 -25.7687651331719145 -25.5853510895883787 -52.1271186440677994 -87.0556900726392229 -75.6343825665859555 -45.9007263922518192 -26.2917675544794172 -24.6585956416464889 -29.0792978208232462 -15.2845036319612593 3.8317191283292980 14.7984261501210650 29.7360774818401943
-134.5653710247349863 -38.7199646643109574 11.4611307420494697 24.0000000000000000 39.4275618374558334 55.6042402826855096 61.0750883392226172 16.3180212014134263 -39.1130742049469973 -41.4487632508833954 -20.2659010600706715 83.9602473498233195 342.5936395759717357 725.3003533568904686 1274.4673144876326205 1889.1201413427561420 2087.8180212014135577 1300.6024734982331665 -607.3480565371024795 -2761.2879858657242949 -3762.5821554770318471 -3242.0114840989399454 -1971.4054770318020928 -844.4611307420494768
-97.4845261121856907 -91.8094777562862703 -77.9086073500967160 -58.0701160541586106 -45.1731141199226300 -47.2330754352030979 -50.1624758220502898 -57.0043520309477785 -63.3423597678916863 -51.4734042553191458 -35.6953578336557058 -24.1416827852998068 -29.6789168278529978 -46.1789168278530013 -61.0614119922630536 -50.9593810444874293 52.6595744680851041 371.8230174081238033 1281.0333655705996989 2609.0522243713730859 3465.7379110251449674 3567.9313346228241244 3046.7050290135398427 2120.2654738878140961
3098.2953586497892502 4334.5443037974682738 5337.6286919831227351 5746.7327707454287520 5357.9395218002809997 3939.9887482419126172 1841.7510548523207490 327.1547116736990120 -96.5218002812939488 -61.0365682137834042 -0.2278481012658228 17.6300984528832636 -8.0984528832630094 -33.4191279887482438 -49.1026722925457122 -53.5414908579465560 -50.0070323488045005 -55.2292545710267220 -60.8706047819971872 -64.6202531645569564 -70.0182841068916986 -75.3741209563994374 -80.2644163150492318 -90.7130801687763721
-604.0395569620253582 -486.7492088607594951 -272.3852848101265636 -126.4367088607594951 -61.7365506329113956 -16.2832278481012658 15.1962025316455698 33.4881329113924053 34.3568037974683520 37.2128164556961991 19.6463607594936711 -19.0268987341772160 -6.0435126582278480 10.9960443037974684 11.0498417721518987 -87.8924050632911360 -506.4113924050632818 -1436.0981012658228337 -3124.1503164556961565 -4624.7911392405067090 -4879.0625000000000000 -4305.0174050632913350 -2552.6234177215187628 -536.3939873417721174
-36.7343316694398254 -38.8646699944536849 -40.7775929007210181 -43.2518025513033848 -39.1392124237382149 -27.8596783139212434 -17.0865224625623959 -11.0515806988352754 -12.5446478092068769 -21.4769828064337212 -38.3910149750415997 -53.6466999445368842 -62.2950637825845845 -59.5113699389905690 -53.3704936217415451 -49.2429284525790365 -75.5468663338879622 -143.9417637271214687 -192.3904603438713252 -200.2384914032168695 394.3083749306711070 2165.0709927897946727 4195.1591791458677108 4886.2257348863004154
516.2034996759559817 682.4206092028515513 915.4813134586303249 1198.2132209980557036 1418.8373298768633504 1387.5234391877295366 877.2994167206740030 157.3987902354720347 -237.1939943832361166 -272.2691726074746157 -181.3482393605530376 -88.0939727802981167 -31.0391013177792168 -7.0071289695398571 -5.4039749405919206 -4.6686109310866275 -0.5383452149492330 3.0548714625189026 11.3655217109526898 15.7314754806653703 18.5279758047094418 27.7245625405055094 33.2130049686757403 38.4592784618708166
2528.2702560042225741 669.5684877276326006 -947.4755872261810055 -581.2892583795196515 -181.1567695961995241 -65.0543679070995040 -10.6954341514911579 -87.4813935075217728 -56.3795196621799946 -35.6508313539192372 -22.4766429136975461 -9.2309316442333067 -2.8223805753496967 2.6693058854579044 -5.8461335444708364 -5.5130641330166270 8.2913697545526528 25.9329638427025593 41.6964898390076542 52.8403272631301135 37.2639218791237781 -18.0327263130113487 -99.2520453945632113 -219.6262866191607372
-136.2929687500000000 -73.1478794642857082 -41.9012276785714306 -0.1450892857142857 6.3744419642857144 -19.6696428571428577 -34.8448660714285694 -52.7070312500000000 -74.8141741071428612 -62.0189732142857153 -60.0948660714285694 -62.4464285714285694 -101.0117187500000000 -320.1283482142857224 -795.2879464285714448 -1985.9860491071428896 -3600.0100446428573377 -4296.7494419642853245 -3984.0044642857142208 -2562.8058035714284415 -404.7606026785714448 746.3627232142856656 1216.7137276785713311 1678.8487723214286689
-123.1837950551087317 -146.2686922847780693 -105.1292820971105186 -48.6970509383378030 -37.5111706881143903 -34.7441167709264249 -12.8144176347929708 1.1671134941912422 5.2240095323205242 2.2359249329758715 3.2502234137622876 7.1456657730116175 -2.3795055108728032 -27.8468871015787904 -87.5141495382782182 -219.9874888293118715 -481.1849865951742800 -931.3729520405123594 -1607.6255585344056271 -2317.0792374143579764 -2630.7929699136134332 -2530.6035150431935108 -2176.3428656538576433 -1451.4364015490020847
-427.2678647839110226 -562.7081728712023505 -419.4702610183996399 -269.4985023534445645 -145.5198973042361956 -67.8292682926829258 -33.2798459563543005 -8.4805305947796317 0.4030808729139923 9.7317073170731714 7.2088147197261447 -6.2468977321352162 -13.1531878476679509 -24.5661103979460833 -29.7445442875481376 -34.3329054343175031 -65.9418057338468060 -99.4668378262729931 -195.5575524176294380 -428.4835258878904369 -1113.4159178433890247 -2559.1981172443302057 -4006.5344458707745616 -4259.9002995293112690
0.8341968911917098 18.8966968911917093 38.0356217616580281 47.0547279792746096 51.9413860103626916 62.8448834196891184 86.8581606217616553 103.9226036269430011 -0.7066062176165803 -342.8296632124352072 -975.5356217616580352 -1731.5637953367875070 -2173.4967616580311187 -1980.7496761658030664 -1228.5942357512954004 -389.4579015544041454 102.8270725388601079 230.0922927461139977 153.7402849740932709 31.7011010362694314 -36.5155440414507737 -55.2519430051813458 -40.4038212435233177 -12.5832253886010363
-33.9661202185792348 -37.1322404371584724 -47.4338797814207638 -52.4601092896174848 -50.4404371584699476 -53.0513661202185816 -57.5945355191256851 -68.4131147540983591 -92.4928961748633895 -133.8852459016393368 -238.0874316939890605 -292.5551912568305966 -272.3519125683060338 409.2863387978142100 2583.7672131147542132 4837.7005464480871524 5421.4535519125684004 4549.8360655737706111 2855.3661202185794536 1257.5508196721311833 628.4644808743169051 759.1901639344262094 1056.4699453551911574 1224.9464480874316905
-92.6571216983460886 6.1086151567514193 82.0651690940508587 184.7988151073809036 365.3016539126141424 642.5512219205133988 1007.4480375215996446 1308.8126388546038470 1366.5383855838065301 1123.6321895828191373 661.7803011602073866 247.9997531473710239 68.2940014811157710 29.0560355467785740 21.6136756356455209 24.9224882745001217 25.9565539372994323 19.6948901505801039 15.2532707973339914 16.9382868427548736 15.7499382868427542 15.5235744260676380 14.9624784003949642 11.3080720809676620
-396.9085743801653052 -196.4251033057851146 -100.5123966942148712 -77.4860537190082681 -38.6678719008264480 -11.0537190082644621 -5.8016528925619832 -29.5733471074380176 -60.1250000000000000 -95.1146694214876050 -125.0738636363636402 -141.2670454545454675 -185.7159090909090935 -251.2985537190082539 -386.1358471074379963 -677.6089876033057635 -1382.0924586776859542 -2742.2365702479337415 -3844.3512396694213749 -3989.6373966942146581 -3279.2639462809916040 -1404.2458677685949624 315.4653925619834922 813.7401859504132062
-445.3718074656188719 -1734.4027504911591677 -3083.2716110019646294 -3459.6640471512769182 -2570.5977406679762680 -868.8457760314341840 340.7534381139489028 539.5589390962671814 369.9327111984283079 205.3772102161100293 80.6694499017681750 -7.2735756385068759 -53.8683693516699407 -49.7485265225933233 -41.4577603143418472 -58.6355599214145400 -67.9675834970530417 -52.6375245579567803 -31.4336935166994103 -14.5677799607072700 -13.9479371316306491 -14.9464636542239688 -33.7111984282907642 -79.3919449901768104
59.2168815943728006 67.8276670574443159 116.0820633059788918 190.9073856975381034 269.0996483001172237 315.2250879249706941 317.6412661195779492 346.8511137162954014 394.8827667057444160 356.9859320046893458 33.1922626025791345 -775.8804220398593543 -2118.4349355216882032 -3717.0996483001172237 -4841.2649472450175381 -5108.9507620164122272 -4663.4478311840566676 -3625.6154747948417025 -2420.1289566236810060 -1559.6483001172332479 -1084.3962485345837194 -816.1465416178194801 -660.0703399765533277 -590.8616647127784063
-209.7798264642082415 -585.5054229934924024 -1346.2711496746203466 -2641.0737527114965815 -4145.6041214750539439 -4937.2505422993490356 -4892.9989154013019288 -3990.8731019522774659 -2181.1746203904554022 -620.8015184381778226 -49.8731019522776577 8.5921908893709329 -77.3145336225596509 -141.6702819956616111 -135.1323210412147375 -149.1019522776572614 -144.5054229934924024 -90.1409978308026041 -47.4945770065075905 -49.2288503253796108 -64.4815618221258120 -55.9934924078091072 -36.7722342733188725 -16.2841648590021677
-1350.6124380351509444 -508.3357368183866356 511.5966651644885133 1305.3497070752591753 1785.9900856241549718 1962.5281658404687732 2005.6232537178909752 2098.6620099143756306 2294.5781883731410744 2504.4434429923389871 2365.8783235691753362 1417.4339792699413465 -30.6173952230734550 -766.9914375844974757 -589.8778729157278349 -399.6349707075258948 -340.6615592609283567 -231.9761153672825458 -152.2825597115817970 -78.5205047318611946 -36.9756647138350587 -25.9508787742226232 -12.1478143307796298 -12.1203244704821991
1890.8377729781616381 2299.7554595632350356 2505.6743460523157410 2140.8204943604509936 794.3998080153587580 -413.1984641228701776 -521.5161987041036582 -239.5147588192944568 -135.6611471082313471 -143.5140388768898561 -141.7384209263258867 -105.4686825053995705 -70.8015358771298366 -39.5157187425006029 -21.5773938084953194 -16.0604751619870427 -11.1931845452363810 -10.4355651547876178 -10.0823134149268050 0.5646748260139189 13.7808975281977446 16.9985601151907844 -22.6563474922006236 -132.5589152867770508
-15.4265861027190336 3.7456193353474321 3.9135951661631418 2.7404833836858007 0.3619335347432024 1.7960725075528701 21.5184290030211471 40.8897280966767340 50.9039274924471314 12.1492447129909369 -146.6921450151057513 -408.0628398791540690 -784.7933534743202699 -1310.7235649546828427 -1792.7262839879153944 -2004.6187311178248365 -1834.4211480362537259 -990.6546827794561523 356.9821752265860937 1368.9661631419940022 1871.0936555891239550 2121.3791540785500729 2109.7703927492448202 1919.4268882175226736
2.2337023370233702 27.3536285362853633 37.6838868388683892 27.2380073800737996 -7.7109471094710944 -27.5276752767527668 -42.0079950799508026 4.2398523985239853 167.9360393603936075 389.1691266912669107 698.8634686346863418 993.8468634686346377 974.9766297662977195 362.8763837638376231 -1167.0350553505534208 -3035.0565805658056888 -3816.6100861008608263 -3017.7878228782287806 -1394.5024600246001683 -218.6377613776137707 60.9778597785977894 34.0332103321033230 2.7017220172201721 40.6383763837638341
-412.5835240274599300 -754.3295194508009445 -1382.7517162471394840 -2450.9038901601829821 -3542.2391304347825098 -3871.6567505720822737 -3294.5514874141877044 -1845.9542334096108789 -148.9256292906178487 888.6693363844393616 1740.3604118993134762 2569.9496567505721032 2810.3260869565215216 2643.0926773455375951 2592.9370709382151290 3019.5423340961096983 3631.4553775743706865 3687.0526315789475120 2163.6167048054921906 -607.2356979405034281 -2232.3581235697938610 -2195.7105263157895934 -1669.8821510297482291 -1000.0858123569794316
70.9818456883509867 91.6384266263237492 38.8436712052445756 -135.7367624810892721 -388.5012607160867333 -652.9692385274836397 -947.9213313161875476 -1216.9551185073121360 -1317.0327786182551790 -1096.6863338376197134 -418.2430660615229385 576.0005042864346478 1548.7982854261219927 2341.4442763489660138 2877.3913262733231022 3014.9157841654059666 2690.9218356026221954 1726.9409984871406323 299.0630358043368915 -607.8900655572365395 -578.1911245587493795 -226.5854765506807951 -78.9717599596570921 -142.5834594049420048
-2431.6124567474048490 -3187.3754325259515099 -3575.4169550173010066 -3542.4671280276816105 -3207.7785467128028358 -2795.9792387543252516 -2525.9394463667817945 -2421.2560553633215932 -2471.5519031141866435 -2680.8598615916953349 -3020.4913494809688927 -3376.1695501730105207 -3601.2629757785466609 -3424.8996539792387921 -2654.8944636678202187 -1631.9567474048442364 -767.0346020761245427 -170.6903114186851269 98.5086505190311357 134.4619377162629803 115.0709342560553665 95.6955017301037998 95.6470588235294059 95.3979238754325252
-446.4980392156862763 -61.8501089324618718 533.6884531590413872 1166.9973856209151108 1812.3895424836600796 2531.4993464052286072 3099.5067538126363615 3316.0583877995641160 2782.5015250544661285 1214.4749455337689596 -261.6592592592592723 -545.2339869281046276 -158.2331154684095793 45.8278867102396532 -42.5368191721132902 -135.8344226579520750 -114.5956427015250512 -57.4213507625272328 -21.1625272331154690 -13.8906318082788669 -11.2357298474945537 -8.2867102396514163 -16.6997821350762514 -31.6941176470588246
3784.3348623853212302 2394.8750000000000000 -533.7396788990826053 -2055.6399082568805170 -1691.9747706422017473 -884.4862385321100646 -440.7672018348623624 -310.3635321100917395 -153.0435779816513673 -13.6433486238532105 50.6227064220183465 33.7465596330275233 -16.4724770642201825 -52.9048165137614674 -87.5883027522935720 -81.3956422018348604 -81.9816513761467860 -134.7121559633027630 -210.5642201834862419 -384.7350917431192556 -834.3841743119265857 -1776.3440366972477023 -2916.2832568807339158 -3347.6433486238533987
-2907.8986229123938756 -1453.2024611778495000 109.3126281863463163 284.5016114854966531 125.8350424846176452 2.3167301494286550 -54.7099326106065078 -21.3647817169645471 -16.3723996484031638 -10.9979490184588347 5.2475827717550541 3.8907119835921478 -19.1670084969235290 -24.3917374743627313 -18.8464693817755631 -13.8687371813653684 -3.6097275124523880 -1.3252270729563433 -12.1506006445941992 -21.1596835628479347 -32.4266041605625546 -51.9800761793143877 -79.4230881922062650 -122.9223556987987109
-142.6884939195509787 -118.8409728718428369 -103.4695977549111348 -88.3311506080449078 -86.1375116931711915 -78.7698783910196454 -12.6997193638914876 176.1244153414405957 521.4752104770814185 1078.3564078578110639 2118.9223573433114325 3477.3704396632365388 4459.4312441534148093 4622.8119738072964537 3790.1384471468663833 2135.4115996258183259 579.9504209541627233 -62.1637043966323688 -82.9738072965388227 -22.7418147801683830 8.5519176800748369 -3.0916744621141254 -33.2142188961646383 -45.9055191768007518
2389.6106870229009473 2530.9754028837996884 2585.5547073791349248 2933.7209499575910741 3379.0101781170483264 3517.1391009329940971 2281.2849872773535935 -637.0856658184902699 -2566.1340118744697065 -2458.4622561492792556 -1682.9855810008482422 -878.1908396946564608 -456.6344359626802429 -283.7048346055979664 -118.8914334181509815 -60.0390161153519912 -31.4402035623409652 -15.8558100084817646 -30.2086513994910959 -35.5402883799830391 -28.5207803223070400 -46.7285835453774396 -85.0754877014419009 -138.3172179813401215
1668.9665845937390714 1926.0875835385156734 1856.9194512838550963 1667.0608512135067940 1508.0295462539570508 1476.3985226873021475 1598.5518818149841991 1704.6700668308126296 1460.1185367569469236 837.9584945480127089 225.5160042208934215 -110.8705592683784715 -195.1586352444600720 -167.9264861062258092 -135.2595849454801282 -109.4263102356665485 -75.8603587759409095 -48.3746042912416456 -29.5761519521632081 -15.4832922968695037 -16.9665845937390074 -19.6208230742173768 -18.0770313049595508 -22.4164614843475185
-1943.1234756097560421 -1791.7449186991868828 -840.2667682926829684 781.3572154471544309 2145.7962398373983888 2677.3338414634145010 2422.7825203252032225 1414.5543699186991944 310.9466463414634063 -280.0772357723577102 -483.0208333333333144 -449.3206300813008056 -317.6453252032520140 -219.6859756097560989 -158.6148373983739930 -138.8119918699186996 -121.1138211382113781 -78.7515243902439011 -46.3638211382113852 -22.4324186991869929 -10.3501016260162597 0.8465447154471545 18.8694105691056926 28.9918699186991873
3445.5988200589972621 3211.1545722713863142 1566.8539823008850362 -106.9209439528023609 -417.4961651917404311 -172.5575221238938184 -34.0407079646017721 -34.3734513274336280 -116.3811209439528085 -110.7640117994100279 -72.9233038348082658 -54.2374631268436573 -43.3395280235988167 -31.1359882005899706 -16.4764011799410035 -14.0530973451327430 -21.8395280235988203 -21.2828908554572287 -9.9067846607669612 0.5079646017699115 -1.7174041297935103 -31.6781710914454280 -100.0604719764011747 -207.9943952802359775
-67.3804347826087024 -71.5833333333333286 -80.0634057971014528 -82.0344202898550776 -88.3079710144927503 -94.8152173913043441 -82.9221014492753596 -85.2463768115942031 -79.1503623188405783 -35.8568840579710155 35.2753623188405783 251.8894927536231876 743.9184782608696196 1578.1521739130434980 2888.9655797101449934 4551.7789855072460341 5993.8894927536230171 6676.6431159420289987 6470.5960144927539659 5425.1630434782609882 3749.3840579710144993 2240.9673913043479843 1517.7463768115942457 1349.4402173913042589
-80.0947911778507802 -37.4748944157672454 -21.5471609572970451 -13.9221022993899570 -23.0971374941342091 -63.4781792585640545 -83.3725950258094741 42.6081651806663544 608.3388080713280033 1675.2932895354292668 2616.4870952604410377 2787.8076020647581572 1987.6621304551854337 702.2552792116376850 -120.4049741905208890 -241.1346785546691649 -99.8531206006569647 -10.9624589394650407 0.8747067104645706 -10.2327545753167524 -41.0933833880807100 -54.3167526982637270 -33.8188643829188180 -15.6949788831534498
1.5109308885754584 3.8480253878702397 0.7320169252468265 -5.9076163610719323 -0.3430888575458392 5.8638928067700986 3.9174894217207332 -39.7641043723554333 -197.2923131170662998 -489.6967559943582273 -920.3268688293370587 -1474.0842736248237088 -1905.4869534555712107 -2028.5853314527503244 -1747.3494358251057292 -819.5567700987305670 385.9287729196050805 1224.1935825105783806 1675.0380818053597523 1930.4911847672779004 2039.4777856135401635 2076.6516220028206590 2165.0807475317346871 1993.7408321579689527
-1089.0396954866776014 -1784.5524741707449721 -2269.7879282218596018 -2290.3056008700382336 -1824.4002175095160965 -859.0793909733550890 255.3915171288743977 1079.1136487221315292 1585.7172376291462115 1837.8031538879824893 1946.0755845568244240 2036.1560630777596543 2186.7476889613922140 2336.0690592713431215 2176.3371397498640363 1417.5769439912996859 226.7052746057640036 -409.4165307232191253 -276.9815116911364612 -246.5970636215334366 -316.5769439912996290 -236.0554649265905311 -159.3882544861337749 -101.1881457313757409
-78.3830455259026735 -80.9701726844584044 -80.9403453689167947 -77.1758241758241752 -82.8963893249607509 -86.2543171114599687 -77.2480376766091013 -60.8665620094191553 34.3406593406593430 295.7346938775510239 915.5525902668759954 2076.2841444270015927 3805.6562009419153583 5701.8932496075349263 6771.6577708006279863 6566.3579277864992036 5292.0910518053378837 3333.6153846153847553 1647.6169544740973834 940.8288854003139932 934.7221350078492605 1136.2511773940345847 1344.5211930926216155 1436.4018838304552901
-45.5801178992497356 -54.1339764201500557 -33.2272240085744883 -11.5066988210075021 -10.4038049303322619 -7.2481243301178990 -9.6907824222936760 -14.6706859592711680 -17.9515005359056801 -21.1321007502679521 -16.1476420150053599 -6.6457663451232580 14.9844587352625940 36.7462486602357998 41.1672025723472643 11.3689710610932480 -101.0294748124330084 -330.2990353697749129 -918.3751339764201020 -1743.3737942122186269 -2260.9188102893890573 -1892.3965702036441598 -205.0878885316184324 1378.9364951768488936
600.1821720513818263 1249.0315297781237405 1901.9933826391591083 2527.3538341767225575 3027.9326586220317949 3273.9661346827560919 2988.7894122226548461 1664.1152199299338008 80.7999221486959840 -441.1576488906189297 -194.2137018295056521 1.5328921759439471 -36.0128454651615399 -147.7929155313351544 -142.6601790579992155 -77.5177111716621283 -44.6905410665628651 -27.9268197742312196 -20.9346049046321525 -15.7512650836901518 -18.0657843518878956 -29.0591669910470998 -31.3433242506811993 -23.6621253405994558
-50.7450867052023114 -32.5268786127167644 -17.5231213872832363 -7.3754335260115607 14.1505780346820806 44.1664739884393072 97.2329479768786058 181.0184971098265976 276.8690751445086562 408.5595375722543281 626.5656069364162022 942.3358381502889642 1326.2433526011561753 1615.6528901734104693 1574.2225433526011784 1194.5124277456648088 661.9046242774566053 231.2265895953757138 50.5289017341040463 23.7020231213872847 41.4031791907514446 59.2702312138728331 54.3156069364161880 43.9609826589595372
1769.8880597014924660 3432.6059701492536078 5210.9089552238801843 5803.5373134328356173 5294.4328358208958889 4254.5522388059698642 3068.1223880597012794 2280.7910447761191790 2102.8641791044774436 2273.3552238805968955 2530.2955223880599078 2740.1492537313433786 2851.7462686567164383 2848.4582089552236539 2704.6149253731341560 2444.4179104477611872 2100.5582089552240177 1603.9611940298507307 970.5970149253731734 448.1208955223880821 124.0447761194029823 -97.5835820895522374 -208.7731343283581964 -210.2253731343283505
-1829.7773928107405936 -2098.8306626245125699 -2203.9809441316588163 -2219.5638804677350890 -2184.8609787786922425 -2129.4963187527068840 -1972.3087916847121051 -1585.7167605023819306 -1033.2589865742745587 -528.3200519705500255 -208.9164140320484933 -81.1507145950627944 -58.4157644001732379 -64.3261152013858748 -80.0857514075357244 -84.5417929839757534 -78.4824599393676863 -56.3746210480727612 -28.4980511043741878 -10.9211779991338247 10.8882633174534433 24.9662191424859259 25.9298397574707664 26.6673884798614118
-668.8937644341801843 39.6639722863741326 569.1212471131639177 1201.4387990762124900 1990.5138568129329997 2760.6916859122402457 3517.3521939953811852 4276.3117782909930611 4973.7205542725168925 5170.6778290993070186 4362.0288683602775563 1889.2055427251732453 -672.3464203233256740 -1206.5508083140878171 -928.7956120092378569 -631.4699769053117961 -243.3521939953810715 -155.3983833718244796 -110.4145496535796838 -70.9976905311778239 -65.1789838337182488 -38.5877598152424923 -40.4110854503464196 -57.6870669745958438
-3188.8174863387976075 -3871.7114754098361118 -3654.8131147540984784 -2459.8153005464482703 -673.5770491803278901 672.0207650273224544 1540.4316939890709364 2403.1770491803276855 2855.4196721311477631 2775.5060109289615866 2634.9530054644810662 2913.2939890710381405 3486.6316939890712092 3778.9333333333333940 2799.6579234972678023 113.7409836065573785 -2066.9169398907101822 -2351.2032786885247333 -1848.7595628415299416 -1142.6251366120218336 -577.9683060109289272 -314.0710382513661330 -132.7803278688524529 -57.0874316939890676
-54.5286236297198528 -52.4689403166869681 -57.7783191230207080 -60.0730816077953733 -61.8952496954932982 -63.2789281364190046 -63.8428745432399509 -63.4080389768574904 -67.3520097442143708 -77.1741778319123028 -75.6540803897685805 -79.5200974421437223 -82.9488428745432458 -89.3300852618757659 -106.1035322777101157 -141.8112058465286225 -120.3239951278928146 125.9415347137637013 652.8514007308160672 2111.0426309378808583 4468.7125456760049929 6147.7624847746646992 6511.3081607795375021 5730.6394640682092358
-3837.4980784012300319 -4821.3474250576482518 -4812.9800153727901488 -3769.3766333589546775 -1699.1975403535741407 -139.6172175249807879 252.1898539584934724 288.5910837817064021 210.9915449654112081 99.6825518831667949 22.3797079169869342 -42.6095311299000770 -51.0415065334358218 -53.3251345119139089 -46.5426594926979220 -35.9408147578785560 -27.2290545734050724 -4.3558800922367409 -5.7624903920061490 -14.0845503458877790 -32.5395849346656405 -67.5680245964642552 -73.1368178324365914 -80.5726364335126846
-39.4724565756823793 -14.0853598014888330 6.0392059553349879 24.8267990074441691 4.9895781637717125 -87.7975186104218324 -272.9171215880893442 -550.6153846153846416 -899.3220843672456795 -1276.5568238213400036 -1585.4714640198510551 -1801.4719602977668274 -1931.7473945409428779 -1988.1230769230769511 -2045.1106699751860560 -2099.1379652605460251 -2099.2277915632753320 -1930.1598014888336365 -1511.3320099255583955 -989.7488833746898536 -545.8178660049627524 -264.1339950372208705 -143.4689826302729614 -111.2362282878411861
-42.7805114923923568 -23.3098089996762710 -12.9650372288766587 -14.6176756231790215 -26.9391388798964080 -35.8779540304305584 -35.2670767238588567 -25.5930721916477815 -7.1175137584978954 19.7552606021366124 59.1897054062803463 109.3722887665911259 183.6183230819035259 337.2735513111039154 642.3104564584007221 1156.8779540304306011 1729.6167044350922879 1986.1783748786015167 1689.0673357073485477 970.0174813855617231 288.5441890579475626 18.5137584978957577 57.5296212366461646 96.2045969569440018
-3.7723422897196262 -6.0223422897196262 1.4794100467289719 -13.0360689252336446 -27.9732768691588802 -28.1693925233644862 -21.8533878504672892 -7.8736857476635516 4.8719334112149530 10.8365946261682247 7.2905957943925230 -7.8408294392523361 -15.3903329439252339 -12.2355432242990663 -4.5867406542056077 19.7348130841121510 46.9693341121495322 93.8841997663551382 177.3535338785046633 322.3181950934579163 586.4929906542056415 952.6004672897196315 1414.2221086448598726 1677.9764894859813467
-26.3846457859895267 -29.5421401047327343 -14.8071336824424460 -13.8157296709811277 -14.0561209366663373 -18.4121134275269256 -19.9680861574943194 -12.7893488785693119 -7.3148898330204526 -5.3757533840529588 -7.8384546981523568 -10.6307677107005230 -14.6811579883410737 -19.2748740243058982 -23.0000988044659636 -24.7731449461515645 -28.4371109574152747 -59.2568916115008406 -128.8782728979349770 -233.8584132002766580 -386.8685900602707193 -570.9541547277937070 -793.2574844382966148 -1016.8392451338800129
-11.9078694817658342 -20.2539987204094700 -17.7581573896353184 -11.5617402431222001 -0.4145873320537428 20.9788867562380048 31.4350607805502236 34.8227767114523346 6.1759436980166349 -48.0934101087651982 -113.3493282149712087 -265.0927703134996705 -571.9200255918105995 -1112.6001279590529975 -1712.2488803582853052 -2067.0076775431862188 -1263.0537428023033044 1027.2271273192577610 2815.3307741522712604 3036.8765195137557384 2376.4056301983364392 1301.8560460652590791 350.2373640435060906 -74.3602047344849666
-145.8594319009468450 -178.4734158776402069 -218.5120174799708650 -258.1595047341587588 -296.9293517844137114 -352.4588492352512503 -454.1077931536780738 -608.0983248361252436 -778.4289876183539718 -802.2257829570284002 -348.6161689730516855 824.3248361252731229 2293.2600145666424396 3174.6278222869627825 3235.2061179898032606 2889.8004369992718239 2520.1791697013836711 2371.2607428987616913 2471.3146394756008704 2697.0772032046611457 2888.7858703568826968 2897.5841223597958560 2651.3962126729788906 2095.2971595047342817
2842.3949086161878768 2980.1520887728461275 2915.3831592689293757 2817.8577023498696690 2766.9575718015667007 2801.5913838120104629 2901.1762402088770614 2988.2963446475196179 2923.3361618798953714 2543.8949086161878768 1800.5678851174934607 844.0215404699738428 -11.7669712793733687 -503.4530026109660525 -671.8864229765013079 -634.2480417754569544 -479.9445169712793700 -332.0124020887728307 -216.5894255874673604 -135.4601827676240191 -91.5372062663185346 -64.3681462140992124 -49.8328981723237590 -43.5006527415143580
-5.2071731949032563 -11.4237848041529020 3.9084473808400189 49.3289287399716869 104.8131193959414844 140.2156677678150061 105.6224634261444066 -43.1764983482774909 -264.7890514393581611 -568.8853232656913406 -1049.7602642756016849 -1613.4360547428032078 -2016.4752241623407372 -1963.0386974988202837 -932.0476639924493156 863.7177914110429811 2152.6205757432749124 2602.3968853232659058 2598.7607361963191579 2121.7673430863615067 1396.2529495044832402 557.4346389806512434 -208.4464369985842325 -442.7461066540820980
-41.3581616481774930 -160.8129952456418437 -529.7115689381932953 -1213.5958795562598880 -2148.0935023771789929 -3065.0871632329635759 -3597.8716323296353039 -3635.5879556259906167 -3311.7115689381935226 -2877.8526148969890528 -2576.8557844690967613 -2473.3058637083995563 -2543.8874801901743012 -2745.8129952456420142 -3017.5641838351821207 -3273.3454833597465949 -3373.1568938193345275 -3146.2852614896987689 -2511.1790808240889419 -1648.1870047543582132 -872.6022187004754187 -335.8446909667194973 -35.8114104595879539 45.7131537242472277
5686.8383838383842885 5783.2449494949496511 4513.1540404040406429 3005.6060606060605096 1923.9797979797979224 1566.5404040404039279 1811.1010101010101607 2287.1843434343436456 2674.9318181818180165 2836.0202020202018502 2772.1439393939394904 2532.2007575757575069 2190.3989898989898393 1809.5542929292928420 1372.0416666666667425 826.7537878787878753 289.3661616161616053 -19.7840909090909101 -124.0063131313131350 -177.2196969696969688 -172.6351010101010104 -111.0517676767676818 -59.7095959595959584 -36.0063131313131279
6.1583873290136788 0.5881929445644348 -21.3923686105111592 -33.0590352771778271 -42.5485961123110172 -45.0813534917206624 -38.7559395248380127 -76.1511879049675997 -145.6205903527717851 -320.7242620590352544 -677.3707703383729495 -1382.8502519798416870 -2697.7278617710585422 -3775.1735061195104208 -3973.3462922966164115 -3343.3599712023037682 -1463.7372210223181810 459.3707703383729495 1395.5356371490281617 2237.0179985601153021 2883.4326853851694068 2890.7199424046075364 2636.1288696904248354 2502.4859611231099734
295.1002673796791669 413.4318181818181870 385.7406417112299550 -29.7299465240641716 -998.0093582887700450 -2760.5695187165774769 -4597.7098930481279240 -5345.8475935828873844 -4919.4545454545450411 -3464.5454545454545041 -1583.2874331550801799 -412.3475935828877255 -3.1697860962566846 83.2032085561497325 -28.6403743315508024 -96.5775401069518722 -95.9906417112299408 -143.3542780748663006 -157.5013368983957207 -112.2192513368983953 -58.2941176470588260 -41.1577540106951858 -37.1791443850267385 -36.3422459893048142
224.6475609756097640 246.9036585365853682 279.2012195121951095 303.0500000000000114 169.6365853658536480 -338.4597560975609554 -1370.8560975609755133 -2949.8268292682928404 -4460.1853658536583680 -5154.7073170731709979 -5000.4048780487801196 -4028.0475609756099402 -2473.5353658536587318 -1201.4902439024390333 -566.2085365853658914 -322.3536585365853853 -311.1536585365853398 -337.8792682926829229 -307.6999999999999886 -293.0475609756097697 -277.0390243902439238 -199.0280487804878078 -111.6012195121951152 -80.0109756097561018
914.9322381930185202 1248.9507186858315890 1632.2929500342231677 1870.7419575633127806 1638.3805612594112517 691.6344969199178649 -1200.2334017796029002 -2989.8980150581792259 -3181.7097878165641305 -2102.2313483915127108 -953.6769336071183716 -343.5188227241615095 -163.5544147843942540 -19.3086926762491444 187.1026694045174565 335.9664613278576439 319.6146475017111470 214.7310061601642701 183.0458590006844588 140.2060232717316808 6.7036276522929503 -88.6125941136208013 -57.6803559206023237 -0.9801505817932923
-128.7729970326409443 -149.8555885262116760 -196.4910979228486667 -298.1948565776459077 -510.7749752720079073 -938.5712166172106663 -1733.7393669634025173 -2607.0197823936696295 -2961.3600395647872574 -2462.5445103857568938 -1227.7512363996042950 -108.7571711177052407 278.1879327398615374 206.9663699307616298 36.8773491592482685 -65.9970326409495556 -102.6923837784371898 -126.1636993076162270 -120.9238377843719121 -100.5647873392680509 -76.5093966369930740 -57.8150346191889213 -57.8837784371908981 -55.6572700296735903
59.8754385964912288 313.1000000000000227 891.0807017543859274 1939.4140350877191850 3665.7947368421050669 5351.9438596491227145 5988.5315789473688710 5503.7491228070175566 4334.0807017543857000 3049.1929824561402711 2190.6736842105265168 1974.9333333333333940 2189.7526315789473301 2495.0333333333333030 2742.4912280701755662 2863.2929824561401801 2818.0596491228070590 2621.1473684210527608 2308.6964912280700446 1950.2368421052631220 1535.5824561403508142 1016.8666666666666742 534.4543859649122624 223.0298245614035011
-474.0349264705882320 -587.1709558823529278 -481.8094362745097783 -311.1188725490196134 -154.1476715686274588 -73.5049019607843093 -36.2340686274509807 3.0784313725490198 21.4791666666666679 15.8541666666666661 24.0833333333333321 33.0655637254901933 12.2837009803921564 8.9087009803921564 2.5545343137254903 -22.6237745098039227 -66.4767156862745168 -289.0631127450980671 -818.8933823529412166 -2109.0036764705882888 -3924.4393382352941444 -4870.7579656862744741 -4746.1936274509807845 -3609.1421568627451961
1138.6225776684098037 1223.9354044909259756 1005.3260535219932308 421.3557366964010953 -32.1677945247616108 -155.6391879421716453 -159.2268532759150901 -99.3625038449707745 -43.7819132574592444 -29.8695785912027070 -18.1259612426945544 -7.3462011688711168 -1.5198400492156259 -1.9629344816979390 -1.0266071977852969 1.7777606890187634 1.1407259304829283 3.2003998769609350 7.0968932636111965 13.9661642571516449 19.3832666871731760 15.8649646262688400 4.1208858812673022 -29.5652107043986483
-51.1106719367588909 -70.5830039525691717 -87.6274703557312193 -135.1581027667984074 -228.4624505928853750 -388.7252964426877497 -721.8517786561264984 -1340.5622529644269889 -2435.0938735177865055 -3525.2816205533595166 -3859.0098814229249911 -3430.4871541501975116 -1720.4130434782607608 426.3152173913043725 1372.1106719367589903 2049.7213438735179807 2788.7361660079050125 2910.5128458498024884 2729.4061264822134945 2711.5671936758894844 3088.9249011857709775 3551.5503952569169996 3490.8270750988140207 2154.6729249011859793
4506.8330721003130748 5044.8189655172409402 4600.0736677115983184 2914.2915360501565374 715.0775862068965125 -199.9929467084639612 -112.9733542319749233 -52.1481191222570502 -6.6191222570532915 -32.7468652037617574 -81.3510971786833892 -91.3252351097178661 -96.1959247648902789 -85.2405956112852721 -84.1214733542319806 -60.4451410658307182 -41.9835423197492190 -45.5462382445141074 -48.7484326018808787 -61.4231974921630126 -65.1551724137931103 -81.4521943573667642 -122.2844827586206833 -150.7523510971786891
194.2677912493410588 120.4602003162888764 -85.9372693726937200 -388.6041117554032667 -877.4037954665260486 -1560.8935160780179103 -2111.4891934633633355 -2233.6083289404323295 -1515.3131259884028168 120.8987875593041679 1624.0801265155507735 2351.4032683183972949 2605.5561412756983373 2408.6309963099629385 1802.9588824459672196 938.2488139167105601 16.2862414338429105 -528.4428044280442691 -583.8608328940432557 -370.6030574591460436 -196.9757511860833006 -193.2298365840801182 -201.9578281497100818 -158.5129151291512812
-6.1302294197031042 12.0303643724696361 20.8873144399460173 18.5863697705802977 5.7968960863697703 -32.1740890688259142 -76.6423751686909611 -181.9439946018893295 -446.0101214574899018 -970.2085020242915334 -1621.0418353576249046 -2051.2395411605939444 -1563.0546558704452309 323.1295546558704359 2182.7165991902834321 2698.0242914979758098 2175.1126855600541603 1060.2091767881240685 54.4365721997300938 -332.3758434547908109 -297.0080971659918987 -176.1086369770580404 -116.0182186234817863 -100.1551956815114721
-46.1792287467134059 -77.0909290096406608 -65.8253724802804498 -60.1196319018404921 -36.8459684487291881 -20.7561349693251529 -9.8503505696757223 1.8875985977212970 3.7730061349693251 2.0326468010517091 -4.9704206836108673 -9.0427256792287469 -13.0506134969325149 -6.7096844872918489 14.8626205083260299 40.2701577563540738 72.0308939526730967 109.7657756354075360 190.4767747589833391 217.2372918492550298 43.3525416301489912 -557.8339176161262003 -1862.5479842243646544 -2924.7861524978088710
1151.6977811782708159 1817.8148431522570263 2125.2983932670235845 2292.3205814843154258 2399.7941851568475613 2401.6863045141544717 2419.9839326702372091 2479.9747513389443156 2593.7115531752106108 2806.6671767406273830 2954.8194338179037004 2922.9058913542462506 2562.8967100229533571 1640.6947207345065181 634.7230298393267276 2.6113236419280796 -350.1889824024483460 -452.9846977811782835 -413.4162203519510399 -321.0879877582249264 -204.0979342004590649 -137.3894414690130077 -93.5876052027544034 -51.1637337413925053
17.4957932692307701 39.0649038461538467 2.1881009615384617 -30.1580528846153832 -34.9927884615384599 -27.3311298076923066 72.1400240384615330 227.1790865384615472 464.5943509615384528 716.0811298076922640 726.9783653846153584 280.5414663461538680 -1084.7103365384614335 -2962.7463942307690559 -3876.7283653846152447 -3264.1706730769228670 -1643.7680288461538112 -205.3203125000000000 241.8948317307692264 214.3846153846153868 161.6039663461538396 90.5036057692307736 -0.0498798076923077 -57.0240384615384599
-2011.3156462585034205 -2105.3696145124717987 -1753.8961451247164405 -940.1197278911564581 154.2594104308390115 1084.9859410430838125 1637.1328798185941196 1904.5836734693878043 2030.8240362811791329 2114.8607709750567665 2250.3741496598640879 2361.5750566893425457 2092.1673469387756086 1255.7020408163266438 175.4231292517006864 -375.4335600907029402 -280.7972789115646037 -230.9473922902494394 -290.1777777777778056 -235.9256235827664341 -165.2902494331065668 -98.8653061224489846 -51.2907029478458085 -35.0000000000000000
-128.6390433815350320 -265.5984427141268043 -546.3248053392658221 -923.7797552836484556 -1311.0895439377086404 -1613.3515016685205410 -1798.3909899888765267 -1918.9093437152391743 -2027.6145717463848541 -2140.0850945494994448 -2257.5595105672969112 -2344.9254727474972242 -2225.3698553948834160 -1770.4026696329253809 -1112.2997775305896084 -501.0317018909900071 -125.2419354838709609 15.0839822024471637 27.1985539488320356 -3.4593993325917687 -22.9060066740823132 -25.2741935483870961 -7.9682981090100116 15.6751946607341495
-55.6355263157894768 -5.3868421052631579 27.9802631578947363 5.8539473684210526 -22.4197368421052623 -34.7361842105263179 -50.6157894736842096 -27.0388157894736842 13.0802631578947377 3.9960526315789475 -11.8032894736842113 -185.7309210526315724 -614.5019736842104976 -1473.6144736842104521 -2957.8276315789471482 -3973.7697368421054307 -3941.9342105263158373 -3093.8618421052633494 -1157.2763157894737560 564.7664473684210407 1392.3934210526315383 2238.7861842105262440 2773.8993421052632584 2598.6993421052629856
-57.9427168576104776 -38.4770867430441896 -21.7397708674304404 -23.7454991816693948 -32.4312602291325689 -38.6996726677577740 -53.8903436988543376 -69.7970540098199734 -70.0180032733224209 -69.5409165302782384 -81.6571194762684058 -109.1260229132569606 -160.1792144026186691 -135.7954173486088507 -24.5360065466448454 586.6104746317512308 2304.1554828150574394 4149.3420621931263668 4768.9942716857613050 4220.1317512274963519 2966.2913256955812358 1546.2225859247134849 713.2348608837970687 611.5900163666120761
-80.1157232704402560 -85.9660377358490564 -87.4918238993710702 -98.4188679245282998 -93.8654088050314499 -108.2465408805031473 -86.8477987421383659 82.8113207547169878 610.5031446540880324 2107.8553459119498257 4209.2779874213838411 5499.1735849056603911 5539.0301886792449295 4704.2729559748431711 3519.6289308176101258 2589.0503144654089738 2190.2515723270439594 2264.3396226415093224 2530.2377358490566621 2755.8943396226413824 2832.5232704402515083 2734.3320754716983174 2510.3849056603771714 2115.4918238993709565
-1244.1146788990824916 -2223.0011467889908090 -3369.9759174311925563 -3918.4977064220183820 -3563.9896788990827190 -2281.8520642201833653 -502.0688073394495632 735.6594036697247248 1584.7740825688074437 2464.4151376146787698 2863.2282110091741743 2748.7350917431194830 2629.1536697247706797 2956.0963302752293203 3558.7545871559632360 3794.5240825688074437 2667.7270642201833653 -67.7580275229357767 -2132.6444954128442077 -2338.2052752293579942 -1829.9954128440367640 -1111.7305045871560196 -547.0298165137614887 -296.1479357798165211
2035.6076352067868811 1701.8579003181337157 229.3191940615058400 -1750.6850477200423484 -2480.2449628844115068 -1824.4061505832448802 -926.0911983032873422 -428.3388123011665130 -291.8398727465535671 -237.9650053022269276 -155.9316012725344649 -54.2269353128313867 49.9893955461293729 93.1442205726405064 80.8064687168610760 63.9374337221633056 25.3944856839872735 -42.1802757158006330 -68.9119830328738061 -43.4803817603393412 -40.6044538706256617 -39.4602332979851553 -53.1102863202545095 -157.4984093319194187
-39.9543203082003302 61.5343973582828809 223.7864611997798647 407.2988442487616680 651.0313703907539775 762.1937259218492500 551.6466703357182269 -251.3351678591084237 -1839.7853604843148787 -3197.0170610897084771 -3236.0379746835442347 -2091.9152449091911876 -671.1474958723169948 65.8183819482663779 155.0132085855806281 126.0099064391854711 100.5954870665932788 92.1920748486516288 47.6835443037974684 -41.4672537149146976 -21.2647220693450727 3.4050632911392404 -73.3632361034672584 -90.2190423775454065
-55.5222577209797663 -48.1090521831735884 -59.0210862619808339 -84.8551650692225792 -161.8355697550585717 -319.3522896698615341 -548.0966986155484619 -813.2917997870074487 -1005.7682641107561494 -1024.1738019169329164 -890.0530351437699892 -668.8479233226837550 -430.3853035143769716 -238.1143769968051060 -134.2153354632587821 -96.2404685835995792 -68.5548455804046881 -45.2434504792332248 -28.5314164004259858 -15.6628328008519695 -5.6681576144834933 -3.6204472843450479 -8.9546325878594253 -6.9203407880724175
456.6573529411764980 -7.2500000000000000 -1289.8977941176469812 -3063.2066176470589198 -4140.4624999999996362 -3801.5205882352943263 -2015.6992647058823422 -121.1985294117647101 582.0514705882352473 603.0772058823529278 460.3529411764706083 216.2992647058823650 11.9080882352941178 -111.9066176470588232 -115.3838235294117709 -90.0617647058823536 -88.4992647058823536 -59.8683823529411754 -27.8544117647058833 -11.1757352941176471 12.3044117647058826 25.1514705882352949 16.8566176470588225 -36.3419117647058840
-6.1568441064638781 -19.9717997465145771 -26.1603295310519641 -44.0548162230671707 -24.1980354879594408 -0.8178073510773131 8.3266793409378952 4.0557667934093793 -10.7623574144486689 -35.0139416983523475 -57.9008238276299139 -47.5652724968314331 -17.7873891001267417 23.0310519645120415 69.7870722433460031 138.9125475285171092 274.1939163498099106 519.2512674271229116 1038.0320025348542003 1672.1809252217997255 1995.1346641318123147 1592.6346641318123147 271.9778200253485352 -896.4984157160963605
36.7369127516778491 74.6590604026845597 93.6040268456375770 96.8899328859060347 97.5315436241610740 118.3677852348993298 184.5302013422818845 277.8402684563758385 368.3718120805369267 427.3060402684563996 508.8201342281878965 631.2630872483221083 597.2724832214764774 103.4402684563758328 -1112.0322147651006617 -2782.1744966442952318 -4187.1127516778524296 -4834.8295302013420951 -4705.1087248322146479 -4141.6818791946307101 -3497.8791946308724619 -2950.5181208053691080 -2510.0120805369128902 -2081.1208053691275381
-2396.9165797705945806 -3513.7236704900938093 -4482.4921793534931567 -4861.8227320125133701 -4746.3764337851926030 -3926.9916579770592762 -2324.3837330552660205 -842.8498435870698131 -128.4661105318039631 62.9572471324296146 34.8654848800834216 -25.1741397288842528 -34.5849843587069898 -50.8779979144942658 -71.3993743482794514 -46.1897810218978080 -13.6173096976016677 -13.6830031282586031 -17.0875912408759127 -22.1970802919708028 -21.5818561001042752 -9.8894681960375390 -16.1918665276329499 -27.2992700729927016
-176.8528864059590262 -160.3016759776536446 -109.6517690875232773 -35.8677839851024203 89.7374301675977648 425.7951582867784168 1066.1936685288640092 2151.6983240223462417 3786.5344506517690206 5394.2253258845439632 6243.5027932960892940 6183.8324022346369020 5062.9050279329612749 3065.1675977653630980 1226.0949720670391798 348.4525139664804669 211.3128491620111618 230.9255121042830581 247.1918063314711276 243.0651769087523348 172.6629422718808087 94.2327746741154613 27.8994413407821220 17.4394785847299829
-3673.3379629629630472 -2691.8159722222221717 -922.5509259259259807 545.5567129629629335 1451.6284722222221717 2310.4606481481482660 2829.5266203703704377 2802.4398148148147811 2612.9780092592591245 2805.6087962962960773 3364.5960648148147811 3751.4594907407408755 2982.8229166666665151 257.5613425925926094 -2195.6006944444443434 -2516.4606481481482660 -1952.6736111111110858 -1213.0995370370369528 -592.0000000000000000 -326.0231481481481524 -146.0763888888888857 -49.8703703703703738 -21.4571759259259274 -13.4699074074074066
-81.5645840077695112 -46.5286500485594061 -22.5649077371317581 -11.5645840077695041 0.1061832308190353 -3.9682745224991907 -5.8391065069601815 -5.5451602460343157 -5.2463580446746523 12.1932664292651349 29.2874716736808018 28.3548073810294596 -17.1103917125283260 -121.8102945937196466 -285.7193266429264895 -527.9889932016833427 -893.6014891550663606 -1422.7856911621884137 -1939.8766591129815424 -2127.2505665263838637 -1250.2858530268695176 654.2476529621236523 1990.0197474910974051 2268.5526060213660458
2422.8842297174110172 3005.9006381039198459 3574.9817684594349885 3934.4020054694619830 2942.0036463081128204 -394.6390154968094635 -2635.9234275296262240 -2270.0647219690063139 -1481.8523245214221333 -759.0811303555150289 -341.9197812215132330 -218.9352780309936293 -73.6918869644485000 -31.2333637192342763 -23.7192342752962624 -25.4147675478577924 -43.0528714676390152 -48.6727438468550559 -46.9143117593436614 -63.6627164995442101 -85.9708295350957172 -132.1130355515041117 -222.6107566089334568 -365.7374658158614125
-207.0898995240613374 -514.5446853516657484 -1056.9497620306715362 -1733.1702802749866805 -2186.6864093072449577 -2211.8614489687997775 -1749.0671602326810898 -774.8127974616604661 292.0840824960338296 1077.6705446853516150 1586.9740877842411919 1833.2443151771549310 1945.0692755156001112 2054.6181914331041298 2219.1105235325226204 2382.5214172395558307 2154.3521946060286609 1267.3410893707032301 173.6044420941300928 -319.2474881015335768 -255.4791115811739814 -258.9645690111052545 -312.5637228979376232 -244.6472765732416690
-846.7261581859606849 -807.5273950309210704 -548.3105131821633904 -280.3671476619290388 -111.1076272105891292 -58.1073017250732349 -36.7878919388087198 -20.2103721384398405 -16.2045133991537362 -9.4014321362699356 -5.2277313659542148 -7.6805902137354884 -4.6141911684930017 -1.3489204730389497 0.0978626451122925 2.6790712813279809 6.6685472496473910 12.2169903439296945 14.9754800911359442 13.7791038298795705 6.7658674188998589 -0.2545296734295324 -3.8312900075946619 -27.7339698383421940
