-815.9483333333333803 -855.5766666666667106 -892.4199999999999591 -934.7316666666666833 -995.5033333333333303 -1101.1050000000000182 -1358.7500000000000000 -1637.6449999999999818 -1882.6566666666667516 -1753.6733333333334031 -1082.1183333333333394 -662.8016666666666197 -648.6816666666666151 -816.5049999999999955 -882.9216666666666242 -1066.7816666666667516 -1358.3383333333333667 -1274.6700000000000728 -990.7916666666666288 1257.5466666666666242 1327.9916666666665606 -2439.2266666666664605 -2322.9400000000000546 -800.9400000000000546
-838.8983443708609684 -879.7791390728476699 -841.2264900662252103 -844.9801324503310980 -847.8652317880794271 -842.0536423841059559 -843.6897350993377813 -833.9860927152317345 -830.5625827814569675 -834.3341059602648784 -833.4907284768212321 -830.8056291390728347 -841.8682119205298022 -848.7225165562913389 -840.8076158940397136 -827.5807947019867470 -805.2996688741721982 -804.2430463576158672 -808.0844370860927484 -859.9917218543046147 -928.2768211920530348 -1082.3986754966888384 -1553.0695364238411003 -1675.7761589403974085
998.5988372093023600 547.8023255813953938 -387.2813953488372363 -1564.9337209302325391 -742.0627906976744725 1575.6302325581395962 1688.0255813953488087 946.8674418604650782 966.1860465116278647 796.0616279069766961 767.9965116279070116 786.7383720930232585 746.0976744186046972 768.5023255813953256 756.1546511627907421 760.6034883720930111 760.0802325581395280 757.4430232558139551 771.0651162790697981 797.7465116279070116 813.7523255813953256 839.7383720930232585 867.3616279069767643 943.3244186046512141
865.3245283018867440 778.6905660377358345 751.5575471698113006 801.0301886792452706 887.2820754716981355 990.0283018867924056 1064.8084905660377899 748.3377358490565712 51.6424528301886809 -1066.0584905660377899 -1279.9339622641509777 729.4113207547169395 1797.5632075471698954 1091.1726415094340155 936.0169811320754434 869.1981132075471805 748.5575471698113006 797.2377358490565484 755.0462264150943383 766.1103773584906094 764.4122641509434288 758.1188679245283311 760.2471698113207594 752.7613207547169623
782.2514056565742067 781.5965712588317729 779.8878869533851912 779.5801277290954658 778.6289278818611592 778.2648999596868862 778.2540578387897767 777.7581421994016182 777.4271922938193029 776.9203496637032913 775.8328700855063289 775.2928645689673885 776.8464280409921230 778.8746260423075682 781.0478029322526936 782.5521631198149635 781.9994695635568860 782.3579597292651897 782.6823322229530504 781.3405189790158829 779.0193291039867063 776.0551017377098333 773.5143748276082079 770.6526065646813777
-824.1356107660456018 -934.7826086956521294 -1110.4720496894410644 -1298.9492753623187582 -878.1511387163560585 554.8178053830228009 1764.1356107660456018 1187.0641821946169330 -378.9296066252588275 -1055.7194616977226360 -936.5383022774327628 -850.4047619047619264 -811.3850931677018252 -797.0983436853001649 -796.3426501035196452 -779.0683229813664639 -773.3581780538302155 -764.3799171842649685 -757.4917184265010519 -758.0579710144927503 -760.3768115942028771 -765.4772256728778075 -786.5351966873705578 -820.1666666666666288
-388.0920130780009458 -382.9536431574030644 -379.1541335824381349 -376.2507006071929254 -374.8786781877627163 -373.7543204110228885 -372.4297057449790032 -371.1674451191032063 -369.9758290518449257 -367.8226296123306724 -364.9113731900980611 -363.4685894441849427 -363.3192433442316656 -364.2380896777206658 -366.3018449322746619 -367.8448155067725338 -369.7770901447921688 -372.3526389537599357 -374.2900513778608342 -375.8171415226529462 -378.4593647828117469 -383.5147127510509222 -386.9507239607659699 -388.1884633348902298
-784.8193798449611904 -667.6651162790698208 -619.3666666666666742 -530.3751937984495726 -511.3387596899224832 -1489.5992248062016188 -2025.3829457364340669 -1260.4341085271316842 -859.2418604651162468 -845.3992248062015733 -781.2542635658915060 -803.1480620155039105 -793.5511627906977310 -798.0325581395348991 -806.9612403100775282 -808.4837209302326073 -805.8457364341085167 -783.8751937984495726 -770.4178294573642916 -786.4728682170542697 -807.6410852713178201 -811.2449612403100900 -812.6682170542635504 -825.7689922480619771
-1526.2455661664394029 -1743.4897680763983772 -1570.3751705320601104 -961.4133697135060856 -638.9713506139154333 -661.2919508867666991 -827.3356070941337066 -880.7571623465211132 -1062.9427012278308666 -1341.0941336971350211 -1222.2100954979537164 -817.1596180081855891 1333.7571623465212269 1174.2769440654842583 -2414.3506139154160337 -2194.3192360163711783 -810.4420190995907660 -1106.4120054570259981 -817.6766712141882181 -852.8744884038198961 -870.3724420190995943 -800.1255115961801039 -859.3942701227830412 -799.5975443383356378
769.4515050167224217 773.8450390189520931 781.8628762541806054 810.0490523968784373 853.9977703455964502 891.1415830546264942 961.8327759197323985 1091.6722408026755602 1290.7201783723523931 1339.1583054626532885 1096.8528428093645744 875.4013377926421526 776.8717948717949184 726.7068004459308668 784.6867335562988046 880.6789297658863234 986.7993311036789237 1088.9988851727982819 765.8327759197323985 71.7201783723522794 -1085.9765886287625563 -1469.2798216276476069 627.9921962095875188 1927.4793756967669651
-805.6021897810219343 -865.6763990267639883 -988.5279805352797666 -1267.2883211678831685 -1114.4111922141119067 -986.3978102189780657 797.3479318734792969 1398.0547445255474486 -2042.4598540145984771 -2444.6167883211678600 -792.1727493917275069 -1044.8223844282238133 -866.6094890510948971 -807.4148418491483881 -879.4987834549878016 -781.7761557177615259 -839.9391727493916733 -791.3394160583941357 -791.8272506082724931 -797.8734793187347805 -790.0072992700729628 -791.4963503649635186 -800.9963503649635186 -823.1618004866179490
-1251.4429735234216423 894.6221995926680393 2137.5000000000000000 1127.5132382892056739 929.3299389002036150 900.0885947046842830 742.8329938900203615 807.7810590631364676 750.2851323828920158 763.4989816700610845 763.6955193482688173 754.7240325865579962 761.0071283095722947 751.2148676171079842 757.5071283095722947 784.6109979633400826 799.9602851323828645 814.4562118126273162 850.6272912423625030 903.2148676171079842 1010.4541751527494853 1097.8523421588595284 1076.7535641547860905 985.9276985743381374
1312.9863588667365093 1200.8709338929695605 947.9664218258131996 830.4270724029380517 753.7355718782790746 755.9695697796432796 846.3064008394543407 943.1647429171039221 1066.8761804826863226 980.0461699895067795 495.4973767051416758 -589.8436516264428064 -1607.4008394543545819 -350.1112277019936982 1556.0912906610703885 1367.8363064008394758 940.5015739769149832 944.1563483735571936 772.1783840503672991 788.5645330535152198 775.2896117523609973 758.3651626442812130 772.6169989506820457 758.0430220356768132
767.4841537424140370 767.7764666217127569 774.8792987188131747 773.7467970330411617 771.4838165879973531 776.1217127444369908 785.9217801753203503 796.8061362103843521 799.9221173297370342 798.7006068779501220 814.1176668914363290 833.4777478084962468 841.3523263654753919 849.3280512474713078 849.4120026972353799 843.8128792987188262 824.2349966284558604 768.7855697909642458 687.2639919082939741 532.3253540121376091 327.6729602157788008 153.1058664868509709 85.4973027646662160 274.3850303438974834
810.9908746464592468 821.9638187736806003 826.4635786327978622 835.0502161267943393 837.0502161267943393 832.5495490687869733 830.0417845135813195 829.6430439190992274 833.5682800576338423 835.7804045039756602 839.3992742408879622 846.1226853087144946 840.7663162388600995 823.1139335076578618 816.7736271946208717 822.7983883878541747 823.9320134478894033 827.6381343721650410 830.8013234430866305 832.0334596296494283 853.0390629169112344 880.3764341747158824 895.6814130956828421 875.1285020545386715
-765.1117647058823650 -788.8670588235294190 -813.3400000000000318 -846.2447058823529460 -884.6105882352941308 -923.9400000000000546 -1077.5247058823529187 -1279.9094117647059647 -1479.0247058823529187 -1627.4035294117647936 -1281.4847058823529551 -727.4035294117646799 -603.3517647058823741 -707.2082352941176850 -799.4035294117646799 -911.1141176470588334 -1077.7964705882352519 -1302.4552941176470995 -1180.1400000000001000 123.1882352941176464 1646.5635294117646481 1445.4200000000000728 121.1847058823529437 -832.5764705882353383
-1012.0984182776801390 -1108.4657293497364208 -1387.7258347978911388 -1684.5202108963092087 -1990.7117750439367683 -1956.6924428822494519 -1235.2741652021088612 -722.0562390158172548 -681.2706502636203822 -817.6678383128295309 -897.3936731107205560 -1054.1177504393672280 -1362.2934973637961775 -1322.4323374340949613 -1107.9771528998242047 1075.0984182776801390 1484.7082601054480619 -2328.4727592267136060 -2581.0105448154658916 -900.5869947275922414 -1135.4042179261862202 -893.6818980667837877 -878.9191564147627105 -920.4376098418277934
-782.5417036379769797 -814.2182786157941337 -829.0887311446317653 -850.0949423247559480 -812.7067435669920314 -618.2932564330079686 -309.7759538598048152 221.8118899733806586 145.4285714285714164 -864.4658385093167681 -1193.9871339840283326 -876.9968944099379087 -831.4582963620230203 -790.8203194321206411 -766.9463176574977297 -777.5235137533273928 -757.9716060337178760 -761.7107364685004995 -749.9489795918367463 -743.4205856255546223 -742.4103815439219716 -740.8087843833185389 -742.5204081632653015 -744.5332741792369688
-798.2987697715290096 -799.2161687170474806 -791.6924428822495656 -788.4806678383127974 -787.7794376098418070 -776.5957820738136661 -782.3277680140597568 -789.7680140597539094 -805.3954305799647955 -814.3611599297012162 -791.5316344463972200 -854.3602811950790965 -885.2908611599297046 -1152.7539543057996525 -1777.8734622144113473 -1602.3418277680141273 -836.2974516695958300 -662.6862917398945001 -728.7407732864675154 -737.4714411247803127 -801.1695957820737704 -861.7706502636203822 -974.8132688927943263 -1013.8062390158172548
-795.1821493624772756 -825.8324225865209200 -886.0692167577414011 -934.5737704918033160 -966.5191256830601105 -1010.4025500910746587 -1132.0783242258651171 -1397.9744990892531860 -1674.6193078324226917 -1907.4681238615664824 -1739.1147540983606632 -1077.8979963570127438 -696.9744990892531860 -686.7449908925318596 -833.4808743169398895 -891.7686703096538849 -1070.4681238615664824 -1370.5810564663024707 -1282.8032786885246423 -904.2732240437157998 1315.1256830601093952 1256.2185792349725943 -2580.6010928961750324 -2529.0437158469944734
-817.9871575342465349 -824.8572345890411270 -830.0098458904109293 -833.5836900684931834 -838.0154109589041127 -844.1386986301370143 -851.9651113013699160 -863.2846746575341967 -876.8660102739726199 -892.8687928082191547 -908.2844606164383094 -913.3955479452055215 -915.1613869863014088 -912.4338613013699160 -878.4066780821917746 -813.4768835616438309 -721.8077910958903658 -600.6498287671232674 -492.2155393835616337 -443.6982020547945353 -503.4856592465753238 -632.5710616438356055 -722.0263270547944785 -773.7129708904109293
-1310.5892597968070277 -1539.0406386066763389 -1747.7489114658926610 -1608.5297532656022668 -1005.5776487663280250 -649.4310595065312555 -655.4571843251088694 -821.0595065312046472 -876.6211901306240861 -1055.6284470246735054 -1332.8055152394774723 -1235.7851959361394165 -922.6197387518142250 1238.8026124818577500 1190.3062409288825165 -2454.8577648766327002 -2262.3526850507982999 -815.5791001451378861 -1116.6400580551523944 -826.3875181422350806 -858.9056603773584584 -878.4005805515239445 -802.2423802612481722 -866.3555878084180222
4.0338170865279297 4.8521358159912378 3.9597480832420593 2.9943866374589265 2.6857886089813801 2.6007667031763417 2.3640470974808325 2.4550930996714131 2.6489594742606792 2.7187842278203722 2.8098302300109528 2.6258214676889375 2.4200438116100766 2.1504654983570646 1.9015607886089814 1.9949342825848850 2.1449890470974808 2.3975903614457832 2.5490142387732750 2.7313800657174152 2.6845564074479737 3.3548740416210294 4.8310514786418404 3.9004654983570646
-797.3709912536443198 -790.1975218658892572 -794.1421282798834227 -752.7769679300291727 -744.8731778425656103 -743.2332361516034780 -845.7266763848396067 -1458.4431486880466764 -1903.0852769679299854 -1519.8104956268221031 -1041.3527696793003088 -845.4978134110787096 -765.9147230320700146 -773.0481049562682756 -782.4198250728862831 -794.5860058309037868 -821.9438775510203641 -841.8068513119533236 -844.9752186588921177 -818.4766763848396067 -798.3928571428571104 -779.0699708454810661 -753.4927113702624411 -775.7346938775509670
-3333.6525423728812711 -4093.6355932203391603 -3772.3135593220340525 -2936.9067796610170262 -2316.5338983050846764 -2073.5677966101693528 -1926.3220338983051079 -1928.8050847457627697 -1878.5169491525423382 -1468.2796610169491487 -1069.2627118644068105 -1149.3135593220338251 -1312.4661016949153236 -1289.5169491525423382 -1439.9406779661017026 -1591.9152542372880816 -1676.5847457627119184 -1699.7711864406778659 -1626.3644067796610670 -2055.2118644067795685 -2860.0338983050846764 -3371.6355932203391603 -3418.9830508474574344 -2953.5847457627119184
613.0055039559683792 11.7547299621603027 -926.2487100103198827 -947.2225662194701954 -794.3890608875128692 -786.0068799449604739 -735.2332301341589300 -747.7072583419333114 -736.1489508083935789 -727.5700034399724245 -728.4011007911936986 -716.9246646026831513 -714.4066047471620777 -711.7323701410389276 -713.3298933608531343 -718.3278293773649921 -727.0319917440660902 -738.8593051255589899 -751.5885792913657042 -767.6453388372892732 -787.6560027519780078 -806.9140006879945304 -821.1431028551771760 -840.7794977640178331
-841.2187290969899323 -870.5344481605351348 -891.4448160535116585 -906.6220735785952911 -927.8120401337793055 -993.6735785953177356 -1000.3826086956521522 -860.8267558528427799 -749.4575250836120404 -738.1284280936455389 -758.1137123745819508 -804.9658862876253806 -828.8448160535117495 -943.6735785953177356 -917.9866220735785873 -661.7993311036789237 -6.6334448160535118 1047.7939799331104496 303.7418060200669174 -1280.6234113712373528 -1080.2889632107023772 -769.2280936454849325 -859.2795986622073769 -740.9973244147157629
-96.5969447708578173 -94.0146886016451191 -91.4400705052878919 -88.3166862514688660 -85.6615746180963527 -84.1771445358401849 -82.9879553466509918 -83.0384841363102169 -82.5957696827261998 -80.8886603995299680 -79.2203290246768574 -77.7552878965922503 -76.5475910693301955 -75.5655111633372485 -75.1078143360752080 -75.0032314923619339 -75.6289659224441806 -77.4333137485311340 -79.4186251468860149 -81.5478848413630999 -83.2614571092831994 -86.1507050528789620 -88.7541128084606328 -89.8116921269095201
962.9736564805058379 1104.8493150684930697 1303.0010537407797528 1302.5194942044256550 1049.8904109589041127 865.6680716543730796 775.7660695468914582 734.3730242360379634 795.7492096944151854 892.9399367755531784 1004.5521601685985615 1078.0158061116965200 726.5395152792413000 -50.2644889357218148 -1213.3119072708113890 -1292.3308746048471676 820.6786090621707217 1802.0653319283455858 1077.2276080084300247 947.3772391991569748 861.3508956796628127 746.3171759747102669 795.3256059009484034 751.6986301369862531
-1103.6005067567566584 -183.3775337837837753 1255.9391891891891646 1557.8682432432433416 286.1123310810810949 -850.7103040540540633 -976.3057432432432279 -859.2998310810810381 -826.7297297297296836 -792.0287162162162531 -792.3420608108108354 -782.8353040540540633 -770.4923986486486456 -763.5903716216216708 -753.8192567567567721 -749.5160472972972912 -749.4966216216216708 -752.4366554054054177 -766.2060810810810381 -791.7373310810810381 -817.1900337837837469 -849.8597972972972912 -904.5869932432432279 -980.0810810810810381
-4.3052527254707629 -2525.7938553022795531 -1924.7700693756194141 -726.8860257680871655 -961.8295341922695343 -792.7512388503469083 -811.4955401387512666 -823.7145688800792414 -770.8473736372645817 -813.0574826560950896 -784.7016848364717134 -788.2973240832507145 -780.3498513379583983 -776.5510406342913257 -783.3538156590683457 -787.9296333002972688 -804.9970267591675110 -826.3597621407334373 -848.9464816650148578 -872.6233894945490874 -910.6888007928641855 -972.0356788899900948 -1007.0069375619425500 -1033.0555004955401728
-602.6559540719697452 -603.7519767992424704 -604.9965909090908553 -605.5178740530302548 -605.8374881628787989 -606.0631983901515696 -606.3705610795454959 -606.7816287878788444 -606.9316406250000000 -606.8962594696969290 -607.2299124053030255 -607.1363873106060964 -607.1142163825757052 -607.2955137310606233 -607.0299834280302775 -606.7215317234848726 -606.3381628787878981 -606.1810961174242038 -606.3758641098485214 -605.9643110795454959 -605.3607717803030255 -605.2492660984848953 -604.7581321022727252 -603.7680042613636715
-665.5269691148218953 -662.4773163883552343 -657.7047436086892276 -654.7394709620215281 -649.6632185606620169 -639.6859760602925462 -629.5420422639278968 -616.0830500960544214 -597.3663366336634226 -579.7121324072705875 -566.4684498300575797 -563.0147775971627198 -584.1434904684498406 -622.8288754248559371 -666.6748928624206201 -716.5287424264814717 -762.1882665878528087 -800.1692034875129593 -830.3313137283877268 -852.0964977094724873 -870.1532436825772265 -865.2819565538643474 -837.9210876311511811 -791.9296586375055540
1959.2027027027027088 -775.4121621621621898 -2408.2578828828827682 -962.0923423423423628 -951.7657657657657637 -970.9504504504504894 -776.9448198198198270 -900.2826576576576372 -798.5090090090089916 -834.3592342342342363 -819.6734234234234009 -799.1328828828828819 -810.9031531531531982 -801.9504504504504894 -805.1362612612612111 -816.8412162162162531 -840.4921171171171181 -873.1599099099098567 -906.1666666666666288 -967.8400900900901433 -1071.4177927927928522 -1218.4819819819820168 -1373.8614864864864558 -1404.9346846846847257
-1188.7325408618128222 -1113.7934621099554988 -296.0638930163447071 1709.5111441307578843 -358.3729569093610507 -3000.7117384843982109 -1362.0817236255572880 -836.4130757800891161 -1062.1560178306092439 -733.5438335809807313 -901.4279346210995527 -806.8172362555720838 -818.0950965824665673 -829.1575037147102876 -780.0624071322437203 -806.5765230312035783 -806.6716196136701456 -796.9821693907874760 -793.8142644873699965 -813.9747399702823714 -847.7340267459138659 -871.2124814264487895 -910.4383358098068584 -975.4115898959880724
-757.2280219780219568 -779.0226648351648464 -807.7026098901098976 -836.1421703296703072 -856.4175824175823664 -860.9265109890110352 -869.3983516483516496 -897.5137362637362912 -941.0940934065934016 -926.4127747252747440 -809.5590659340659840 -734.0350274725274176 -733.1778846153846416 -763.0013736263736064 -801.6565934065934016 -821.5212912087912400 -917.4697802197802048 -789.0425824175823664 -494.7630494505494312 293.8461538461538680 1039.2101648351647327 -288.8083791208791240 -1440.0439560439560864 -895.1909340659340160
-1004.4013474494706770 -647.2175168431183465 -662.1501443695860871 -753.5466794995187456 -828.7911453320500641 -943.1260827718961082 -1145.7468719923003846 -1276.7362848893167211 -760.1000962463907626 787.8777670837343976 1848.6044273339750816 701.8729547641963791 -805.9384023099133856 -999.1876804619827226 -899.4157844080847326 -856.5928777670836780 -789.1751684311838062 -803.3512993262752389 -785.2512030798844762 -775.7978825794032218 -769.4513955726660015 -759.5091434071222238 -755.1751684311838062 -752.4908565928777762
-1049.8209302325581120 -498.7581395348836963 1544.0558139534882685 562.4011627906976400 -2590.8453488372092579 -1753.1244186046510549 -783.4034883720930793 -1078.8046511627906057 -771.9651162790697754 -867.8674418604650782 -838.2174418604651009 -799.5372093023255502 -837.9232558139534603 -790.0697674418604493 -803.6953488372092806 -797.6337209302325846 -794.6779069767442252 -796.7360465116279329 -810.3069767441860449 -838.8500000000000227 -875.5755813953488769 -925.4872093023255957 -973.7279069767441797 -1061.8872093023255729
-892.6888068880688252 -954.8683886838867920 -1168.8339483394834133 -1393.2595325953259362 -1615.9225092250921989 -1681.2829028290282167 -1178.8388683886839772 -655.6420664206641504 -625.7072570725707692 -743.9286592865928469 -841.1857318573186149 -972.0861008610086174 -1168.0196801968020281 -1397.9421894218942271 -982.2607626076260203 643.2238622386223597 1847.7257072570725995 1136.6580565805656988 -279.9225092250922557 -1008.1783517835178827 -1013.5030750307503240 -868.9643296432964235 -839.2656826568265842 -818.5940959409593916
451.6122602482136017 270.2523505077096502 153.6111320045129673 209.4738623542685332 418.3542685220007797 618.2764197066566112 738.8962015795411844 800.6081233546445901 813.4099285445656733 804.6385859345618883 792.0379842045881560 780.4385107183151149 775.0582925911996881 766.1745016923655385 761.5611132004512456 765.9300488905603288 763.8258743888679874 767.1199699135013361 769.3253102670176986 765.4114328694997766 776.0755923279427861 789.8491914253478399 801.1447912749154057 812.1199699135013361
-1077.8603238866396623 -1003.3785425101214059 -944.7307692307692832 -926.6720647773279325 -908.9726720647773845 -897.7611336032388181 -887.3967611336032633 -864.7510121457489731 -849.3704453441295072 -866.0981781376518711 -884.9615384615384528 -874.7894736842105203 -881.2297570850201964 -902.2246963562753308 -940.6730769230769056 -992.3613360323886354 -1025.5637651821862164 -1281.3846153846154721 -1674.3866396761134183 -2229.1993927125504342 -2707.5344129554655410 -1963.9402834008096761 -826.1842105263158373 -594.2115384615384528
-862.2585995085995592 -868.5792383292383647 -862.8826781326781656 -870.2395577395577675 -896.1277641277641806 -881.8433660933660576 -809.3550368550368148 -764.8642506142506363 -759.2340294840295201 -779.7131449631449414 -813.1431203931203981 -823.2868550368550586 -893.6031941031941415 -767.0171990171990046 -512.6160933660933097 94.2137592137592179 812.5000000000000000 -258.5055282555282474 -1457.7051597051597582 -996.3384520884520725 -787.4195331695332243 -840.5669533169533452 -738.8243243243243796 -785.5681818181818699
860.9835227272727707 809.9784090909090537 789.3647727272726797 780.0255681818181301 772.9892045454545269 768.8034090909090992 766.8789772727272975 765.6602272727272975 765.5068181818181756 764.6971590909090537 768.5914772727272748 771.2596590909090537 772.9920454545454049 784.2005681818181984 850.1124999999999545 1258.2255681818182893 1835.7909090909090537 1813.9727272727272975 1252.3221590909090537 824.5068181818181756 691.6721590909090764 691.3153409090908781 753.1664772727273203 852.8534090909090537
-934.5897435897435344 -647.9838056680162026 -663.1079622132253917 -820.8636977058030197 -869.0269905533062911 -1030.1524966261808913 -1291.0985155195680818 -1150.7989203778677165 -893.6005398110661417 1128.5384615384614335 1245.8596491228070136 -2375.4520917678810292 -2390.3468286099864599 -830.7058029689608247 -1068.5614035087719458 -827.3508771929824661 -835.1039136302293855 -870.9514170040486079 -790.9811066126856076 -846.3157894736841627 -791.7004048582996347 -799.1268556005397841 -807.2914979757084666 -806.1956815114709798
-786.3960749330954059 -805.6855486173059262 -815.9157002676181492 -656.6106155218554932 -338.3059768064228479 223.8853702051739560 509.4139161462979359 -364.2305976806422905 -1117.2578055307760678 -930.8041926851026346 -812.0512934879571958 -795.0566458519178923 -743.8804638715432702 -757.7917038358608579 -737.6859946476359937 -736.4330954504906686 -731.1266726137376963 -722.6940231935772090 -722.4143621766280603 -716.4063336306868450 -718.4313113291703985 -722.6204281891168648 -725.3403211418376486 -735.2002676181980405
896.4428571428571786 999.7197802197802048 1072.3703296703297383 721.0835164835165187 70.8879120879120848 -1019.5021978021977702 -1190.8681318681319681 1018.1351648351648009 2037.8417582417582707 1133.0450549450549715 954.3582417582417747 876.4241758241757907 751.1516483516483049 803.6131868131867577 751.8219780219779977 765.7175824175824346 761.5780219780219795 755.6329670329670307 759.1615384615384983 753.3450549450549261 758.5725274725274403 784.4362637362637543 800.4428571428571786 818.6912087912087372
790.3389450056116630 837.9203142536475752 859.1279461279460747 925.3187429854096990 1038.9281705948371837 1163.8552188552189364 1335.0785634118967664 1232.6543209876542733 953.0695847362513859 830.1975308641975744 753.4859708193041570 743.6251402918069289 832.8922558922558892 923.1728395061728634 1057.1661054994387996 1025.3928170594838321 562.2031425364758661 -362.3883277216610281 -1540.1290684624018468 -799.1335578002244802 1430.1964085297418023 1606.0897867564533499 942.1672278338944579 965.4747474747474598
-840.1054239877769305 -823.6409472880061458 -808.6558441558441928 -800.8789152024446594 -790.0763941940411996 -786.2486631016042793 -786.0294117647058556 -778.5500381970970238 -775.1527883880825129 -772.6088617265087350 -766.2337662337662323 -777.0748663101604734 -784.9835752482811131 -800.5183346065698515 -800.4266615737203665 -799.4598930481283787 -872.8758594346829796 -900.0240641711229728 -1259.5466004583652193 -1762.6623376623376771 -1355.6726508785332044 -719.9243697478991635 -674.6325439266615831 -719.3651642475172139
-817.8335877862594998 -811.1332061068702615 -797.5919847328244714 -789.1553435114503827 -788.1927480916031072 -781.1866412213740887 -777.5503816793892611 -776.8568702290076544 -769.3839694656488746 -776.9076335877862221 -787.9068702290076089 -797.3534351145037817 -815.3122137404579917 -800.9992366412213869 -856.3026717557252141 -888.0290076335877529 -1091.4942748091602880 -1700.3530534351145889 -1606.4343511450381357 -840.0744274809160288 -641.8740458015266768 -715.8958015267176052 -715.2961832061068890 -779.8244274809160288
-800.7479270315091071 -799.0762852404643581 -839.9668325041459411 -896.9170812603648528 -941.3665008291874301 -971.4726368159203957 -995.2868988391376206 -1160.1293532338308978 -1472.8855721393035765 -1801.8291873963514718 -2142.6252072968491120 -1860.1990049751243532 -1021.9386401326700025 -648.7446102819237694 -686.4610281923714865 -852.1276948590381153 -917.5854063018242641 -1153.9253731343283107 -1414.8573797678275241 -1442.6699834162520801 -787.2868988391376206 1701.6484245439469305 1094.1741293532338659 -2264.8076285240463221
-712.2107087827426994 -581.0901386748844288 -260.5947611710323599 178.6097842835131075 439.8524653312788928 -13.6016949152542370 -752.1633281972265195 -894.2850539291217729 -770.4926810477658137 -751.0997688751925807 -730.8158705701079043 -729.8894453004622846 -721.6483050847457434 -711.0015408320492725 -705.2580893682588794 -693.4884437596301723 -687.5739599383666700 -681.5916795069337013 -679.4010015408319987 -685.2515408320492725 -693.2241910631740893 -701.3798151001541328 -711.7372881355931895 -726.1224961479198328
-755.9207443142660168 -769.5161957270847779 -791.6188835286009180 -820.4534803583735538 -851.9924190213645261 -877.0420399724328036 -881.5561681598896939 -879.2184700206753405 -879.6533425223983613 -887.8814610613370633 -885.2991040661612487 -821.3983459682976900 -767.8290833907649358 -762.6113025499655578 -779.2460372157132724 -819.5175740868367029 -825.1860785665058984 -905.6657477601654591 -796.0572019297036377 -572.6057891109579714 -76.3666436940041393 775.7842866988283959 -200.6664369400413648 -1633.4803583735354096
-638.2987861811391213 -692.5788982259570048 -770.8618113912231138 -843.2726423902894339 -970.2903828197945586 -1153.1017740429504101 -1209.4519140989730204 -458.9159663865546008 1138.7469654528479168 1680.6638655462184033 311.0168067226890685 -890.0961718020541866 -963.2726423902894339 -862.6451914098972793 -826.5210084033612929 -786.3137254901961342 -790.3902894491129700 -776.5256769374416308 -767.3137254901961342 -760.1746031746031349 -752.1335200746965484 -747.8506069094304394 -746.1269841269840981 -749.0196078431372371
-1523.6179435483870748 -1204.5665322580646261 -723.7348790322580498 -627.9939516129031745 -716.7368951612903629 -797.1189516129031745 -900.2510080645160997 -1058.4798387096773240 -1280.0110887096773240 -1075.5080645161290249 172.0272177419354875 1583.8145161290321994 1458.5745967741936511 -5.1290322580645160 -995.8175403225806122 -984.2227822580645125 -846.5403225806451246 -830.5030241935484128 -794.5604838709676869 -791.5887096774193878 -781.0030241935484128 -769.0846774193548754 -764.2056451612903629 -756.2409274193548754
-1173.3739130434782965 -1323.7989130434782510 -1527.0326086956522431 -1504.8543478260869506 -964.8141304347825553 -613.3293478260869733 -680.1684782608696196 -768.4434782608695969 -854.3913043478261216 -975.5032608695652243 -1201.0369565217390573 -1346.6228260869565929 -703.4923913043478478 944.7347826086956957 1828.8521739130435435 455.3619565217391028 -1005.9826086956521749 -1028.2163043478260533 -900.3608695652173992 -875.8717391304347757 -797.9282608695651788 -817.9923913043478478 -798.1141304347826235 -789.3336956521739012
1112.7857142857142208 1270.5520408163265529 1210.9530612244898293 978.7591836734693516 854.9051020408163595 777.8826530612244596 755.7846938775510353 824.7704081632653015 908.2285714285713993 1024.8295918367346076 996.1642857142857110 578.7306122448979977 -312.6499999999999773 -1475.9530612244898293 -833.8673469387755404 1269.8438775510203413 1503.1775510204081456 915.0122448979591354 943.4897959183673493 800.0316326530612514 769.2591836734693516 786.5408163265306030 753.6969387755101479 772.4448979591836633
296.8897637795275841 -656.4915635545556825 -1644.9887514060742433 -198.9403824521934894 1845.7424071991001711 1464.9358830146231867 947.0449943757030269 963.0562429696287836 766.4611923509561393 787.5905511811023416 770.8402699662542545 751.1034870641169618 767.7682789651294115 752.0584926884139350 761.6310461192350658 757.9595050618672758 754.7052868391450602 778.4341957255343232 800.8931383577053111 816.2485939257592236 853.0337457817772702 904.6996625421821818 1003.6197975253093091 1107.2069741282339237
-763.9927536231883778 -767.6105072463767556 -778.1746376811594246 -773.1442028985507022 -758.0108695652173765 -741.4471014492753511 -731.7623188405797237 -738.2894927536232217 -754.8438405797101041 -755.6576086956521294 -743.3123188405796782 -642.8086956521739239 -425.6960144927536476 -85.0384057971014471 362.4250000000000114 137.2336956521739069 -719.3927536231883550 -970.2014492753622790 -799.6601449275361801 -776.7123188405796554 -747.8032608695651788 -739.3710144927536021 -735.3510869565217263 -723.1989130434782282
1086.1699029126214100 885.4728155339805653 801.0019417475728005 751.9485436893204451 786.5019417475728005 879.0854368932039051 968.2592233009709162 1069.3281553398057895 853.0737864077669883 231.2796116504854353 -874.9135922330096946 -1511.0825242718447043 121.8427184466019355 1615.0349514563106368 1163.4912621359223976 924.2155339805825633 913.2563106796116017 754.4242718446602112 792.9563106796116472 762.5398058252427518 760.5359223300970370 767.7126213592232489 756.5398058252427518 759.3533980582524237
745.3290734824281571 815.9840255591054756 888.0958466453673736 1022.8226837060702792 1107.2587859424920680 890.8306709265175414 229.1597444089456985 -1135.7476038338659237 -641.2092651757188833 2004.1421725239615625 2134.1038338658145221 955.0335463258785467 983.2891373801917325 843.0654952076677091 762.1565495207668164 802.0846645367412293 745.9648562300319554 775.6837060702874851 754.5207667731629044 753.2779552715654745 759.9376996805111730 754.6725239616613408 760.1038338658147495 778.5239616613419003
-874.4366543665436211 1123.9975399753998317 1162.0393603936038289 -2311.6051660516604898 -2089.9458794587944794 -736.1722017220172347 -1075.1881918819187831 -797.7933579335793866 -837.3714637146371160 -858.6002460024600396 -784.5092250922509720 -842.5904059040590255 -793.3161131611316250 -804.8806888068880880 -802.3493234932349196 -795.1377613776137423 -795.4255842558425229 -803.8290282902828494 -826.2177121771218253 -854.3394833948339055 -885.5412054120540688 -933.6519065190651645 -1015.8597785977859758 -1125.9028290282901708
-3369.1208981001727807 -2652.6476683937821690 -982.3246977547495362 -1000.8238341968911982 -862.6873920552676509 -876.3989637305699034 -918.5284974093264054 -871.8376511226251750 -923.6701208981002083 -878.4145077720206700 -783.4386873920552716 -743.3350604490500473 -805.9067357512952867 -827.9119170984455423 -839.0725388601035775 -892.0811744386874125 -913.7858376511226197 -925.6234887737477948 -958.8445595854922203 -1037.3385146804835131 -1147.5250431778929396 -1219.5129533678757525 -1243.0362694300517887 -1154.8652849740933561
-714.1216475095785654 -794.6178160919540687 -888.6475095785440317 -1042.9090038314175217 -1258.5076628352489934 -1188.0622605363985258 -88.4789272030651404 1476.7883141762451942 1519.8467432950192233 46.1522988505747094 -972.0421455938696909 -1022.4204980842912391 -882.4961685823755033 -827.9952107279693791 -804.6695402298850013 -800.8697318007663171 -791.6091954022988375 -780.6551724137931387 -771.7787356321839525 -763.0105363984674796 -759.1772030651341083 -760.5431034482758150 -761.2873563218390700 -776.7432950191571308
-830.7710280373831893 -766.7317757009345769 -743.0915887850467243 -744.9925233644860327 -769.2186915887850773 -796.3242990654205187 -807.9967289719626251 -832.4925233644860327 -686.1471962616822111 -421.9317757009345655 67.7873831775700921 625.0406542056074386 -95.0084112149532700 -1138.0593457943925841 -982.6957943925233394 -779.8939252336448362 -807.2724299065420155 -739.4588785046729527 -760.5644859813083940 -742.6752336448597589 -736.6841121495326661 -737.7836448598130801 -722.7556074766355323 -719.0747663551402411
590.6919943322706104 586.9881331916401450 584.2561105207225864 575.2240524264966552 561.5067304286220633 545.0935175345376820 527.6624158696422455 508.6369110874955481 492.3181013106624277 483.4241941197307710 477.4969890187743431 477.7121856181367434 486.1246900460503184 502.4523556500176937 525.2212185618136573 545.9626284094933908 560.2077577045696444 566.8324477506199628 567.8811547998583364 568.3988664541268463 575.0646475380800666 583.8772582359192711 586.5529578462628706 590.4509387176761948
-1934.5319851423855653 -1280.5146512587700727 -801.3413124226166246 -857.0920346677672796 -749.9471729261246082 -774.3281056541477483 -774.0907965332232834 -768.7243087082130160 -783.0276516714816353 -766.3664878250102674 -764.1390837804374314 -752.1560049525381828 -735.4378869170450344 -749.6401155592241139 -766.3392488650433734 -772.9979364424267487 -794.5505571605448267 -810.0033016921172475 -819.5361122575319541 -838.4775072224515498 -853.3462649607923822 -864.8373916632274359 -868.5790342550557170 -852.0940982253405309
-306.5690034580320571 78.0829927695693158 304.7874882112542991 -187.0694750078591539 -813.3983024206224854 -872.4174787802577384 -761.7230430682175211 -740.3241119144922777 -726.7051241747877839 -729.3615215341087605 -719.6328198679660773 -709.1502672115686892 -702.2084250235775471 -690.9402703552342473 -686.6510531279471934 -682.7390757623388708 -681.5070732474064243 -687.0562716127003569 -693.7852876453945328 -701.1364350833071057 -709.5086450801634328 -720.9500157183275633 -736.5265639735931700 -751.0506130147751946
-528.5026260504201900 -525.7866596638655210 -525.7075105042016503 -523.6156512605042508 -521.9837710084033233 -522.3986869747899391 -522.8964285714286007 -523.3620273109244181 -522.5636554621848973 -519.2384453781512548 -514.6359243697479542 -511.9735294117647300 -512.5285189075630115 -515.4998424369747454 -519.5913865546218631 -523.6703781512604792 -527.7283088235294599 -531.0115021008402891 -532.7409663865546463 -532.6831407563025778 -532.5595588235294144 -533.6972163865546008 -533.6497373949580378 -533.0977941176470267
-954.5927835051546708 -1242.0463917525773923 -1092.0927835051545571 -1010.6778350515463671 542.4510309278350633 1514.3002577319587090 -1800.0657216494844306 -2673.5515463917527086 -832.6984536082474051 -983.7036082474227214 -915.7822164948453292 -785.0244845360824684 -894.9639175257732404 -786.2074742268041518 -838.5953608247422153 -801.6597938144329873 -793.2319587628866202 -803.0644329896907720 -795.2564432989690886 -795.9561855670102659 -803.4407216494845443 -821.8582474226803924 -852.3750000000000000 -883.9948453608247974
-812.2696768848384181 -796.3736536868268558 -799.6238608119303990 -793.8956089478044760 -786.1536868268434546 -786.1959403479701223 -779.5530240265120483 -776.6694283347142118 -789.9270919635459904 -791.3222866611433801 -814.9908864954431920 -805.7982601491301011 -826.7162386081192835 -901.4933719966860508 -924.3119304059651995 -1458.2091963545981343 -1876.6835128417565102 -1180.8935376967688171 -632.3467274233637454 -701.9080364540182018 -713.2800331400165987 -746.5517812758906757 -803.8951946975973897 -881.7481358740678843
-746.8898356664637959 -828.2629336579427672 -1282.0359099208765201 -1807.7096774193548754 -1573.8107121119903695 -1070.7309799147899412 -870.4321363359707675 -794.8101034692635949 -766.7954960438222543 -772.3816189896530204 -783.0243457090688253 -796.9519172245891241 -806.8332318928788709 -799.7662811929398003 -773.8606208155812283 -750.4290931223372354 -764.7078514911746652 -791.4893487522823534 -795.5258673158855345 -811.6433353621424658 -834.3548387096774377 -837.0505173463177471 -833.8368837492391776 -848.6202069385270761
843.3519313304720981 871.7324749642345978 942.0829756795421872 1057.5092989985694203 1273.1559370529328135 1506.5193133047209813 1311.6967095851216527 965.2989985693848212 813.3004291845493299 710.9771101573676333 729.1945636623747760 841.2918454935622776 960.4320457796852679 1136.1258941344779032 1089.5050071530758942 554.0629470672389516 -720.1716738197425229 -1854.8168812589412937 -330.3876967095851001 1809.6981402002861614 1480.4849785407725449 967.7868383404863835 980.5822603719599329 774.9799713876967644
721.6420201898810092 728.5727977406561422 732.1801466169931700 731.4770460281216629 727.8219264511476467 721.9768056723951304 719.2172515322677100 717.8966770820815100 717.9859091455354019 719.1250751111645059 719.6665064295157208 719.8789808917197206 719.5861675279413703 719.9576673476746009 721.8364379281335914 725.2339562552577945 728.3247506309337496 726.8154068020670593 722.0082622280975784 720.5654969354644663 724.2567299603413176 728.9339923086167801 730.5967431799062979 728.4860593678644136
-772.4148000000000138 -764.7907999999999902 -781.6975999999999658 -808.9636000000000422 -819.8731999999999971 -828.1892000000000280 -775.1287999999999556 -573.5352000000000317 -269.8444000000000074 198.2132000000000005 149.8131999999999948 -747.3912000000000262 -1120.0999999999999091 -855.9872000000000298 -796.0076000000000249 -774.0276000000000067 -753.6240000000000236 -763.2616000000000440 -746.1516000000000304 -746.2852000000000317 -736.2523999999999660 -729.9579999999999700 -725.3600000000000136 -721.0839999999999463
-678.1769499417928273 -679.1752037252618948 -682.1754947613503646 -684.4918509895227317 -684.5433643771827974 -684.5631548311990855 -683.4688591385331620 -679.9720605355064436 -677.2115832363213030 -674.2936554132712672 -666.8451688009313330 -648.7750291036088583 -604.3873690337601374 -521.4284051222351763 -388.5707217694994142 -210.4825378346914988 -63.8099534342258465 -26.6335855646100121 -157.7636786961583368 -431.3611757857974567 -636.8285797438882128 -703.5602444703142737 -727.8125727590221459 -715.8442956926659235
-1032.4284412032816363 -1240.2160437556974557 -1122.9699179580675263 -103.7611668185961662 1381.0583409298085371 1592.9845031905194901 191.3090246125797762 -912.3245214220601156 -996.7055606198723581 -879.1713764813126772 -826.1886964448495974 -798.8249772105742750 -798.8979033728350032 -787.2324521422060570 -777.3947128532361148 -767.6271649954420582 -759.2078395624430414 -756.2716499544211501 -756.6554238833181216 -758.9371011850500963 -772.3099361896080381 -801.5432999088423003 -830.1476754785779804 -866.9088422971741466
-666.3587829898052632 -672.6691332931051193 -668.6331819481055163 -664.3292787499602809 -661.7128021088068408 -659.8508590847015967 -658.6042811318957320 -657.8701686410264529 -657.7882935814781149 -657.3861593673580046 -657.5084955696001998 -657.3368056658302976 -656.4622860228030277 -656.0390637405913594 -654.8418712484517528 -653.1014386889827392 -651.9835805252961336 -651.2427350970241378 -650.8036014863276932 -650.2226950805094248 -648.8607044176961836 -648.4870263918442106 -650.9644297646648283 -652.4163305491155143
-924.1106821106820917 -894.3770913770913467 -870.5958815958815649 -855.6190476190475920 -848.6332046332046275 -880.2998712998712563 -923.5585585585585022 -945.6241956241956359 -937.3783783783783292 -968.9523809523809632 -1028.0244530244531234 -1075.7824967824967644 -1421.0321750321750187 -1900.6280566280565836 -2482.6602316602316023 -2904.9407979407978928 -2007.1673101673102337 -806.7953667953668173 -601.4221364221364183 -726.1763191763192253 -910.8893178893179083 -1096.2200772200772008 -1257.2754182754183603 -1407.2200772200772008
-731.1920236336779908 -732.7983751846380756 -746.4084194977843936 -769.4793205317577076 -800.3434268833086662 -839.6454948301329750 -881.7658788774002687 -945.6949778434268410 -1021.5568685376662188 -1093.3796159527325926 -1171.4180206794683272 -1084.6174298375185572 -817.7267355982274921 -678.8707533234859284 -695.0937961595273009 -733.8279172821270322 -796.6654357459379980 -891.0812407680945171 -1054.0664697193501524 -1043.3618906942392641 -387.0612998522894941 853.9763663220088574 1395.2400295420975453 247.5236336779911426
-892.1118978188587789 -894.7464625052457450 -895.5182443265578058 -894.6913905717021862 -895.9407530156133816 -895.8523237170865059 -894.7836936287433218 -895.0429449173060448 -894.8196657807237671 -895.4574693596462112 -896.0658646551817128 -895.6703323900013629 -896.8919221374538893 -897.3693413534481351 -896.2359979770371865 -896.2281858973668704 -896.7480765712932680 -896.8235072579169582 -896.9098597914626225 -897.0878589951901176 -896.8227002248931967 -895.3762387956915063 -893.9366640482928688 -893.0493581397350908
770.4032697547684165 767.1752951861943757 761.7257039055403993 768.0881017257039503 778.2861035422342866 786.1462306993641960 818.8919164396003225 857.2061762034513777 898.9518619436875042 1000.8692098092643619 1168.4150772025432161 1403.1144414168936692 1395.0508628519528429 1058.0018165304268223 824.5812897366031393 728.5585831062670650 719.9682107175294732 797.1734786557674397 928.7166212534059468 1108.9754768392369897 1144.0199818346957272 993.5885558583106558 -278.6875567665758240 -1612.5467756584923791
-663.9310834813499014 -623.1188277087034066 -573.4790408525755083 -524.4174067495559939 -520.9420959147424810 -574.7902309058614492 -662.5007104795737405 -736.1625222024866844 -780.1504440497335509 -830.0335701598579590 -867.0332149200710319 -877.3133214920070486 -898.1484902309058498 -904.5914742451154780 -873.7552397868561229 -846.1507992895204779 -830.1781527531082929 -815.2193605683836495 -804.2078152753108498 -800.3626998223801365 -805.6591474245115023 -815.7394316163409940 -827.4795737122557284 -812.9618117229130121
-847.0971390552228968 -840.8310046573519685 -834.7977378576181309 -833.4457751164337651 -836.8636061210911521 -846.2355289421158204 -851.9407850964737463 -863.2055888223552529 -933.1816367265469125 -1138.9840319361278489 -1541.1703260146373395 -1864.2062541583500206 -1595.8489687292083090 -989.5375914836993161 -730.0079840319360756 -733.6387225548902506 -727.2694610778443121 -772.7285429141716122 -825.0811709913506320 -877.9248170326014815 -966.2435129740518960 -986.4025282767797762 -960.2568196939454310 -710.9115103127079465
-1484.1212534059945938 -965.5286103542234741 -644.2833787465940532 -656.6389645776566795 -818.7057220708446721 -869.4046321525885332 -1013.1634877384195761 -1275.4945504087193058 -1157.1416893732969129 -990.4495912806539764 1055.9741144414169867 1367.8215258855586853 -2288.1062670299729689 -2388.4114441416895716 -807.6880108991825864 -1087.5708446866485701 -836.9809264305176839 -831.0940054495912364 -877.3950953678473752 -791.0490463215259069 -849.9482288828337460 -790.5040871934604638 -794.4059945504087636 -800.2670299727520842
-813.5552447552447575 -841.0783216783216858 -883.8041958041958424 -908.7664335664335340 -986.5412587412587300 -1223.9706293706294673 -1444.4685314685314097 -1669.7300699300699307 -1654.5818181818181074 -1076.5832167832168125 -620.5062937062937181 -641.4979020979020561 -764.1748251748251732 -862.8041958041958424 -999.6881118881118482 -1213.2825174825175054 -1440.5244755244755197 -889.3916083916084290 854.4825174825174372 1857.9314685314684539 1002.0713286713286152 -338.3986013986013859 -1051.1678321678321026 -1028.8335664335663751
-830.8806314978821774 -831.1251443973816322 -813.9722757027338957 -806.9156719291489708 -802.1139776665382897 -794.0978051597998046 -793.4959568733153219 -801.0473623411628523 -797.3527146707739348 -787.1347708894878679 -795.0962649210628115 -795.5625721986907593 -816.9626492106276601 -853.1497882171736364 -812.5695032730072853 -770.9095109742009981 -760.8201771274547127 -785.0696958028494237 -856.6565267616480241 -919.0627647285328976 -1380.6954177897573572 -1746.9765113592607122 -1154.7177512514440423 -514.1189834424335459
-779.3156626506024622 -806.9156626506023713 -833.6307228915662790 -849.5674698795180575 -855.5006024096385318 -862.6783132530119929 -897.2204819277108072 -928.0909638554217054 -871.7391566265059737 -774.0921686746987689 -741.5710843373493617 -746.8602409638554036 -773.2939759036144096 -803.8698795180722527 -851.5674698795180575 -888.2361445783132012 -708.3210843373493617 -269.4445783132530323 597.5006024096385318 761.2162650602409713 -599.5897590361445282 -1234.9204819277108527 -834.4704819277108072 -802.6789156626506383
-1329.4604604604603537 -1486.6806806806807799 -1364.9309309309310265 -870.2912912912912589 -617.3673673673673647 -689.1021021021020942 -769.2262262262262311 -860.0140140140140375 -991.4514514514514758 -1194.2972972972972912 -1273.4384384384384248 -424.3663663663663783 1145.6656656656657560 1638.4564564564564080 412.8938938938939032 -877.2522522522522195 -1041.9139139139138024 -867.6086086086086198 -848.7347347347347295 -800.7357357357357159 -795.6866866866866985 -789.4824824824825100 -772.7787787787788147 -769.6916916916917444
-868.2481481481481751 -1015.6913580246913398 -1302.7740740740741785 -1186.8901234567902065 -927.6000000000000227 1092.9037037037037408 1566.4419753086419860 -1972.4308641975308092 -2373.6888888888888687 -837.8802469135802085 -1050.4814814814815236 -851.9555555555555202 -821.3234567901234868 -877.8185185185185446 -791.8172839506172522 -844.8987654320987986 -795.7358024691358196 -799.3728395061727952 -804.1530864197530946 -800.1740740740740421 -799.6333333333333258 -805.2123456790124010 -833.6555555555555657 -867.0592592592593064
-589.7128496503496535 -572.8894230769230944 -541.6573426573426104 -481.2539335664335454 -372.4860139860139725 -215.6097027972028002 -39.1555944055944067 93.4331293706293735 100.9073426573426531 -84.0747377622377599 -373.3229895104894922 -553.7460664335663978 -627.1411713286713621 -676.8955419580419175 -688.4733391608391457 -686.8706293706293309 -680.5760489510489606 -670.2714160839160513 -662.1267482517482676 -651.3173076923077360 -642.7583041958041576 -627.8273601398601613 -623.6127622377622401 -632.4265734265734409
772.4720744680851112 787.4782801418439249 803.5110815602837420 813.7703900709219624 811.2384751773049629 817.7801418439715917 840.9219858156028522 851.4831560283687395 857.1498226950354820 862.4033687943262976 849.5296985815602966 824.4007092198581859 776.4547872340425556 671.6059397163120366 476.3727836879432402 220.9162234042553052 28.1914893617021285 46.3076241134751783 320.0567375886524815 613.2890070921986307 733.4844858156028522 779.4769503546099259 797.3656914893616658 782.2278368794326298
-755.3618493473816216 -758.2056927189810267 -758.3776718642263859 -758.8826738601860598 -759.1471324712400701 -758.5175583969419222 -757.6351264712642433 -756.9936250257055690 -756.5083044019984300 -755.9896452030435512 -756.0330361571122921 -755.8676376304933910 -755.6250619957177150 -755.4623610388667885 -755.0510118910810888 -755.0402699989112989 -755.4497562509828867 -756.2434345022802518 -756.9932863173938813 -756.9241656283644488 -756.1503743936516457 -755.1150761488864873 -754.7666420699916898 -754.9776331547050177
778.9299895506792382 786.5318704284221667 823.9571577847440267 856.1974921630094286 895.2591431556949146 984.7617554858934454 1122.1859979101359386 1308.2361546499478209 1270.7826541274816918 1010.9038662486938165 850.3772204806687114 763.6896551724138362 734.7763845350052634 808.8307210031348404 899.2371995820271877 1019.1619644723092506 1060.1609195402299974 669.2288401253917982 -130.7951933124346908 -1296.0292580982236359 -1115.9362591431556666 1063.3615464994775266 1755.3960292580982241 1030.5329153605016472
777.1794588625068627 775.0392048591937737 771.1684152401987831 771.0276090557703128 766.4450579790170650 760.9271120927663787 764.6504693539480968 768.6200993926007641 782.2435118718939293 786.0756488128106412 806.6228602981777840 885.4472667034787037 1173.5461071231363803 1670.8492545554940989 1835.6576477084483940 1430.8111540585312014 931.2782992821645394 716.8862506902263476 688.4842628382109524 723.7244616234124805 846.3163997791275506 986.5356156819436819 1109.6731087796797510 1006.3489784649365220
-1688.3384146341463747 -1567.3429878048780211 -998.1524390243902189 -650.0807926829268126 -649.6829268292682400 -819.4237804878048337 -877.8963414634146147 -1043.0701219512195621 -1332.4923780487804379 -1189.5167682926828547 -932.7698170731707705 1163.0548780487804379 1322.5000000000000000 -2436.9710365853657095 -2410.4893292682927495 -788.8277439024390105 -1097.5426829268292295 -829.9893292682926358 -835.7850609756097811 -880.9131097560975832 -792.2652439024390105 -855.2286585365853853 -791.4771341463414274 -795.0442073170731874
780.8432971014492523 763.0153985507246261 829.2074275362318758 904.7490942028985046 998.3822463768116222 985.0199275362318758 559.0280797101448798 -218.4800724637681242 -1235.6802536231884915 -902.8632246376811281 1123.3242753623187582 1646.5507246376812418 973.2201086956521294 932.9610507246376301 828.1757246376811281 761.9692028985507477 791.8288043478261216 754.5516304347826235 770.9963768115942457 762.6793478260869961 762.2961956521738784 760.7472826086956275 755.9592391304347530 767.3659420289855007
-678.4640820980615672 -671.9931584948689078 -820.3397947548460252 -865.7309007981756395 -1006.2964652223489566 -1255.0330672748004872 -1094.0570125427593666 -834.3580387685291271 1017.6225769669326837 1144.8221208665906943 -2249.9350057012543402 -2260.5051311288484612 -770.9064994298745432 -1048.7958950969214129 -829.8369441277080796 -822.3933865450399026 -864.8802736602052619 -782.5610034207525132 -839.9030786773090540 -789.3614595210946163 -793.6647662485746650 -797.3568985176739261 -792.4709236031926594 -794.3375142531357369
314.4853985793212132 297.9565903709549843 283.6345698500394406 271.7797947908445053 265.4775059194948881 262.4285714285714448 264.2217837411207597 265.4869771112864782 264.3756906077347821 263.3141278610891618 261.8413575374901257 266.2857142857142776 273.9423835832675422 279.6014206787687613 286.1696921862667864 293.1160220994474912 298.5753749013417746 302.1444356748224322 301.6898184688240008 301.8018942383583294 307.5493291239147311 311.5603788476716431 317.0836621941594444 328.1799526440410659
-850.8259212198221348 -897.7611181702668546 -926.5844980940279356 -1063.7827191867852434 -1300.8538754764929308 -1501.5247776365947630 -1684.8106734434561531 -1451.7839898348156566 -846.4790343074968177 -603.6416772554002819 -699.0292249047014366 -793.5260482846251762 -905.9606099110546893 -1052.3951715374842024 -1300.7636594663279084 -1335.0800508259212620 -222.1613722998729372 1392.5832274459974087 1687.9771283354509706 440.8170266836086171 -900.9148665819567441 -1131.2185514612451698 -906.6480304955526890 -878.1753494282083921
895.5930521091811443 1627.0132340777502122 759.6980976013234113 -546.5798180314309320 -969.1538461538461888 -897.2299421009098523 -837.1257237386270162 -796.3416046319272255 -789.1248966087675853 -782.9851116625310397 -770.7659222497932205 -764.5798180314309320 -756.1273779983457644 -751.5111662531016918 -750.5128205128205536 -752.5955334987593233 -764.3837882547560412 -789.6368899917287081 -819.5467328370554014 -851.0885028949545585 -904.9495450785773301 -986.4317617866005321 -1079.9693961952025347 -1171.6385442514474562
-745.0298913043478706 -742.3607336956521294 -738.9823369565217490 -747.4293478260869961 -764.0183423913043725 -793.3254076086956275 -830.8355978260869961 -860.2078804347826235 -905.8661684782608745 -985.7241847826087451 -1082.8831521739130039 -1211.2459239130434980 -1283.6841032608695059 -1063.1066576086957411 -730.3417119565217490 -634.6073369565217490 -719.3586956521738784 -784.7629076086956275 -847.9959239130434980 -1043.9456521739130039 -1159.0455163043477569 -1104.2282608695652470 151.9952445652174049 1677.3879076086957411
-827.9849931787175592 -824.5020463847203018 -829.7271487039563453 -848.6371077762619279 -876.8294679399726874 -911.9140518417462999 -955.6248294679400033 -1001.8935879945429406 -1227.5375170532061020 -1566.6984993178716650 -1883.1950886766712756 -2121.0463847203272962 -1598.5470668485675105 -733.5279672578444661 -547.6111869031377637 -712.7080491132333009 -871.4188267394270042 -972.0709413369713729 -1211.0477489768077248 -1441.7121418826739045 -1487.6998635743518662 -238.7448840381991886 1957.2169167803547225 1123.6821282401092503
-207.2170892018779398 -206.0031924882628971 -205.2067605633802714 -204.5827230046948273 -203.4199061032863938 -202.7598122065727750 -203.6240375586854441 -203.9742723004694938 -204.2608450704225334 -205.8627230046948284 -207.5943661971830920 -208.7635680751173766 -208.9357746478873139 -208.6647887323943564 -208.0022535211267609 -206.4734272300469513 -204.9106103286384837 -202.6060093896713568 -199.6390610328638502 -198.5605633802816783 -198.8217840375586718 -198.6625352112675955 -199.7333333333333201 -202.8043192488262889
-1101.6188271604937654 -1330.6018518518519613 -1556.5385802469136252 -1769.1574074074073906 -1689.1820987654321016 -1074.5725308641974607 -664.1712962962963047 -653.7962962962963047 -815.0030864197531173 -885.2762345679012697 -1043.3024691358025393 -1336.2391975308642031 -1237.7932098765431874 -1030.3641975308642031 1066.1697530864198598 1389.6898148148147811 -2340.1898148148147811 -2467.5570987654318742 -834.8086419753086602 -1111.7083333333332575 -862.1126543209876445 -848.9783950617284063 -885.4783950617284063 -808.1558641975308319
-977.9700654817586383 -1144.2497661365762269 -1277.4892422825071208 -1427.3049579045837163 -1387.3339569691299857 -951.3302151543498439 -644.9897100093545532 -675.2245088868100993 -753.0449017773620426 -836.5996258185219858 -938.9822263797941559 -1148.1309635173058723 -1269.9485500467726524 -720.8278765201122269 697.4546304957904113 1746.8269410664172483 655.1075771749298156 -974.0579981290926526 -1084.9812909260990637 -887.4985968194574752 -878.7521047708138440 -792.4639850327408794 -814.7773620205799716 -796.8091674462114042
1027.0489073881374225 1042.5556711758583788 619.5015608740894777 -162.3465140478668047 -1307.6472424557753129 -1033.1841831425597320 1181.3787721123828760 1724.8022892819979006 967.2320499479708360 955.2830385015608954 834.7918834547346023 758.9417273673257114 794.5691987513007462 748.8407908428720248 768.7793964620187808 761.1186264308012142 756.2133194588969900 755.4672216441207411 754.9198751300727963 763.1207075962538511 789.1092611862643480 804.2539021852237511 829.3704474505723283 861.2601456815816618
-991.0439442658092730 -954.5058949624866500 -921.2111468381565373 -917.3729903536977872 -898.0943193997856042 -880.0803858520899894 -861.0385852090032586 -853.1264737406216909 -874.7041800643087299 -894.1768488745980221 -910.5980707395498257 -916.3676312968917728 -924.4351554126474184 -994.4833869239014348 -1012.7384780278671315 -1196.3022508038584419 -1601.8531618435156361 -2047.8274383708467212 -2693.7963558413721330 -2385.4469453376204910 -1095.7867095391211478 -581.7502679528403178 -656.4694533762058199 -767.4855305466237496
1033.4219948849104185 1743.3861892583120152 -1704.3913043478260079 -2462.8606138107415973 -835.2531969309462738 -1022.8887468030690115 -882.0780051150894678 -806.5191815856777566 -896.0025575447569963 -793.6202046035805324 -848.5818414322250192 -809.4104859335038782 -804.2826086956521294 -806.8554987212276046 -801.3005115089514447 -806.7570332480818251 -815.0652173913043725 -839.7672634271099241 -873.2736572890025855 -912.5000000000000000 -981.7007672634271103 -1064.7314578005114072 -1198.5920716112532318 -1351.9322250639386311
-852.2631578947368780 -884.9234449760765528 -932.5374800637958970 -987.4146730462520054 -1103.5598086124402926 -1347.7065390749601193 -1608.1355661881977994 -1875.3843700159488890 -1756.3301435406699511 -1078.0079744816587208 -658.1578947368420813 -645.4258373205741464 -805.7671451355662384 -883.3891547049441897 -1051.5135566188198482 -1356.7192982456140271 -1292.9521531100479024 -983.9011164274322709 1205.8979266347687371 1424.1961722488038049 -2274.8883572567783631 -2368.2838915470492793 -824.3748006379585149 -1103.4051036682615177
812.0546038543897112 898.3244111349035848 979.5995717344753757 979.9282655246253171 550.7494646680942196 -289.8404710920771095 -1267.4603854389722528 -1208.9978586723768785 378.4229122055674566 1156.0460385438971116 898.5963597430406935 936.3629550321198849 837.2901498929336412 751.5032119914346822 784.6241970021412726 753.0728051391862437 763.8008565310492486 754.7516059957173411 756.2077087794432373 761.6306209850107507 753.7205567451819661 761.2098501070663588 789.4518201284796532 805.3190578158457811
-653.7404722936637427 -656.6114098667289909 -659.7061024082300946 -663.2543839139583497 -664.7729717091418706 -665.9471592237549658 -666.2585924713583836 -669.3458031330371796 -672.0490998363338804 -670.5976151508066323 -667.5723638064063152 -662.5211596913724179 -657.6764086976852468 -652.2546177227028465 -640.7877016600421030 -618.7238718728079903 -577.6492868833294096 -501.6160860416179617 -388.2314706570025464 -249.9188683656768717 -133.4009819967266708 -76.4187514613046517 -109.9436520925882661 -275.7077390694411747
-737.6404635928445259 -740.5550516502897835 -744.5419501133786753 -753.2018140589568702 -767.0967498110355791 -779.2484252960443882 -788.4552784076593070 -792.0846560846561033 -784.8455530360291732 -782.2569916855630936 -795.9193751574704265 -812.6366843033509895 -823.8080120937263473 -827.8790627362055830 -821.0980095742000913 -816.4449483497102165 -828.5530360292265186 -833.0687830687830910 -836.8740236835475343 -817.1141345427059832 -704.7163013353489305 -505.4240362811791556 -103.9455782312925152 136.0854119425547992
-987.2478632478632790 -1043.5929487179487296 -975.2777777777778283 -989.6730769230769056 -947.5576923076922640 -918.8504273504273669 -911.3279914529914549 -886.9850427350427253 -874.7777777777778283 -859.5758547008547339 -860.5908119658120086 -863.0352564102564656 -856.3034188034188219 -862.1837606837607382 -884.2895299145299077 -903.0000000000000000 -951.7029914529914549 -985.8696581196580837 -1045.1997863247863734 -1312.8482905982905322 -1693.7329059829060043 -2305.5427350427348756 -2621.5074786324785237 -1851.7275641025642017
889.2478839177750842 961.1717049576783438 1111.6505441354292998 1323.5296251511488208 1411.7097944377267140 1168.2551390568319221 890.9201934703748975 776.3905683192260767 715.8851269649335336 760.3313180169286625 873.3325272067714877 993.5755743651753846 1127.7230955259976781 868.9987908101571747 139.0024183796856221 -1096.2261185006045707 -1690.9685610640869982 220.2442563482466653 1779.4123337363967039 1216.1837968561064827 957.1064087061669170 913.6493349455864745 747.6964933494558636 794.8041112454654922
-1266.7348993288590009 -1272.5939597315436913 -1016.2225950782998325 711.2147651006711158 1983.9854586129754352 -830.9720357941833981 -2260.6297539149886688 -951.9284116331095902 -962.1868008948546276 -931.7997762863534490 -780.6946308724832306 -877.8691275167785761 -789.7002237136465510 -826.5861297539149746 -805.0290827740492432 -788.3825503355704996 -796.3937360178971403 -792.1610738255033084 -792.5223713646532815 -798.5659955257270894 -821.5659955257270894 -855.1107382550335387 -890.1409395973154233 -933.0078299776286030
851.2991452991452661 872.4163614163613829 847.7289377289376944 822.1062271062271520 798.7765567765567312 777.5677655677656048 767.2319902319902667 764.7136752136751738 764.3302808302807989 766.6007326007326128 771.2759462759462394 771.2863247863248262 767.9169719169718746 772.3882783882784224 761.5879120879120592 762.2869352869353179 780.2496947496947541 935.7301587301586778 1470.5714285714286689 1875.9004884004884843 1630.2735042735043862 1157.8778998778998357 834.7252747252747440 699.0293040293040576
-948.1984216459977688 -931.9797068771138129 -914.7361894024802496 -893.2130777903043963 -870.3359639233370899 -842.6561443066516404 -850.3686583990980807 -883.1871476888387633 -909.7429537767756074 -931.4712514092447009 -932.7587373167981468 -987.5242390078917651 -1021.5242390078917651 -1102.8173618940247707 -1494.1319052987598752 -1948.8500563697857615 -2581.4239007891769688 -2723.2446448703494752 -1566.6065388951521982 -661.7237880496054458 -631.8714768883878605 -737.1600901916572184 -918.6753100338219156 -1074.4723788049604991
-958.6365159128978348 -1004.4572864321607994 -1095.7973199329983345 -1338.7487437185930048 -1599.6331658291458098 -1845.1172529313232644 -1795.4991624790620790 -1151.4070351758794004 -675.1088777219430312 -645.9798994974873949 -806.1038525963149368 -877.9229480737018321 -1031.1155778894471950 -1334.8425460636515254 -1281.0150753768843970 -1155.0871021775544705 995.9195979899496933 1595.9949748743717919 -2177.9614740368510866 -2556.8123953098829588 -880.7336683417084942 -1123.0301507537687939 -884.0854271356784011 -850.3199329983249299
-781.9177555726364517 -787.1160645657187160 -772.1256725595695798 -744.0930053804765976 -739.8320522674865742 -746.5568793235972862 -763.2309761721752466 -771.9896233666410126 -770.3139892390469186 -714.8209069946195768 -515.1679477325134258 -217.0272867025365144 270.5883935434281398 300.3712528823981529 -598.3189853958493813 -1059.1452728670253691 -825.9312067640277064 -771.6437355880092355 -757.1529592621060374 -732.1176018447348497 -742.0238278247502421 -724.2801691006917508 -725.6322059953881762 -717.0987701767870703
-662.0955777460770832 -815.8231098430812835 -875.2154065620542269 -1017.5962910128388330 -1297.5106990014264738 -1119.8088445078458335 -881.7446504992867631 1019.7289586305278135 1241.9029957203995309 -2446.8873038516403540 -2545.7161198288158630 -809.9215406562053658 -1067.7332382310985395 -846.6119828815976689 -825.2567760342368501 -886.4436519258202907 -795.4664764621968516 -858.0399429386590100 -806.2239657631954515 -809.5049928673323620 -814.0699001426532959 -812.1554921540656551 -810.3509272467903202 -815.5263908701854234
-281.0754752143123483 -279.9664554603056104 -279.6457323891166880 -278.1597092806559886 -277.2821468505404141 -276.1338054416697787 -273.4485650391353033 -270.2847558702944184 -266.3095415579575160 -262.1039880730525624 -258.3699217294073947 -255.1434960864703783 -253.3235184494968451 -252.1442415206857959 -253.5888930301900928 -258.2295937383526052 -262.0285128587402141 -266.6250465896384867 -271.9824822959373591 -273.7735743570630120 -274.2575475214312064 -275.7609019754006567 -275.8917256802087081 -277.5450987700335190
2242.9668813247471917 1978.4544618215270475 1036.5915363385463479 915.7203311867525599 791.0239190432382657 765.4388224471020976 794.1030358785648104 756.6191352345906580 776.3965041398344056 765.3597056117755528 758.9006439742410066 756.3449862005519435 743.8399264029438882 752.7019319227231335 771.2575896964121966 784.2851885924562794 799.9190432382704330 849.5538178472861546 921.9908003679852300 963.5050597976080553 992.9687212511499865 1003.5777368905244202 940.7442502299908256 836.4590616375345462
-839.1398467432950383 -1473.0670498084291467 331.0852490421456196 1807.4674329501915508 1181.5727969348658917 947.3496168582375958 912.6580459770115112 748.4128352490421321 798.5747126436781400 756.6800766283524808 760.0201149425287213 764.1944444444444571 752.3879310344827900 756.3189655172413950 751.9980842911877517 757.8678160919540687 783.3649425287355825 802.8917624521072867 820.9214559386973633 854.9128352490421321 912.3275862068965125 1021.1187739463601929 1101.3323754789271334 1092.6781609195402325
-910.6247818499127789 -938.3525305410122428 -992.4869109947643437 -1105.5479930191972926 -1368.1762652705060646 -1641.2181500872600282 -1898.6527050610820879 -1815.0942408376963613 -1159.2076788830715941 -706.2094240837695907 -662.3001745200698451 -807.5689354275741607 -888.6439790575916504 -1035.2094240837695907 -1361.5078534031413255 -1287.0000000000000000 -1087.6841186736473901 978.7033158813263753 1536.3403141361256985 -2217.0488656195461772 -2592.1047120418847953 -820.0488656195462909 -1086.4973821989528915 -906.8987783595113115
773.3687281213535698 773.4445740956825830 770.3955659276546157 780.7117852975495680 805.7969661610268304 852.1528588098016144 887.9509918319720327 958.5344224037339700 1127.6522753792298772 1356.8028004667444293 1482.0630105017503411 1248.5075845974329241 913.1236872812135061 771.0688448074679400 701.2065344224037062 742.0793465577596635 855.2952158693115052 998.6044340723453843 1136.6289381563594816 980.6277712952158936 295.2567094515752615 -1149.7537922987164620 -1770.9789964994165530 -232.1645274212368690
-863.6566358024691681 -854.8294753086420315 -853.5231481481481524 -851.8626543209876445 -847.2345679012345272 -854.3055555555555429 -872.9783950617284063 -889.3587962962963047 -924.4537037037036953 -934.1064814814815236 -1054.8055555555556566 -1355.5979938271605079 -1818.7229938271605079 -2358.0138888888886868 -1967.0540123456789843 -916.3587962962963047 -596.1797839506173204 -669.7947530864197461 -739.1010802469136252 -866.6219135802468827 -989.4807098765431874 -1154.7754629629630472 -1327.7330246913579685 -1048.0833333333332575
-826.0891886450573338 -833.1577612240789676 -834.0079323535333060 -833.2072881014696577 -834.3654519830884055 -831.1917857861888024 -826.4401046909603110 -824.1711697201529887 -821.5890879806723888 -818.3351318703442985 -817.2403462854841791 -815.5797060599959423 -813.6112744111132997 -814.4223072277028450 -816.4167505536540830 -820.3368632977652624 -826.6236762633379840 -833.0862492450171430 -839.1673042077712807 -843.4154620495269228 -843.0552848802093422 -841.2023756794845895 -841.4450573786994028 -838.5721763640024164
-889.3572815533980247 -856.6291262135922580 -824.3456310679612216 -844.9436893203883301 -911.7378640776698830 -974.6776699029126121 -979.4951456310679987 -1016.5902912621359064 -1047.5029126213592008 -1267.6990291262136452 -1743.3184466019417869 -2239.3456310679612216 -2779.7087378640776478 -2432.8427184466017934 -1223.4737864077669656 -635.2815533980582359 -691.2427184466019980 -859.8970873786407765 -1010.9961165048543990 -1275.5922330097087070 -1437.6582524271843795 -1623.7339805825242820 -572.1320388349514587 1534.4796116504853671
