196.2950738305000584 191.5180543491748324 185.6207966248914261 180.4448442734830564 175.5675642139223100 170.5039086735326919 169.7085246308475064 170.7948877031889765 175.4702816726641004 183.5392728626380574 195.5411341357488482 209.6892914753691457 225.4630847499689708 242.0237002109442983 259.2839061918352286 276.0423129420523765 292.0801588286387869 307.9153741158952471 325.4570045911403326 343.0960416925177014 357.8908053108326044 368.2948256607519397 373.4965876659635455 367.5825784836828234
-0.8684600720186402 -2.6273670832450753 -3.3382334251217962 -3.8180470239356068 -4.0936242321542045 -4.3500105909764883 -4.2994704511755986 -4.2441855539080704 -4.4704511755983898 -4.1770387629739458 -3.8175386570641812 -3.6945986019911037 -3.5213302266468967 -3.5975005295488245 -3.2471510273247195 -2.6845159923744970 -2.1074348654945987 -1.4734166490150391 -0.9169667443338276 -0.3750052954882440 0.1994916331285745 0.7929675916119466 1.3323024782884982 1.5772505825037069
-243.5448101265822913 -261.3888607594936957 -266.9306329113924221 -267.3883544303797635 -259.9792405063291199 -253.5554430379746975 -242.0865822784810177 -221.5245569620253150 -198.1868354430379782 -167.0774683544303798 -135.1756962025316398 -97.9083544303797453 -56.2587341772151888 -6.0577215189873419 44.9534177215189885 99.7032911392405055 146.6987341772151865 192.6546835443037935 228.4324050632911280 254.3635443037974824 274.0015189873417967 283.8794936708860632 285.7235443037974960 277.6612658227847987
-135.7473335255116638 -142.5389161141539489 -146.7604496973191033 -148.7166330354569084 -149.8577399827039471 -151.2806284231766938 -152.7839434995676129 -155.6222254251945856 -159.2362352262900060 -162.9166906889593633 -164.7505044681464312 -164.9932257134620954 -163.8888728740271006 -160.9106370712020748 -158.1677716921302874 -156.7216777169213060 -156.2584318247333499 -155.9328336696454187 -155.0554914961084023 -152.7716921302969126 -150.0990198904583508 -146.7192274430671546 -142.4453733064283654 -136.4903430383395744
65.1736195257053765 62.6517800473140625 62.3908603081183983 62.9053141769084334 63.7042294154982400 64.4884888350354828 64.7044602157982780 64.9221048987363645 65.4155559402227169 65.6693208701171329 65.9391264208643406 66.3888408054930466 66.4660435058565611 66.1662339161040904 65.7521204777566197 65.0736829957878911 65.2297039986151930 65.9229703998615264 66.2953666839766953 66.0140788183024654 66.1454041890254416 65.8730598349777807 65.6176216029080877 65.7993191391148855
321.7175110132158693 320.6189427312775138 321.5214757709251217 329.1806167400881122 343.0600220264317386 360.2125550660792896 388.3722466960352335 436.0446035242291032 488.5886563876651962 541.3854625550660558 591.7268722466960753 641.9977973568281868 689.9603524229074765 734.7092511013215699 771.4724669603524490 804.4190528634361499 833.1618942731277002 841.2885462555066169 850.4955947136563736 854.4746696035242621 834.4118942731277002 826.8006607929515894 809.6007709251101687 790.0022026431718132
326.3275304267447154 326.7881682329378918 330.7921737790787233 337.9072562008935279 346.1153905407487059 354.6374980742566549 365.0221845632414102 376.4027114466184116 388.1847173008781624 400.7960252657525757 413.5466029887536479 426.5350485287320907 437.9952241565244435 449.2048990910491284 460.8488676629178826 474.5971344939146661 488.7516561392697554 501.9186566014481627 515.8813742104451876 527.6165459867509071 539.6086889539361664 549.1589893698967444 555.8752118317670465 554.3380064704975894
738.0701030927834836 776.2432989690721570 798.6608247422680051 781.3690721649484203 691.9103092783504962 559.2515463917525267 392.0546391752577051 226.8484536082474108 123.7938144329896915 215.7206185567010266 448.6432989690721911 622.7134020618556178 678.2701030927835291 676.5814432989690204 625.7762886597938632 519.5422680412370937 394.7958762886597697 290.6742268041236912 241.7072164948453690 242.0278350515463899 269.1896907216494697 294.5546391752577051 300.0041237113401849 299.7762886597938063
210.6440072456475718 209.9584381604105943 210.7521384723759752 212.2009660863439535 214.1771158297272848 215.8128207708564048 217.0646070242527799 218.1019422360873534 218.5769346885377900 218.4312166649894209 218.1616181946261577 217.4288517661265985 216.9540605816644927 216.9960752742276213 216.6066217168159369 216.4369024856596582 216.4243232363892560 216.8854785146422444 218.0846331890912779 219.1195531850659108 220.6717822280366192 221.8052732212941578 223.0149441481332531 223.4102344772063873
50.1997804610318354 23.2538419319429188 19.1992316136114169 42.9302963776070285 83.5071350164654262 130.9209659714599354 174.0351262349066985 211.4997255762897908 241.6311745334796797 261.3998353457738517 270.4102634467618032 275.2590559824369052 283.0856201975850581 287.3018660812294343 285.7074643249176802 279.1523051591657349 259.5933040614709171 209.9130076838638956 135.5159165751921080 61.9522502744237116 11.4135565312843035 -6.1265093304061473 3.5205817782656421 30.6037321624588365
605.4222222222222172 570.5444444444444798 546.5444444444444798 500.1777777777778056 490.6000000000000227 482.0888888888889028 573.2333333333333485 698.4666666666666970 933.8444444444444343 764.2666666666666515 1804.9111111111110404 1752.3666666666665606 1499.6111111111110858 1869.7444444444445253 1628.4888888888888232 1575.0888888888889596 1269.6222222222222626 1090.4777777777778738 1029.9333333333333940 896.2444444444444116 731.1222222222222626 568.0777777777777828 501.8777777777777942 480.9555555555555770
407.5816231343283675 410.7701725746268835 408.9493936567164383 403.5249533582089612 393.9365671641791096 380.2173507462686644 366.2713386194029681 352.9615205223880707 341.6148554104477739 330.7531483208955478 320.6246501865671803 309.5038479477611872 296.8832789179104452 282.8724347014925229 270.0464085820895548 257.5115438432835617 246.2622434701492580 237.9300373134328481 232.7055736940298516 229.6131063432835901 227.0513059701492580 226.5858208955223745 227.5265858208955194 232.3222947761194064
581.2776203966005824 573.3375463063848656 569.4022662889518642 570.1747657441708270 576.4214425800828394 591.6384833297014438 610.4632817607322295 627.0627587709740283 639.5465242972325086 645.2765308346045003 642.5959904118544728 632.6907823055131530 619.2830682065809924 598.7622575724558374 575.7873174983656099 551.0180867291348932 521.7592067988668987 489.0246241011113284 454.2198736108084631 420.1976465460884924 390.9012856831553790 367.7138810198300121 356.3495314883417109 355.5070821529744762
73.6709171162334542 77.2324668955370299 85.4453163315350679 102.0308974987739106 135.7582148111819436 180.3898970083374138 213.2756253065228123 214.6699362432565010 140.0872976949485178 -24.0593428151054454 -195.5129965669445937 -260.6253065228053174 -192.1799901912702353 -59.2236390387444800 63.8974987739087794 157.9946051986267719 221.5939185875429018 260.6601275134869979 263.4791564492398379 237.2648357037763560 198.7758705247670434 164.6037273173124049 126.9171162334477714 90.0343305541932324
491.5467902162117184 495.8830453293263076 500.2447616662492464 503.1235495450371218 503.7769429835545338 502.3985307621671268 499.1470072627097352 495.8682694715752746 494.1320644461140432 494.0382335754236465 495.3231488438099746 498.0015861090241174 499.7478086651640297 500.4975373570414945 500.7705150680357065 501.7200100175306829 503.0807246013857821 503.8569997495617372 505.0720427414642018 506.3407630019200383 506.1099423991985873 504.8184322564487729 502.4767509808831960 499.5184906920443950
-241.9353826850690155 -248.4883312421580968 -250.7592220828105383 -251.4675031367628719 -250.4288582183187089 -249.9220828105395356 -249.8603513174404043 -249.3928481806775324 -249.6560853199498240 -249.7954830614805530 -249.8658720200752725 -249.3943538268507041 -248.1552070263488190 -247.3164366373902112 -246.6405269761606007 -246.3662484316185726 -245.8799247176913525 -246.0815558343789178 -245.9983688833124233 -245.6174404015056325 -244.0617314930991313 -242.3166875784190779 -239.2771643663739098 -233.2749058971141665
731.0201660735468749 728.5231316725978559 768.3867141162514827 838.5421115065242930 915.8090154211150775 1030.7758007117438410 1108.9833926453143249 1183.9335705812575270 1174.9976275207591243 1185.0059311981019619 1091.5622775800711679 1047.6251482799525547 1006.5575326215895302 943.5029655990509809 875.0355871886121122 791.5860023724792427 716.1316725978647355 675.0201660735468749 678.7485172004744527 714.2479240806643475 762.2455516014234718 800.3238434163700958 822.8944246737841013 827.4768683274021441
312.9342783505154557 300.1349871134020759 300.2239046391752595 307.6836340206185696 325.8424613402061709 355.3485824742268164 399.7181056701031139 457.3514819587628608 518.4819587628866202 581.3762886597937722 635.8550257731958482 673.9223582474227214 682.1440077319587090 668.8321520618557088 639.3617912371133798 600.4690721649484431 566.7161726804123418 538.0879510309277975 516.9101159793814304 506.5766752577319494 502.7864046391752595 499.2683634020618797 515.8994845360824684 538.0927835051546708
238.9422066549912529 228.0245183887915914 285.7495621716287246 391.0683012259194129 513.8126094570927762 605.4763572679510162 639.9159369527145600 641.1313485113835213 633.0017513134851015 616.4465849387040635 566.5499124343257336 510.5831873905428893 401.9019264448336344 151.9457092819614843 -151.6042031523642777 -250.7075306479859762 155.0788091068301355 637.2154115586689613 758.6024518388791194 728.0350262697022572 736.9246935201400674 716.5306479859895035 621.2416812609457111 525.2364273204904066
49.3420752565564413 32.5712656784492580 11.9842265298365636 -7.1780691752185479 -25.8527175978715320 -40.1911820600532153 -50.2778411250475088 -54.8964272139870744 -53.6754085898897770 -47.5769669327251989 -36.1727480045610008 -21.4131508931965016 -5.8099581908019768 13.0891296085138737 36.6037628278221234 63.1613454960091190 91.1567844925883719 119.8610794374762492 149.7805017103762850 178.2531356898517743 201.9965792474344255 216.5963511972634024 217.7172177879133415 202.3665906499429923
337.2864688128772741 318.6207243460764857 286.5329476861166995 237.8324949698189243 190.6619718309859195 157.0513078470824837 142.5905432595573359 146.6486418511066461 162.9585010060362151 190.8236921529175163 225.5794768611669951 264.0769617706237682 315.8556338028168966 385.8863179074446634 459.4054325955734157 503.5384808853118557 495.9429074446679806 450.0945674044265843 387.1750503018108702 327.7847082494969868 281.0027665995975781 247.5153420523138834 228.0762072434607717 223.9962273641851027
916.0332103321032946 917.1108651086510690 915.7627716277162335 914.4533825338253337 912.9787617876178274 911.6477244772447648 911.2186141861418491 911.5123411234112609 912.3523575235752787 913.5594915949159258 914.7398113981139431 914.8376383763837794 914.1271012710127479 912.9066830668306238 910.4558425584256156 907.4974169741697096 904.0297662976629454 901.3342353423533950 899.0733907339073312 898.7232472324723176 901.5439934399344111 902.6971709717097383 906.2661746617466179 906.9097990979910264
892.5206547155105454 893.4279033515198307 893.0572876071706787 890.7291504286828285 884.3901013250194865 876.2131722525331270 874.6301636788775795 876.7162899454403941 894.6890101325019486 912.2646141855027508 929.7599376461419070 950.2817614964925497 968.0997661730319805 971.4501169134840666 973.9848012470771437 965.2435697583788397 942.4832424006235669 907.4824629773967217 859.6862821512081609 792.5549493374902568 722.2595479345284275 666.7236944660951394 640.3799688230709535 651.6063912704598806
231.3048838311996178 151.5386439070649658 -26.7515410146989083 -187.3044096728307295 -231.8288288288288186 -156.7491702228544455 -27.8098624940730197 92.7012802275960155 176.4646752015173092 223.7207207207207205 247.2067330488383163 250.8530109056424919 227.5092460881934642 195.7363679468942621 165.7543859649122737 129.5381697486960775 95.8553816974869619 87.1996206733048780 91.4191559981033635 78.7515410146989154 54.4675201517306746 23.3963963963963977 -5.9193930772878138 -12.4457088667614979
191.9052304505437689 188.0621439668565529 175.9741066804764387 159.4702226825478988 140.6884170550664521 119.4051441394786792 99.3702744691869526 81.1902295874331088 67.9834282755049202 58.6015881235974447 55.5758674262040415 60.2806835836354225 73.6440531676160930 93.7968237528051105 117.9110996029691023 142.9406179872259486 171.1997238045917413 201.3141722768858983 236.3920248575867333 274.5473847747281297 310.5969273260831756 336.3005351286034852 347.6457793889176742 335.5653374762644603
-172.8801700811750948 -182.4132199458832702 -103.2926169308078812 5.8279860842674909 103.7897178198685708 173.8732122149207555 222.2354078082721287 246.6358716660224104 245.8214147661383890 228.1635098569771856 197.6343254735214430 158.7471975260920090 111.6795516041747192 72.7858523386161522 50.4375724777734860 36.6938538848086608 20.3219945883262483 -2.7236180904522613 -26.7336683417085439 -47.3308851952068039 -55.9659837649787377 -47.7734827986084269 -25.2593737920371098 3.9988403556242753
701.1254856519664145 701.5876218390021677 701.0759321109671873 701.3661645422943138 702.0506441278713510 701.9987730897689744 701.4327585031695662 700.4244427782700768 699.0812487219685636 697.6390839070274978 697.4540931088541811 697.6103878399563882 697.6112057801103674 698.3571672005998607 697.5238225069865621 696.4519800967896117 696.0424647263308771 695.6421511826051756 694.4273737304887391 694.3376729602617843 695.7056097062231856 696.5806693476927194 695.4009951605207789 692.9225683320837561
565.1099854039666752 568.1844251738644971 570.0100455052803454 569.6505537906757581 568.3984717094531334 566.3353653301279564 564.5273460977075501 563.3127844080020168 561.7838069889241979 561.5705331845110777 561.3309006611144696 561.8181505967202156 562.3626684983257746 563.6290890358031902 565.1964454365930806 565.8460547780543948 566.3066025585987973 566.3438653730573833 566.5459775049369000 567.2295011590967988 568.0963338198678230 567.2928651154803674 565.8959388683781526 562.7548724993561109
461.5931232091690504 424.9756446991403891 427.0706781279847064 486.2115568290353167 569.7808022922636155 655.8524355300859270 721.2320916905443937 765.3156638013371094 798.4579751671442409 836.0682903533906938 853.0362941738300151 870.4966571155682686 877.3543457497612508 866.0176695319961482 852.0616045845272311 829.9574976122254384 820.9632282712511824 804.4446036294174291 785.8772683858643404 779.6485195797516781 781.4288443170964911 782.6590257879655610 784.6131805157592680 787.6337153772683450
400.2814122533748673 405.7538940809968722 409.1298026998961745 412.9252336448598157 416.1915887850467470 418.2284527518172581 422.7040498442367493 423.9958463136032947 421.0109034267912875 414.0721703011422505 398.6022845275181794 374.0996884735202457 336.4672897196261943 280.5290758047767667 208.4039460020768502 124.8764278296988550 45.9299065420560737 -12.4745586708203522 -48.4963655244029042 -67.1941848390446523 -70.1754932502596063 -61.7975077881619939 -45.4044652128764312 -21.2139148494288676
204.2068250377074037 206.6206636500754144 201.8331447963800827 193.9534313725490335 184.3295625942684808 178.9734162895927625 173.6608220211161324 169.6510180995475139 164.3814102564102484 158.2313348416289500 152.9098793363499169 145.9886877828054423 141.2790346907993921 135.4521116138763261 127.0625942684766159 111.5086726998491713 89.4562594268476658 58.6689291101055801 22.1755279034690815 -17.1266968325791851 -49.3923453996983426 -70.8278657616892957 -76.1044494720965332 -61.6587481146304697
804.4955156950672972 800.7451420029894962 795.8460388639761049 792.8643497757847172 788.2630792227205347 784.9020926756352310 781.6864723467862177 787.7791479820627956 794.7952167414050564 800.0597907324364542 810.0071001494768552 819.6472346786248409 811.4020926756352310 802.5115844544095580 780.3310911808670198 747.7933482810163923 699.8882660687593216 630.0205530642750773 543.3363228699552110 460.9192825112107812 408.5112107623318138 386.1976831091180884 396.7899850523168652 415.3647234678624613
-65.3753123438280852 -60.7951024487756087 -54.2948525737131433 -49.4257871064467764 -48.4817591204397829 -55.3688155922039016 -65.4507746126936496 -81.4842578710644716 -109.0979510244877559 -145.6651674162918653 -186.1554222888555614 -226.8420789605197285 -262.1114442778610965 -284.6981509245377424 -279.2748625687156618 -243.4462768615692028 -177.2083958020989485 -101.5697151424287910 -26.5637181409295344 46.0694652673663185 103.4452773613193415 131.7416291854073052 137.0999500249874927 121.8885557221389320
117.3835454974068853 128.3884959924563987 153.7715700141442596 181.5622347949080506 208.9794908062234811 231.3295615275813191 251.4111268269683990 268.1539368222536268 288.9302215935879303 308.3611504007543545 320.2805280528052663 318.1914191419141957 302.4118340405469212 263.5447901933050616 192.3587930221593467 108.3889674681753945 41.6551155115511520 8.8498349834983490 12.8052805280528048 47.5070721357850090 88.9665252239509670 127.7322017916077357 160.0561056105610476 182.4816124469589909
99.3029490616622041 -1.1823056300268096 -84.0321715817694326 -96.9343163538873966 54.7506702412868620 373.9852546916890219 682.2238605898123751 829.1648793565683491 689.0000000000000000 428.5723860589812375 211.5965147453082977 98.5201072386059025 84.7962466487935700 131.9839142091152837 192.7815013404825777 239.5455764075067009 247.9423592493297690 207.4798927613940975 166.3646112600536071 139.0227882037533504 138.8605898123324494 159.3203753351206444 200.5308310991957228 242.2211796246648703
125.0048678720444997 111.4641863699582700 107.3327538247566082 113.4537552155771891 131.1481223922114054 152.6070931849791350 177.5361613351877565 206.3619610570236489 239.8484005563282437 281.9645340751043250 331.1481223922114054 385.2555632823365954 436.7284422809457851 484.0573713490959449 520.5455493741307009 545.2600834492350259 558.2437413073713515 559.9631432545202188 551.6015299026425964 541.0455493741307009 526.0177329624478944 511.4429763560500533 500.2068845618915134 493.7646036161335132
116.1487119437939128 128.1229508196721270 134.5942622950819612 136.9016393442622928 138.2564402810304500 141.5983606557377072 148.0462529274004737 154.9882903981264519 165.9543325526932165 172.4197892271662624 167.9490632318501184 153.4508196721311606 122.3208430913348934 74.2991803278688536 7.0532786885245899 -70.3319672131147513 -154.6188524590163809 -232.2681498829039697 -282.6908665105386262 -305.7435597189695500 -305.9877049180327617 -289.1510538641686026 -259.5813817330210895 -225.6194379391100711
-140.6173913043478194 -149.8385093167701996 -152.4355590062111787 -149.9917701863354011 -143.6464285714285722 -136.3256211180124353 -129.2074534161490647 -122.3392857142857082 -115.2767080745341559 -106.5161490683229744 -94.7456521739130437 -81.4830745341614886 -68.4218944099378916 -53.8745341614906863 -41.1198757763975138 -29.9405279503105604 -20.8077639751552788 -13.3982919254658377 -7.4697204968944098 0.3406832298136646 9.1982919254658384 18.9875776397515530 25.5645962732919259 28.1846273291925478
2.2820618556701029 -17.6321649484536067 -31.3942268041237114 -34.5381443298969089 -17.3670103092783492 9.4564948453608242 35.6536082474226816 54.2569072164948452 67.3707216494845369 75.4127835051546356 88.5336082474226771 111.3220618556700998 147.2663917525773059 186.2692783505154637 214.7480412371133980 204.0692783505154750 115.6461855670103063 -40.8635051546391779 -176.0474226804123816 -205.6251546391752640 -130.4597938144329987 -13.7356701030927830 81.8865979381443339 134.6915463917525813
840.5511469775087789 843.8249271463797641 844.5894044683553830 844.4614809833370828 844.2024209818426925 842.9686916237017158 842.1841141746992889 841.4498991257565876 839.8950160651572787 838.1462302921617038 837.2222969438839755 835.9242322349249434 834.6319210939251434 833.6704027497571587 832.7838302323843891 832.3985653440932992 832.5937383247403432 834.0076216095045538 836.8066950608981642 840.3966973025479774 843.0785324665620237 844.4493760741238475 843.8778300829410455 840.7042516625569988
854.1760517799352783 905.1145631067961403 899.5106796116505166 871.9313915857604798 782.6343042071197260 617.0951456310679077 456.4258899676375449 402.1067961165048814 449.3838187702265259 543.6349514563106595 646.7223300970873652 717.2789644012945018 737.9035598705501116 753.7190938511326976 784.5391585760518183 800.4569579288025807 804.0466019417475536 784.0077669902913158 740.5598705501618042 712.8233009708737882 692.6957928802588640 701.0886731391585727 703.5210355987054527 691.4252427184466114
293.2752820949542070 292.8967426016606623 293.0055354481584118 293.6885778156270135 294.5236853310623815 295.1430168192463270 295.8942942303597761 296.4211730892058654 297.2468064722162921 298.5928252075793239 300.2300404513519538 301.7998722588886267 303.5054289972322863 304.4441132637853684 304.8721524377261858 304.6722375984671203 304.7869916968277835 305.4618373429848930 306.3427719821162327 307.6707472855013634 308.9805727059825244 309.7004470938896930 309.5918671492441945 308.9035554609325231
951.5830399749667095 951.1203160447469145 950.4719549401548875 950.6467965266369902 950.8315731831338553 951.5941484784478916 953.1829773918485671 955.5727137604631025 959.5019166079949855 965.3968551983102770 970.9464132050379703 977.2610498318078953 980.9702730188531632 983.8537119611984281 982.8701400297269402 981.3736994445748678 979.0108738167879210 975.4883047797856079 969.9375733395916086 965.8950168192129695 963.5497926934209545 962.1875928968161134 960.4664789173120880 959.1510600015645878
1861.8736842105263349 1698.1894736842104976 1305.6421052631578732 1960.1157894736841172 1636.2842105263157464 1493.6947368421051578 1230.0421052631579641 1074.5157894736842081 985.9789473684210179 841.9684210526315837 674.6421052631578732 533.8526315789473529 480.9157894736841854 473.6631578947368553 489.0000000000000000 526.7473684210526699 563.5263157894736423 600.2000000000000455 641.4315789473683935 667.8631578947367871 680.8105263157895024 686.8947368421053170 687.9473684210526017 691.9368421052631675
231.4287326668816434 227.7473395678813404 233.6252821670428830 247.8318284424379101 267.0654627539503281 289.4867784585617301 317.7715253144147027 349.7460496613995247 385.2537891002902484 419.7078361818768144 447.7370203160270989 466.4804901644630490 472.8663334408255423 468.2563689132537661 456.3642373427926486 440.3379554982263926 424.1952595936794523 411.4006772009029191 403.0072557239599860 396.0912608835859601 387.9519509835536724 380.6870364398581046 376.6617220251531535 375.2612060625604613
760.6761807679239382 763.1335372069316918 763.8463302752293203 764.2243459055385983 765.4763846415222588 766.9586306489976550 768.3273870200475812 769.8278117567108438 770.5963302752293203 772.0501189262656681 772.6866292898403117 773.2599388379204584 772.7012402310567722 771.9569317023444910 771.3743628950051061 770.8044512402310602 768.4065579340808654 765.7533129459734482 762.7808358817533190 759.9523445463812550 756.9589704383282651 755.1002378525314498 754.5220013591573434 752.1698097179748856
140.4760273972602818 43.6404109589041127 -27.9794520547945211 -90.4589041095890423 -111.8030821917808169 -58.3647260273972606 55.3167808219178099 220.2945205479452113 496.1866438356164508 786.7380136986300840 904.0633561643835492 770.0325342465753238 548.7431506849314928 356.8801369863013520 222.3801369863013804 140.9246575342465633 101.2928082191780845 75.9229452054794507 94.8321917808219155 175.4777397260274086 260.5770547945205635 299.8047945205479436 324.8133561643835492 352.5924657534246762
356.4107946026986724 464.2083958020989485 581.2743628185907028 654.1514242878561163 683.2623688155922537 675.4992503748126182 657.2638680659670172 630.7556221889055905 577.9475262368815720 509.3283358320839511 360.7781109445277252 118.2668665667166437 -146.2668665667166294 -145.5382308845577199 248.6926536731634201 643.2173913043478706 734.1799100449775324 718.2908545727136698 705.2443778110944095 679.9985007496252365 613.0284857571214161 554.5472263868066420 506.2638680659670172 431.4467766116941334
618.2266462480857854 645.7871362940276185 648.5899693721286212 630.2944104134762711 597.9835375191423736 556.5482388973966863 498.5895865237366138 432.2140122511485174 363.3097243491577615 302.7515313935681434 254.2461715160796416 222.4245788667687691 205.6868300153139444 195.8985451761102468 187.3526033690658608 182.7863705972434900 178.4471669218989405 176.3721286370597170 170.2967075038284861 160.8016845329249520 153.7986217457886653 149.5915007656967930 152.8055130168453388 162.2048238897396573
-20.0483946021405295 -28.4248487668683119 -52.9804560260586328 -88.5146579804560218 -127.6091205211726418 -162.6900884132154488 -190.3387622149837171 -212.6170311772917501 -227.3066542577943210 -241.5286179618427127 -256.6193578408561962 -273.3378315495579614 -288.4867380176826259 -305.6058631921824258 -324.3569101907864365 -342.9367147510470204 -357.5411819450907274 -371.5132619823173741 -380.3550488599348682 -388.8431828757561561 -392.0688692415076844 -393.0623545835272239 -386.1903210795719019 -365.9972080037226760
417.9732899022801575 412.4631921824104097 411.2096091205211792 414.6149837133550591 420.6022801302931384 428.4688925081433126 435.9736156351791578 445.6742671009772039 457.0876221498371592 469.6649837133550704 479.9504885993485459 488.2175895765472546 492.3188925081433354 489.1973941368078158 478.1944625407165859 457.8394136807817745 428.3570032573289836 391.0377850162866480 349.0420195439739359 309.2807817589576302 276.2680781758957664 252.2837133550488602 245.0395765472312632 253.4499999999999886
539.5326842837273489 552.1147426981918898 571.7865090403338399 619.4339360222530786 695.0215577190542717 769.1884561891515659 836.4374130737135147 891.1655076495131880 923.9777468706537320 904.9554937413073503 860.0952712100139479 728.8525730180806477 572.4596662030597827 449.1307371349096229 447.4930458970792984 527.0778859527121085 619.0264255910987004 703.5062586926286485 738.3970792767732974 741.5236439499304879 741.5591098748261629 744.8289290681501598 743.8504867872044315 724.3866481223922165
53.8248125426039508 72.7580095432856240 94.1301976823449280 110.1571233810497574 118.5882753919563726 131.7747102931151915 155.3237900477164146 183.9444444444444571 217.4393319700068048 234.6523517382413218 202.1687116564417295 98.6090661213360562 -46.0204498977505096 -145.3445807770961267 -146.7832310838445835 -62.4154737559645554 44.8957055214723937 133.8227675528289069 192.9154737559645412 232.4032038173142496 253.9608043626448648 259.8210633946830512 248.3663940013633180 234.8755964553510580
426.2654300168634336 413.1126475548060739 397.5983136593591780 375.6549747048903782 353.2455311973018297 335.4860033726812958 321.3403035413153361 316.1632377740303355 323.7588532883642642 340.8934232715008648 364.6988195615514314 404.8543001686340403 461.4526138279932752 531.5487352445194347 593.1821247892073643 631.5025295109612671 644.2394603709949479 628.4478920741989896 584.9517706576727960 527.2583473861719767 471.1129848229342088 424.7618887015177052 396.9993254637436735 384.6795952782462109
1007.2407364431036285 1010.8226193238957649 1013.0781310435522755 1014.1811711920786365 1015.0195714396224957 1015.1969521157267309 1015.3405275779376780 1015.3208014233774747 1014.9187746576932341 1014.7350506691420833 1015.1852711379283392 1015.3813723214976790 1015.1857352827415752 1015.4164926123617079 1015.3942136613289904 1014.2468476831437556 1013.0023207240659531 1012.0901988086949359 1011.4793068770790114 1011.0089734663881700 1010.6416802042236895 1009.7000850932157618 1007.9571439622495745 1005.0444031871277275
269.5702111893293704 268.9783716191182066 268.4330770655798233 267.2713968136346807 265.7257317525009057 263.7994164505372510 261.5949888847721354 260.0653945905891078 258.8056224527603035 258.6442663949611074 257.9367358280844655 257.0713227121156024 256.1593182660244565 255.5200537236013361 255.3429047795479789 255.4773990366802536 256.1508892182289969 256.4446554279362545 256.4569284920340806 255.9064005187106261 254.9186735828084522 253.7759818451278306 253.3873193775472430 253.1635327899221863
597.7693548387096598 638.2145161290322903 635.4709677419355103 706.7870967741935146 803.2403225806451701 868.7645161290322449 939.4935483870967801 888.7887096774193196 706.4919354838709751 381.8693548387096826 105.5838709677419303 154.7725806451612982 579.0758064516129480 864.9209677419354421 896.4306451612902720 818.6564516129031972 757.5387096774193196 659.7354838709677551 602.5919354838709978 609.8999999999999773 646.1499999999999773 687.1483870967741723 700.4193548387096371 689.2758064516128798
351.3319881624966570 374.4880279795534079 381.6190476190475920 369.5361850955071077 346.8606403013182558 327.2052730696798335 308.6074791498520540 291.1423190745224474 266.4659671778316010 234.8681732580037647 202.4581651869787322 173.9453860640301457 151.0901264460586617 134.5103578154425747 130.5407586763518850 139.1471616895345846 157.0944309927360791 187.0664514393328091 239.5028248587570658 318.8512241054613696 416.5644336830777661 500.5512510088781255 536.0608017218186205 512.8030669895076699
436.3108982655966770 441.1527310380533322 450.2681853481749954 468.0854258348433632 486.4486150660108592 506.0326171369401891 522.7157649495211444 529.8169816205022471 527.0396065234274374 516.6779704892570635 497.9981879368366435 469.0380533264302585 429.1348692725860587 379.6619207869531465 328.0535852964017636 278.8804038312192688 237.7776339632410156 208.3277245663991835 187.3212529122443755 181.1806885840020698 187.6945379238933356 198.0962982138234452 209.4012425575977261 221.4889981879368293
502.5105718404612958 522.0252282556463115 523.1446419990388677 508.9949543488707491 481.7217683805862407 442.9942335415665298 404.1069197501201415 368.5903411821240070 340.2196059586736965 322.7018260451706055 312.1737145603075305 311.0257087938491054 316.8325324363286768 329.7755886592984211 345.3089860643921156 366.8498318116290307 396.5665545410860204 435.4031715521384172 481.1713118692936177 530.2758289283998465 566.6489668428639561 583.7265737626141799 581.1242191254204954 556.8998077847188597
457.0033388981636335 473.7231496939343174 436.6816917084028660 346.6869782971619429 233.6160267111852988 130.6046188091263218 75.9860879243183120 67.8478018920422983 94.1791875347801835 130.5968280467445766 160.8720089037284424 173.8066221480244735 170.8135781858653388 162.6163049526989539 157.0077907623817453 151.5603784084585470 147.3998330550918183 145.0306065664997277 147.5267111853088409 150.5751252086811292 150.3592097941012753 146.0598219254312653 140.6107401224262787 136.8951029493600515
612.7950065703022346 627.5860709592641342 652.0512483574244698 680.6307490144546364 683.7779237844940781 675.2996057818659210 667.5413929040736321 646.4980289093298325 626.0998685939553070 605.8462549277267044 587.1432325886991066 560.8554533508541908 576.9093298291721794 609.4480946123521790 696.8567674113008934 813.9566360052562004 901.8331143232588829 1006.8107752956635750 1027.5926412614981018 932.2470433639947487 672.8633377135348610 358.1090670170827934 192.7358738501971231 363.9513797634691059
310.3600654664484182 296.9918166939443722 280.0523731587561542 281.3502454991816535 327.9492635024549827 415.8837970540098468 520.4549918166939051 592.4026186579377509 608.9263502454991794 586.6382978723404449 582.5253682487724518 578.1882160392798369 536.9018003273322392 486.5220949263502348 397.4566284779050989 186.3338788870703695 -75.5073649754500877 -218.1309328968903571 106.9034369885433762 602.3175122749590855 775.4599018003273159 747.6202945990180524 705.8985270049099654 650.8805237315875729
-353.8833333333333258 -368.6055555555555543 -337.0000000000000000 -262.3805555555555316 -167.2305555555555543 9.2083333333333339 266.4666666666666401 556.2416666666666742 765.7888888888888914 814.6833333333332803 695.5888888888888459 479.4166666666666856 220.2388888888888800 -67.3499999999999943 -354.3194444444444571 -549.3999999999999773 -600.5805555555555202 -510.1750000000000114 -357.9583333333333144 -215.1750000000000114 -95.9305555555555571 19.2500000000000000 146.5611111111111029 252.8472222222222285
358.5936269244539858 350.3920515574650949 333.9237379162191246 315.1306838524883460 286.9298245614035068 247.2151808091657585 200.4718940207662001 158.4683136412459703 125.5950590762620891 107.1081274615109180 103.1371285356247824 110.5506623702112421 124.4829931972789154 150.8857858933046998 191.1027568922305875 260.2789115646258438 359.4393125671321059 472.5592552810597908 540.6920873612602918 533.6319369853204080 464.9366272824919406 374.4385964912280542 299.2842821339061743 256.9255281059792537
315.8741830065359295 318.5473856209150085 331.0767973856209210 334.4477124183006254 345.9575163398693007 377.5931372549019329 397.9526143790849915 430.7287581699346219 494.7745098039215463 554.2908496732026151 575.2173202614378624 565.0032679738561683 559.1879084967320068 590.3578431372549176 568.8464052287581580 539.4901960784313815 492.2973856209150085 352.7058823529411598 101.8513071895424815 -179.5816993464052302 58.7892156862745097 647.3888888888889142 889.8513071895424673 810.0326797385621376
310.2281619213635508 326.8692620569436258 339.3428239395699961 345.6089482858802739 344.5115243075730973 328.5227580863838739 291.2202208018593979 232.6534960294402481 164.9101297695138442 100.8700368003099044 59.2655432887855866 45.3441797404609730 55.6968816579508044 79.7981793530892958 105.2262250629479041 129.8067015301181470 149.5653689715281871 168.3664536122409459 185.1220220801859284 200.4319194266899160 214.7472399767576974 227.1981406159209769 236.5847375556846828 241.8334301762541259
765.1677982541222036 775.8404461687681533 773.0281280310377952 772.8996120271581276 772.1750727449078795 766.2027158098933342 756.5169738118331679 742.7904946653734441 715.4907856450048484 672.6891367604267771 613.9112512124150953 549.6527643064985114 489.1333656644034704 439.3113482056256203 393.5611057225993932 356.0902036857419830 326.1852570320077689 293.8627546071775214 252.3666343355965012 217.7289039767216252 190.5872938894277411 171.5009699321047663 162.3874878758486773 166.9966052376333607
-480.7108042242079478 -496.8708367181153562 -510.3127538586514902 -521.2420796100731195 -530.9358245329000283 -538.9577579203898949 -544.1145410235581039 -548.3793663688059041 -554.1332250203087142 -558.8643379366368436 -561.5158407798537610 -563.8952071486596651 -566.9821283509342038 -570.1299756295694579 -570.6994313566206074 -572.5410235580828839 -571.3184402924451888 -565.3558082859464093 -558.3241267262387737 -551.2347684809097927 -539.7489845653940392 -522.4914703493094521 -506.0251827782290661 -485.0901705930137950
202.4375000000000000 174.1803977272727195 145.0990767045454675 128.0394176136363740 119.6193181818181870 119.8593750000000000 133.6157670454545325 160.0440340909090935 195.5703125000000000 252.3419744318181870 343.8497869318181870 464.4765625000000000 544.5550426136363740 533.6246448863636260 456.9204545454545610 360.5188210227272521 276.1107954545454390 215.7286931818181870 192.4286221590909065 197.0696022727272805 213.4037642045454675 231.5340909090909065 252.8231534090909065 269.6083096590909349
61.3264367816091962 191.1586206896551801 966.3724137931034193 1063.4183908045977205 999.8735632183908137 969.6896551724138362 785.8988505747126965 538.5149425287356735 451.9701149425287099 543.5011494252873945 700.1563218390804195 803.7655172413792570 795.6367816091953955 719.1241379310345110 668.2413793103448825 672.0781609195402098 682.9609195402298383 689.8505747126437200 705.5195402298850240 715.7793103448275360 728.7977011494252793 728.3494252873563255 729.2022988505747207 718.8298850574713015
498.4833133891769990 503.7389974737401985 504.8339316580241984 502.8207685148251471 499.0858928333998392 491.0394894295971540 478.6941896024464995 462.9271373487567871 443.6987102778885514 419.4616407392633732 394.9315250631564709 370.0646190666134885 348.6021805610956221 332.8453663076718385 322.3560696715862264 316.6367504321233923 316.1651376146788834 320.1672649913575128 327.2579444222842540 335.4532641935912807 344.8770110357665430 354.0948012232415749 363.8526791650046448 371.1648716925940903
905.2803443328550657 927.5523672883787185 937.5781922525108030 936.5713055954089441 942.5779053084648922 931.1850789096125709 907.1282639885222352 882.3437589670014631 850.9802008608321557 819.6659971305595036 788.4944045911047397 759.2324246771879643 734.6321377331420308 720.8005738880917761 711.9681492109039027 709.4835007173601298 709.5460545193686812 707.1276901004304136 703.6998565279770901 697.8912482065996983 685.6657101865135928 670.1202295552367332 652.9764705882353155 638.7919655667144525
467.0297029702970235 381.2772277227722952 228.2202970297029765 41.6782178217821766 -148.1311881188118775 -278.7202970297029765 -343.4925742574257583 -363.5990099009900973 -324.9084158415841443 -288.0594059405940470 -235.2772277227722668 -136.4108910891089010 48.1658415841584144 329.3415841584158557 644.8663366336634226 852.2450495049505435 870.3712871287128792 713.5965346534653690 444.4405940594059530 157.9579207920792214 -111.4430693069306955 -343.3069306930693187 -467.3168316831682887 -445.6881188118811679
634.0361384023921119 635.5525843656556617 634.0981631781289707 633.4937206322084648 634.8205894916702619 635.5038017941051294 635.1411362665527349 635.4539940196497128 635.2133276377616085 635.5146518581802866 635.3226826142673644 635.6232379325074362 634.8416915847927839 634.0465612985902908 633.4397266125587294 631.4856044425458776 629.3601879538658750 626.3548056386159715 623.1703545493378442 619.8067492524562567 617.4887654848355396 616.4874839812046048 614.5174711661683205 612.3779581375480348
450.9467072706509043 452.4960791777693316 451.5724400456794569 450.0218500190331383 448.0729349067377143 445.7203654358584117 444.4716406547392467 443.4843547773125465 443.9156452226874876 445.8186524552721721 448.0671488389798469 449.8100494861058110 450.8044156832889371 450.0519223448800972 448.2640274076893547 446.4012181195279823 444.2057099352874161 442.8530643319375599 441.0861819566044915 438.6062428625808707 435.0299961933764621 431.2507803578226344 427.5238675295013309 423.5652835934525910
165.2073374096720499 173.6831573096164618 152.9705391884380106 91.2073374096720357 -6.2973874374652583 -126.4580322401334058 -239.9471928849360722 -310.0544747081711989 -312.9555308504724849 -267.8410227904391263 -199.9043913285158283 -133.2795997776542549 -79.6375764313507517 -49.4552529182879397 -37.6381322957198421 -39.4869371873262907 -52.2434685936631453 -61.4269038354641452 -71.8048916064480238 -80.5419677598665942 -82.0266814897165091 -86.6714841578654784 -86.0366870483602071 -86.2506948304613701
177.7027992852888758 184.1703394877903577 182.1191185229303073 178.8582489577129309 166.1244788564621899 144.8737343656938776 108.4794520547945211 57.8832638475282906 -9.2406194163192374 -84.0810005955926130 -155.5312686122692014 -217.0994639666468231 -263.1286480047647274 -289.2483621203097073 -297.6837403216200073 -294.3692674210839755 -281.5783204288266575 -269.0893388921977589 -263.2793329362716008 -263.9118522930315862 -267.3222156045264910 -257.7742703990470545 -245.0720667063728513 -229.2013103037522228
143.4282363977486057 149.8606941838649220 175.6594746716697841 211.0499530956847991 254.1707317073170600 304.2896341463414842 356.3930581613508366 414.1458724202626627 465.6885553470919490 482.5717636022513943 460.4974202626641500 409.3032363977486057 348.7593808630393823 291.3346622889305877 244.9690431519699700 217.4326923076923208 208.4007973733583583 217.8550656660412699 238.0004690431519805 261.4617729831144288 287.3560037523452024 308.7354596622889176 328.2666510318949236 339.5982645403377091
-74.3798742138364730 -65.5522012578616398 171.4327044025157250 549.6805031446540397 805.8981132075472260 765.8603773584906094 526.6415094339622556 297.1257861635220365 153.7660377358490678 119.6704402515723302 148.9534591194968414 202.4264150943396317 253.1911949685534466 273.7433962264150864 249.4968553459119391 206.5937106918239010 177.0628930817610183 154.1433962264150921 154.6805031446540966 180.1081761006289241 223.0163522012578596 257.4805031446541079 289.8025157232704601 306.5207547169811164
501.9331210191082846 669.4777070063694282 729.4267515923567089 663.7579617834394412 479.7993630573248538 231.5605095541401397 -16.8057324840764331 -245.4267515923566805 -403.2738853503184941 -476.1210191082802794 -441.2770700636942820 -347.5095541401273636 -283.5732484076432911 -236.2961783439490375 -182.3280254777070013 -58.6464968152866248 148.3280254777070013 422.4458598726114928 695.4713375796178525 830.5859872611464425 798.2643312101911306 607.5668789808917154 351.6019108280254954 116.9745222929936261
-353.0663562281723102 -363.4279394644935905 -370.0121071012805487 -373.3867287543655493 -375.2407450523865009 -376.7878928987194627 -379.0202561117578739 -381.4561117578579683 -382.9946449359720759 -384.5874272409778882 -384.8679860302677298 -385.0654249126891955 -385.1848661233992743 -382.5743888242142248 -380.0994179278230263 -377.4614668218858924 -373.7655413271245379 -370.0596041909196856 -367.7597206053550849 -365.5699650756693586 -363.1885913853317902 -358.5101280558789085 -351.9958090803259552 -344.0358556461001172
29.9844112769485918 18.2995024875621901 2.2467661691542289 -14.7698175787728019 -30.1389718076285256 -45.1127694859038115 -49.3787728026534012 -37.3313432835820862 -14.0968490878938635 14.2756218905472636 41.8132669983416250 64.4965174129353187 79.8252072968490864 99.1263681592039774 119.3787728026534012 142.9505804311774568 169.5283582089552112 183.0713101160862379 165.6119402985074487 90.4222222222222172 -38.8258706467661696 -163.9270315091210648 -221.6295190713101135 -182.4424543946932147
-178.2349397590361377 -75.8644578313252964 110.6777108433734895 372.9277108433735179 637.6144578313253533 809.8222891566265389 816.1867469879517785 667.0391566265060419 434.7801204819277245 152.4487951807228967 -130.1716867469879446 -382.2861445783132694 -516.3463855421687185 -515.4518072289156407 -421.1927710843373234 -314.8855421686747036 -247.4216867469879446 -158.5240963855421796 -19.8614457831325311 176.1415662650602485 384.7680722891566347 590.1475903614457366 677.9668674698795030 625.5391566265060419
177.5114245562900237 174.9847499089158305 172.8788320408056904 171.5722687763493468 170.9971894030083774 171.1259043356060943 171.0360172799666998 170.9241659293186899 170.2069952636235826 168.7435590485608827 167.6550772914172569 167.0740123874460039 166.3897881642637913 166.0986831832613291 165.6529953677197682 165.7422057981574994 165.4301254359027666 165.0897309113620963 164.1485973039088151 163.7031697288294367 163.3182220371623430 163.5979805340134305 164.2601363660021718 165.2213605371363201
196.0803960396039543 221.3948514851485072 221.0360396039604041 157.6039603960396107 19.4372277227722776 -130.2728712871287087 -201.5481188118811815 -160.9718811881188003 -56.8479207920792078 57.7465346534653463 147.1489108910891161 202.4027722772277116 234.5912871287128780 245.7005940594059439 234.8194059405940664 214.4590099009901110 193.6241584158415776 168.5782178217821752 139.4974257425742508 123.2910891089108958 120.5358415841584190 113.7469306930693023 91.9671287128712862 67.6114851485148449
285.7177746009053863 279.2329044555634709 272.3564450798189114 266.9203002144388961 263.5508696688110604 265.4441267572075276 269.7659042172980435 274.3121277102692375 279.8323802716225828 285.8851560638551064 292.7463664522277895 301.8042649511555737 313.2454133905170579 327.6081725041696586 346.2591136526090168 367.7996187753157074 389.9088634739099462 411.9552060995949319 431.7700738622825725 448.7214677150345210 460.8974267333809962 467.7338575172742594 466.7257564927328986 458.8715749344769961
272.0991602067183521 260.5750968992248318 253.5846253229974252 255.8947028423772565 266.2550064599483335 283.1957364341085395 302.4218346253230152 321.2278746770026032 339.0164728682170789 354.1280684754522099 364.1713501291989701 371.8430232558139323 374.7270671834625091 374.7343346253230152 366.3091085271317979 347.0471576227390074 313.6791020671834644 268.9108527131783148 216.0172803617571162 166.7635658914728651 132.3488372093023315 113.8281653746769990 113.6083656330749392 127.5056524547803605
179.5735785953177128 162.8492594362159593 141.2271858576206398 119.8602484472049667 99.4997611084567666 86.4082656473960782 84.3913043478260931 95.8609651218346812 121.5606784519827954 149.3349259436215846 176.2257525083612109 196.2202580028667001 215.8227424749163958 239.8167701863353898 276.8136645962732700 316.6098901098901024 347.6208791208791240 355.0482560917343449 335.5972288580984468 286.8205924510272098 217.4388437649307093 143.4285714285714164 84.4417104634495956 67.9429049211657912
469.7198515769944152 498.3487940630797652 526.9350649350649292 552.0500927643785190 568.6586270871985107 593.4248608534322784 609.1892393320964629 633.5417439703154514 651.4397031539888303 652.3172541743970214 638.1298701298701417 599.0909090909091219 551.9610389610389802 514.8961038961039094 486.3395176252319061 481.7829313543599028 508.3339517625232133 546.6771799628942290 620.7736549165121005 752.8385899814471713 1005.6771799628942290 1035.1020408163265074 1290.1762523191093806 1313.8348794063078913
-224.5361189801699595 -300.9596317280453377 -340.7025495750708046 -338.2535410764872381 -297.4929178470255238 -218.9171388101983098 -126.4745042492917833 -42.1253541076487252 21.6409348441926355 62.3541076487252113 73.4454674220963142 64.3541076487252184 42.9617563739376749 21.1579320113314431 1.6628895184135977 -15.9985835694050991 -37.9412181303116114 -69.1246458923512819 -112.5644475920679923 -162.2988668555240679 -202.0247875354107521 -207.4567988668555358 -188.1168555240793125 -144.3767705382436191
243.3754433833560711 265.4360163710777556 308.8586630286494028 368.0567530695770984 438.7890859481582311 495.0106412005457059 511.3819918144611165 475.7034106412005485 399.4821282401091480 313.2499317871759672 238.7315143246930518 185.6613915416098166 174.6245566166439289 194.5448840381991715 233.1789904502046511 273.5233287858117137 305.6245566166439289 328.9296043656207189 343.9713506139154333 352.4627557980900292 356.6799454297407692 358.7025920873124392 357.5435197817189419 357.0889495225102337
735.0007947019867061 733.5324503311258013 742.0707284768211593 756.9459602649006911 776.0180132450331030 795.0725827814569584 811.0993377483443965 825.4513907284767811 840.3777483443708434 854.5157615894039509 870.2707284768212048 888.6225165562914299 907.7446357615893930 921.8468874172185679 944.2860927152318027 952.6961589403973676 966.9607947019867424 965.3679470198675290 970.9528476821192271 973.1692715231788497 972.3811920529801682 971.2694039735099523 961.4288741721853739 942.0508609271523710
785.3780428432327199 792.7288218111002607 792.2672833495618079 790.3120740019473942 782.5688899707887458 767.0182570593963192 746.2806718597857980 720.5413826679649674 690.4191820837390878 661.5138753651411889 631.5053554040895278 600.0343232716650164 573.2838364167478176 551.2302823758519708 535.8067185978578664 531.7005842259006840 532.8461538461538112 531.7818889970789087 530.0148490749757002 525.4963485881207816 520.4466893865627526 510.7865141187925815 498.2884615384615472 480.7166504381694381
296.0572916666666856 287.3762254901960773 303.0214460784313815 358.7227328431372371 443.1384803921568505 536.1672794117647527 606.6908700980392268 632.9227941176470722 622.6023284313725981 582.5563725490195566 527.9905024509804434 476.6556372549019329 443.1786151960784537 428.3345588235293917 426.2524509803921546 430.4139093137254690 434.6424632352941444 442.6204044117646959 450.3216911764706083 459.6130514705882320 467.1835171568627629 475.6225490196078454 482.2457107843137010 486.2196691176470722
-71.8021978021977958 -223.3461538461538396 -333.0989010989010808 -392.8901098901098976 -373.0769230769230944 -333.3269230769230944 -277.7060439560439704 -215.3489010989011092 -87.7802197802197810 144.7445054945054892 448.4450549450549488 720.0714285714285552 855.9505494505494880 804.5549450549450512 608.3379120879120592 356.1758241758241752 82.8104395604395620 -209.4615384615384528 -432.7472527472527304 -545.1291208791209328 -519.2170329670329920 -405.9807692307692264 -280.0576923076923208 -160.0659340659340728
800.3434452871072153 784.5742145178764986 638.2708559046586743 405.9501625135428071 201.8981581798483091 78.3412784398699955 150.2091007583965450 371.3531960996749604 549.6782231852654377 617.3315276273023073 612.9848320693390633 561.7659804983749154 460.4019501625135149 340.2231852654388149 245.1895991332611118 212.3813651137594718 223.7573131094257803 245.8949079089924226 274.0920910075839743 285.8992416034669759 273.2221018418201766 259.3001083423618525 237.2166847237269849 228.9219934994582957
122.1614367587811358 119.6683879021732935 117.5461612665266955 116.4593996481870306 116.2188049707768300 116.0963513590194651 115.7777336435340203 114.9504057197979847 113.6231629121034956 112.8282358281790891 112.3179367871531582 112.2892810531691481 113.3290586165806104 114.2719741247233713 115.2148896328661465 115.6184531578051349 116.0678091130908456 116.5198320376780288 116.4567326788855439 116.6653237246779753 116.2546671962775946 115.7306928445781011 115.2799182886001290 115.7638881007773932
-43.9981296758104747 -58.4301745635910237 -66.9688279301745695 -69.3322942643391542 -61.7337905236907716 -45.3812344139650889 -23.5196384039900259 3.5480049875311721 35.2484413965087313 72.4510598503740653 114.1642768079800447 159.1496259351621063 206.7549875311720768 251.7889650872818095 290.5071695760598232 317.0766832917705642 337.2434538653366758 352.3600374064837979 363.1324812967581011 369.8036159600997621 374.9738154613466463 377.5620324189526400 374.0667082294264105 363.5657730673316905
49.3517864153906558 34.3537495092265388 44.3156654888103674 74.5708676874754559 120.6619552414605465 170.8351001177856290 215.9185316058107560 252.1383981154299079 280.8390263054574234 303.2479387514723044 318.0594817432273089 327.9872398900667463 333.5098154691794434 335.7838633686690173 336.8178248920298188 337.0716529250098006 336.3496270121711973 336.0528072241853010 332.7495092265410221 327.1272084805653435 320.7962308598350774 316.6961130742049590 313.1570475068708106 311.3337259521005080
137.0280373831775762 127.9016466399643974 124.6497552291944828 126.1490876724521542 128.8540275923453464 136.1286159323542506 142.0191366266132604 144.8210947930573980 146.3493546951490885 146.0111259457053734 145.2296395193591536 153.6880284824210037 169.3319982198486855 193.3871829105474092 225.8931909212282960 274.9127725856697566 334.6417445482866242 402.9176680017801573 477.5429461504227788 553.6510903426791401 612.9327992879394742 646.4459279038718478 653.0916777926123586 627.7200712060524666
618.8391038696537407 709.2464358452137958 721.5580448065172732 662.6863543788186917 607.7433808553971630 525.2566191446028370 404.0916496945010294 275.0386965376782200 103.3156822810590683 -89.6191446028513212 -216.6272912423625314 -91.9755600814663978 210.7209775967413350 469.0162932790224204 616.9572301425662317 714.3849287169042555 780.2199592668024479 755.5723014256618626 635.2688391038697091 483.8065173116089568 372.4989816700610845 268.4643584521384696 139.2362525458248399 25.7372708757637483
-9.5994202898550718 -13.5163768115942027 -18.8242028985507233 -23.6830434782608705 -28.7082608695652191 -33.2452173913043509 -36.6205797101449306 -40.3908695652173932 -46.1992753623188435 -53.3710144927536234 -62.6876811594202934 -72.3162318840579701 -81.7618840579710167 -92.2082608695652226 -103.3069565217391244 -113.6092753623188401 -123.5037681159420231 -131.0557971014492864 -137.1266666666666652 -143.1675362318840712 -147.0888405797101370 -147.2546376811594087 -143.5500000000000114 -135.7672463768115847
593.5530085959885582 553.5042979942693364 456.4297994269340961 321.7306590257879861 124.1489971346704806 -89.5128939828080235 -192.9512893982808066 -141.5300859598853833 98.2292263610315217 337.6389684813753433 503.6676217765042907 640.8424068767908466 769.3209169054441645 831.0945558739255148 787.2120343839541192 644.4842406876790619 471.4126074498567505 337.3553008595988558 141.4899713467048628 -76.6905444126074514 -219.1977077363896740 -73.2177650429799485 219.5730659025788043 431.9083094555874140
1125.7670329670329465 1187.3714285714286234 936.9736263736264164 493.4373626373626394 175.7956043956043857 218.7362637362637372 643.9208791208791354 833.3362637362637315 890.2857142857143344 848.6109890109889875 745.0329670329670080 668.2879120879121047 673.6769230769231172 693.7208791208790899 737.5758241758242093 764.0307692307692378 765.0263736263735836 756.1164835164835267 761.0505494505493971 744.9824175824176109 739.2725274725274858 727.6219780219780660 714.4989010989011149 709.1736263736263481
504.4865922881190272 507.5392444705422008 514.0201605010764752 527.4088862791153360 542.8798199256214048 557.5161479741632320 573.0706596202779792 589.3446858485026496 606.6220395380701120 621.1558034840477376 637.1254648659229360 651.3221765511841568 665.5815228028968704 678.7275396359366368 690.7888040712467728 697.6952436876100592 705.4069289489136736 709.2515169309062912 712.0526521824232304 714.8428263848111328 719.1237032687414512 727.9661381875122288 728.3394010569583088 723.3996868271677840
290.2661795407097998 300.8029227557411218 312.1329853862213213 327.2469728601252541 345.3327766179540959 363.2208768267223604 377.2807933194154657 384.6041753653444744 381.1931106471816406 359.8098121085595267 316.4757828810020897 246.7628392484342328 167.2104384133611745 105.5417536534446725 75.1519832985386245 71.8826722338204576 88.0409185803757879 112.8066805845511453 137.5123173277661692 162.2045929018789252 186.7521920668058328 208.7181628392484356 231.3868475991649234 251.1588726513570009
-148.3521637729981819 -167.5856439492096399 -159.6125939362529209 -130.5615444415651609 -92.9217413837781834 -52.1531484840632302 -19.2720912153407617 8.7450116610520858 32.2842705364083926 52.1738792433272849 72.4348276755636107 92.6219227779217391 112.8328582534335283 128.7444933920704955 139.9590567504534988 151.6874838040943132 158.5180098471106476 160.5752785695776197 158.7763669344389825 152.8007255765742514 148.7958020212490169 146.8097952837522655 147.2749416947395673 142.5732054936512156
414.4719844357976513 418.3142023346303517 425.4437743190661649 434.9756809338521180 444.3857976653696369 455.2299610894941679 464.9875486381322958 474.6618677042801551 483.1167315175097201 492.8324902723735477 502.6531128404669175 513.3040856031128669 526.4352140077820650 541.2177042801556581 556.4449416342412178 574.8081712062256656 595.3009727626458698 619.5305447470817626 643.5087548638132375 663.3501945525291603 679.2435797665369819 689.4692607003890998 691.5087548638132375 683.3760700389104841
30.3473393045310864 23.6568756585879889 29.4063487881981018 45.0264752370916739 64.6782139093782860 85.0939146469968364 104.6239462592202329 121.3009747102212827 137.3291622760800976 152.6438356164383663 166.1069546891464768 177.9005532139093759 185.9594309799789187 190.5105374077976705 191.6298735511064137 189.2224710221285591 186.7696259220231809 186.4491570073761864 193.0989199157007477 205.1311907270811332 219.8775026343519414 233.5952318229715559 242.2605374077976705 243.6296101159114755
991.4632814632814188 1013.2560742560742710 1026.4332514332513711 1029.6385476385476068 1028.5102375102374026 1022.6369096369096496 1008.8610428610428471 991.3341523341523498 968.5277095277094759 939.2972972972972912 905.8050778050777581 878.6895986895987107 860.3259623259623368 850.1176631176631417 853.2942942942943318 873.9391209391209259 905.9126399126398610 932.4780234780234878 965.9858039858039547 985.5192465192465079 994.4837564837564514 994.6879606879606399 983.7674037674037208 966.5834015834016100
698.2409513960702725 691.5987590486039380 680.2192347466391311 673.5480868665977141 666.4788004136504469 668.5842812823163968 683.1478800413650561 713.3154084798345593 760.6504653567735659 811.0268872802481610 856.9007238883143600 911.0186142709410433 943.8759048603930069 913.1830403309203348 769.1871768355739505 528.4146845915201993 269.1778697001034288 251.5997931747673135 442.9472595656670251 617.0000000000000000 710.7880041365046964 739.4612202688728075 723.6938986556359623 671.6804550155119387
-366.3164151806126938 -382.1664380429812695 -391.4096936442615515 -395.5363511659808182 -395.7283950617284063 -387.7960676726108886 -374.8010973936899859 -359.4677640603566715 -344.0608139003200563 -325.0013717421124966 -303.3209876543210157 -279.2661179698216642 -255.4723365340649366 -233.5743026977594923 -204.4833104709647955 -174.7969821673525246 -145.6666666666666572 -114.3598536808413400 -80.8765432098765444 -46.5276634659350705 -14.2254229538180148 14.3685413808870592 38.5267489711934132 49.0795610425240056
235.8542713567839257 234.5175879396985010 238.0628140703517488 243.7552763819095389 252.3959798994974904 260.1055276381909493 268.2713567839196003 275.6864321608040314 286.8678391959799114 304.4396984924622984 326.4376884422110834 355.1170854271356916 389.4954773869346809 431.2884422110552691 480.3070351758793777 539.4095477386935045 596.5618090452261413 651.8778894472361571 701.1859296482411992 743.4894472361809221 774.5432160804019759 790.1964824120602771 784.4336683417085396 758.7432160804020214
133.5729421352893098 147.5884270578647204 175.8292583537082407 210.2542787286063515 233.3557457212714041 208.1625916870415551 102.1328443357783158 -59.4193154034229849 -184.1022819885900503 -193.0713121434392860 -101.1837815810920915 20.3459657701711478 122.1104319478402545 191.3439282803585968 240.1703341483292604 261.4674001629991835 256.0541972290138801 232.7962510187448970 207.7033414832925757 178.6434392828035982 145.4906275468622709 117.8663406682966581 106.8243683781581126 103.1303993480032659
645.0509834368530164 650.9365942028985046 658.9751552795031557 666.0670289855072497 672.3845755693581623 676.4456521739130039 680.0939440993788594 684.1687370600413942 688.3227225672877694 693.7549171842649685 702.2474120082815716 712.9192546583850572 730.2474120082815716 752.1850414078675158 775.6353519668737135 801.6337991718426110 829.4213250517598226 843.5675465838509126 878.2890786749482004 889.0841097308488088 908.2466356107660204 910.1050724637681242 902.4360766045548417 887.9906832298136123
353.5104715248010052 353.4165339865278384 352.3090018371096335 351.2631353337415590 350.5916717697489275 351.0052051439068919 351.4450704225351956 352.0963870177587296 352.7373545621555309 353.0355786895284496 352.6224127372933026 351.7695652173912890 350.7725658297611631 349.5502143294550024 347.4790569503980464 345.8064298836497414 344.9478873239436894 344.5449479485609459 343.2969381506429727 341.2119412124923201 338.7515615431721017 335.9788120024495015 333.5918554807103646 331.6488058787507498
295.5047086521483379 297.6477339611536195 296.6506768687463023 295.4951442024720336 292.7010005885815076 288.7314596821659620 281.1973219540906257 270.6442024720423660 257.5208946439082069 244.8028251912890028 233.8719835197174746 225.6600941730429781 220.1764273101824472 215.5812242495585735 208.1209535020600470 195.2842848734549648 178.8218069452619261 159.0013243084167129 136.5180988816951242 112.3176868746321304 90.8786050618010535 77.2903178340200157 71.0276633313714001 76.9574749852854580
139.6609390949302565 145.1144947260973197 142.6903708744470975 136.7835998638992976 127.4276964954066074 115.9666553249404615 102.3727458319156227 85.6958149030282357 66.9709084722694854 45.6131337189520210 21.6036066689350115 -2.7499149370534197 -26.6292956788023147 -46.5357264375637953 -61.9629125552909130 -71.1861177271180736 -75.1891799931949691 -74.5193943518203525 -71.2601224906430701 -68.4042191221503941 -65.4510037427696432 -63.5942497448111581 -60.9834977883633869 -54.2924464103436577
510.4255319148936110 531.1210564930300961 538.1173881144534334 522.5656639765223872 488.4739545121056494 434.0975788701393867 364.4453411592076577 284.3140132061628833 199.2582538517975195 117.7461482024944956 45.0476889214967002 -8.2120322817314744 -45.1122523844460730 -65.9655172413793167 -74.1445341159207629 -70.2545854732208426 -68.6793837123991153 -70.2567865003668430 -74.0997798972854014 -85.4394717534849661 -98.4189288334556096 -106.0198092443140183 -105.6368305209097542 -90.6089508437270723
197.4307961504811999 218.9965004374453201 237.4864391951006155 253.3037620297462809 263.2873140857392968 261.7424321959754820 249.3366579177602773 228.9359580052493470 201.8285214348206580 169.9102362204724272 135.1718285214348327 102.4271216097987747 67.6775153105861733 29.1655293088363941 -0.8960629921259843 -18.7090113735783028 -23.0250218722659667 -12.2654418197725281 8.9352580927384082 36.6292213473315869 61.0426946631671044 81.4143482064741875 96.8153980752405943 109.0409448818897573
647.7450118363206002 664.4178221170104734 660.3358133243151542 642.8104497801825801 620.8055461616503408 594.7467027392627870 565.9606019614474235 541.2152519445384087 518.5074399729455763 496.4825836996956241 476.0192762935407700 458.0566452485627451 445.9494420020290590 437.9396347649644667 429.8593168752113911 425.1641866756847890 422.4406493067297674 419.5566452485627451 415.7556645248562859 410.1790666215759416 403.1944538383496592 394.4267839026039724 384.9098748731822752 378.1242813662495905
465.8264786525655836 498.7722287504896030 503.3789659224441948 473.8006267136701695 413.7401096748922669 341.4455542499021021 277.0291813552682925 227.7453975714845171 201.3967880924402607 197.5634547591069463 212.2173913043478137 241.0309439874657187 268.7265961613787795 292.6807677242459818 309.8360752056404408 321.9261652957305273 330.5139052095573788 336.8674108891499941 343.4761065413239294 347.7459851155503543 349.0283979631805664 343.6960438699568954 333.5994907951429695 321.9641598119858941
421.1077375122429203 424.5729676787463518 425.8609206660137261 429.7443682664055018 422.2820763956905239 411.2869735553379087 396.8099902056807196 373.0078354554358384 359.1175318315376899 354.9089128305582790 381.0029382957884536 427.7943192948089859 461.6571988246817000 464.6327130264446623 455.7081292850147065 464.2086190009794109 486.1057786483839322 495.6013712047012518 473.2066601371204797 387.3232125367287040 175.6611165523996192 -82.1155729676787445 -243.9461312438785399 -147.1645445641527772
735.7452830188678945 735.6698113207546612 723.3018867924528195 711.3207547169811278 685.2169811320754889 659.8679245283018417 633.4622641509433834 608.1981132075471805 569.8113207547170305 534.9716981132075944 504.5943396226414848 506.3584905660377444 543.1792452830188722 640.5188679245283083 838.0566037735849250 1122.9905660377357890 1102.7830188679245111 1959.9339622641509777 1392.5094339622642110 1905.3301886792453388 1298.3679245283019554 1690.7452830188678945 1205.2641509433963165 1072.5849056603774443
385.4925595238095184 386.8982683982683852 388.5415313852813597 390.2888257575757507 390.8429383116883287 391.4013122294372238 391.5593885281385269 391.1438717532467422 391.0946969696969973 390.2650838744588668 389.3004599567099717 388.5514069264069121 388.8451704545454390 389.2629870129870255 390.7351190476190368 392.6050459956709915 394.3716856060606233 395.7962662337662323 397.5787337662337677 399.3699269480519547 401.3324540043290085 402.8288014069264023 403.7906520562770538 402.7055600649350708
-42.5397337636143575 -38.8003227107704731 -13.1807180314643002 17.7708753529649037 45.5405405405405403 65.3481242436466374 71.8777732956837383 76.0754336425978153 88.7321500605082747 114.3795885437676532 145.4630899556272823 174.8705123033481357 180.2662363856393597 127.4445340863251346 -0.9455425574828560 -148.6123436869705472 -216.7793465106898054 -172.2601855586930242 -57.9991932230738172 62.6579265832997194 152.8430818878580055 211.3461073013311875 243.1585316659943601 246.4489713594191187
249.6977816824071965 254.5429387217219528 237.2703711838348397 204.1372721282670852 159.8849110476608928 114.9374039095102091 70.6791126729628871 28.1814188447177685 -11.0375576542938720 -41.7291895453547141 -62.3544915440368968 -71.8954535471117993 -66.4526685701735147 -51.5763233033164923 -30.1471557215023047 -4.4553041950362395 20.3388974302657601 41.6863606413353835 58.7544476169558507 74.7089830880737935 91.2121678014495956 108.7276520975181171 123.3885350318471268 130.9602459916538635
