-954.8769685039370643 -957.0295275590551682 -957.7755905511811534 -956.7667322834645347 -953.5629921259842376 -947.9478346456693316 -939.6978346456693316 -928.4124015748031979 -913.6702755905512277 -895.3287401574802971 -873.0393700787401485 -846.6003937007874356 -816.0482283464566535 -781.7421259842519703 -744.4586614173227872 -705.0816929133858366 -664.6968503937007426 -624.0787401574802971 -584.2037401574802971 -546.2814960629921188 -511.3238188976378069 -480.0482283464567104 -452.7627952755905767 -429.5659448818897772
-727.7744874715261858 -730.0617104990681128 -731.8306067508800652 -733.1414371505487679 -734.0627459101262957 -734.6328432387657585 -734.9310416235244929 -735.0374818803064727 -735.0331331538620816 -734.9395319942017295 -734.7782149513357126 -734.5616069579623399 -734.3081383309173589 -734.0499068130047817 -733.7891903085525200 -733.4810519776351612 -733.0687512942638477 -732.5170842824601323 -731.7407330710292399 -730.7179540277489878 -729.3982190929799572 -727.7707599917166590 -725.8241872023193082 -723.5800372747980873
372.7671311318953826 372.2599732773430219 370.6451612903225623 367.8261118534071556 363.7014697461347623 358.2391677801107335 351.3886237831647463 343.1500286314181949 333.3506394350066557 321.9127696125214584 308.8887192212254149 294.4626837182668169 278.9179232677992104 262.5594579118152296 245.7824012216071878 228.9496087039511281 212.4288986447795367 196.7344913151364665 182.3202901317045246 169.6730292040465713 159.0574537125405641 150.7007062416491578 144.7928994082840291 141.3065470509639283
224.3681936041486722 222.8582541054451269 218.5168539325842687 211.4165946413137362 201.5522904062229941 188.6741573033707766 172.5384615384615472 152.9213483146067460 129.3033707865168651 101.2333621434745083 68.2783059636992249 30.2929991356957657 -12.4796888504753678 -59.9135695764909215 -111.0976663785652505 -164.6698357821953209 -219.1486603284355965 -272.4753673292998997 -321.9317199654278170 -365.1253241140881869 -400.4122731201383090 -427.0596369922212716 -445.6188418323249607 -456.4304235090751831
-141.6098265895953716 -152.4791907514450884 -164.0104046242774700 -169.1075144508670576 -183.4473988439306424 -198.6135838150289032 -210.5786127167630184 -228.3635838150289032 -246.8187861271676411 -263.4757225433526173 -283.5719653179190800 -303.5887283236993994 -321.8315028901733967 -341.9572254335259913 -361.2575144508670633 -378.3132947976878881 -395.9072254335260368 -411.5054913294797529 -423.5028901734103783 -435.0231213872832541 -444.0956647398843984 -448.7150289017341152 -453.2549132947976886 -455.4757225433526173
-1243.1172839506173204 -485.2283950617284063 401.0000000000000000 -1308.6604938271605079 -476.4197530864197461 436.1790123456789843 -1363.8703703703704377 -470.1604938271605079 462.0987654320987872 -1369.4938271604937654 -478.7901234567901270 476.5925925925926094 -1363.5308641975309456 -497.8395061728394921 457.3024691358024825 -1354.7160493827159371 -500.4629629629629903 417.7654320987654160 -1305.4197530864198598 -494.4444444444444571 368.5432098765431874 -1280.6296296296295623 -499.1481481481481524 330.1172839506172636
-552.2365145228216079 -556.3570001536807013 -559.8223451667435029 -562.7660980482556852 -564.9661902566466551 -566.5985861380052029 -567.8532349777162835 -568.8195789150146311 -569.6039649608114814 -570.2666359305363812 -570.8178884278469241 -571.3502382050099868 -571.9016443829722220 -572.4349162440448708 -572.9145535577071087 -573.3325649300752502 -573.5638543107422720 -573.5925925925926094 -573.3672967573382948 -572.6729675733824934 -571.4461349316121641 -569.6459197786998629 -567.1106500691563497 -563.7923774396803083
-500.1075034106411863 -501.3393360618462680 -502.9517053206002970 -505.5983628922237472 -506.2369258753979011 -507.1544338335606881 -508.7311505229649811 -508.8521145975443574 -509.2959527057753348 -509.9345156889495456 -510.0512960436561798 -509.9094133697134907 -509.9568894952250844 -509.7247839927239852 -509.3401546157344342 -508.8244656662118928 -508.1684402000909699 -507.2453842655752396 -506.1175079581627756 -504.7050477489768241 -503.4546612096407330 -501.5917235106866769 -499.5421555252387407 -497.4659390632105556
338.5854800936768356 316.1042154566744671 285.8091334894613738 247.0854800936768072 199.2412177985948460 142.1627634660421506 76.5655737704918096 3.4730679156908666 -75.1440281030444908 -156.6943793911007106 -237.9929742388758882 -315.4800936768149882 -386.1370023419203790 -447.3899297423887447 -497.5960187353629749 -535.7037470725995263 -562.2564402810304500 -578.2634660421546187 -586.2189695550350734 -587.5199063231849550 -584.0491803278688394 -577.2341920374707342 -567.4414519906323449 -555.7798594847774893
1318.9069767441860677 1331.4031007751937068 1339.9883720930231448 1343.6472868217053929 1342.0775193798449436 1334.6046511627907876 1319.6279069767442707 1295.1511627906977537 1259.7364341085271917 1210.2984496124031466 1144.2635658914728083 1059.2829457364341579 953.4844961240310113 828.8023255813953938 688.4922480620155056 538.9263565891473036 388.9379844961240451 246.3643410852713203 118.0116279069767415 7.5542635658914730 -80.9108527131783006 -143.4108527131782864 -178.5116279069767415 -186.6937984496124159
434.5730380480267740 434.7641151097662942 434.8383441704757502 434.8011330715251574 434.6456576321380112 434.3923260155797266 434.0290349578316977 433.5426511298525725 432.9555784458893868 432.2887401017189291 431.5493465525011061 430.7521406038756027 429.9493336766883544 429.1275993047061093 428.2973668962853253 427.4705465782527654 426.6460439065215837 425.8506405716860854 425.0595506341337568 424.3070881349385104 423.5996266014292360 422.9453421747247717 422.3553080538209201 421.8401467842657553
618.1995753715499404 619.7719745222930214 619.3690021231421952 616.8450106157112032 612.2836518046709671 605.3464968152866277 595.8738853503184600 583.5728237791931861 568.1460721868364772 549.1532908704883766 526.3430997876857873 499.8764331210190903 469.8569002123142013 436.4751592356687979 400.1834394904458350 361.9265392781316564 322.7486199575371302 283.9201698513800238 246.3983014861995855 211.0501061571125376 179.2658174097664414 151.9481953290870422 129.5329087048832264 112.5511677282377860
-463.3650485436893405 -488.0961165048543648 -516.2427184466019980 -547.6223300970873424 -581.9485436893204451 -618.2980582524271540 -655.7466019417475991 -693.2339805825242820 -729.6601941747572937 -764.1330097087378590 -795.9592233009708480 -824.5660194174756725 -850.0223300970874334 -872.1203883495145419 -890.6572815533980929 -905.7980582524271540 -917.5854368932039051 -926.3077669902912703 -932.3941747572815757 -936.1048543689320240 -937.8660194174757407 -937.9834951456310819 -936.6407766990291748 -934.2902912621359519
1450.5567928730513358 1463.1380846325166658 1475.0668151447662240 1486.1559020044544468 1496.3140311804008888 1505.4797327394210242 1513.6271714922049796 1520.7193763919822231 1526.8298440979956467 1531.9973273942093783 1536.2445434298440432 1539.6138084632516438 1542.0761692650335135 1543.6454342984409323 1544.2097995545657341 1543.6574610244988435 1541.8868596881959547 1538.8053452115811979 1534.3189309576837331 1528.3073496659242210 1520.4365256124722237 1510.6690423162583556 1498.9055679287305338 1485.1554565701558204
769.1862605560299926 769.9198690577853768 770.4044501375842628 770.6662396811841518 770.7542935762406842 770.7297656324129775 770.6530505740582839 770.5756713160641311 770.5357244520353106 770.5560299838693936 770.6659075813644222 770.8738969541702772 771.1870670841635729 771.5947433342821569 772.0861087389695285 772.6475946484486030 773.2384476705569796 773.8367966600246746 774.3986621121548524 774.8777398235126839 775.2396811841730369 775.4751873991839375 775.5868678242717351 775.5947433342821569
26.9537892791127547 14.1589648798521264 17.8317929759704263 41.0406654343807773 85.2236598890942645 150.1571164510166341 234.5360443622920457 333.9630314232902037 442.6358595194084842 552.1275415896487857 653.7874306839186147 742.2809611829944743 815.1534195933456886 871.9057301293900082 914.4824399260628525 945.0277264325324040 966.5101663585951428 981.7060998151571312 991.9260628465804075 997.9297597042514099 1000.2754158964879707 998.9242144177449063 993.5988909426987448 983.9981515711644988
-276.4939550949913496 -243.6692573402417850 -195.0587219343696006 -130.6554404145077797 -52.5500863557858366 35.3549222797927456 127.6036269430051817 218.0423143350604391 301.3385146804835699 373.2305699481865418 432.1580310880829074 478.2305699481865418 512.6735751295336740 537.5924006908462616 554.8842832469775885 565.8687392055268219 571.1796200345422676 571.5164075993091046 566.9153713298791217 557.6390328151986751 543.2262521588946811 524.2141623488773803 501.8704663212434980 477.1580310880829074
160.2686578565426601 160.4804063860667611 160.8337025437323291 161.2876021694293911 161.8198762508593802 162.4177679321671519 163.0478955007257014 163.7022381789015242 164.3691085478573086 165.0265067603697275 165.6599954166985071 166.2581926514399129 166.7686196623634487 167.1936444885799347 167.5333435184477935 167.7572377969597426 167.8582232067832933 167.8413413795737483 167.6898632648384364 167.4461844014972201 167.1714154762814246 166.8966465510656292 166.6800091666030141 166.5390726453288437
639.3484328799527248 643.2062684801892374 647.9776463630987564 653.5774098166765498 659.9379065641631996 667.0013010053222615 674.7233589591957070 683.0974571259610002 692.0609107037256535 701.5665286812536579 711.4618568894145483 721.5740981667652250 731.6836191602601502 741.5943228858664042 751.1164991129509190 760.0759314015375594 768.3180366646954553 775.7202838557067253 782.2361916026020481 787.8241277350680321 792.5367238320520755 796.2948551153164090 799.1670017740981393 801.2631578947368780
1257.7481927710844047 1263.5277108433735975 1266.7903614457832191 1268.1180722891565438 1267.2939759036144096 1263.6072289156627448 1256.2710843373492935 1244.1759036144578658 1225.6650602409638395 1199.3253012048191977 1163.9951807228915186 1118.2626506024096216 1062.0253012048192431 996.0313253012047880 922.1795180722891700 844.4168674698795485 766.4385542168674874 692.2120481927711353 624.6566265060240539 566.4361445783132467 519.0325301204819652 483.7722891566265275 462.0578313253012084 453.6686746987952006
913.1097123735160039 915.3241176001912436 917.3307306190741883 919.1070831009481026 920.6753246753246458 922.0753724802804072 923.3713648314875400 924.6340530635009145 925.9283722412557154 927.2771093936737543 928.7144450641383173 930.2175125488008689 931.7750776830531549 933.3578200940164606 934.8990518683770006 936.3300135447374259 937.5859294080153177 938.5708708469444446 939.1511433351923870 939.1890686001115682 938.5944546251295151 937.3590948928372200 935.5494382917695475 933.2713727989801100
372.7005988023952341 -1271.7365269461076878 -487.4491017964072057 406.1736526946107801 -1318.8862275449100707 -466.1317365269460993 440.9640718562874326 -1355.9760479041915460 -465.1377245508982128 455.6107784431137588 -1363.1676646706587235 -481.5748502994011915 458.7964071856287660 -1341.8502994011976170 -496.3233532934131631 428.7485029940119716 -1326.1077844311378158 -496.5928143712574752 376.8383233532933900 -1269.6167664670658723 -486.9221556886227518 337.6047904191617022 -1243.4910179640719434 -488.5508982035927943
847.1810141929962583 849.3625276371157042 851.4327794023250817 853.3070394408387074 854.9808144925468696 856.4843449112046301 857.8756864702945677 859.2403537550816282 860.6676413950502820 862.1690321660366862 863.7766207831110705 865.5175094501105377 867.3556807645674098 869.2519078525069745 871.1487055131588022 872.9371656800514074 874.5144426217816545 875.7527280507810019 876.5819841666071852 876.9468654161614722 876.7752656729192040 876.0347336138648870 874.7458811782327075 872.9517152842165615
545.1377331420372911 522.7685318029650716 497.0291726446675966 469.0908656145384725 439.9163079866092971 410.7187948350072020 383.1343854615016653 359.0688665710186456 340.2979435676709841 328.7843137254902217 325.9435676709708218 333.3811573409851690 351.1157340985174642 378.1716881874701244 413.2606408417025250 454.1731229076996783 498.2037302725968289 542.2740315638450284 583.6881874701100514 620.6571018651362692 652.1362984218077372 677.2572931611668992 696.0334768053562584 709.1549497847919383
1076.0132969655642228 1078.6628025912034445 1080.6634844868735854 1081.9972724173201186 1082.6902488919195093 1082.8472553699284617 1082.6150698943060888 1082.1408114558471425 1081.6271735424479630 1081.2338902147971567 1081.0968291851347658 1081.3617456529150331 1082.0736447323558878 1083.1793385612002112 1084.5557449710195215 1086.0305148312309029 1087.3907262188884033 1088.4723832253664568 1089.0284691442209350 1088.9345380156835290 1088.1131946812138267 1086.5276167746335432 1084.2168428230481823 1081.2724173201499980
476.5742919824491537 477.4830973274830512 478.3057937774232187 479.0291184682888002 479.6701236537694513 480.2530913442361111 480.7927303550059719 481.2756781013163163 481.7193358595931159 482.1235540486637206 482.4670422816114979 482.7090646190666234 482.8459812524930044 482.8817810131631632 482.8161647387315725 482.6734144395692283 482.4832967690466603 482.2396290386916462 481.9571699242122236 481.6351216593537856 481.2738332668528187 480.9051655364978046 480.5542979656960370 480.2144495412844094
876.4052083333333485 841.8312499999999545 797.2343750000000000 743.8197916666666742 684.1166666666666742 621.5927083333333485 560.0614583333333485 503.8770833333333599 457.7395833333333144 425.3427083333333485 409.3927083333333599 412.3322916666666629 435.2104166666666742 477.3416666666666401 535.1135416666667197 602.3687499999999773 672.0562499999999773 738.2250000000000227 795.9760416666666742 842.9697916666666515 878.9302083333333258 904.9520833333333485 922.6166666666666742 933.6010416666666742
1139.9602460955986771 1132.2957879791765663 1122.5911026975863933 1110.8187411263606919 1096.9782300047324952 1081.0624704212020788 1062.8679602460956630 1042.3847610033128603 1019.4415522953147502 993.9526739233317585 966.0194036914340359 935.9924278277330814 904.6043539990535010 872.8495030761949920 842.0615238996687140 813.1798390913393177 787.3521060104117169 765.4136299100804308 747.7070515854235282 734.4907714150497213 725.6952200662565247 720.8088026502603043 718.8816848083293962 718.9801230477993386
603.9636871508380409 597.4731843575418679 586.8279329608938042 571.8240223463686789 552.0178770949720501 527.2603351955307289 497.4346368715083599 462.9357541899441344 424.6022346368715148 383.0100558659217995 339.4229050279329840 294.6234636871508314 249.8469273743016856 206.5162011173184453 165.9564245810055922 129.6837988826815717 98.5407821229050285 73.3357541899441401 54.5061452513966458 42.3743016759776552 36.5502793296089408 36.5346368715083827 41.5748603351955310 50.3446927374301652
473.3629548363503545 471.3724629731212303 468.4858292192357112 464.6198573779484491 459.6642896324739240 453.5970012799414803 446.4037301151947190 438.1292740903272716 428.7416346681294499 418.3391844944231366 406.9937831413421350 394.7487657707076210 381.6628268422015253 367.9336258913878055 353.8105686597183990 339.6074236606326622 325.7359663558237344 312.5514719327116495 300.4841835801792058 289.8284878405558516 280.8593892850612406 273.7388919363686455 268.4605960870360377 264.9612360577802406
267.6360905560846959 267.5941094585683686 267.5899333284489785 267.6116198988937072 267.6654699978020631 267.7667228368378574 267.9144259652721871 268.1137079639534022 268.3666935306615642 268.6911861674847728 269.1025716169682482 269.5738881969375029 270.0782474906586685 270.5516887684079279 271.0121620631547898 271.4269909883507808 271.8226243680855987 272.2189171367865583 272.6092021393508844 272.9997069382372388 273.3555571836764670 273.6564583485969706 273.8400615429702043 273.9227782255110242
-281.4087515193609761 -281.8555304740406200 -282.2332002083695102 -282.0366383052613060 -282.3804479944435002 -282.4156103490189480 -282.0433234936621147 -282.0316027088036321 -281.7563813162007023 -281.2259072755686589 -280.8642125368987763 -280.4830699774266236 -280.2427504775134821 -279.9978294842854893 -279.5825664177808676 -279.3229727383226191 -279.2448341725993828 -278.8781038374717696 -278.5752734849800163 -278.6841465532210691 -278.3611738148983932 -278.2166174683104600 -278.3998958152457135 -277.8506685188400525
532.0090561765954362 535.8209990094807154 540.7878873638036339 546.9088722230083022 554.1085326163860145 562.2944672421111818 571.4046978916088619 581.3700297155794487 592.1451818310457611 603.6434130465544285 615.7068062827224821 628.1881986698740548 640.9162303664921865 653.6835998301967265 666.3171076835998292 678.5862459317957018 690.3168246780812751 701.3913966322343185 711.6537427479836424 720.9315126644969496 729.0919767935474738 736.0554690816470611 741.7496816187915556 746.2426772322060060
-973.9012115563839416 -976.5431034482758150 -978.9932432432432279 -981.2225069897483536 -983.1873252562908192 -984.8821062441752474 -986.2423112767939983 -987.2686393289841362 -987.9895153774464234 -988.4233457595526033 -988.6157968313141282 -988.6034482758620925 -988.4191519105312409 -988.0901677539608272 -987.5945945945945823 -986.9109972041006813 -985.9711090400745661 -984.7695712954333658 -983.2609506057782482 -981.4485088536812327 -979.3292171481826927 -976.8781453867660503 -974.1076421248834549 -971.0046598322460341
-829.1612448950852468 -830.6011829319813842 -831.7852415152794947 -832.7249683143219272 -833.4117729897197933 -833.8605830164765393 -834.0961836361076394 -834.1695535840023012 -834.1222363047457975 -834.0045064075482060 -833.8632586959582795 -833.7497535558371737 -833.6744120546402428 -833.6248415716096360 -833.5789325447119609 -833.5204900718208592 -833.4058583298127587 -833.2002534854245823 -832.8666385016194909 -832.3764258555132756 -831.7379242360231046 -830.9654978172088704 -830.0630897056752246 -828.9925362624982199
593.0061396776669653 574.9017651573292369 548.1488871834228576 512.0314658480430126 466.3123561013046583 411.2808902532617026 347.7835763622409786 277.6761320030698243 203.8019953952417609 128.9401381427475144 56.4520337682271673 -10.5126630851880272 -69.3023791250959391 -117.7851112816577199 -155.3077513430544911 -181.3683806600153616 -195.7881811204911742 -198.5587106676899509 -189.8488104374520447 -169.9984650805832587 -140.4497313891020838 -103.2678434382194865 -61.8165771297006899 -19.8326937835763637
142.7088167053364316 92.6856148491879281 31.1682134570765648 -34.9837587006960575 -111.7273781902552230 -195.3097447795823598 -275.3793503480278559 -353.6392111368909354 -426.3422273781902732 -487.0846867749419857 -537.3027842227378414 -575.3004640371229925 -600.7064965197215543 -616.5429234338747619 -624.9988399071925187 -627.7215777262181291 -627.1554524361948779 -624.8422273781902732 -620.8039443155452091 -616.2737819025521731 -611.4338747099767488 -605.7888631090487479 -599.9292343387470510 -593.7088167053364032
752.9834254143646604 752.3492093732139665 751.1530767765289056 749.3374928557821022 746.9724709468470110 744.1783196799390225 741.0820156220232775 737.7966279291293858 734.3958849304628984 730.9535149552295934 727.5131453610212020 724.1998475900171570 721.0514383692132014 718.1455515336255075 715.5236235473423676 713.2325204800914662 711.3131072585254060 709.7175652505238759 708.4191274528482154 707.3699752333777724 706.5103829300819598 705.7693846446942416 705.0954467517622106 704.4461802248047206
-148.0087406927808331 -144.0488831337002296 -137.1945613467141527 -127.5373907413402463 -115.3998057623826412 -100.8811913240530913 -84.4690838459048194 -66.5917772741987761 -47.6969893169310453 -28.2427970216898672 -8.4930398187115568 11.1226934282939460 30.3784396244739412 49.0744577533182280 67.0550339915830307 84.1155713823243758 100.0938815150534111 115.0106830689543500 129.0356102298478334 142.0401424409193964 153.7746843638718133 164.2599546778892829 173.3476853350598788 181.0663645192618958
285.8214826021180102 289.6787695410993706 293.2496217851739857 295.8265254664649433 296.9253656076651282 295.9853756933938485 292.2203731719616826 285.0443772062531593 274.0126071608673897 259.0574886535551968 240.0776601109430146 216.8477054967221420 189.3136661623802297 157.7579425113464424 122.8552697932425559 85.5819465456379191 46.9425113464447819 8.0332829046898642 -29.6525466464952103 -64.7715582450832130 -96.2879475542107883 -123.2002017145738790 -144.4755421079173061 -159.2496217851739857
-650.6453608247422835 -656.7391752577319721 -661.1226804123710963 -663.3546391752577165 -663.3288659793814759 -661.0309278350515569 -656.2886597938144178 -648.5814432989690204 -637.5659793814432987 -622.5680412371134480 -602.6515463917526176 -576.9948453608247974 -544.7371134020618229 -504.9773195876288696 -456.7814432989690658 -399.9020618556701265 -335.2072164948453405 -264.0309278350515569 -189.2381443298968975 -113.6958762886597896 -40.3731958762886620 27.8020618556701038 88.3618556701030968 141.7278350515463785
1129.6692307692308077 1124.6418803418803236 1116.2128205128205991 1103.6264957264957047 1085.8213675213676197 1061.4410256410255897 1029.0452991452991682 988.5401709401709240 940.0487179487179219 884.2940170940171356 822.8632478632478069 758.2649572649572747 693.5393162393162356 630.9606837606837644 573.3863247863247352 523.2094017094017318 482.2931623931623903 451.9632478632478865 433.1401709401709468 426.3230769230769397 431.6042735042735217 448.0863247863247807 472.3341880341880596 501.0564102564102313
212.5692041522491422 216.3360246059208123 221.9842368319876869 229.5811226451364746 239.0371011149557887 250.4117647058823479 263.2991157247212755 277.3731257208766010 292.3596693579392536 308.0396001537869779 324.0807381776239708 340.0572856593618098 355.5649750096117145 370.2539407920030499 383.9319492502883691 396.4407920030757282 407.7656670511341872 417.8166089965397987 426.5528642829680734 434.0747789311803331 440.3873510188388991 445.5484429065743939 449.5911188004613450 452.5688196847366385
410.2716417910447717 417.5286724273369714 426.3468970934799813 436.7335428122545409 448.6169677926158670 461.6997643362136614 475.8069128043990759 490.5703063629222243 505.6138256087980949 520.5104477611940865 535.0259230164964492 548.8845247446976146 561.8765121759622616 573.7993715632364911 584.5487824037705877 594.0556166535742477 602.2705420267085401 609.1830322073841444 614.7910447761194064 619.1368421052632129 622.2157109190887923 624.1313432835820549 624.9803613511390949 624.9671641791044294
189.0874760994263966 183.0437380497131983 175.7631453154875771 167.2007648183556512 157.1959847036328881 145.7865678776290679 133.1166347992351859 119.3006692160611806 104.5186424474187419 88.8680688336520035 72.5884321223709321 56.0408699808795419 39.6252390057361410 23.7464149139579348 8.7143881453154872 -5.2421128107074573 -17.8977055449330784 -29.0700286806883348 -38.6405353728489516 -46.5081261950286802 -52.7151051625238978 -57.2657743785850855 -60.2923040152963665 -62.0043021032504811
940.6042185683440948 944.0868626474007215 946.4608868958645189 947.6679953496096687 947.7902341803686568 946.8010297292807991 944.7998671317056960 941.8432154127220883 937.8501909981730478 932.7968775950838562 926.6299618003654359 919.3419697724630169 910.8023584122238390 901.0891878425510413 890.2298621491446511 878.4936057133367058 866.1444942700547927 853.5143663843215336 841.0212589270885246 829.1385151968111131 818.3227038697890521 808.8794220229198118 801.0275701710679641 794.7566849360571268
-246.3268651722984259 -245.5346269655403262 -243.2990966878554673 -239.1820006691201002 -232.9364335898293632 -224.7457343593175096 -214.7453997992639643 -202.8875878220140407 -189.5098695215791338 -174.6845098695215768 -158.3780528604884523 -141.0802944128471097 -122.9277350284376098 -104.1773168283706923 -85.2167949146871848 -66.3138173302107674 -47.8755436600869828 -30.0695884911341587 -13.1917029106724666 2.6005352960856474 17.2592840414854471 30.5610572097691531 42.5359652057544295 53.0234192037470748
1389.8202567760342845 1381.3281027104137593 1368.4992867332382502 1350.3466476462197079 1326.0014265335234995 1294.4907275320970257 1255.1982881597716641 1208.4893009985735262 1155.1697574893009914 1096.4793152639088021 1033.9957203994292740 971.0756062767475214 912.6704707560627412 863.2738944365192992 826.8145506419400590 805.1982881597717778 798.7646219686162112 806.3566333808844320 825.8744650499286308 854.4179743223966170 888.6833095577745780 924.6804564907275790 957.5049928673323620 984.6176890156918944
118.2620067014147480 118.2084884586746085 118.0688756515264402 117.8856105733432571 117.6442665673864525 117.3371183916604679 116.9457371556217424 116.4499255398361868 115.8713700670141407 115.1904318689501139 114.4157669396872734 113.5478406552494448 112.5798585256887634 111.5238272524199488 110.3765822784810098 109.1690245718540524 107.9526247207743808 106.7528853313477271 105.6075018615040904 104.5358339538346968 103.5462583767684350 102.6552494415487757 101.9180007446016418 101.3358153387937506
373.1874386653581723 346.9656526005888395 316.3969578017664617 282.3125613346418277 246.1599607458292382 209.8709519136408232 175.4342492639842988 144.5961727183513119 119.3164867517173633 101.2129538763493599 91.6079489695780183 91.4842983316977438 101.3621197252208077 120.7787046123650612 148.7909715407261899 183.2242394504416154 221.3537782139352430 260.4322865554465238 298.1334641805692058 332.4136408243375627 361.7188420019626847 385.5740922473012802 403.9553483807654288 416.9136408243375627
575.9084526306190810 576.2115437220753620 576.2374395915018113 576.0597246284307857 575.7209811251938163 575.2986231421537013 574.8706118355065655 574.5744506246011269 574.4812619677213661 574.6599799398194364 575.1276556943557807 575.8464484362177700 576.8235615938725687 578.0188748062369086 579.4055803774961078 580.9386340840703724 582.5488283030911134 584.1720616394638910 585.7731375946019625 587.2889577824382741 588.7011944925685611 589.9721892951581594 590.9973557034741134 591.7529862314215734
-900.8408561444380211 -902.1514269073966261 -903.2849446709376480 -904.2256843331391565 -905.0045136866627900 -905.6594350611532036 -906.2336924868957340 -906.7319452533488402 -907.1579790331974209 -907.5202387885847202 -907.8201805474665207 -908.0784799068142092 -908.2616482236459206 -908.3686662783925385 -908.4255969714618004 -908.4178800232964477 -908.3340128130460016 -908.1346825859056935 -907.7944088526500082 -907.2545136866627900 -906.4902446126965287 -905.4912638322655312 -904.2661619103087105 -902.8394001164822384
-443.1285434491289834 -444.2687351819400305 -444.5190186578703333 -445.7387898154829600 -446.4966498299144178 -446.5145861251417614 -447.1782290485517137 -447.3594474796412896 -446.9682506958045565 -447.3088341408102337 -446.8906298319760708 -446.5478816616843574 -446.9479435109782344 -446.6721987423977112 -446.0788578497061962 -446.0032986290073040 -445.7425007731161486 -445.4292340995773429 -444.4153180084527435 -443.8479538191938900 -443.2932687351819254 -440.7816719925780831 -439.8726935367487840 -439.5344809813421421
538.5060492582457528 538.2635028085842350 537.7393777905804200 536.9343223390465027 535.8957943252196401 534.6624657928849729 533.3088002304479005 531.9354025637333052 530.6131355321906540 529.4024197032982784 528.3293244994958968 527.4597436266743671 526.7986461183926394 526.3780786403572165 526.1785971482067907 526.2164050122424896 526.4750828172259389 526.9523260838254828 527.6008209707619017 528.3492726487108939 529.1455422727927953 529.9004752988621476 530.5622929569350390 531.0802967017139053
861.3515815085157783 866.4257907542579460 868.2822384428224041 866.6849148418491495 861.0912408759123764 850.8637469586374209 835.2712895377128461 813.3406326034063341 784.7226277372262757 748.8819951338199417 705.1240875912408228 652.8552311435522597 592.4111922141119067 524.1046228710462174 449.2737226277372429 369.7262773722627571 288.3905109489051029 209.4744525547445164 136.1812652068126397 72.0827250608272436 18.8406326034063270 -21.6922141119221408 -48.9087591240875881 -62.8491484184914810
0.5447089645745529 -0.7761704066522382 -1.9837111288301630 -3.1028590955689714 -4.1206287732087938 -5.0150358810798492 -5.8143296503018567 -6.5026768424649735 -7.0165166875498350 -7.3859209477161407 -7.5490374757945098 -7.5271671033147287 -7.3971978585260283 -7.1768994190682314 -6.8843831871511565 -6.5510878232144893 -6.1952386376580479 -5.8397311766716031 -5.5224968675247750 -5.2017314044879823 -4.8557922314614421 -4.4984622394350158 -4.0872536735391272 -3.5797926870942023
863.4425120772947366 886.3719806763284623 906.0628019323671651 922.9816425120773147 937.8879227053140539 950.7507246376811736 961.4599033816425617 969.8898550724637744 975.3700483091787419 976.9458937198068043 973.4289855072463524 963.0396135265700650 943.8917874396134948 914.0908212560386801 872.2289855072464206 817.9826086956521749 752.9342995169082542 679.6077294685990182 601.9246376811594246 523.8376811594202991 450.1787439613526658 385.4937198067632949 333.3420289855072269 295.8830917874396391
1152.5884773662551197 1145.8779149519889415 1130.8847736625514244 1105.6104252400548376 1068.6968449931412124 1019.7229080932784200 958.7750342935528352 888.0411522633744426 812.4814814814815236 738.0987654320987303 671.2949245541838081 617.5912208504801129 581.0699588477366433 565.0768175582990125 571.7091906721536816 600.9272976680383636 650.6460905349794075 715.0699588477366433 786.1248285322359379 855.0013717421124966 914.7023319615911987 961.3484224965706062 995.5061728395061209 1018.9725651577502958
1494.8778103616814406 1507.7722385141739778 1517.7683284457477839 1524.7008797653959391 1528.9706744868035457 1530.6324535679375458 1529.8172043010752077 1526.5562072336265373 1520.9071358748778948 1512.2160312805474405 1500.3841642228740056 1485.2394916911046039 1466.3743890518082935 1443.3597262952100664 1416.4838709677419502 1386.2062561094819557 1352.9657869012708034 1317.1837732160313408 1279.3000977517106094 1239.6500488758554184 1198.5972629521015733 1156.4819159335288532 1114.6422287390030306 1074.7996089931573351
832.3491683545080377 833.8511630761677225 834.8387651138525598 835.2739213159024985 835.1582274596452180 834.5507273062050899 833.5181366230896174 832.1190081630147688 830.4738231142208633 828.6775302277051196 826.8106548824648598 824.9587552936843622 823.1978150125820548 821.5318234824771935 819.9640950101270391 818.4281593322285744 816.8819124777511433 815.3359111274780844 813.7286564782422147 812.0370097587921236 810.2562450131958940 808.3994967163812362 806.4695267906463414 804.4423372000245536
560.4826789838336936 571.1603797793173953 581.5960995637669839 591.5673595073133129 600.7757249166024849 609.0467025917372439 615.9948678470618688 621.2745701821913826 624.5283551449832657 625.3810623556581731 623.5363099820374373 618.6923274313573984 610.5527328714396162 598.8929946112393736 583.7305619707467486 565.1090582499358561 543.4649730561970955 519.4100590197588190 493.9081344624069629 468.1921991275340247 443.2945855786502420 420.1865537593020008 399.8121632024634096 382.9140364382858479
-1112.7266065388951120 -1114.5338218714769027 -1116.0603156708004917 -1117.3424464487034129 -1118.4027621195039046 -1119.2962232243517064 -1120.0448139797069871 -1120.6651634723787083 -1121.1857384441939303 -1121.5693348365275597 -1121.8489289740698496 -1122.0081736189401909 -1122.0025366403608587 -1121.9072717023675523 -1121.6645997745208660 -1121.2635287485907156 -1120.7065952649379597 -1119.9878804960540037 -1119.1307779030439633 -1118.1271138669671927 -1116.9543404735061358 -1115.6330326944757871 -1114.1634723788049541 -1112.5487598647125651
87.0667850011093805 89.1320168626580909 94.6015087641446684 103.6068338140670022 116.0512536055025521 131.4879076991346665 149.4095850898602293 169.0863101841579805 189.8240514754825767 211.0108719769247898 231.9436432216552078 251.8593299312180989 270.3024184601730440 286.9857998668737764 301.6862658087419504 314.3780785444863568 325.0113157310850056 333.6895939649434126 340.4947858886176846 345.5509207898824116 349.0199689372087732 351.1224761482138774 352.0976259152429293 352.1872642556023720
-445.4184692179700278 -440.6035773710482317 -433.1247920133111506 -424.3344425956738633 -410.5103993344425817 -394.4588186356073152 -377.4118136439267914 -356.9534109816971750 -335.0702995008319363 -312.8244592346089803 -288.6738768718802248 -264.4621464226289618 -241.1089850249584003 -217.9326123128119832 -196.3286189683860243 -176.8577371048253042 -158.7400166389351170 -141.8764559068219739 -128.3789517470881947 -116.5495008319467587 -103.7059068219633957 -94.1713810316139757 -86.1767886855241301 -77.8298668885191347
-563.0732673267326618 -571.5683168316832052 -576.0475247524752831 -575.5089108910891582 -568.9366336633663650 -554.4712871287129019 -528.9049504950495475 -489.0990099009900973 -432.3762376237623926 -358.0356435643564623 -266.3465346534653690 -159.3980198019802117 -42.2673267326732685 78.6811881188118747 196.0693069306930738 302.9306930693069262 394.4138613861385920 467.7960396039604234 523.2831683168317340 562.7762376237624267 588.7485148514851971 603.7445544554454955 610.9465346534653918 612.4178217821781800
1445.8985294117646845 1455.1485294117646845 1460.7235294117647300 1463.4852941176470722 1463.0308823529412621 1459.2617647058823422 1452.2985294117647754 1441.8661764705882433 1427.2955882352941899 1408.4897058823528369 1384.7029411764706310 1355.1838235294117112 1319.1455882352940989 1275.5485294117647754 1222.6426470588235134 1159.4970588235294144 1086.4632352941175668 1005.3661764705882433 920.1250000000000000 836.1544117647058556 759.9308823529411256 696.8088235294117112 649.2514705882352928 617.3544117647059011
1240.0146840700087978 1244.1578166716108171 1247.8405517650548973 1251.0700088994362886 1253.8702165529516606 1256.2901216256302632 1258.3737763274991721 1260.1908929101157355 1261.8009492732126091 1263.2570453871255722 1264.6382379115989352 1265.9810145357459987 1267.3442598635419927 1268.7018688816374379 1270.0051913378820245 1271.1606348264610915 1272.0393058439631204 1272.5615544348856929 1272.5795016315632893 1271.9928804509047495 1270.6882230792050450 1268.6268169682587086 1265.8239394838326461 1262.3030258083654189
717.9939562993956770 721.9671083217108389 727.4352626685263203 734.3372849837285230 742.5005811250581473 751.6965364946536283 761.7382612738260832 772.3960948396095318 783.2761506276150385 794.0940260344026456 804.6701534170152854 814.8423988842398558 824.4679218967921770 833.4453742445374473 841.7419804741980442 849.3031148303115287 856.0165039516504066 861.7512784751278332 866.4239888423988987 869.9758251975824805 872.3281032078102726 873.4635053463505301 873.3835425383542770 872.2718503021850438
1319.6304163126592357 1322.1750212404417653 1323.1779949022939036 1322.6074766355141037 1320.4626168224299363 1316.9613423959217471 1311.9112149532709282 1305.2255734919285715 1297.0424808836023658 1287.3466440101954049 1276.1329651656753867 1263.4311809685641492 1249.2017841971112375 1233.3929481733221110 1216.1762956669499545 1197.5577740016992720 1177.7565845369583712 1156.9732370433305277 1135.4248088360238853 1113.5178419711130573 1091.6062022090059145 1070.0968564146135122 1049.1155480033985441 1029.4864061172472702
-377.1235672351132280 -378.4384493523436959 -379.7640480849873938 -380.0548877085080335 -381.4595098313297967 -383.0013978194017454 -382.3546733761997984 -383.5191501258037192 -385.1060478986115072 -383.8076600503214877 -384.7046873543937977 -386.0993383654831632 -385.3774112384679711 -386.0477122355791835 -387.6759854626782271 -387.1668064486068488 -387.7865995713353868 -389.2003541142484551 -388.2951262696859658 -389.6107538905973229 -390.3846798993570246 -389.1792004473022075 -388.8599384959463237 -389.4482340881558002
876.4686292001189258 876.5967885816235139 875.5286946179006691 873.3348201011002629 869.9106452572108310 865.2659827534938586 859.3931013975617361 852.2418971156705538 843.8253047873921560 834.0969372584002031 823.1220636336604457 810.8768956289027301 797.4262563187629667 782.9274457329764800 767.6656259292298046 752.0536723163842225 736.5194766577460541 721.5304787392209391 707.5319655069878308 694.8658935474278451 683.7203389830508513 674.1990782039845271 666.3143027059173846 659.9684805233422367
-336.3352130325814642 -335.6928034371643434 -335.3719119226637986 -336.6715001790189490 -335.6074113856068948 -334.9268707482993364 -335.6539563193698541 -334.4066416040100194 -333.4782491944146159 -334.0483351235230884 -332.7540279269602479 -331.7150912996777379 -331.9914070891514370 -330.5858395989974952 -329.5442176870748199 -329.7708557107053480 -328.6074113856068948 -327.3587540279269774 -327.9091478696742001 -326.3367346938775313 -325.3584854994629154 -325.8760293591120671 -324.2883995703544429 -322.7588614393125681
371.4719646799117072 358.6114790286975449 349.0688741721854171 344.0335540838852353 344.6097130242825415 351.7311258278145942 366.2128035320088202 388.2167770419425779 417.6988962472406115 453.6388520971302682 494.9249448123620141 539.3677704194260514 584.5501103752759491 628.1015452538631507 668.0878587196467606 703.4415011037527847 733.5090507726268925 758.3620309050772903 778.5805739514348716 794.8022075055187088 807.4591611479028188 816.9518763796909298 823.6516556291390998 827.6035320088300296
994.7850649350649519 997.8536796536797056 1000.3446969696969973 1002.1786796536796373 1003.3216450216450539 1003.8465367965368387 1003.7920995670995126 1003.2529220779221077 1002.3603896103895750 1001.2416666666666742 1000.0141774891775412 998.7838744588744930 997.6554112554113090 996.7076839826839887 995.9852813852813824 995.4185064935064702 994.9220779220779605 994.3613636363636488 993.5755411255411218 992.4371212121211556 990.7798701298701189 988.5265151515151274 985.7348484848484986 982.4625541125541304
213.2500537056928067 214.0211242391693531 214.8796276405298897 215.7932688865019770 216.7251700680272108 217.6179018976011434 218.4436090225563873 219.1840315073397676 219.8292158968850742 220.3316863587540411 220.6438954529180023 220.7542427497314748 220.6742570712495422 220.4100966702470430 219.9253848907984263 219.2819906910132488 218.4946652345148550 217.6079484425349051 216.6593626924453986 215.6995345506623778 214.7927676333691238 213.9530970282849864 213.1884711779448480 212.4780522735409818
-513.6942675159235705 391.1082802547770711 -1285.2929936305731644 -499.9617834394904321 435.7515923566879223 -1324.7388535031846004 -495.5605095541401397 468.1082802547770711 -1358.5031847133757310 -497.4458598726114928 485.7834394904458577 -1378.5605095541400260 -498.0445859872611436 481.4904458598726364 -1370.4649681528662768 -502.0254777070063597 459.4840764331210039 -1364.1146496815285900 -498.4522292993630685 414.6878980891719948 -1314.3821656050954516 -491.5541401273885072 378.6178343949044347 -1288.0636942675159844
70.0104265402843566 106.8222748815165914 151.5772511848341253 202.1549763033175395 255.9199052132701411 310.2526066350711176 362.6289099526066479 411.2355450236966590 454.6431279620853161 492.2421800947867041 523.9407582938388259 549.7592417061611059 569.8928909952607000 584.9530805687203383 595.6000000000000227 602.2004739336492776 605.2364928909952368 605.0270142180095263 602.2109004739336342 597.1606635071090068 590.1914691943128446 581.5943127962085555 571.6914691943128446 561.1199052132701581
-227.3337254242984500 -228.0940178121324209 -228.8127205511678710 -229.4313560746093117 -230.0104184170727706 -230.4931944211056987 -230.8605276424130466 -231.1904721895479611 -231.4800873802722094 -231.7325659553016237 -232.0080658712821275 -232.2406318265837797 -232.4213577549991498 -232.6207360107544844 -232.7947403797681147 -232.9407662577717986 -233.0988909426987163 -233.2358427155099889 -233.3633843051588030 -233.4939505965383830 -233.6073769114434526 -233.7508822046714840 -233.9236262812972598 -234.0690640228532970
-228.9847328244274820 -251.2061068702290072 -273.6272264631043072 -298.2162849872773336 -324.7315521628498800 -348.5903307888040672 -371.2608142493638752 -392.2468193384223696 -407.4198473282442592 -418.0992366412213528 -423.9949109414758368 -421.9936386768447960 -412.4961832061068776 -394.5305343511450360 -364.6335877862595680 -328.2213740458015536 -273.1081424936386952 -213.7455470737913572 -164.7748091603053524 -83.1017811704834628 -17.2277353689567434 27.3804071246819341 93.8231552162849880 144.6781170483460528
-1224.3824175824174745 -1226.7571428571427532 -1228.9406593406592947 -1230.9076923076922867 -1232.6945054945053926 -1234.2659340659340614 -1235.6087912087912173 -1236.7120879120880090 -1237.4560439560439136 -1238.0186813186812742 -1238.3329670329669625 -1238.4593406593405689 -1238.4769230769231854 -1238.3494505494504665 -1238.1186813186814106 -1237.7571428571427532 -1237.2307692307692832 -1236.5406593406594311 -1235.5714285714286689 -1234.2285714285715130 -1232.4945054945055745 -1230.3428571428571558 -1227.7593406593407508 -1224.7439560439561319
631.9768571680947389 632.9169684656832260 633.6601890292376993 634.1498100874481452 634.4504019079586215 634.5883755851956494 634.5848423284162436 634.4063245296351852 634.0556487942761805 633.5267202543944904 632.7513470541471179 631.7345640844448553 630.4844095044607002 629.0724317639784431 627.5087006448193279 625.8231604981891678 624.0687218443600841 622.3185230986662191 620.5988870241144468 618.9164384771663663 617.3295645261019899 615.8527515237169609 614.5483614521685922 613.4161293171981697
1165.8734472049688975 1172.8501552795030420 1177.3315217391304941 1179.5543478260869961 1180.0310559006211406 1179.0364906832298857 1176.8272515527951327 1173.2383540372670723 1167.8862577639752089 1160.4833074534160460 1150.5329968944099619 1137.5481366459628134 1120.9868012422359698 1100.5318322981365782 1076.0427018633540683 1047.6513975155280605 1015.7930900621117871 981.1809006211179849 945.0838509316770342 908.8707298136646386 874.0446428571428896 842.1250000000000000 814.4394409937888213 791.9386645962732700
-206.6326422115895696 -196.9043062200956911 -180.4651780967570573 -157.4598617756512624 -128.1988304093567308 -93.2615629984050969 -53.4933545986177563 -9.7091972355130256 36.3965975544922884 83.1637426900584842 129.2482721956406237 173.1850079744816640 214.0202020202020208 251.0701754385964932 283.9712918660287073 312.4311536416799413 336.6353003721424670 356.7490696438064788 373.1743753322700741 386.0824029771397932 395.5507708665603559 401.9904306220095691 405.3811802232854689 406.1403508771929864
564.7204771371768857 558.1626242544731440 553.7053677932406117 552.2870775347912513 554.8926441351889025 562.2397614314115799 574.8461232604373663 593.0779324055665711 617.1324055666003687 646.6087475149105330 680.3912524850894670 716.7737574552684237 753.7908548707753198 789.7113320079522509 823.2389662027833310 853.7944333996024397 881.3125248508946470 905.9554671968190860 927.9248508946321863 947.2675944333996085 964.2361829025844600 979.0178926441351450 991.8127236580517092 1002.7447316103380217
1329.7799801783944531 1335.3996035678890166 1340.1785926660058976 1343.9974231912785854 1346.8767096134786243 1348.8350842418235516 1350.0101090188304624 1350.5333994053519291 1350.5365708622398415 1350.2392467789891271 1349.8350842418235516 1349.3296333002972460 1348.7970267591674656 1348.2737363726462263 1347.6961347869178098 1346.9781962338950052 1345.9956392467790920 1344.6053518334986165 1342.7056491575817745 1340.1020812685826513 1336.7290386521308392 1332.5341922695738504 1327.5742319127848532 1321.8901883052526500
52.6025937468583464 51.8239670252337419 51.2801849803961005 50.9547602292148412 50.8889112295164381 51.0718809691364228 51.5499145470996254 52.3005931436614020 53.2969739619985958 54.5140243289433997 55.8904192218759448 57.4061526088267797 59.0327737006132480 60.7453503568915281 62.4843671458731293 64.2185583593043106 65.9374685834925174 67.6217955162360482 69.2296169699406789 70.7336885493113527 72.1797526892530357 73.5203578968533265 74.7489695385543342 75.8554337991354117
828.4406987434875873 841.3830830524057092 857.2516089488201487 875.4970885688017006 895.6877106956787884 917.1066503217897434 939.2182041066503189 961.5730922463990282 983.7738277658596644 1005.2935948513637641 1025.6733067729082904 1044.5574624578607654 1061.8997854734907378 1077.7391970579221834 1092.1449586270302916 1105.1422004290529912 1116.8409439166412085 1127.2681581366839509 1136.4385534783941694 1144.2028807845540541 1150.3064664419246128 1154.5626723873735955 1156.6864848299110236 1156.6074164878946249
1179.9582577132487131 1181.0952813067151510 1181.5923774954628698 1181.4482758620690674 1180.7246823956443222 1179.4800362976407087 1177.8321234119782730 1175.9243194192376905 1173.9150635208711719 1171.9027223230489199 1169.9934664246823104 1168.3313974591651458 1166.9716878402903149 1165.9513611615245736 1165.2177858439201827 1164.6814882032667811 1164.1747731397458665 1163.5450090744102454 1162.6671506352085999 1161.3401088929219895 1159.4823956442830877 1157.0172413793102351 1154.0571687840290451 1150.6368421052632129
323.3814715675393359 323.5120454397074923 323.5126983090683552 323.3655415551348256 323.0582359469869971 322.5974407521055127 322.0360383887183957 321.4004047790037362 320.7254031468303310 320.0583012339230891 319.4449304694130660 318.9111444799895594 318.4651694195991354 318.1005418815694838 317.7970229157145923 317.5495854279558898 317.3330286609649420 317.1401710517725405 316.9559966050793491 316.7329111444799992 316.4673238884898865 316.1113142260233531 315.6486257099954287 315.0730560814781143
108.2790948275862064 99.1147629310344769 92.1314655172413808 88.2316810344827616 89.0511853448275872 95.8168103448275872 109.7149784482758577 131.3216594827586334 160.5754310344827616 196.9913793103448256 239.2931034482758719 285.9234913793103487 334.9369612068965694 384.4876077586206975 432.4181034482758719 477.2203663793103487 517.6880387931034875 553.1201508620689538 583.1325431034482563 607.5991379310345337 626.6276939655172100 640.5635775862068613 649.5495689655172100 654.2165948275861638
-78.1067113291063464 -78.2476372771862714 -78.1167603780356501 -77.7601387725804472 -77.2404593850939136 -76.5937313075726820 -75.8017705467161136 -74.9297762890297889 -74.0289508314391611 -73.1052757506878805 -72.2075607130039430 -71.3474099772700043 -70.5589185309247569 -69.8355066395501893 -69.2496710132790980 -68.7545160904414416 -68.3645172867567936 -68.1391314750568284 -68.0580212944132086 -68.0906807034334207 -68.2353152290943825 -68.4138054791242922 -68.5925349922239462 -68.7212585237468545
68.2382775119617264 12.2746411483253581 -42.3540669856459360 -92.7799043062200894 -136.8038277511961667 -172.4019138755980975 -198.3741626794258366 -213.5358851674641016 -216.2220095693780024 -204.7645933014354114 -178.0985645933014325 -135.6258373205741634 -78.1320574162679407 -8.1990430622009569 70.5770334928229630 153.0631578947368325 234.5751196172248854 311.4315789473683935 380.3990430622009740 440.0440191387559707 489.1760765550239398 528.0488038277511578 556.8334928229664911 575.8296650717703642
532.5369496855346370 528.3891509433962028 535.6273584905660528 555.3246855345911399 587.9119496855346370 631.8042452830188722 683.8514150943395862 740.9158805031446491 799.1297169811321055 855.7272012578616796 908.6800314465408519 956.8411949685535092 999.4040880503144990 1036.3702830188678945 1068.5361635220126573 1097.0660377358490223 1122.7067610062892982 1145.6501572327044869 1166.3176100628929817 1184.3482704402515537 1199.4748427672955131 1211.5880503144653630 1220.0141509433963165 1224.2877358490566166
820.1023144746509388 818.6109478324760858 815.9177075679647260 811.7740631888317466 806.0532696546656553 798.6655033063923383 789.6114988978691827 778.8172299779573677 766.2837986774430874 752.1010286554004551 736.4382806759736013 719.4783247612050445 701.3477222630418737 682.3664584864070548 662.8449669360763892 643.2544085231447752 624.1041513592946330 605.7668993387214869 588.6287656135194766 573.0786186627479992 559.4983468038207093 548.0446362968405083 538.6846069066862128 531.3260470242469182
652.6491596638655892 646.7752100840335743 633.6974789915966539 611.4642857142856656 578.9306722689075286 535.7521008403360838 480.5147058823529278 412.2268907563025095 331.1344537815126046 237.5483193277310932 134.3718487394957890 25.6218487394957997 -84.3445378151260456 -189.6155462184873954 -286.3445378151260456 -371.0021008403361407 -440.5210084033613498 -494.8088235294117680 -534.4516806722689353 -560.8025210084033461 -575.2289915966387071 -579.0966386554621295 -573.8697478991596199 -561.0042016806722813
-726.1955852156057745 -723.5431211498972743 -718.3228952772074081 -713.5924024640656853 -704.2956878850102385 -692.5903490759753822 -680.6473305954825719 -665.0698151950718966 -647.7263860369610029 -630.8737166324435748 -611.4609856262833318 -592.0390143737166682 -572.2997946611909583 -551.9568788501027257 -531.1442505133470604 -510.0934291581108937 -488.2248459958932472 -465.5210472279260898 -442.0338809034907399 -417.4604722792607845 -392.0462012320328427 -366.3300821355236394 -340.7571868583162313 -316.1858316221765790
722.6066577896137915 730.2846870838881159 741.1296937416777837 754.9731025299601015 771.1629826897469684 789.2932090545938308 808.8580559254327227 829.1251664447403300 849.6189081225032851 869.9834886817576489 889.6537949400799334 908.1632490013315646 925.3035952063914920 941.1097203728362501 955.6362183754993112 969.0082556591211187 981.3355525965379229 992.6013315579227765 1002.6300932090546212 1011.3177097203728181 1018.4908122503328514 1023.9379494007989706 1027.4575233022635530 1029.0612516644473544
465.1953385127636125 413.6281908990010834 350.3396226415094361 276.9578246392896972 196.8579356270810194 113.2452830188679229 30.9988901220865714 -45.3973362930077684 -112.6947835738068875 -167.6892341842397229 -209.0643729189789042 -235.3129855715871201 -245.1198668146503792 -237.5249722530521694 -212.0677025527191972 -168.5516093229744854 -108.6759156492785792 -36.6814650388457295 42.2142064372918995 121.0510543840177604 195.4162042175360625 260.5660377358490791 314.6825749167591653 357.8035516093229944
-628.8652675760755528 -634.2959076600209301 -638.5618048268624989 -641.6176285414480844 -643.6700944386149104 -644.9521511017837838 -645.6734522560335563 -646.0209863588667076 -646.1441762854144599 -646.2224554039873965 -646.2520461699895122 -646.2409233997901765 -646.1916054564533169 -646.1028331584469697 -645.9519412381952179 -645.6512067156348849 -645.1185729275970289 -644.2308499475341250 -642.8780692549842115 -640.8692549842602375 -637.9987408184680362 -634.0266526757607153 -628.8306400839454682 -622.3223504721930794
536.0333333333333030 553.1540540540540860 567.2351351351351241 577.7756756756756431 584.0099099099098794 585.0909909909910311 579.9711711711711359 567.5405405405405190 546.0135135135135442 514.5684684684684953 471.8306306306306510 417.6018018018017983 352.2846846846846915 276.5270270270270316 193.1792792792792852 104.8756756756756801 16.3792792792792810 -67.7414414414414381 -143.9189189189189051 -208.9144144144144093 -260.4144144144144093 -297.1297297297297177 -318.4828828828829046 -324.2720720720720919
-390.2824601366742741 -398.9931662870159244 -396.9100227790432882 -381.5558086560364472 -350.9681093394077607 -303.3154897494305260 -238.3804100227790457 -157.0968109339407874 -62.1275626423690213 41.4624145785876976 147.7232346241457890 250.1002277904327968 343.3496583143507905 423.7118451025057198 489.2038724373576315 540.2107061503417071 578.4179954441913196 605.9555808656036788 624.1958997722096001 634.8052391799544694 639.0831435079726361 637.8006833712984189 631.4419134396355275 620.2494305239180221
314.7940642035130168 345.5457298606904715 388.6384009691096253 442.2047244094488292 502.8758328285887274 566.6050878255603038 628.7952755905512277 685.8691701998789085 734.7783161720169574 774.1193216232586565 803.4869775893397446 823.8243488794670384 836.5039370078740149 843.4397334948515663 846.3119321623258884 846.2168382798304265 843.6099333737129200 838.5130224106602554 831.0514839491216890 821.3198061780739181 809.2337976983645831 794.7371290127196062 778.2889158086009047 760.1308298001210915
-119.0766622259900629 -120.5265835049049343 -121.8539421097250823 -123.0937386459973339 -124.2787937507569325 -125.4203705946469682 -126.5294901295870176 -127.5985224657866013 -128.6587138185781782 -129.7006176577449423 -130.7281094828630330 -131.7374349037180536 -132.7073997820031366 -133.6992854547656577 -134.7038876105122824 -135.7701344313915399 -136.8277824875862905 -137.8461911105728461 -138.8262080658834918 -139.7466392152113315 -140.6129344798353031 -141.4218239069880099 -142.1185660651568412 -142.6653748334746297
-577.2664609053498452 -582.3353909465020024 -585.3251028806583918 -585.8868312757201693 -583.2057613168724401 -576.5843621399177437 -565.0956790123457267 -547.8127572016460363 -523.5792181069958815 -490.7510288065843724 -448.0843621399176868 -394.7386831275720169 -331.0010288065843724 -258.0298353909465163 -178.4372427983539069 -95.4567901234567842 -12.3106995884773660 67.3878600823045275 140.9115226337448519 205.8148148148148096 260.0997942386831028 303.2613168724279831 335.7911522633744994 358.9485596707818900
1228.6337448559670520 1218.9588477366255574 1199.9465020576130883 1169.0576131687241741 1123.1316872427983071 1059.0864197530863748 974.3950617283950351 870.0205761316872213 747.4691358024691681 611.1481481481481524 467.6049382716049649 322.6790123456789843 183.9958847736625387 55.0987654320987659 -59.8559670781893018 -157.4814814814814952 -236.2139917695473343 -296.0823045267489988 -336.2098765432098730 -356.7037037037036953 -358.2386831275720169 -341.9300411522633567 -311.5390946502057545 -270.2098765432098730
326.8658053402239716 332.0113695090439023 338.1807062876830514 345.3839793281653670 353.6284237726098354 362.9111111111110972 373.1989664082687455 384.4382428940568275 396.4968130921619149 409.2015503875969102 422.2821705426356402 435.3948320413436477 448.3457364341085167 460.9572782084409823 472.9851851851851734 484.2409991386735442 494.6082687338501387 504.0725236864771546 512.5963824289406148 520.0267011197244074 526.3731266149870862 531.6260120585701543 535.8179155900086243 538.8589147286821799
1004.8902671755724896 1019.5505725190839712 1035.0938295165394720 1051.1405852417303777 1067.2875318066157888 1083.5206743002545409 1099.8826335877863585 1116.3037531806614879 1132.7188295165394720 1149.1552162849873184 1165.3947201017811039 1181.1806615776081344 1196.2321882951653151 1210.4357506361322976 1223.5998727735368448 1235.6676208651399520 1246.5454834605598080 1256.1008269720102817 1264.1001908396947329 1270.2630407124681824 1274.5403944020356448 1276.7678117048346849 1276.8813613231552608 1274.8199745547074144
771.7320782041998655 761.8660391020998759 749.1559256577359065 733.8406951484431602 716.1699251749939776 696.6215302920588783 675.6036688390055360 653.7156649770697641 631.6063239198648489 610.0666183924691950 589.9765870142408630 571.9765870142408630 556.7188027999034148 544.6116340815833610 535.9874487086651698 530.8826937002172599 529.1515809799661838 530.4380883417812811 534.1822350953415253 539.8349022447501966 546.3915037412502897 553.1457880762732202 559.4571566497706954 564.7417330436881002
-273.8279085872576388 -283.8770775623268605 -297.9615650969528815 -304.5737534626038610 -317.9608725761772803 -335.5335872576177394 -347.4826869806094010 -364.7655817174515391 -384.8022853185595409 -400.0599030470914386 -418.2718144044321207 -438.5747922437673196 -454.5017313019390599 -472.2669667590027984 -490.6835180055401793 -504.5477839335180192 -519.5716759002770004 -534.5661357340720770 -543.8099030470914386 -555.2738919667590380 -565.2963988919667599 -565.9833795013850022 -573.8150969529085614 -577.1045706371190818
49.2877152698048207 46.9111366245694583 45.8314580941446579 46.3182548794489080 48.6101033295063161 52.7187141216991932 58.8507462686567138 67.1001148105625731 77.4137772675086069 89.7129735935706094 103.7049368541905920 119.0704936854190521 135.3008036739379918 151.9340987370838150 168.5421354764638409 184.7517795637198503 200.1324913892078143 214.3299655568312403 227.2404133180252472 238.6061997703788791 248.3804822043628064 256.5099885189437146 262.9513203214695523 267.7910447761194064
-194.7904608248462353 -194.4132298074014216 -193.7917717051527688 -192.9074316829686495 -191.9658162750831991 -190.8926086518100362 -189.6775234445900935 -188.4906725824342004 -187.2602601593223710 -185.9944539679338504 -184.8178884743369963 -183.6932540082686387 -182.6895230412423246 -181.8533830795603592 -181.1497428657860098 -180.5651910860139253 -180.1427851164666833 -179.8820207724110105 -179.7320762327316856 -179.7011192901078971 -179.7733185439144847 -179.8917011192901043 -180.0721992538065876 -180.3050317636381976
730.5707364341085395 742.1734496124031466 764.3410852713178656 797.1821705426356175 839.2199612403101128 887.7160852713178656 939.7257751937984267 992.8401162790697754 1044.7248062015503365 1093.9350775193797745 1139.7596899224806748 1181.8585271317829211 1220.0329457364341579 1254.3013565891471899 1284.9312015503876410 1312.1085271317829211 1336.0096899224806748 1356.6230620155038196 1374.2470930232557293 1388.6656976744186522 1399.4370155038759549 1405.9496124031006730 1407.9379844961240451 1404.9718992248062932
-20.7404963870562362 -27.9374803644360661 -36.6776625824693667 -47.0119384228715020 -58.9142318567389225 -72.2943763744894738 -86.9751806471881821 -102.8042726987119124 -119.6072887213320826 -137.2880929940307908 -155.6537857367263484 -174.6449890040842092 -193.9864907320138343 -213.4231856738925615 -232.7103361608545526 -251.6716933710336264 -269.8334904178448141 -286.8645931511152867 -302.6160854539742218 -316.5124096764059232 -328.2541627395538626 -337.7756833176248961 -344.9041784480050410 -349.6148287778825079
119.1152798789712506 105.5491679273827543 90.3748865355521929 73.8414523449319233 56.0798789712556740 37.4251134644478043 18.1872919818456893 -1.2826021180030258 -20.5031770045385784 -39.1437216338880489 -57.1137670196671721 -74.0850226928895665 -89.9782148260211869 -104.7848714069591551 -118.3694402420574932 -130.5848714069591665 -141.4801815431164869 -150.9679273827534018 -158.9479576399394887 -165.4826021180030295 -170.5034795763993998 -174.0499243570347971 -176.2934947049924403 -177.4444780635400889
-306.6488448844884260 -329.4092409240923871 -354.3683168316831598 -381.0217821782178476 -408.4514851485148483 -436.1201320132013279 -463.4501650165016713 -489.9425742574257470 -515.9491749174917459 -541.9254125412541043 -567.8336633663366229 -593.5498349834983856 -618.8811881188119060 -643.5181518151815681 -667.2620462046204466 -689.6759075907590386 -710.5174917491749511 -729.4660066006600800 -744.4349834983498795 -760.7551155115511392 -771.3564356435643958 -778.3452145214521352 -785.0488448844884033 -786.7425742574257583
1088.2225097024579554 1055.7774902975420446 1009.0931435963777858 950.2677878395860489 883.6196636481241740 814.9172056921087233 751.8434670116429288 701.4773609314360101 669.5924967658473861 659.3738680465718289 673.2574385510996535 710.0517464424320906 766.8124191461837427 836.4294954721863178 910.4437257438551114 980.6351875808537670 1040.8538163001294379 1088.7335058214748642 1124.7943078913324371 1150.7813712807244428 1168.7128072445018461 1180.6856403622250582 1187.9573091849936191 1191.4670116429495010
34.6637168141592937 88.8484513274336223 151.1637168141593008 217.5807522123893705 283.5243362831858462 345.9247787610619298 402.0387168141592724 448.9745575221239164 484.9834070796460423 509.9767699115044479 523.9524336283185448 527.6902654867257070 521.5940265486725593 506.0862831858407276 480.9491150442477760 445.7068584070796646 399.5066371681415944 342.8196902654867131 278.3141592920354128 210.0022123893805315 143.5055309734513287 83.1548672566371749 33.2201327433628322 -4.8384955752212386
659.1730182926829684 638.4390243902439579 609.6928353658536253 573.4108231707317600 531.0464939024390105 483.9054878048780211 433.5967987804878021 382.2278963414634063 332.2850609756097811 286.1455792682926926 245.9085365853658516 213.9054878048780495 192.0198170731707421 181.3582317073170600 182.2629573170731589 194.4047256097560989 217.0259146341463463 248.4329268292682968 285.5137195121951095 324.6196646341463179 362.7439024390243958 397.6981707317073074 428.3506097560975832 453.6326219512195053
-1045.6760412194075798 -1046.9718763417774881 -1048.1702447402319649 -1049.2335766423357200 -1050.1515671962215492 -1050.9036066981536806 -1051.5169600686990634 -1052.0371404036065996 -1052.4862601975096368 -1052.8703306139973392 -1053.1878488621725865 -1053.4336625161013217 -1053.6170030055818643 -1053.6698153714039563 -1053.6051953628166302 -1053.3958780592529365 -1053.0912408759124901 -1052.6479175611850678 -1052.0515242593387484 -1051.3093602404464946 -1050.4008158007727616 -1049.3091455560327176 -1048.0420781451266521 -1046.6240875912408228
675.4712622435779394 675.8003141748290545 675.8737756422102620 675.7724080576603001 675.5382554056551498 675.2156717797080319 674.8487340602476934 674.4532433930882007 674.0927739789318593 673.7934762520791310 673.5868600997966951 673.4578636111624519 673.4396599519496931 673.5342820181112984 673.7298096470153723 674.0267048604694082 674.3784882646460801 674.7779523193494242 675.1969136943263265 675.6357420070227136 676.0422287931990013 676.4164664572167567 676.7482905193124907 676.9478839401219830
308.4665314401622709 304.1393509127789230 297.4176470588235475 288.2348884381338507 276.7168356997971728 263.1198782961460552 247.7949290060851979 231.1490872210953285 213.5430020283975523 195.5448275862069067 177.7271805273833536 160.5817444219067056 144.6089249492900706 130.2935091277890365 118.0006085192697753 108.0592292089249469 100.7882352941176407 96.2361054766734298 94.3219066937119663 94.7620689655172441 97.0999999999999943 100.8223123732251452 105.3908722109533471 110.3695740365111533
1042.3179012345678984 1031.4058641975309456 1009.6064814814815236 974.8780864197531173 926.8564814814815236 865.8395061728394921 794.5617283950617775 714.7175925925926094 628.6682098765431874 540.6373456790123555 454.7777777777777715 375.9907407407407618 308.2669753086419746 257.1589506172839492 226.5709876543209873 218.8209876543209873 233.9166666666666572 269.8996913580247110 323.5817901234568126 388.3117283950617207 457.4182098765431874 522.5354938271605079 578.4737654320987303 621.7762345679012697
378.4884517766497538 378.1506345177664912 377.8116116751269260 377.5082487309644534 377.2330583756345277 377.0083121827411219 376.8565355329949398 376.7914340101522725 376.8472715736040755 377.0080583756345050 377.2675126903553178 377.6420685279188092 378.1322335025380994 378.7275380710659647 379.4413071065989698 380.2246192893401258 381.0397842639594046 381.8402284263959245 382.5943527918781797 383.2897842639594046 383.8699873096446709 384.3015862944162677 384.5789340101522953 384.7215736040608931
617.1076096687555719 611.6963294538943501 604.4454789615040227 595.3172784243508886 584.3000895255147498 571.3654431512981091 556.7444941808415706 540.8363473589972727 524.0734109221127710 506.9428827215756428 489.9102954341987584 473.3588182632050234 457.7747538048344040 443.4660698299015280 430.6261414503133551 419.6252461951656301 410.6426141450313594 403.8277529095792033 399.1795881826320738 396.5598925693822707 395.8137869292748405 396.6465532676812700 398.5923008057296215 401.2168307967770602
-535.4940533590485074 -531.8463516554162425 -529.5634844101574572 -526.2870459659274047 -517.0797171327546948 -508.0073931211828722 -497.1504339440694480 -482.9443908711025415 -468.7335261973641991 -454.5557698489231484 -437.7839922854387851 -421.0533590485374589 -404.6284153005464646 -386.8113146898103309 -369.3950498232079553 -353.7431693989071277 -337.4432658309225417 -320.4464802314368512 -308.6258437801350283 -293.4394085503053589 -277.0279652844744191 -272.0032144005143095 -258.8373513339761871 -245.1317904210864640
1075.7747866053841790 1099.1057124097176256 1125.2252133946158210 1153.5226526592252867 1183.2495075508863920 1213.7445830597505392 1244.3775443204201565 1274.6211424819434797 1303.8621142481943025 1331.5443204202231300 1357.1437951411687663 1380.5869993434012031 1401.8470124753775963 1421.0210111621800024 1438.1103086014445580 1453.2967826657911701 1466.4766907419566451 1477.3598161523309500 1485.6178594878529111 1491.3519369665134491 1494.2068286277085463 1493.7058437294813302 1489.4090610636901602 1481.3282994090611737
-475.7123188405797123 -466.3275362318840394 -450.9181159420289760 -427.9318840579709899 -396.8673913043478478 -358.1999999999999886 -312.4202898550724399 -260.7978260869565474 -205.7304347826086826 -149.2927536231884176 -94.2971014492753596 -42.3485507246376827 5.5717391304347830 48.7905797101449252 87.2369565217391312 121.4456521739130466 152.0101449275362313 179.0195652173913174 202.7550724637681299 223.3108695652173878 240.8768115942029056 255.4746376811594075 266.8818840579710354 274.9869565217391028
784.0382601691502487 782.4712041884816927 779.1196133709222522 773.8316552557390651 766.4313330648409419 756.7809101892871695 744.6560612162705866 729.8703181635119108 712.0918244059605513 691.1401530406766369 667.0559806685461126 639.8795811518324399 609.7877567458718886 577.3527990334273454 543.3515908175594404 508.6838501812324012 474.2521143777688053 440.6677406363270393 408.9722110350382422 379.9963753523962851 354.4792589609343736 333.2452678211840293 316.6258558195730757 304.8610551751913249
