218.1707317073170600 -26.8362369337979096 -405.3135888501741988 -1168.2253193960511908 -2047.3298490127758669 -2602.3890824622530999 -2167.4819976771195797 -1067.5447154471544309 -836.2740998838560245 -770.9326364692218476 -284.2973286875725876 -163.4901277584204422 -104.0801393728223019 -43.4262485481997658 -64.6306620209059304 -46.6353077816492458 -50.3635307781649217 -41.8722415795586542 -52.4831591173054619 -56.6167247386759556 -43.6945412311265997 -23.6689895470383291 12.5691056910569099 55.9500580720092913
45.9727861771058315 42.3663066954643597 48.3127429805615520 53.8898488120950319 59.8937365010799141 77.0742980561555129 93.0600431965442709 105.0488120950324031 117.4151187904967628 101.6168466522678244 116.3235421166306764 62.7745140388768874 -6.0332613390928724 -241.2526997840172669 -1041.2211663066955225 -1040.9637149028078511 -11.4768898488120943 204.8721382289416795 -32.6099352051835822 6.7602591792656588 -16.6414686825054012 -12.8086393088552910 4.9801295896328295 3.5580993520518360
-14.1704996034892936 -13.5622521808088816 -19.7731958762886606 -17.0642347343378269 9.2466296590007921 56.5860428231562267 133.3750991276764353 226.7137192704203130 364.3306899286280895 596.0285487708167693 894.0983346550357282 1325.8287073750991567 1602.1776367961936103 1262.3584456780333767 763.6899286280729484 581.3568596352101849 510.9476605868358661 402.0515463917525949 221.5765265662172965 9.5368754956383821 -439.2386994448850146 -1295.8929421094369445 -2372.3425852498016866 -2671.9429024583664614
-168.9501278772378612 14.9181585677749364 326.2250639386189164 1020.9846547314577947 1675.7378516624041822 2698.2289002557545246 1864.0690537084399239 -867.5140664961636503 -361.6406649616368441 811.9757033248081370 96.8503836317135551 82.9846547314577947 77.4309462915601046 -22.1317135549872113 55.3069053708439924 -14.5434782608695645 22.3503836317135551 13.1086956521739122 4.4693094629156009 13.6048593350383626 0.5946291560102301 -18.8337595907928375 -49.8708439897698241 -90.9117647058823479
-91.6870224622278442 -88.6553685299017644 -94.3331418394898549 -90.8344918710863425 -87.6280232090538220 -92.0938702820704265 -91.4331590739357694 -92.9984488998678671 -95.4555638536221096 -99.2261733785258855 -108.9245131269029656 -102.5695984374102352 -82.6993738151318496 -74.8258746481300676 -70.5227207445280584 -62.3980582524271838 -55.4413167116677172 -50.2821278795886712 -47.6614005859711583 -41.7718733842706982 -35.8996380766358385 -34.6419256620899603 -33.4301717699775978 -27.5294421784339640
651.0518518518518931 999.0382716049382452 1479.2432098765432329 1666.2679012345679439 1258.5876543209876672 775.1679012345679212 566.5395061728395376 471.4481481481481637 364.0086419753086489 129.8049382716049251 -46.2555555555555529 -633.5716049382715482 -1634.9395061728394012 -2454.2617283950617093 -2804.7901234567902975 -1221.0222222222221262 -11.5246913580246915 -931.1456790123456813 -732.0987654320987303 -59.9740740740740748 -112.3827160493827222 32.7259259259259281 30.0493827160493829 5.9913580246913583
-1800.1120906801006640 -2425.8790931989924502 -2359.9584382871535126 -1721.8916876574307935 -1176.3362720403022195 -870.3614609571787923 -496.2254408060453557 -234.8740554156171356 -148.7581863979849004 -94.4105793450881663 -81.4307304785894246 -77.8035264483627174 -71.6183879093198925 -70.5113350125944578 -75.1788413098236816 -76.4231738035264527 -73.0931989924433196 -54.6385390428211579 -10.0289672544080606 31.8098236775818641 75.4949622166246854 161.3727959697733070 274.3778337531485931 413.5591939546599747
384.1296596434359572 378.8213128038897821 352.5028363047001676 293.4704213938411499 201.9432739059967616 66.5850891410048575 -111.0474068071312814 -321.5012155591572309 -569.8047001620745959 -803.2042139384116126 -958.7123176661264097 -926.3768233387357895 -605.0607779578606369 -277.7244732576985484 -184.5587520259319376 -129.8910048622366276 -57.7645867098865509 -37.3435980551053461 -23.9756888168557545 -18.9627228525121545 -19.7698541329011341 -11.0453808752025928 -3.8739870340356566 6.2220421393841168
0.7959588197575597 0.8883879044488097 0.5261702170970270 0.4428250094146625 0.5879278582406285 0.6083118746882984 0.5980524371253219 0.6773366174390083 0.7703840164476697 0.9056778048060580 1.1277595138980774 1.1055383660217200 1.1051185229666873 1.2874678120324474 1.2632772185524830 1.0811518457827400 0.7345141525277097 0.1567032396616828 0.1506676776826699 0.9230694852978596 1.1762908265564727 0.7932387456616218 0.2737147713509277 -0.1149326724409930
-277.9146211312699961 -231.7072216293134090 -136.4204909284951839 -7.4973319103521883 174.2497331910352329 405.4649590892920514 755.3454286730700460 1155.2059765208111912 1027.3756670224120171 482.6801849875488983 231.1504802561366034 145.7310565635005446 39.5051583066524401 23.8929206688011391 14.5780860903593030 -8.0786197082888656 -23.5257915332621828 -34.0181430096051258 -32.2806830309498380 -28.9544646033440074 -24.9110636784062613 -16.8744219139096394 -12.5012451085023120 -16.6499466382070445
-49.8014705882352970 -23.0288461538461533 -19.1481900452488674 -20.1832579185520373 -23.6985294117647065 -23.2194570135746616 -16.7760180995475103 -12.9485294117647065 -27.8636877828054281 -34.3891402714932113 -18.0938914027149309 18.3614253393665159 90.5803167420814503 173.7030542986425417 340.5882352941176237 556.5226244343891722 1051.2132352941175668 1916.0763574660634276 1853.0141402714932610 850.5067873303167971 442.0955882352941444 447.1391402714932042 331.6708144796380111 226.0039592760180938
-363.7331730769230944 -205.7632211538461604 -28.9543269230769234 238.9567307692307736 860.0889423076922640 1468.1117788461538112 2636.2487980769228670 2017.8882211538461888 -809.1165865384615472 -404.2824519230769056 870.0925480769230944 125.1754807692307736 62.2500000000000000 79.7211538461538396 -27.8197115384615401 50.5817307692307665 -22.2427884615384599 13.4627403846153850 13.1081730769230766 -0.5853365384615384 8.8329326923076916 -4.2836538461538458 -20.4050480769230766 -37.1610576923076934
468.3785310734463110 563.9241323648103617 644.3478611783696124 726.7183212267957515 768.0104923325262689 757.0839386602098102 717.8619854721549700 690.9346246973365169 615.1509281678772822 513.2841000807102319 478.8305084745762770 463.5617433414043376 420.5932203389830306 367.1662631154156315 323.7360774818401978 289.8418079096045403 269.0048426150120804 272.5698143664245094 274.8611783696529187 269.9354317998385682 266.7070217917675450 256.9596448748990838 249.7417271993543295 236.1557707828894195
-919.4297959183672901 -1189.2653061224489193 -1101.8995918367347713 -594.5114285714286098 -149.3518367346938760 -30.4991836734693891 -16.4706122448979606 -42.1138775510204084 -36.4126530612244892 -4.6342857142857143 -6.7648979591836733 -4.2065306122448982 -0.8755102040816326 1.1808163265306122 2.3163265306122449 10.9224489795918362 14.1367346938775515 4.7665306122448978 9.5399999999999991 18.6379591836734697 23.8191836734693894 37.3122448979591823 56.9093877551020384 85.5220408163265375
15.8388768898488124 7.7257019438444923 9.4397408207343414 7.6984881209503238 4.5995680345572358 -7.0742980561555076 -41.7447084233261307 -91.2695464362850970 -151.7209503239740798 -239.6168466522678102 -344.4548596112310861 -447.0276457883369403 -551.4535637149027707 -640.7010799136069181 -680.3520518358531035 -665.8483801295896001 -594.4475161987040792 -455.5356371490281049 -282.6125269978401775 -95.5676025917926495 147.3269978401727940 427.2168466522678045 761.1866090712743471 1053.0509719222461626
13.7912144702842383 75.6242894056847490 173.5514211886304849 39.7633074935400543 22.8330749354005178 27.7777777777777786 24.0346253229974174 41.3167958656330754 25.3819121447028415 24.6837209302325569 28.1503875968992254 23.3426356589147304 22.9922480620155056 21.5906976744186032 4.3617571059431528 -30.1937984496124017 -97.0439276485788156 -192.9111111111110972 -315.5689922480619884 -510.6222222222222058 -803.7049095607235358 -1373.1886304909560295 -1770.7235142118863678 -1291.9648578811370498
401.8630609896432588 356.5788262370541020 289.0138089758343085 138.6398158803222032 46.5638665132335987 -373.1898734177215147 -850.9735327963176132 -1840.3337169159954101 -2694.3210586881473318 -321.1829689298043604 1179.0621403912543883 -498.5627157652473898 -550.0161104718066554 32.9367088607594951 -94.5914844649021802 44.8596087456846959 -4.2094361334867667 -3.6766398158803222 20.9044879171461453 -7.6915995397008059 15.6191024165707706 8.6225546605293442 6.1841196777905640 22.6766398158803213
836.3520208604954860 823.3402868318122501 640.6258148631029599 508.4810951760104558 429.7887874837027198 368.5736636245110844 277.8044328552803108 87.5958279009126528 -24.7157757496740551 -496.3767926988265913 -960.7770534550195407 -1882.0625814863103642 -2686.3807040417209464 -216.9439374185136842 1261.5632333767925957 -391.8122555410690779 -432.2933507170795338 23.6844850065189050 -87.0039113428943978 67.6988265971316849 -5.0352020860495434 0.3585397653194263 15.5149934810951766 -5.8187744458930899
-521.7834482758620425 -436.3020689655172646 -258.5075862068965762 -41.2455172413793107 274.7627586206896808 1040.9600000000000364 1890.2055172413793116 2940.5558620689653253 2111.4137931034483699 -523.3668965517241531 -10.0386206896551720 1096.6979310344827354 224.0689655172413666 113.8193103448275849 103.2427586206896564 -14.0041379310344833 68.7282758620689691 -0.9834482758620690 31.4275862068965530 27.6206896551724128 19.8193103448275849 23.8993103448275868 10.5600000000000005 0.7558620689655172
-295.3279742765273568 -362.0952572347267164 -416.9039389067523871 -464.1889067524115831 -495.8597266881029100 -494.6704180064308503 -449.4224276527331199 -431.5924437299035503 -423.9686495176848666 -364.4738745980707222 -321.6390675241157737 -278.9168006430868445 -235.1716237942122234 -216.7335209003215368 -184.8983118971061117 -168.2672829581993597 -170.2954180064308787 -164.4075562700964497 -156.6607717041800640 -148.8629421221864959 -141.0377813504823052 -132.6575562700964497 -124.3798231511254073 -111.0827974276527357
-4.8297286669288244 -5.6818718049547776 -5.8497837200157292 -8.1447109712937475 -19.4632324026740058 -32.8006291781360630 -38.6354699174203731 -45.3043649233189143 -58.2890287062524592 -69.5705859221392018 -86.7640581989775797 -117.9410145497443949 -142.7565867086118772 -164.4553676759732639 -177.6606370428627599 -162.8883208808493919 -152.2327959103421051 -49.6480534801415629 84.7648446716476656 457.7687770349980383 1139.9170271333071014 895.6586708611876020 -74.9508454581203267 -262.7164766024380924
1197.6742857142858156 1877.4742857142857702 2299.3268571428570795 2266.1314285714283869 1812.3782857142857665 1465.9508571428571031 1161.5314285714284779 598.3817142857143381 253.6617142857142824 171.9314285714285688 124.3691428571428617 122.7360000000000042 110.8719999999999999 97.9382857142857119 82.9897142857142853 70.7817142857142869 74.8274285714285696 72.0731428571428552 58.9165714285714301 27.5337142857142858 -32.3108571428571452 -91.5497142857142876 -181.7611428571428576 -328.0114285714285529
-29.8736338797814192 -93.3189890710382457 -127.8265027322404421 -36.2192622950819683 -26.1359289617486326 -37.3114754098360635 -39.4890710382513674 -43.4050546448087431 -42.8230874316939918 -47.6113387978142057 -36.4521857923497237 -37.7165300546448066 -64.0969945355191300 -67.7520491803278730 -52.2793715846994544 -10.4549180327868854 82.3162568306010911 160.4077868852459119 339.8224043715846960 568.4774590163934818 1123.3435792349725943 2063.1994535519124838 1693.8913934426229844 458.7540983606557461
-627.6283524904214346 -985.0204342273307248 -1569.1979565772669503 -1783.7982120051085531 -1290.8659003831417067 -766.5044699872286174 -604.7956577266921840 -521.0613026819922879 -369.9284802043422928 -119.2515964240102164 111.7279693486590020 812.0970625798212268 1749.4968071519795103 2558.3742017879949344 2705.8939974457216522 851.5146871008939797 263.1455938697317833 1393.8390804597700026 697.6960408684547019 76.6117496807151923 183.8620689655172384 9.1736909323116222 49.0204342273307816 26.3703703703703702
958.3584183673469852 671.6658163265306030 532.0612244897959044 432.3584183673469283 239.8010204081632537 -2.8877551020408165 -374.3507653061224687 -1145.1836734693877133 -2038.9438775510204778 -2518.2104591836732652 -2110.2168367346939704 -1312.8584183673469852 -1176.0318877551019341 -941.3533163265306030 -354.2984693877551194 -188.3086734693877418 -126.2665816326530575 -66.5102040816326507 -83.6250000000000000 -66.1313775510204067 -70.5267857142857082 -66.0880102040816269 -62.6109693877551052 -61.4158163265306101
167.9175424413904523 72.3654001616814924 306.4551333872271357 -742.0509296685529534 -1799.3443815683103821 -143.0396119644300654 581.5327405012126292 -172.9304769603880345 -19.5278900565885216 20.9636216653193195 -25.2109943411479378 42.5885206143896511 -7.1034761519805985 19.2004850444624076 12.3977364591754249 3.8722716248989490 11.6378334680679068 12.9733225545675026 11.6095392077607116 14.1568310428455941 21.8067906224737271 25.8270008084074369 31.6523848019401761 38.4656426839126908
-0.4744718309859155 14.2007042253521121 37.9753521126760560 64.7165492957746409 73.1109154929577443 70.7878521126760631 78.7112676056338074 86.7438380281690087 96.7922535211267672 125.6971830985915517 148.8133802816901436 153.2147887323943678 195.1478873239436496 163.7438380281690229 205.0140845070422415 189.7015845070422415 103.8204225352112644 135.9005281690140805 -1110.7940140845071255 -1753.4735915492958611 21.0510563380281681 549.8107394366197695 -109.3142605633802873 0.1857394366197183
46.2002405291641622 24.4582080577269991 20.5736620565243520 15.4028863499699344 9.9482862297053511 11.4708358388454599 -1.0210463018641009 -37.4618159951894185 -84.3361395069152167 -162.8442573662056532 -288.0926037282020502 -467.1828021647624496 -709.5742633794347967 -1082.4666265784726420 -1678.9771497294048004 -1846.4588093806373763 -1159.9314491882141738 -617.6319903788333932 -560.0793746241731697 -464.9386650631388989 -320.8725195429946098 -154.4155141310884005 71.3824413710162418 527.6542393265183364
90.8149532710280312 144.8757009345794415 192.7934579439252332 224.2196261682242948 259.4177570093457916 310.4420560747663558 337.7308411214953026 347.2102803738317789 340.7990654205607370 311.3093457943925273 278.6831775700934486 268.1551401869159008 158.7261682242990730 111.8532710280373834 -25.4439252336448583 -227.1317757009345826 -386.7149532710280369 -1759.6981308411213831 -1834.3280373831776160 473.5850467289719745 585.3644859813084622 -331.6803738317756824 -22.5663551401869142 -6.6532710280373832
-73.9706666666666734 -9.2093333333333334 87.9093333333333362 203.4026666666666756 347.1879999999999882 573.1933333333333849 873.0399999999999636 1279.8199999999999363 1668.1906666666666297 1555.6880000000001019 1030.2186666666666497 676.2333333333333485 535.2653333333333876 411.0013333333333208 228.6933333333333280 -14.2639999999999993 -394.9800000000000182 -1183.6573333333333267 -2144.6759999999999309 -2608.8600000000001273 -2115.9879999999998290 -1279.2466666666666697 -1076.1693333333332703 -845.1986666666666679
17.2215384615384615 -69.2061538461538532 -161.7076923076922981 -290.0384615384615472 -476.9123076923077065 -640.5230769230769283 -946.8061538461538476 -1485.0630769230770056 -1692.2276923076922230 -1270.2292307692307531 -790.2415384615384255 -579.1061538461538021 -455.6338461538461502 -327.9015384615384505 -69.4615384615384670 142.8600000000000136 800.0323076923076542 1692.7415384615385392 2394.8953846153845006 2820.7184615384617246 588.5599999999999454 -935.3999999999999773 784.9461538461538339 793.9276923076922685
467.5185185185185333 355.0550550550550497 162.2032032032032021 -77.3023023023023086 -459.5975975975975985 -1205.4014014014014720 -1974.1301301301300555 -2329.1781781781783138 -1925.7417417417416345 -1185.2732732732731620 -955.2712712712713028 -687.5685685685685939 -274.5565565565565294 -179.9209209209209348 -112.0020020020020013 -69.9489489489489529 -74.0910910910910872 -58.8448448448448431 -61.2802802802802802 -55.7007007007007005 -64.6806806806806804 -61.3993993993993996 -50.6936936936936959 -37.4474474474474448
-765.7140721759556072 -612.0755925688661137 31.1772368140081149 172.1654922058509385 36.8752936152039297 21.2551783045056588 18.7029681827888119 19.1148836216100797 21.4926329276105044 15.1844971172325440 16.4907110826393328 15.6418962203715566 11.5137732222934019 8.5727098014093528 9.7992739696775573 9.6790518898142217 7.1127482383087761 6.5848814862267773 8.2143924834507800 12.4445868033311982 13.5462310484732011 15.5432415118513774 17.6299380738842615 19.3013025838137935
190.4886831275720169 262.7448559670781947 271.5823045267489988 676.1604938271605079 -708.3106995884774051 -1905.8148148148147811 -105.1121399176954725 427.1923868312757122 -226.2294238683127503 45.5823045267489704 3.5349794238683128 -15.6687242798353914 33.5534979423868336 -13.8559670781893001 20.7901234567901234 8.8621399176954725 3.2242798353909463 3.8106995884773665 14.6327160493827169 11.6923868312757193 7.3518518518518521 6.5411522633744852 -2.4876543209876543 5.2572016460905351
30.7936111111111117 30.6744444444444433 38.8322222222222209 49.6711111111111094 58.9486111111111128 60.6516666666666637 65.1847222222222200 66.5991666666666617 65.4672222222222189 58.4347222222222200 38.0222222222222257 5.0961111111111110 -45.7863888888888866 -120.5177777777777806 -215.6216666666666697 -327.0369444444444298 -466.0950000000000273 -632.3391666666666424 -784.0736111111110631 -847.8544444444444252 -770.9733333333333576 -617.0516666666666197 -474.9300000000000068 -322.2319444444444230
-21.4262601120099561 -34.2881144990665803 18.7349097697573121 -1.4026135656502801 -7.8898568761667702 17.8145612943372740 31.9570628500311145 61.8438083385189827 88.8724331051649017 117.4013690105787191 141.1269446172993014 152.5749844430615951 161.4648413192283840 176.8574984443061737 205.1953951462352279 229.9383945239576974 271.4281269446173042 249.5059116365899285 243.0317361543248182 195.4561294337274546 70.1829495955196023 -13.1910392034847543 -1086.4685749844429665 -2009.1804604853764431
0.3490401396160558 -13.7696335078534027 -42.1721931355439210 -83.8336242001163470 -146.7731239092495628 -229.1367073880162764 -347.1378708551483214 -498.7469458987783355 -632.8330424665502960 -753.4810936591040900 -827.7120418848166992 -793.2460732984293372 -693.2641070389761353 -550.5503199534613259 -384.5369400814427081 -216.0104712041884909 -29.9819662594531700 196.3868528214077855 448.0471204188481806 728.1687027341478142 1006.8062827225130604 1147.8022105875509169 1204.3187899941826799 982.2524723676556277
-10.5800121383775032 -2.4284847258749749 -9.1881448513048749 -7.0666599231236091 -4.5631195630184100 -7.7398341088407854 -8.4761278575763708 -11.6582035201294758 -15.3328950030345936 -17.4713736597208182 -20.8144851304875580 -23.9750151729718795 -25.1327129273720402 -26.0558365365162850 -26.5271090430912402 -24.1100546226987653 -17.6769168521141005 -2.9793647582439813 28.7890956908759854 92.4373862027109112 204.2114100748533190 368.7065547238519230 536.3903499898847258 541.6869310135544993
7.0741131015103615 12.2226905514576742 16.0042149631190718 21.0834211450649818 26.4597822269055136 31.3040042149631184 34.3094485423252564 38.3858447488584460 44.4137688795223013 52.5391640323147158 64.0036880927291918 72.5266947664207891 79.1294344924481976 81.7729188619599512 68.2072356866877385 36.8605549701440083 -24.7237442922374413 -164.4099051633298245 -355.3890059711977756 -516.9497716894977657 -562.2420091324200939 -326.5007024938531686 39.3909378292939962 163.6420793818054165
-777.6462793068297970 -615.7278287461773516 -473.7125382262996709 -293.5127420998980483 -63.5708460754332307 272.7461773700305798 830.7696228338430728 1541.4128440366971518 2107.0152905198774533 2162.5463812436287299 1794.4882772680937251 1568.6218144750255306 1302.2426095820592309 692.0948012232415749 274.5565749235473731 176.6860346585117156 135.5168195718654545 121.8593272171253830 112.5351681957186543 98.9367991845056025 76.3853211009174373 60.6880733944954116 70.2803261977573897 68.0652395514780864
400.3174418604651237 507.9470930232558317 586.2226744186046972 645.0273255813953028 662.6715116279069662 613.4901162790697526 531.9040697674419107 432.3122093023255843 293.2720930232558203 127.2197674418604691 -56.8651162790697668 -278.4866279069767643 -517.0569767441860449 -740.6261627906976628 -923.3436046511627637 -990.1273255813953256 -889.4075581395348991 -599.9593023255813478 -332.5058139534883708 -245.7261627906976855 -140.3203488372093091 -48.3569767441860492 -38.1924418604651166 -17.5040697674418588
480.5102260495156088 398.0678148546824673 355.5425188374596246 277.8772874058126945 117.9612486544671697 15.5414424111948328 -431.2195909580193529 -972.9461786867599358 -1951.5414424111947937 -2626.1162540365985478 -286.3627556512378760 1084.3907427341227958 -426.6318622174380835 -447.2852529601722154 23.7965554359526372 -85.9870828848223852 47.8729817007534990 -8.1119483315392902 -6.2787944025834230 13.9483315392895584 -7.9289558665231432 11.0182992465016145 14.6458557588805167 17.8568353067814840
327.5837957824639375 259.8679245283018986 134.3784683684794743 57.7014428412874594 -339.9189789123196306 -718.9445061043285250 -1757.2197558268590001 -2694.5493895671475002 -384.2841287458379611 1121.4350721420644277 -329.9955604883462570 -407.6004439511653459 20.7991120976692550 -73.1442841287458378 58.9988901220865714 2.0832408435072143 7.8945615982241950 21.3729189789123204 -3.0110987791342954 10.5971143174250830 5.0399556048834624 10.1009988901220868 15.9056603773584904 28.4239733629300773
1305.8721351025330932 1520.2653799758745663 1256.9264173703256802 816.5162846803377761 585.6525934861278984 483.2738238841978387 356.7418576598311120 133.2726176115802161 -119.1097708082026543 -629.5995174909529624 -1525.1700844390832117 -2277.3510253317249408 -2423.4535585042217463 -1726.5476477683955636 -1105.9831121833533416 -1086.7478890229192530 -676.1351025331724713 -211.7406513872135179 -143.0024125452352166 -64.1037394451145985 -54.1544028950542824 -67.4113389626055550 -44.9505428226779244 -49.0639324487334108
19.2277304415182044 33.4268009295120052 71.1355538342370295 119.1239349341595641 134.2308288148721829 295.7761425251742935 289.2393493415956414 503.8435321456235556 342.8536018590240246 -1275.3896204492641573 -1264.7451587916343669 214.4453911696359398 126.3292021688613431 -100.3656080557707213 58.7350890782339263 -26.6893880712625879 5.8086754453911693 4.4817970565453136 -1.9233152594887684 11.2842757552285047 0.9907048799380326 6.7707203718048028 5.0627420604182802 4.4562354763749035
-135.5925740090316083 -141.2242849974912247 -163.9182137481184043 -166.3050677370797814 -146.0587054691419837 -117.5102860010035073 1.4144505770195686 95.8941294530857959 707.5915704967385409 1427.4862017059708705 667.0602107375815422 -210.5479177119919711 -15.9834420471650773 45.5032614149523340 -30.3326643251379835 12.8093326643251384 -11.1118916206723526 -6.6452584044154541 -11.3557451078775706 -14.9899648770697436 -3.6041144004014050 -15.8544907175112897 -21.1023582538886103 -19.1093828399397907
-197.7882352941176407 -45.9937716262975798 -47.5356401384083043 514.0685121107266013 1637.8415224913494512 643.4636678200691904 -653.8048442906574564 -116.5266435986159195 68.9328719723183383 -77.3868512110726670 9.6920415224913494 -43.0235294117647058 -17.9605536332179945 -14.1543252595155717 -24.3432525951557110 -4.9494809688581318 -12.3017301038062286 -18.3501730103806224 -17.7017301038062271 -17.5086505190311428 -12.3031141868512108 -12.3750865051903123 -22.5314878892733574 -27.8110726643598625
-189.2300275482093639 -116.9690082644628149 -82.8312672176308524 -64.2438016528925573 -58.1322314049586808 -60.2630853994490323 -61.9917355371900811 -65.0034435261707983 -52.3285123966942152 -42.8877410468319553 -54.1528925619834709 -41.1466942148760353 6.3595041322314048 74.9111570247933827 178.4242424242424363 292.8918732782369148 482.1108815426997012 731.8595041322314501 1214.3230027548208909 1996.6322314049587021 1924.1067493112948341 952.7162534435261705 497.4407713498622456 458.2582644628099047
-1214.5144092219020422 -1172.9135446685879742 -872.7708933717578930 -641.4755043227665965 -515.5417867435158996 -407.3573487031700324 -241.3933717579250811 -7.4870317002881848 243.7896253602305592 962.7766570605186871 1632.5763688760807781 2484.1195965417869047 2329.7665706051870984 -385.6556195965417828 -792.2608069164265316 760.0028818443804539 283.0951008645533307 25.8213256484149873 132.8587896253602310 -34.8530259365994226 44.5014409221901985 -13.4250720461095092 -8.4956772334293955 5.9870317002881848
11.7755020080321291 20.3734939759036138 34.9261044176706861 61.9052208835341347 112.3546184738955844 183.0028112449799096 267.9622489959839413 365.8895582329317335 466.2293172690763186 548.8224899598393449 605.8975903614457366 629.0204819277108754 605.4048192771084587 535.0024096385542407 431.5871485943775383 311.4891566265060305 159.6558232931726877 -30.6188755020080308 -219.1915662650602314 -429.9710843373493958 -643.8156626506024622 -798.8096385542169173 -917.4542168674698814 -828.3072289156626766
71.7666473653734869 69.5854082223508925 62.5906195715112901 50.9322524609148815 54.9189345686160948 49.0283729009843654 38.3196294151708159 40.0306890561667643 23.9907353792704114 -13.3167342211928208 -62.0949623624782845 -159.8807180081065553 -274.4510712217718833 -453.5338737695425380 -668.0938042848871419 -1081.8934568616098204 -1861.8355529820498759 -1876.8453966415750074 -973.8616097278517145 -555.7533294730747002 -536.9953676896352590 -395.0370584829183827 -245.5321366531557601 -60.3491603937463807
-190.0164473684210407 -210.1310307017543835 -227.8410087719298360 -216.0219298245613970 -203.3980263157894797 -129.4561403508772059 -68.0520833333333286 83.6408991228070136 285.0800438596490949 591.2883771929824661 1482.1321271929823524 1313.5959429824561084 -180.3097587719298360 -360.3157894736842195 96.1584429824561369 -25.1014254385964897 3.1743421052631580 17.1008771929824555 -22.3437500000000000 -0.8782894736842105 -16.6156798245614041 -9.8574561403508767 -11.6140350877192979 -25.2302631578947363
-2.6216429699842023 1.8791469194312795 3.8712480252764614 -2.6382306477093205 0.4360189573459716 14.8783570300157972 41.2725118483412317 89.3483412322274830 166.8451816745655663 272.7582938388625848 441.8072669826224228 691.4162717219588785 1046.9581358609793824 1593.5410742496051171 1727.3404423380727621 1088.9747235387046658 613.3364928909952596 556.5371248025276145 456.8499210110584272 306.6721958925750187 114.2796208530805728 -131.7946287519747273 -676.6524486571879606 -1521.5150078988940550
-2466.6826347305391209 -1244.3293413173653335 -305.4640718562874326 -812.8952095808383547 -467.3907185628742695 -69.7709580838323404 -87.1631736526946099 4.2320359281437128 -23.8862275449101809 -11.9535928143712571 0.5658682634730539 -12.9101796407185621 -3.5014970059880239 -5.4595808383233537 17.9071856287425142 65.0658682634730496 114.7125748502994043 219.8308383233533050 348.3862275449101844 515.6377245508981559 813.2110778443113759 1151.4820359281436595 1493.5793413173653335 1556.6691616766468087
294.0542340627973203 845.4928639391056322 -1067.1779257849666465 -1831.4557564224548969 48.9048525214081806 244.3739295908658562 -156.2854424357754510 43.9809705042816361 -32.2331113225499521 8.3282588011417698 9.2521408182683160 -11.8030447193149381 13.0713606089438628 2.2844909609895336 6.4148430066603233 5.5233111322549950 4.8363463368220740 9.6289248334919133 19.0647002854424343 39.4652711703139900 51.6470028544243576 52.8496669838249318 73.1417697431018041 86.5356803044719385
-574.9332552693208527 -611.6048009367681288 -622.7552693208431265 -613.3021077283372051 -553.6943793911007106 -438.9742388758781999 -250.5831381733021033 -26.6686182669789211 221.5807962529273993 531.4730679156908764 834.8700234192037897 1070.7353629976580578 1211.3805620608900426 1225.2306791569087636 1008.1592505854800947 497.3793911007025486 127.2377049180327901 109.4385245901639365 104.7435597189695500 78.0532786885245855 78.2564402810304500 57.4718969555035102 48.5187353629976599 36.1288056206089010
98.5405078597339781 207.7001209189842825 346.9431680773881226 567.0580411124547027 851.2926239419589365 1264.7871825876661660 1660.5247883917775198 1507.7654171704957662 965.7061668681983519 641.9383313180169353 515.0943168077387782 421.8790810157194642 248.2478839177750842 1.1366384522370012 -322.6348246674727989 -1164.1547762998791313 -2099.0701330108827278 -2693.3857315598547757 -2191.0556227327688248 -641.7170495767835519 -590.2128174123337203 -966.5961305925030729 -253.8077388149939679 -62.3869407496977004
11.8460788561525128 9.3559358752166375 13.6847920277296353 7.0333622183708835 8.7017980935875219 9.9651213171577115 9.2354852686308497 12.5855719237435011 15.1665944540727899 17.1970320623916813 19.6815424610052006 21.5688908145580598 24.0307625649913348 25.7439341421143837 26.1508882149046791 22.2717720970537272 10.8607019064124781 -8.4881932409012126 -43.5815641247833625 -111.9987001733102261 -224.2430675909878630 -385.9189774696707218 -545.2768630849219562 -541.9545060658579132
-66.4253632760898256 -138.9458388375165043 -262.3791281373843844 -443.6420079260237799 -611.0700132100396331 -978.1704095112285131 -1603.5759577278731740 -1827.5719947159841468 -1310.3461030383091384 -776.1400264200792662 -602.1492734478202919 -508.4953764861294303 -368.8428005284015967 -116.2272126816380506 110.4887714663144038 805.7476882430647720 1763.1003963011889937 2567.6974900924701615 2785.2470277410830022 884.0515191545574680 112.9365918097754360 1363.7397622192866038 769.3104359313077794 86.9881109643328898
-45.6656580937972763 -48.8845184064548661 -63.8759455370650500 -71.2934947049924403 -80.3867876954109875 -117.7861825516893646 -150.3988905698436724 -174.6641452344931906 -204.8456883509833517 -179.7554210791729759 -182.6621280887544003 -90.9132627332324716 51.9142713061018668 300.6384266263237350 1225.6585980837114676 1263.6747352496217900 -87.7902168431669168 -402.4921835602622195 6.6959152798789709 -21.5032778618255165 -9.8144225920322743 12.0095814422592024 -3.7468482097831570 2.0317700453857790
323.2349486049926668 979.3333333333333712 1711.1835535976504161 2896.5741556534508163 2142.3083700440529356 -775.3406754772393015 -250.4273127753303925 1100.3729809104258948 220.6916299559471497 97.4493392070484532 109.9823788546255514 -9.7870778267254046 73.2834067547724004 -9.2569750367107204 37.4889867841409696 34.7151248164464050 16.4875183553597644 24.7254038179148310 11.2760646108663725 -1.3685756240822320 -36.2378854625550630 -87.6049926578560871 -159.2687224669603552 -251.8046989720998567
-255.8554572271386292 -427.0442477876106295 -645.1887905604719435 -959.5000000000000000 -1520.1533923303834399 -1802.4572271386430202 -1388.1681415929203922 -886.9277286135693430 -665.4203539823008668 -525.5943952802359718 -354.9351032448377623 -106.4483775811209370 206.9174041297935105 850.0929203539823220 1771.7463126843658756 2492.3067846607668798 2559.2374631268435223 1839.1312684365782388 1517.3008849557522808 1507.2876106194689783 807.8451327433627966 283.7477876106194685 182.0191740412979300 86.7035398230088532
-284.2739571589627872 -45.4126268320180415 305.9086809470123853 920.6347237880496550 1714.9075535512965871 2334.8658399098085283 2347.4419391206315595 1781.4847801578353028 1473.6877113866967193 1307.0574971815105982 713.5603156708004917 269.2660653889515174 170.6313416009019193 125.7531003382187151 112.3100338218714711 106.3370913190529876 95.1600901916572752 72.3788049605411459 59.1037204058624610 65.3517474633596436 66.9154453213077858 60.4678692220969580 35.1984216459977475 -19.4002254791431810
129.0237388724035554 63.2566765578635000 -30.6290801186943611 -148.5178041543026666 -267.4347181008902226 -444.6439169139466117 -675.4050445103857783 -1001.6483679525222215 -1548.8560830860533315 -1787.2596439169140012 -1371.2551928783382209 -888.3961424332344450 -635.8412462908012230 -493.4584569732937780 -329.0059347181008889 -63.3397626112759653 257.0133531157269999 940.0727002967358885 1867.4243323442135534 2550.6454005934720044 2559.9228486646884448 1789.8160237388724454 1505.6824925816024461 1449.3115727002966651
36.1553398058252426 -96.1941747572815586 -355.4110032362459606 -946.2540453074433344 -1086.0954692556633745 -1990.4530744336568659 -1086.7944983818770197 1725.3705501618123890 465.4611650485437053 -956.3640776699029402 -14.9854368932038842 -57.3349514563106766 -41.3139158576051813 38.9967637540453040 -53.4692556634304239 22.8090614886731409 -17.1860841423948223 -6.8867313915857604 2.7330097087378640 -7.4304207119741097 0.8592233009708737 21.1715210355987047 47.8673139158576078 76.3236245954692549
-1538.9166666666667425 -1828.7075471698112779 -1411.4638364779873427 -900.7248427672956268 -662.6242138364780203 -526.3238993710691602 -364.7342767295597241 -113.3286163522012515 212.6572327044025030 863.0251572327043732 1775.8820754716980446 2481.0864779874214037 2606.4025157232704260 1918.6745283018867667 1523.8191823899371684 1562.2216981132075944 870.7940251572326815 250.0550314465408803 171.7091194968553509 100.3600628930817606 62.8113207547169807 24.9371069182389924 6.1666666666666670 4.8805031446540879
135.9047486809219549 92.0452652041099668 19.9905581782838091 -128.1255206886975770 -328.0783115801166332 -636.6117745070813498 -870.2832546514856631 -558.5509580672035099 -88.5792835323521217 32.3621216328797559 46.8891974451541245 51.9969452929741749 34.1763399055817843 52.6445431824493184 56.0635934462649246 40.6625937239655642 34.2746459316856402 28.1424604276589854 22.3801721743960016 28.7059150236045539 32.5487364620938635 26.9386281588447645 24.5898361566231607 26.2432657595112460
1182.1814671814672693 -1307.2316602316602712 -1525.1544401544401808 563.5096525096524829 140.9488416988417043 -118.6042471042471078 100.9739382239382195 -60.7249034749034777 37.7760617760617734 -3.6525096525096523 -2.1833976833976836 18.0366795366795358 -1.4440154440154440 7.7799227799227797 6.8214285714285712 8.3214285714285712 9.8619691119691115 13.8175675675675684 38.0125482625482647 46.0839768339768341 30.5907335907335920 46.9111969111969103 51.7210424710424732 24.8426640926640943
315.0493218249075085 517.7435265104809332 792.6781750924784546 1186.5733662145498784 1615.8446362515412602 1584.0209617755856470 1090.4007398273736271 704.8384710234278145 537.1689272503082293 440.8088779284833549 292.8655980271270209 43.6868064118372388 -230.5635018495684392 -967.4981504315659322 -1946.6337854500616231 -2660.8360049321822771 -2520.1479654747226959 -987.3760789149198445 -464.0073982737361007 -988.5006165228113559 -432.7385943279901426 -60.1997533908754647 -81.2145499383477159 73.5856966707768123
1907.1058688147295470 3017.8331415420025223 1994.5914844649021234 -439.4913693901035572 184.3831990794016065 979.8377445339471024 173.3901035673187607 132.0759493670886116 95.0448791714614458 14.4487917146144991 75.8193325661680149 17.6754890678941301 48.4775604142692771 38.1565017261219808 34.8711162255466078 34.2163406214039156 19.8791714614499426 -6.1737629459148451 -61.5776754890678930 -121.5097813578826305 -211.8964326812427998 -334.5466052934407344 -488.9988492520138266 -678.7779056386651746
30.1472868217054248 80.2583979328165356 152.2790697674418539 236.2868217054263482 340.8139534883720785 472.7454780361757116 659.6279069767441570 861.7235142118862541 1000.8578811369509367 940.9625322997416106 692.5762273901808612 519.9315245478036331 420.5684754521963669 337.0671834625322845 169.5710594315245601 -33.6847545219638249 -243.3475452196382491 -846.6563307493539696 -1261.2196382428940069 -2168.0077519379847217 -2096.6472868217056202 644.4832041343669289 798.4547803617571162 -843.3397932816537832
-10.9010490057930163 -12.0236417723500857 -15.2721152340692026 -17.0421167997494898 -22.1795835290433700 -27.8587756380147162 -36.2176295600438394 -47.1130421167997469 -57.3840613746672901 -71.3286362924690849 -84.0266165648974521 -85.5335838421794250 -72.0651322999843416 -44.4213245655237188 24.7986535149522460 123.3125097855018026 278.8020980115860539 512.3698136840457664 529.9467668702051242 298.9384687646782481 136.1016126506967225 32.8116486613433551 -42.1662752465946440 -65.3896978237043953
35.3812080536912745 29.3489932885906057 0.5651006711409396 -66.3557046979865817 -142.5167785234899327 -238.6402684563758498 -415.6845637583892881 -572.7369127516778917 -787.2241610738254849 -1275.2724832214764774 -1637.9771812080537075 -1385.6483221476510153 -876.0389261744966234 -615.8147651006711385 -502.3060402684563996 -390.3328859060402465 -157.2362416107382614 52.2174496644295303 508.9194630872483458 1393.4040268456376452 2165.8483221476508334 2894.8281879194632893 1355.4093959731544601 -884.5181208053691080
68.0589101620029453 127.6318114874815848 212.5846833578792427 331.6863033873343056 495.0309278350515569 746.0309278350515569 1059.5935198821796348 1319.2415316642120615 1219.3740795287187666 804.0235640648012350 564.2503681885125388 477.6126656848306311 403.9337260677467043 230.5699558173784851 14.1487481590574369 -242.9248895434462554 -998.3284241531664520 -1619.3608247422680506 -2557.1826215022092583 -2140.8114874815905750 675.7393225331369422 514.6686303387334647 -980.9131075110456095 -227.0957290132547826
-2.7339130434782608 -8.1286956521739135 6.2304347826086959 29.3278260869565202 52.6747826086956508 79.9086956521739182 109.2078260869565156 120.6200000000000045 138.0965217391304236 153.9573913043478228 155.8573913043478285 167.6808695652173924 188.6339130434782589 187.2321739130434821 208.6626086956521817 207.4486956521739103 154.5347826086956502 203.7704347826087030 56.7156521739130426 108.4052173913043475 -441.4382608695652266 -1960.2095652173914004 -999.4721739130434344 752.3843478260869233
26.9730206312819618 31.4955034385469936 34.4069828954329040 39.1440663022394659 42.5401163815905505 47.1803914653500271 57.8245459354611171 67.6319873038264916 72.9765473461470577 72.4336095926644390 60.0648915535178958 30.2347028742726138 -19.4496561453006507 -102.3704813965790805 -213.2412272967730473 -386.6831246693704998 -621.7825780285663768 -634.9851877975665957 -364.6418621054487517 -149.9978839710809382 -53.1565861400105817 20.2704990301534131 44.9804267324986782 70.9245283018867951
-155.7956469165659144 -231.6082224909310696 -339.9123337363965902 -453.4298669891172722 -558.0465538089480333 -640.0405078597340207 -684.9776299879081307 -697.8095525997581490 -659.1765417170495311 -553.6747279322853501 -394.2769044740024356 -199.0241837968561072 22.9201934703748478 272.8561064087061823 541.7285368802902212 810.4993954050786442 1023.8573155985490075 1166.2672309552599472 1114.6082224909309843 697.3573155985490075 258.9014510278113903 134.2224909310761802 112.2811366384522387 65.7073760580411061
-31.0300096805421113 -52.2729912875120988 -39.8180058083252675 13.5585672797676668 91.0977734753146109 190.2274927395934299 307.8528557599225337 502.1742497579864448 773.7686350435624263 1135.2962245885769335 1542.4046466602130749 1502.7928363988382898 985.2032913843174811 634.0174249757986900 526.8886737657309141 434.4269119070668239 279.9109390125847199 49.3881897386253641 -221.1636011616650421 -931.3088092933204507 -1885.1665053242982140 -2593.1587608906097557 -2421.5159728944822746 -924.2875121006776453
87.6816786079836277 103.5015353121801382 88.6284544524053217 51.7523029682702145 -12.3152507676560905 -105.9498464687819848 -204.1105424769703234 -342.6325486182190616 -544.8648925281473794 -798.5516888433982103 -1299.3019447287615549 -1854.4216990788127077 -1705.6417604912999195 -1047.3377686796316084 -687.6745138178096113 -568.9263050153531367 -433.3439099283521045 -236.1821903787103452 11.8996929375639713 438.5250767656090147 1357.7359263050152549 2331.8085977482087401 2834.2343909928354151 2169.6345957011258179
23.3496932515337434 46.5363716038562671 81.0639789658194587 89.0718667835232196 134.2559158632778349 121.6187554776511774 203.9710780017528577 257.3637160385626430 259.9062226117440559 351.9263803680981368 -976.7747589833479651 -1829.6818580192814352 -192.8290972830850194 394.3558282208588821 -118.5311130587204218 27.5486415425065729 6.9158632778264684 -6.8212094653812443 29.4767747589833462 -0.3444347063978966 20.3821209465381230 11.9368974583698506 13.5372480280455747 16.1717791411042953
142.0767061477721427 141.0699379582628410 132.2701635645798035 112.3959390862944190 57.4373942470389167 -12.3293852227862377 -176.3793006204173821 -612.6559503666102273 -906.1505922165820266 -567.6931754089114293 -101.3784545967287016 40.8939650310208691 59.2549351381838676 40.4001692047377361 23.4106034968979131 35.8183869148336171 26.1903553299492380 18.1615905245346880 13.6003948110547093 14.4100394811054713 18.0724760293288220 21.3773265651438251 26.9371122391426958 24.8877608573040057
306.9843546284224090 180.2385919165580219 101.0691003911342847 -238.9256844850065136 -701.5593220338982974 -1698.5032594524120668 -2833.3559322033897843 -824.8422425032593992 1178.4119947848762422 -228.0456323337679407 -596.1212516297262027 41.4471968709256871 -78.8461538461538396 30.0795306388526740 18.2633637548891770 -5.7874837027379398 35.6323337679269869 0.8279009126466753 16.3715775749674037 17.9921773142112116 8.9739243807040410 20.0469361147327234 38.2464146023468032 58.0521512385919181
-595.0557717250324004 -493.3787289234759896 -419.7159533073930220 -257.2658884565499307 -62.1763942931258100 235.0090791180285237 960.5525291828794252 1735.1063553826199950 2784.0363164721143221 2019.6147859922180032 -685.3527885862516769 -317.9896238651102180 859.1776913099870399 144.4332036316472170 70.0350194552529217 80.9416342412451399 -26.0583657587548636 53.9533073929961091 -8.5214007782101167 18.6095979247730234 15.6692607003891045 5.7159533073929962 10.1271076523994807 -5.1738002594033725
-59.8912259615384599 -57.6003605769230802 -62.4056490384615401 -56.5739182692307665 -47.4633413461538467 -46.5769230769230802 -50.2662259615384599 -34.5006009615384599 4.4038461538461542 68.9627403846153868 171.2079326923076792 291.4465144230769056 486.9807692307692264 740.1700721153846416 1194.5390625000000000 1878.7644230769230944 1833.8515625000000000 995.5180288461538112 542.9771634615384528 499.4014423076923208 420.7632211538461320 316.2127403846153584 175.7620192307692264 -47.4429086538461533
407.7621145374449156 605.3671071953010596 850.2496328928046978 1053.9441997063142935 1073.0425844346548274 827.5095447870778571 579.3524229074889718 481.7958883994126040 399.0308370044052708 283.8502202643171586 70.1615271659324549 -77.3245227606461043 -600.7048458149779435 -1266.8325991189426531 -2098.0587371512483514 -2640.2276064610864523 -198.1218795888399313 1293.9236417033773705 -441.8002936857562304 -543.1644640234948156 28.9691629955947150 -93.8443465491923661 57.3538913362701877 3.0616740088105727
-2272.0019138755978929 -2440.5636363636363058 403.2526315789473870 581.0153110047847349 -665.8641148325358472 -146.9770334928229545 -40.0937799043062171 -60.5196172248803848 40.1990430622009569 -31.0248803827751196 19.7693779904306233 -0.6047846889952153 -7.4220095693779902 6.7100478468899523 -11.0937799043062206 -6.8248803827751194 14.6966507177033492 30.5933014354066977 54.5655502392344474 80.7081339712918719 123.6669856459330106 184.6641148325358870 256.5818181818181642 352.4574162679425626
-903.5783132530120838 -640.9625167336010918 -503.8406961178045549 -416.7831325301204970 -233.1566265060240823 7.6050870147255694 272.6171352074966308 1015.2369477911646527 1686.8969210174029740 2635.3012048192772454 2329.6706827309235450 -530.1753681392235649 -586.8902275769745529 971.0040160642570299 276.1673360107095050 50.6987951807228896 127.9464524765729578 -26.2061579651941088 62.8848728246318629 -13.3815261044176701 11.5274431057563582 19.9410977242302536 -0.6613119143239625 13.4564926372155291
-115.6723956506488946 -55.6460890915468269 65.6120659417748158 224.3570676955454246 522.3191862504384062 1044.9196773062083139 1007.0007015082427415 250.0761136443353223 -97.3647842862153681 4.5338477727113293 -17.3619782532444766 -33.6155734829884238 -16.9456331111890570 -28.3952998947737640 -23.7137846369694856 -25.0115748860049116 -25.8221676604700114 -25.7421957207997210 -26.2448263767099270 -21.6380217467555234 -23.1059277446509981 -20.9898281304805323 -13.2293931953700454 -21.7299193265520856
-10.3646563814866752 -46.1612903225806477 -104.6353436185133177 -179.7545582047685855 -299.2791023842917184 -473.8835904628331264 -638.5553997194950853 -870.7769985974754263 -1181.0715287517532488 -1291.3085553997195802 -1060.3043478260869961 -717.4628330995792567 -526.3169705469845212 -420.0869565217391255 -279.8751753155680149 -37.0084151472650760 185.1304347826086882 690.3422159887797989 1383.5427769985974464 1975.0028050490884652 2591.0140252454416441 800.4165497896212855 -1249.6493688639550328 67.5301542776998645
-0.9912609238451935 26.9151061173533073 68.3270911360799005 130.0174781523096215 212.8227215980024880 311.8951310861423281 470.9875156054931153 707.2521847690386494 988.4918851435705847 1262.5518102372034264 1220.8726591760298561 832.2034956304619300 571.3995006242197405 482.8027465667914839 404.6254681647940288 265.0549313358301902 50.8589263420724080 -163.0024968789013826 -810.9600499375779918 -1523.6604244694133286 -2418.6716604244693372 -2344.0636704119851856 218.5892634207241088 851.4032459425717434
2390.5491803278687257 1153.0011709601874372 326.0398126463700237 767.7704918032786736 377.6299765807962672 83.1112412177985931 109.1733021077283325 18.7353629976580791 53.3559718969555021 33.2142857142857153 24.6007025761124112 38.5386416861826717 24.9192037470726007 16.8360655737704903 -1.5175644028103044 -41.3723653395784510 -106.7704918032786878 -199.0187353629976599 -347.2365339578454382 -563.3231850117095973 -842.6252927400468025 -1227.8313817330210895 -1559.2693208430912364 -1494.9484777517563998
126.7127626410624117 175.9895878795436204 193.1164037658208201 180.0033667934409891 156.6872622981482550 133.7512313735270197 119.5977928798553478 116.7816572105492838 109.1776918760521227 95.4624353139223132 86.0884718498659538 74.3741505081364238 67.2521354199139552 67.3598104619988760 62.2982729596608280 55.4177317787892036 48.1461437745495360 41.5654342540058579 42.4511503210923351 45.0006858282935340 43.9067897001059890 40.5035850115343834 34.9034852546916881 28.6415611945881921
162.0479351032448392 109.9756637168141538 90.4129793510324475 90.3473451327433565 84.5184365781710909 92.9240412979351049 98.9151917404129790 92.6054572271386434 83.5567846607669651 75.7072271386430629 47.9911504424778741 -0.4188790560471977 -70.3451327433628251 -182.1305309734513287 -322.8016224188790488 -538.8311209439527829 -791.2898230088495666 -1390.1128318584071621 -2180.4491150442477192 -1835.6047197640118611 -826.5582595870206433 -536.9918879056046990 -488.0914454277286154 -312.8820058997050069
-66.0991440798858747 -73.8366619115549270 -75.2339514978602040 -92.9286733238231051 -139.8209700427960058 -177.6626248216833233 -218.1818830242510785 -232.3102710413694751 -213.4600570613409332 -235.2667617689015742 -71.3487874465049998 10.9671897289586298 621.3972895863053054 1793.6276747503566185 978.4001426533523045 -438.5449358059914289 -160.5563480741797378 52.2717546362339505 -60.7139800285306706 16.3395149786019971 -14.1783166904422249 -1.7696148359486448 -6.0178316690442228 -18.1526390870185459
-1673.5016835016836012 -1151.5858585858586594 -727.7542087542087756 -582.8316498316498837 -492.9680134680134529 -333.5757575757575637 -72.1228956228956264 178.5370370370370381 1026.5235690235690527 1952.4259259259258670 2846.2996632996632798 2574.4006734006734405 -80.1228956228956264 -151.5505050505050519 1392.1111111111110858 500.4646464646464779 90.4882154882154879 180.6531986531986433 -8.1060606060606055 78.5589225589225606 11.6363636363636367 35.6380471380471349 43.2710437710437716 15.5976430976430969
99.1459694989106737 115.0381263616557703 149.0294117647058840 174.4008714596949972 196.8605664488017339 217.4803921568627345 222.1753812636165719 231.8594771241830017 225.4912854030501137 249.0326797385620807 184.6557734204793064 193.5915032679738488 138.4270152505446561 -21.0054466230936825 8.7625272331154687 -1464.0370370370369528 -2111.5413943355119955 256.6067538126361569 734.5152505446623081 -277.7516339869280841 -23.4357298474945530 13.3464052287581705 -17.7080610021786491 51.6252723311546831
29.5646687697160893 -207.9716088328075614 -965.8217665615142096 -1642.5252365930598444 -2859.0709779179810539 -2292.2728706624607184 738.3233438485804072 328.7145110410094730 -1045.4132492113565149 -174.0583596214511033 -55.6451104100946381 -68.6750788643533099 54.6246056782334364 -43.7176656151419536 19.9605678233438475 -18.2129337539432186 -16.7160883280757098 1.8154574132492114 -16.0883280757097786 -3.2350157728706623 18.8012618296529972 42.2066246056782362 84.2902208201892762 136.2034700315457485
1190.0696129404968815 328.5106874638937029 -148.8157134604275029 75.8697284806470265 -0.6860196418255343 8.0623916811091849 13.6649335644136336 -12.4719815135759671 4.9890236857307917 -8.4084344309647605 -3.0433275563258233 -2.1008087810514153 -6.6649335644136336 -2.4555170421721546 0.0852108607741190 1.0127094165222414 2.0823223570190641 -4.0982091276718657 -9.5138648180242633 -8.8108030040439047 -13.8651068746389363 -18.6051415366839983 -23.5456383593298675 -36.7354130560369754
-5.2541176470588233 4.1484491978609626 4.7762566844919787 8.7839572192513362 3.9668449197860962 -0.4427807486631016 -2.8530481283422460 -5.1424598930481284 -5.2936898395721927 -5.5522994652406421 -0.2926203208556150 15.5711229946524057 43.0628877005347590 90.5020320855614955 161.4029946524064201 250.9366844919786104 354.3155080213903716 473.2387165775401172 609.4669518716577841 714.5178609625668287 715.5916577540107255 632.7377540106951983 524.5401069518716213 384.1694117647058988
-193.7934782608695627 -872.5896739130434980 -1529.5679347826087451 -2736.8301630434784784 -2252.7581521739130039 682.7921195652173765 440.1032608695651902 -958.5203804347826235 -221.7404891304347814 -48.9986413043478279 -77.9918478260869534 41.0665760869565233 -42.3111413043478279 12.3423913043478262 -6.2214673913043477 -8.4510869565217384 3.5271739130434780 -10.6807065217391308 -5.7961956521739131 17.7948369565217384 48.3885869565217419 87.4741847826087024 138.6983695652174049 207.4035326086956559
229.4247524752475158 259.6376237623762222 274.1792079207920665 276.9455445544554664 272.5326732673267429 261.4980198019802060 239.2148514851485288 229.1336633663366342 134.2940594059406010 107.4574257425742587 5.2762376237623760 -149.0564356435643560 -311.5237623762376415 -1723.7504950495049343 -1884.7673267326731548 408.3980198019801833 635.3099009900989813 -267.9099009900990040 -15.6138613861386144 -17.1485148514851495 -28.6178217821782184 40.4039603960396008 -1.9455445544554455 36.4980198019801989
-124.2466506355204388 -264.0309172105805828 -446.1710752318790583 -487.9072483682583083 -333.0475781518378540 -131.5017176228100197 30.8938509103400882 137.0606320851941007 141.1887667468224095 97.7299896942631392 93.1642047406389509 90.9203023016145693 66.9027825489522456 56.1063208519409145 47.7109240810717949 30.9031260735142546 21.6186877361731362 15.2483682583304709 10.5839917554105121 12.1827550669872888 12.9589488148402605 11.5656131913431803 10.5881140501545854 11.5960151150807285
-173.5898305084745630 -298.0084745762711691 -473.6305084745762883 -649.7372881355931895 -929.8949152542372758 -1383.5915254237288536 -1571.4627118644068560 -1171.5881355932203860 -722.7813559322033825 -558.7355932203389557 -453.7338983050847219 -316.2220338983050851 -54.3237288135593204 133.6779661016949206 803.3966101694915096 1645.8576271186441318 2376.9389830508475825 2778.9661016949153236 257.0694915254237571 -1029.4101694915254939 915.6203389830508286 658.7389830508474233 -31.8203389830508492 189.8084745762711805
-14.6879310344827587 6.0264367816091955 -65.7344827586206861 -20.3298850574712660 -13.8143678160919539 -18.7735632183908052 -10.8959770114942529 -21.5281609195402304 -26.8752873563218380 -34.8362068965517224 -34.5643678160919521 -30.7465517241379303 -28.2402298850574702 -43.5511494252873561 -62.6281609195402282 -61.1890804597701177 -57.4390804597701177 -4.9879310344827585 31.4988505747126446 144.7321839080459824 320.9494252873563482 602.6718390804597902 1587.4103448275861865 1929.7258620689656254
614.8431296224212019 1368.9696379914364570 942.9657454262359124 -67.9782016348773794 -70.2456208641494726 55.0704554301284546 -30.5873880887504868 13.1226158038147140 -3.9163098481899570 -11.3483845854418064 -4.6621253405994549 -13.3043985986765279 -7.4153367068898408 -10.0478785519657450 -8.9634098871156098 -8.5317244063838071 -7.3662903853639552 -2.1568703775788243 -7.7119501751654340 -18.6866485013623986 -30.3195796029583491 -42.5811599844297390 -56.1603736862592413 -72.5854418061502571
-27.9064102564102576 -62.6782051282051285 -72.5012820512820468 -75.4512820512820497 -71.9076923076923009 -67.7358974358974422 -79.2256410256410248 -78.7576923076923094 -83.4038461538461604 -100.4846153846153811 -67.2923076923076877 -20.6038461538461526 8.7128205128205121 101.4602564102564060 105.7961538461538424 293.9064102564102541 437.7166666666666401 584.0358974358974820 1038.0282051282051725 -625.9025641025641562 -2052.6923076923076223 -243.9064102564102541 452.3756410256410163 -159.7102564102564202
2703.2161616161615711 1817.1252525252525629 -603.1262626262625872 42.2212121212121190 673.0212121212121019 49.9050505050505038 101.0161616161616109 45.8070707070707073 5.5181818181818185 42.1111111111111143 -2.9787878787878790 35.2616161616161605 27.2626262626262630 19.8191919191919190 14.3939393939393945 8.2282828282828291 11.6505050505050498 -11.2868686868686865 -43.3313131313131308 -70.4060606060606062 -109.1979797979797979 -164.4858585858585798 -209.4858585858585798 -293.4636363636363399
206.7306903622693142 149.6965140123034814 150.8940533151059356 99.1114149008885903 91.5645933014354085 94.9938482570061495 84.7388926862611100 83.5269993164729954 80.0164046479835918 80.3663704716336298 82.2180451127819509 72.9268626110731333 38.4859876965140089 -7.6226930963773070 -84.8209159261790830 -193.6705399863294588 -342.6848940533151335 -566.8229665071770569 -848.2084757347914774 -1537.8257006151743553 -2161.4292549555707410 -1585.7976760082024157 -710.9794941900205458 -511.1982228298017503
-328.9845094664372027 -723.6067125645438409 -1279.4457831325300958 -1663.2977624784853106 -1587.9139414802066312 -1224.4647160068846006 -890.9311531841652823 -547.6411359724612566 -222.2814113597246148 -102.5955249569707348 -71.4939759036144551 -38.7168674698795172 -31.8691910499139404 -21.0662650602409656 -12.3459552495697071 -14.1419965576592084 -19.8803786574870927 -17.3571428571428577 -22.6084337349397586 -29.9234079173838197 -8.7969018932874352 9.9414802065404473 29.2125645438898438 78.8760757314974228
-935.2732919254658555 -1367.8369565217392392 -1495.8074534161489737 -1102.9487577639752089 -715.2282608695652470 -556.9192546583850572 -449.7003105590061978 -303.0590062111801331 -48.0527950310559007 165.1040372670807415 858.3214285714285552 1660.2981366459628134 2534.7515527950308751 2677.6832298136646386 -42.8928571428571459 -871.1071428571428896 984.0357142857143344 573.5931677018633081 29.9549689440993774 177.0667701863353898 -18.6956521739130430 55.5170807453416160 5.1040372670807450 -8.7034161490683228
1131.1886387995712084 1710.6816720257234010 2801.6505894962488128 1891.3247588424437708 -601.0750267952839749 -131.5369774919614088 738.2315112540193240 116.2240085744908953 111.0525187566988166 76.3022508038585272 5.4158628081457660 55.6345123258306558 -1.3065380493033225 31.5048231511254002 25.1125401929260441 23.1157556270096478 22.1200428724544480 5.1907824222936760 -19.8981779206859599 -62.8778135048231519 -112.0107181136120005 -186.3397642015005431 -275.0921757770632325 -397.0578778135048310
64.6834170854271377 68.4827076559266885 73.1466154300916287 92.4238841265149347 105.8291457286432120 117.2834762045521728 125.3813183564883218 116.5637008572273174 92.9512267218445203 3.9855158143659475 -115.9884717706177923 -452.8418563405261352 -982.5060597103163218 -837.0201005025126051 -186.3381613952113582 -6.1522317469701449 -50.5852793378657992 -6.7868755542417976 -16.0316287318947666 -11.7738693467336688 -0.3561927283476204 4.5140407921962753 16.1587348507242083 23.8897428318060889
27.8783239323126502 29.0717163577759869 28.6059629331184517 26.4794520547945211 14.5576148267526193 -16.4222401289282836 -64.9250604351329628 -142.5672844480257879 -255.7453666398066048 -417.1506849315068735 -618.6784850926671879 -924.3698630136985912 -1468.6051571313457771 -1813.2441579371475200 -1408.8896051571314274 -811.0233682514101474 -606.1450443190974511 -517.1917808219178596 -361.1853344077356951 -153.2232070910555990 131.7010475423045932 658.0209508460918642 1676.7276390008057660 2536.5616438356164508
-66.0730610715623783 -69.2802547770700698 -77.2855001873360834 -97.9306856500562048 -114.5503934057699524 -131.8812289246909017 -123.7062570251030280 -100.9280629449231981 -35.8351442487823135 102.5829898838516243 289.8658673660547151 900.5301611090295637 1233.9070813038590586 400.3357062570250946 -190.7291120269763951 -17.3566878980891737 -6.0614462345447730 -36.5271637317347313 1.6005994754589734 -8.3746721618583742 -3.2686399400524540 -7.7197452229299364 -9.4702135631322601 -22.5297864368677416
-7.7778541953232461 5.7565337001375516 1.0550206327372764 -9.2276478679504823 -27.9442916093535061 -44.4105914718019292 -53.4642365887207731 -54.4463548830811561 -64.3562585969738592 -105.5453920220082580 -154.5749656121045348 -193.4711141678129422 -243.5962861072902399 -219.7207702888583185 -238.3885832187070264 -206.6031636863824019 -75.6650618982118317 42.6877579092159536 1086.6987620357633659 1641.9174690508941694 281.5515818431911725 -362.4456671251719513 -4.0137551581843187 -35.3803301237964263
-1455.5379213483145122 -2602.9367977528090705 -2261.2668539325841266 708.6713483146066892 628.6348314606741496 -888.3075842696629252 -201.9592696629213435 -29.8974719101123583 -84.4985955056179705 52.8216292134831491 -42.1081460674157313 17.1587078651685410 -5.5210674157303368 -8.5196629213483153 9.5365168539325840 -9.9073033707865168 12.9480337078651679 35.7247191011235969 53.7584269662921344 113.3005617977528061 173.8890449438202381 240.6039325842696712 349.5660112359550453 494.2219101123595237
830.4127198917456099 1072.0081190798375701 1125.5696887686062837 871.2246278755073945 600.1826792963464641 483.4722598105548172 407.6698240866035121 301.8606224627875463 100.4749661705006787 -54.6671177266576436 -529.0202976995940389 -1215.4438430311231514 -2185.0635994587278219 -2759.0649526387010155 -396.3518267929634362 1087.0338294993234740 -533.7171853856563075 -595.5372124492557759 13.3220568335588627 -110.7361299052774086 41.0906630581867418 -5.3491204330175917 -17.8037889039242216 11.0920162381596761
206.7315634218288949 311.7109144542772583 448.4262536873156364 665.1312684365781251 946.3864306784661267 1180.7846607669616787 1111.4483775811208943 771.1843657817108806 557.3525073746312728 472.6445427728613708 410.1740412979351049 261.0840707964601961 65.4616519174041258 -124.0176991150442518 -790.1578171091445029 -1378.3244837758111316 -2446.0412979351031026 -2434.1253687315634124 531.2905604719763915 870.4233038348082800 -855.8466076696165601 -317.9011799410029653 -2.7197640117994100 -77.5855457227138601
732.4927152317881109 544.9271523178807684 441.8596026490066038 363.2105960264900659 272.7748344370860991 63.8913907284768214 -61.5139072847682087 -550.2556291390728802 -1108.9112582781456240 -1842.4066225165563537 -2653.5271523178807911 -397.5933774834437031 1315.2768211920529211 -419.1721854304635713 -608.1205298013245510 28.1417218543046346 -105.6198675496688679 41.4516556291390756 -6.1364238410596030 -12.8701986754966882 16.2596026490066237 -9.8198675496688743 6.7629139072847684 3.7827814569536424
-338.6112804878048905 -522.4207317073170316 -687.2408536585365937 -1012.2621951219512084 -1325.0670731707316463 -1308.7804878048780211 -984.9664634146341768 -677.8978658536585726 -501.6463414634146147 -374.6646341463414842 -221.1356707317073074 34.4725609756097526 265.4984756097560989 935.4649390243902189 1585.4344512195120842 2228.8765243902439579 2484.7271341463415411 -7.7957317073170733 -1157.2621951219512084 575.5152439024390105 425.2881097560975832 -44.8353658536585371 154.8262195121951095 -68.2393292682926784
-494.4248861911987660 -657.9468892261000974 -982.0288315629742328 -1393.8012139605461925 -1484.8755690440061699 -1110.7238239757207339 -718.5311077389984575 -548.2215477996965092 -446.2807283763277724 -303.2382397572079071 -43.7769347496206365 172.2625189681335485 899.1927162367222763 1712.9468892261002111 2496.2943854324735184 2677.3611532625191103 68.1851289833080472 -759.8619119878603669 1080.6206373292868648 596.0667678300454781 11.2033383915022764 183.1138088012139633 -38.9833080424886163 18.8421851289833064
1322.1801566579633800 993.9321148825065393 649.2911227154047538 518.5026109660574321 446.4255874673629023 343.5039164490861481 107.6475195822454367 -42.0587467362924272 -603.3524804177545775 -1468.9281984334204481 -2374.0052219321150915 -2800.5926892950392357 -555.9895561357702718 764.3798955613576709 -710.2441253263707495 -609.1618798955613556 -12.8185378590078329 -113.3355091383811981 38.6932114882506539 -18.9490861618798938 -22.0887728459530024 4.9321148825065277 -20.0770234986945155 -6.3590078328981727
-2183.7445054945055745 222.1229395604395620 806.4910714285714448 -431.3221153846153584 -70.1215659340659272 4.5480769230769234 -57.1875000000000000 48.3537087912087884 -31.4993131868131861 13.6133241758241752 0.6043956043956044 -4.2012362637362637 3.9917582417582418 -5.7506868131868130 -0.7115384615384616 6.6449175824175821 21.0556318681318686 32.7760989010988979 44.2410714285714306 65.9409340659340728 93.9168956043956058 125.1215659340659272 154.5789835164835040 165.0343406593406712
-804.0313778990449691 -1381.5184174624830575 -2646.7312414733969490 -2224.9372442019098344 728.5811732605729958 548.7476125511595910 -909.2155525238745213 -216.7980900409276899 -36.6616643929058696 -79.0586630286493914 48.1118690313778998 -40.1964529331514342 11.9931787175989086 -7.9618008185538880 -8.0995907230559343 6.6616643929058661 -11.5143246930422922 6.3233287858117322 25.1609822646657584 49.0013642564802154 98.4065484311050511 151.7653478854024627 229.2660300136425633 335.2046384720327410
379.1246882793017221 534.9112931955825161 1062.1539009618809359 1266.8881368008549089 666.7930174563590526 196.2155325970787203 84.4029212682579271 -13.1902386889918066 -8.3961524759529755 6.3106519415746352 -12.1182757392233693 -14.1083006768792298 -18.5005343783398644 -11.1695760598503746 -8.6772354827217661 -9.5571784823655150 -4.6123975774848596 -1.9358745992162452 -7.5365158532240830 -13.2144638403990022 -20.0352689704310656 -38.2475952974706104 -54.8086925543284664 -76.8436052725329546
-30.7246136865342159 -45.9685430463576168 -56.9966887417218544 -66.8344370860927199 -80.8239514348785804 -90.9751655629139009 -103.7428256070640202 -137.9850993377483519 -167.8388520971302569 -195.2345474613686633 -195.9784768211920607 -168.6931567328918220 -159.7566225165562912 -2.7858719646799117 113.1186534216335531 639.1346578366445783 1535.2268211920529666 880.6622516556291203 -270.1484547461368493 -124.6561810154525318 44.8222958057395147 -33.4376379690949221 20.2941501103752771 -6.9238410596026494
-15.5132478632478641 -13.6591880341880341 -14.7241452991452988 -17.7514957264957260 -18.9814102564102569 -17.3435897435897424 -9.6482905982905987 7.5083333333333337 42.2858974358974393 101.3833333333333400 186.1829059829059929 287.1241452991453116 410.1632478632478751 549.1685897435897914 638.6771367521367893 646.7514957264957047 574.8070512820512477 449.3121794871794918 335.6442307692307736 235.7004273504273613 139.0029914529914663 33.9243589743589737 -86.0608974358974308 -223.6170940170940185
37.8374512353706081 317.2769830949284824 1099.8322496749024140 1887.0728218465540067 2813.0637191157347843 2167.4369310793235854 -365.3003901170351355 12.7178153446033804 1130.1872561768529977 255.0143042912873739 113.7711313394018191 121.7659297789336819 1.2067620286085825 82.0247074122236626 6.7958387516254879 41.1404421326397909 39.1703511053315978 23.8920676202860847 31.5383615084525353 23.0338101430429134 11.5136540962288692 -28.0221066319895975 -74.7360208062418678 -128.4265279583875099
