-95.3365735115431363 1856.3086269744835590 -379.0680437424058482 -621.0631834750911366 -201.4252733900364660 -27.5455650060753356 -15.5783718104495748 57.7241798298906446 84.7910085054678007 147.1579586877278132 182.5771567436208898 187.0072904009720673 161.7727825030376607 159.4119076549210092 237.4471445929526112 349.3633049817739789 486.0571081409477756 635.1117861482381386 681.1130012150667881 426.0315917375455683 116.2089914945321993 -89.2588092345078934 -160.9356014580801855 -180.2709599027946581
277.8642826650904567 277.6504449479525647 278.2509112402718756 278.2462811545660770 277.5944570321478864 276.2286474238991332 274.9513348438577509 274.5973467310281535 274.3737234426821487 273.9107148720979694 273.4724657669195267 272.8893376678816480 272.0316881752208360 271.2269398745607987 270.3051587692509656 270.3411158178176379 271.3150428529208966 271.8406068367648345 271.1976159984238279 270.6962860801891679 270.4092207664269267 270.6064427150034248 270.9810199323547977 273.0671198239910495
1119.4509632224167035 503.5577933450087471 -58.8450087565674238 -149.5971978984238149 -166.1304728546409706 -248.4605954465849322 -304.9141856392294017 -385.7119089316987584 -460.7907180385288939 -505.7399299474606096 -531.5411558669002261 -307.1996497373029911 335.4159369527145600 1482.5096322241681719 1976.0052539404553045 1071.2837127845884879 -21.4281961471103344 1282.4527145359020324 -324.6418563922942440 -632.9842381786339729 -164.0831873905429177 30.2556917688266189 14.6996497373029769 76.5429071803852850
-94.6778778613337693 -98.3972398975291327 -100.4050078505908630 -102.5398727377902617 -102.9750433848442270 -103.4107924964879004 -104.3480704074043501 -104.9283530286753177 -105.4907858854640068 -105.6861416411866799 -106.4578960416494482 -107.3464176514337680 -107.7137426658953814 -107.8414180646227578 -107.8958763738533975 -107.5055780514007040 -107.5801173456739122 -107.1384183125361602 -106.9680191719692601 -106.3219568630691612 -106.1495744153375824 -104.6887034129410807 -102.6825882158499326 -98.5454921080902437
16.9988771614641827 -27.5872445542331022 -38.7098585223444900 -30.2304064675499653 10.2236694363350544 76.7019986525937583 180.0294183696384493 320.8749157871098419 464.7058163036155634 538.1131821244105140 527.2611722434313606 481.3705367168201406 434.0172917134515842 404.3824388052997847 348.6009431843700668 329.5847743094543034 327.5683808668313759 333.1724679991017410 339.9431843700875788 348.2189535144846104 359.2997978890635409 370.9746238490905057 373.2820570401976283 376.0224567707163601
159.4533221194280941 177.7695542472665977 258.1883936080740227 342.3751051303616464 467.3902439024390105 681.9663582842724736 1196.8898233809925387 1021.7249789739277048 158.9032800672834185 -125.4230445752733374 -128.5878889823380860 -207.8116063919259773 -263.3212783851976724 -332.8267451640033414 -412.0092514718250527 -473.7645079899074858 -509.4154751892346553 -457.5281749369218005 -104.0807401177460036 753.4087468460891159 1822.4062237174096026 1826.3490328006728305 495.0218671152229035 189.1000841042893228
448.5508559919435925 770.5387713997986339 1079.7482376636455683 1026.0815709969788259 536.3947633434038380 774.9013091641490973 1550.8418932527692959 26.2799597180261841 -149.4199395770392869 84.5599194360523683 234.4239677744209587 183.1983887210473370 235.5941591137965645 241.9063444108761303 278.4974823766364693 292.0634441087613027 308.3665659617321353 312.6283987915408034 306.2044310171198163 292.0503524672708977 287.1399798590130672 292.7492447129909579 316.6797583081570906 352.4853977844914539
663.3693275919179086 682.7022192779065790 693.8007618416694413 683.2345147399801135 666.8636965882742516 650.4039417025504690 638.8102020536601913 616.3123550844650254 603.7719443524346161 583.4200066247101404 559.9094070884399343 543.1346472341834897 526.4104007949651987 514.9332560450479832 506.0710500165617987 494.1821795296455662 477.8709837694601106 459.3174892348459935 442.1783703212984165 425.3532626697581804 412.6467373302418196 402.1672739317654646 395.6170917522358650 398.5856243789334030
180.2944904924427192 351.5880058508045067 610.9019990248659724 868.7337883959044120 1168.0097513408093164 950.1911262798635107 91.9707459775719229 -147.2983910287664457 -135.3193564115065897 -78.8498293515358313 -17.5792296440760616 14.8980984885421748 31.6489517308629935 52.8434909800097543 74.4129692832764533 114.9444173573866408 157.1048269137006343 164.7250121891759989 144.8244758654315092 145.4739151633349650 173.5138956606533327 173.6708922476840655 183.5465626523647131 228.6543149683081424
127.3935512367491185 105.4863074204946969 102.4991166077738569 70.6404593639576035 88.1413427561837466 71.0251766784452343 51.0176678445229683 40.2181978798586570 34.8886925795053031 36.7619257950530027 35.5216431095406335 32.0485865724381611 25.2813604240282679 13.8387809187279149 9.1395759717314480 24.6055653710247348 78.8997349823321485 163.6603356890459224 325.9527385159010464 572.0923144876325068 929.9792402826855096 707.0591872791519563 49.0044169611307439 -84.2910777385158951
577.4193697868396384 637.3744207599629590 944.2455977757182382 1315.0329008341057033 530.9884151992586112 21.1084337349397586 80.6385542168674760 152.0671918443002824 188.2168674698795314 216.3322520852641446 250.6339202965708921 277.0393883225208356 293.9355885078776396 311.5704355885079053 319.4184430027803501 321.9216867469879730 322.8841519925857142 318.7585727525486732 321.6714550509731225 324.7089898053753245 330.0903614457831168 332.0778498609823828 341.9504170528267082 353.6691380908248448
1725.1025906735751505 -741.9222797927461670 -460.5979274611398750 -174.8756476683937819 -5.7450777202072540 -7.6383419689119174 69.5813471502590630 92.9243523316062152 148.6663212435233277 181.1678756476683816 181.6860103626943044 157.9202072538860193 165.6611398963730437 236.7367875647668427 338.3823834196891198 453.6880829015544236 562.3803108808290290 610.4839378238342533 401.7554404145077456 123.9823834196891141 -61.3336787564766865 -134.8031088082901476 -161.6704663212435094 -184.9253886010362748
-205.7760702524698218 -235.0450054884742030 -237.6410537870472126 -240.2952799121844123 -244.2371020856201937 -238.1613611416026401 -233.7914379802414828 -222.9758507135016430 -208.5916575192096616 -187.1119648737650891 -135.1668496158067967 -61.5225027442371015 32.8002195389681646 131.7409440175631232 220.8254665203073444 298.0812294182217101 361.4434687156970085 442.5653128430296306 547.1613611416025833 678.5290889132820666 841.0472008781558770 1067.5971459934137329 1172.8111964873764919 969.0713501646541772
346.5600000000000023 476.1640677966101975 671.7586440677965811 987.7925423728813712 930.1538983050847946 309.2216949152542611 -84.5979661016949223 -146.0962711864406742 -174.2861016949152599 -239.4406779661017026 -291.8881355932203405 -362.0745762711864586 -421.7505084745762929 -452.1620338983050829 -453.5227118644068014 -192.5633898305084699 470.5694915254237571 1541.4101694915254939 1894.3457627118643813 890.9037288135592689 47.7871186440677960 1266.3261016949152236 -248.5518644067796572 -567.4067796610169125
135.0681466184821886 144.9736706246773394 165.4863190500774408 204.0485286525554898 246.1564274651522908 278.8977800722767029 289.1388745482705076 297.2607124419204752 295.4073309241094307 327.0614352090861985 378.9385647909138015 469.6566855962828981 576.3113061435209374 746.2638100154878202 1090.1192565823437235 1559.7924625709861175 898.1254517294785273 91.8311822405782152 -44.4506969540526597 -103.0170366546205543 -163.0495611770779476 -184.7150232318017515 -227.4919979349509447 -256.1326794011357606
85.8283612586840974 20.3130363710666124 0.6383326522272170 -12.9995913363301998 4.1998365345320803 11.9407437678790362 15.4797711483449127 20.9019207192480572 24.4417654270535358 30.7923988557417232 35.1070698814875328 27.6305680425010216 22.5108295872496917 41.7637923988557418 92.2051491622394792 159.0400490396403654 277.9754801798119956 446.3351042092357943 828.3551287290559912 811.5659991826726127 88.5451573355128687 -127.1295463833265273 -155.6599918267266105 -167.7703310175725449
364.7028662420382261 373.3194267515923457 356.7105095541401170 352.7678343949044688 344.5114649681528931 341.6315286624204077 346.0280254777069899 349.0980891719745500 351.7837579617834649 347.4754777070063483 337.8872611464968259 329.4859872611464766 329.1509554140127420 352.9993630573248424 407.1633757961783431 486.0780254777070013 597.9054140127389019 761.5707006369426608 1063.0449044585986940 1067.2585987261145419 449.8681528662420419 133.8554140127388621 61.9226114649681563 48.4452229299363069
1009.5199156266479577 1010.7482158551590601 1011.3801371066971342 1011.7134470029882323 1011.6718228159605815 1011.5689224819827814 1011.5379855862190652 1011.6954825101072402 1011.9628054139567439 1012.5638249252943979 1012.8217964492880583 1012.9732466162770379 1013.0611003691334417 1013.3688170152926205 1013.4546317454737618 1013.5566883459307519 1013.5707154157145169 1013.7221655827034965 1013.9287045174899049 1013.8305853401300283 1013.5212515380559353 1013.4774125505360871 1012.6898927755316890 1011.1261733169274066
342.7447999999999979 340.6866666666666674 344.4015999999999735 342.1802666666666823 338.9098666666666873 327.4895999999999958 321.5261333333333482 318.5015999999999963 325.6936000000000035 351.1383999999999901 406.3720000000000141 485.8111999999999853 601.7810666666666748 745.6728000000000520 904.8533333333333530 770.4144000000000005 361.7701333333333196 164.0920000000000130 91.7472000000000065 101.5146666666666704 140.6533333333333360 172.6871999999999900 199.3914666666666733 230.5266666666666708
-72.6220722508932113 -46.8654227868201687 -19.2675664946407288 11.8197697499007539 38.9082969432314414 62.6740770146883719 77.5391028185787974 64.4140531957125830 49.7792774910678872 73.8408098451766506 131.0885271933306910 189.1965065502183450 309.8130210400952933 535.0623263199682924 989.8019055180627674 647.5569670504168016 -141.2969432314410483 -189.6530369194124717 -210.9360857483128200 -238.4299325129019564 -249.8940055577610053 -265.8459706232632129 -287.8201667328305007 -302.7725287812623947
407.6795653326265665 390.9040551285449396 380.1738669493771567 374.7937980386960248 380.1428571428571672 397.2218393851047153 434.2647760402862218 495.7474158494566723 581.3424330771269979 666.5571163530347576 753.0156374238007402 822.6602173336867736 838.4354624966870233 705.3135435992578550 471.8038695997879586 346.6986482904850391 303.2721971905645546 305.1060164325470510 333.2621256294725640 371.6803604558706411 407.2915451895043475 436.3819241982507151 454.9395706334481702 470.7124304267161392
-165.2944582299421086 -182.4135649296939619 -250.5037220843672401 -304.0893300248138758 -374.2423490488006337 -443.7377998345740480 -485.6881720430107521 -497.6319272125723501 -238.5343258891645917 406.0388751033912058 1514.5111662531016918 1948.0802315963605906 963.9669148056244694 25.2638544251447463 1267.4689826302728761 -403.1025641025640880 -597.9197684036394094 -171.1935483870967687 32.2779156327543433 7.0041356492969395 76.3904052936311047 106.3076923076923066 159.6592224979321770 202.9214226633581575
-437.7059874888292939 -425.4057193923145519 -422.8632707774798973 -425.6586237712243133 -426.8891867739052941 -429.0339588918677123 -429.9222520107238665 -433.3717605004468396 -431.9883824843610114 -430.6353887399463929 -424.3699731903485031 -417.4968722073279537 -395.2529043789097614 -364.9365504915102747 -316.1126005361930424 -245.6693476318141336 -159.1680071492403954 -54.9428060768543318 60.7926720285969608 196.2680965147453094 321.9767649687220796 391.7068811438784905 442.3315460232350347 489.8686327077747933
879.6832844574779529 1056.8422939068100277 699.5066797002281191 253.2919517758227528 186.6060606060605949 199.5764092538286150 207.4688823721081690 241.6878462039752264 293.2261322906484224 331.1720430107527022 364.1091560768979889 394.2893450635386330 416.9273378950798588 432.0358422939067964 440.7275985663082452 440.7106549364613670 438.2753339850114003 437.7650700553926413 430.7992831541218379 414.5584881068751884 404.0254154447702604 407.2867383512544848 419.2394916911046039 434.9253828608667050
178.7770700636942536 162.2707006369426779 189.9625796178343933 281.0533439490445744 367.8144904458598603 493.8224522292993584 722.5334394904458577 1196.0159235668788824 965.0891719745222872 152.3312101910827892 -111.9060509554140168 -125.6130573248407671 -207.1130573248407529 -264.3694267515923570 -337.9052547770700698 -420.3025477707006416 -479.3957006369426495 -517.5199044585987167 -451.2157643312102095 -70.5573248407643376 870.3288216560509909 1918.6433121019108512 1817.7173566878980182 275.6671974522292885
-62.3312101910828034 -63.9981801637852570 -51.8544131028207431 -11.8371246587807093 67.4622383985441303 229.3230209281164775 507.5477707006369315 952.6587807097361065 1256.8771610555049847 1016.1765241128298385 408.2502274795268704 876.8343949044585770 1155.3666969972703100 -58.9171974522293027 -145.9053685168334766 112.9008189262966368 225.5359417652411196 197.8043676069153776 240.3239308462238455 262.8935395814376648 291.6114649681528590 316.1747042766151026 327.2283894449499826 330.7306642402184025
405.6678846934632361 321.8392204628501645 324.5781567194478043 295.5436459602111086 276.1258627689809373 282.2679658952496879 276.1603735282176331 279.8753552578156700 295.0759236703207193 308.3296792529435493 320.6378400324807103 317.7714169711733803 309.6686967113276410 301.9671132764920571 315.3114088509947237 349.9520909460007942 426.5196914332115057 516.5099472188387608 668.3775883069426982 858.0962241169305571 1317.9833536337798705 1073.5956151035322819 236.7917174177831896 64.8578968737312209
402.7667844522968039 385.6104919815167023 375.9706441967925912 369.8246806197336127 372.5014949714596355 369.1842892090242003 365.8823049741777709 360.1397118782277857 350.4365316662136252 343.3419407447676122 346.4786626800761269 370.0138624626256956 418.1250339766240813 496.7018211470508504 607.9005164446861045 777.4963305245991023 970.6800761076380013 889.8162544169611010 483.0334329980972825 201.7281870073389598 105.4783908670834478 86.6686599619461759 122.5398206034248432 158.4525686327806397
-335.0687523417009857 -344.3298988385162716 -345.3887223679280396 -348.9245035593855278 -348.8598726114649935 -350.1586736605470378 -350.3420756837766703 -350.3079805170476106 -350.3816035968527558 -350.7120644436118369 -350.5232296740352353 -351.2841888347695658 -352.5642562757587370 -353.8548145372798786 -356.6854627201199150 -355.5841139003372291 -353.9934432371674689 -352.5014986886474162 -351.4878231547396013 -350.2032596478081814 -349.7440989134507277 -346.4364930685650279 -342.2366054702135898 -338.9739602847508309
-276.7713771377137846 188.4797479747974762 1254.1557155715572662 1949.2061206120611132 1403.2754275427541870 -142.7236723672367305 1200.8163816381638753 339.6966696669666703 -765.7326732673267315 -225.9081908190819092 -0.0432043204320432 38.0567056705670552 62.8190819081908174 102.5094509450945139 153.3267326732673155 203.2106210621062132 222.5238523852385129 187.5103510351034970 188.0135013501350159 255.4671467146714576 353.3690369036903576 460.7461746174617474 560.0522052205220689 621.6417641764176096
175.8657105606258142 177.9941329856584105 160.8174706649282939 177.5528031290743058 256.4615384615384528 337.0730117340286824 464.3396349413298481 670.9250325945241684 1233.5143415906127302 1061.3422425032595129 114.8148631029987001 -144.4654498044328648 -131.1225554106910067 -209.7594524119947721 -263.1336375488917838 -328.5840938722294595 -405.8487614080834192 -460.6023468057366586 -498.1160365058669868 -451.6655801825293111 -120.6355932203389898 710.7985658409387497 1695.0964797913950406 1802.1577574967404871
17.3667861409796878 62.5722819593787349 121.0322580645161281 177.7700119474312999 214.5788530465949862 239.6385902031063324 251.1397849462365457 272.1039426523297493 318.5949820788530360 387.4354838709677438 483.4743130227001302 628.1577060931899723 839.7473118279569917 1384.0131421744324598 1533.9970131421744099 412.3148148148148380 -64.7855436081242573 -109.3381123058542386 -196.5794504181600928 -248.2735961768219966 -293.4778972520908269 -351.9086021505376607 -373.9820788530465734 -355.8882915173237507
-32.6701225259189414 -40.6699340245051815 -40.3506126295947212 -43.8867106503298743 -34.7639962299717240 -30.4853911404335527 -32.5227144203581560 -32.4465598491988700 -32.5279924599434480 -33.8693685202639045 -32.8797360980207358 -29.9841658812441096 -21.9670122525918927 -9.5749293119698393 5.2780395852968898 26.4967012252591907 55.2544769085768124 94.1609802073515567 138.2850141376060265 190.9952874646559735 248.7915174363807864 309.6286522148915878 334.1638077285579698 302.0448633364750322
14.2431941923774961 -143.6406533575317610 -152.6778584392014579 -215.2050816696914808 -270.0607985480943967 -333.8820326678766151 -404.7885662431941682 -462.2177858439201259 -498.4292196007259577 -393.1633393829401371 27.3838475499092553 984.1978221415607777 1888.0145190562614061 1667.2740471869328758 129.7949183303085192 812.9165154264973125 365.1007259528130930 -793.3121597096188680 -270.0145190562613493 -34.9319419237749571 45.5145190562613422 51.9963702359346627 99.6288566243194254 139.7667876588021727
-38.3119727760736168 -42.2204754601226995 -44.3317197085889561 -45.7155866564417153 -46.8890433282208576 -48.2246453220858911 -49.5851706288343550 -50.1655483128834376 -51.1276840490797539 -51.9369727760736168 -52.0754409509202461 -52.2532112730061371 -51.8792177914110439 -51.7355732361963163 -51.8756710122699403 -52.2372028374233111 -51.8932611196319016 -51.4745015337423339 -50.8954179447852795 -50.4174654907975466 -49.6457055214723937 -48.5511886503067487 -45.8119248466257645 -41.4082630368098137
352.4912928759894726 440.9361477572559238 569.1002638522427333 743.9915567282322399 816.1931398416886623 765.1667546174141989 794.5477572559366308 1271.5662269129288688 738.4242744063324153 68.9430079155672786 74.4406332453825854 159.0802110817942037 201.3361477572559295 235.0116094986807411 269.4728232189973482 295.7129287598944529 321.5989445910290101 343.0902374670184827 359.0559366754617372 362.1883905013192475 361.5873350923482690 363.7952506596305966 373.5593667546174288 392.4005277044855120
-438.5683563748079905 -205.6190476190476204 375.1689708141320807 1472.6466973886329015 1920.7803379416282041 1044.3179723502303204 -63.3279569892473120 1369.2165898617511175 -116.4185867895545385 -638.3433179723501780 -176.5683563748079905 42.1712749615975397 25.1605222734254994 81.4086021505376323 111.1651305683563749 166.4946236559139834 210.1566820276497651 224.9055299539170392 195.4585253456221210 204.8870967741935374 272.5476190476190368 368.7235023041474733 479.8917050691244413 573.4278033794163321
-156.1394799054373550 -221.6650906225374342 -268.9810874704491539 -331.0583136327817328 -394.1252955082742346 -428.5721040189125119 -445.0015760441292514 -240.7494089834515307 260.9369582348305698 1284.0583136327816192 1869.1150512214342143 1261.2379826635146856 -62.0441292356185983 1292.9243498817966156 0.4996059889676911 -687.9929078014184824 -190.4862096138691925 33.6249014972419218 34.8951930654058344 80.5366430260047252 110.6666666666666714 162.4444444444444571 201.9432624113475185 219.5673758865248146
352.9890784982935088 500.7358361774744253 733.7836177474403030 1028.1658703071673244 905.8498293515358455 289.4430034129692899 -54.1883959044368595 -117.0361774744027343 -140.5228668941979606 -157.2211604095563189 -175.3453924914675781 -200.0443686006825885 -213.2197952218430146 -208.3344709897610869 -172.0307167235494887 -75.2436860068259392 173.1529010238907915 594.7870307167235069 1124.9672354948804696 1327.8061433447098807 876.5638225255972884 394.7105802047781822 597.7767918088736678 345.7467576791808597
-29.7180690579953080 -22.5494468655715714 42.4016091183372410 202.8196446530338619 430.7552799195440798 670.6788467985250008 806.5497820985584667 724.3090848139456739 555.4676500167616950 446.7489104927925041 426.7039892725443906 393.9493798189741938 326.4723432785785917 336.8736171639289410 355.8638954073080640 370.2507542742205828 379.6775058665772917 392.3617163928930722 398.6922561180020352 401.6496815286624269 405.4592691920885272 409.8907140462621328 406.0516258799866023 407.8736171639289410
-148.5253609774157724 -182.8178452425027842 -194.1617919289152212 -199.4831543872639656 -201.8382080710847788 -204.1303221029248505 -204.1292114031840015 -203.2421325435024073 -202.2702702702702595 -202.5616438356164508 -200.7752684191040373 -198.4890781192150939 -196.0588670862643426 -192.3580155497963631 -192.6579044798222924 -188.7885968159940830 -188.5279526101443821 -186.6249537208441325 -182.8904109589041127 -177.5275823768974419 -166.0236949278045131 -143.1599407626804918 -115.6819696408737457 -90.4924102184376125
321.9954966546577566 336.9337364899639624 356.6457797220792827 380.4260164693772595 383.7849974266597997 373.8109881626351125 355.4782552753474079 328.0330674215131239 289.0307514153371358 259.4845599588265372 230.4629439011837349 202.5660061760164581 186.7677560473494509 173.1303396809058199 157.9365671641791096 143.0631755018013394 129.8483015954709288 113.0460627895007661 97.1019042717447292 80.0267627380339661 65.5730828615542976 57.0850488934637141 56.6488677303139454 67.3479155944415879
-42.8856848609680767 22.1668383110195677 193.3347064881565416 502.1112255406796976 1072.5314109165808532 1351.7178166838311881 1019.3532440782698814 200.0123583934088458 1121.9268795056643739 1098.6570545829042658 -323.3522142121524325 -107.6271884654994864 124.3779608650875446 194.8650875386199743 167.5077239958805251 212.5901132852729063 240.0061791967044371 269.1967044284243116 292.5314109165808532 303.1194644696189471 308.9196704428424027 312.9948506694129833 323.4881565396498218 341.7662203913491226
-106.0326180257510771 -144.3158798283261888 -184.5665236051502234 -237.9802575107296150 -289.4394849785407473 -350.1922746781115734 -401.3450643776823767 -417.4454935622317748 -367.3390557939914061 -26.7193133047210303 750.9957081545064739 1739.4987124463518740 1755.6935622317596426 427.7862660944206254 322.6103004291845764 1258.5699570815449988 -628.7759656652360718 -406.1476394849785265 -88.9596566523605219 73.7373390557939956 25.2420600858369113 99.5596566523605162 128.2077253218884039 176.3656652360515125
157.1799217731420981 161.3148631029986859 190.2985658409387213 253.9797913950456234 356.1590612777053479 523.4087353324641754 804.8174706649282371 1006.7151238591916353 560.3617992177314591 7.5104302477183831 -103.9230769230769198 -128.5736636245110844 -148.7170795306388413 -163.4452411994784882 -186.6153846153846132 -208.1205997392438007 -222.8448500651890356 -228.1303780964798023 -191.5247718383311621 -43.4895697522816178 292.5534550195567363 826.4165580182528856 1326.3989569752282023 1333.6368970013038506
841.7336427742568503 843.6457198964562849 845.9296616977595704 847.0753369633133616 848.2550209765241789 851.2282424350620431 854.7904132821565781 857.6395608319199937 860.2695706507186060 862.0931893242881188 862.3958761046147856 863.8354904936177263 865.2073551727215772 866.2109256449165287 866.4013210747120866 867.3528519146657345 867.3747210568598121 867.8390609658126778 868.0516825850219220 867.8906542890297260 866.6548246005534111 864.0124966526823300 862.7557797018655492 861.0308845844863299
129.8058186738836355 185.9769959404600854 217.1014884979702231 240.2462787550744281 250.1786197564275938 275.1102841677943047 322.6982408660351780 396.9255751014885050 499.3457374830852586 644.4797023004059611 864.7746955345061224 1398.7428958051420977 1531.0196211096076695 420.3497970230040437 -72.3443843031123208 -97.6813261163734836 -191.7929634641407404 -243.6833558863328903 -298.9309878213802563 -363.0027063599458756 -387.5798376184032463 -379.3687415426251732 -319.8822733423545515 -94.0067658998646749
980.6963597430407162 983.0081370449678388 985.8034261241970171 980.3948608137044403 978.9254817987151682 969.0693790149892948 953.5734475374732710 938.6017130620984972 927.4817987152034675 904.4239828693789605 883.9267665952891093 857.3871520342612484 828.6852248394004619 806.0098501070664270 780.8218415417559299 751.3237687366166710 719.6543897216273535 690.7537473233404626 657.5760171306210395 626.5730192719486240 595.0963597430406935 576.2732334047109362 570.9344753747323011 584.1233404710920922
64.4815616135391139 58.7082071253425610 56.7815279580749106 56.5917592191932286 57.8312418866291651 58.7573441030818771 59.2313572767921528 60.0620222126063723 60.3590076445983001 60.2908312899658654 59.8955719024953126 60.1421222174142969 61.2847733064089653 63.6934468003269387 66.2590509159094125 67.5090629357180632 66.4718496081542440 64.6677724890619743 63.6353190057214277 62.6344535794990165 62.4157411414010284 61.5252175585364682 63.1891917880667364 69.0085100245204046
196.9757109004739277 263.9940758293838599 365.2772511848341424 545.3868483412322803 797.5574644549762979 964.7523696682465015 621.4917061611374720 93.7677725118483352 -88.9289099526066309 -112.5035545023696670 -123.5313981042654063 -126.3803317535545006 -139.4419431279620767 -147.3595971563981095 -144.6996445497630361 -130.0989336492891084 -95.0106635071090011 -0.4496445497630332 212.6255924170616254 588.3933649289099321 1018.4869668246445826 1241.9597156398103834 968.2725118483411961 512.0527251184834086
707.5537507749535280 715.3933044017359180 718.1606943583384464 715.0660880347179500 705.8448853068815652 696.7845009299442154 689.4778673279603254 681.6378177309361490 675.4023558586484342 670.9825170489771153 668.5552386856788871 668.4567885926844610 668.7909485430874383 667.5327960322380250 666.5775573465591606 665.3230006199628406 665.2332300061996193 664.8820830750155437 663.8383137011779809 659.6691878487290523 652.7404835709857025 644.7041537507749354 636.6240545567266054 628.0840669559826210
-259.0399221032132573 -315.8120740019473942 -387.5822784810126791 -455.3602726387536563 -491.2872444011684365 -473.3476144109055781 -143.4323271665043933 612.8481012658228337 1721.1499513145083711 1906.3232716650438761 574.9045764362219870 133.9396299902629153 1233.8948393378773289 -658.8422590068159934 -461.8490749756572313 -141.3164556962025245 47.1110029211295043 6.2444011684518017 83.3583252190847190 112.7848101265822720 167.4469328140214088 204.4693281402142020 200.0798442064264862 177.6153846153846132
170.4122423485321747 199.4478450968144898 223.6645846346033863 234.9519050593379177 256.2054965646470919 293.1936289818863202 372.2692067457838903 466.2542161149281696 652.6339787632729212 928.2404747033103831 1537.1536539662711220 1071.5840099937538525 35.2760774515927551 -99.8763272954403476 -166.1880074953154178 -220.7145534041224266 -252.9512804497189222 -293.1611492816989539 -334.1761399125546745 -343.2136164896939476 -334.4097439100561928 -281.0212367270456184 -74.0949406620862021 389.8775765146783101
568.6746889101599436 569.3767947490770212 570.9025707643921805 573.4556953370710062 575.1896622453165264 577.4195952413509758 581.2419663612744216 584.5165458772049760 587.7928346779707454 590.7194038014495163 593.9012033365239631 596.9712156433747623 600.7290441679201649 606.2525639272528224 610.6610146314782241 612.1114453712566501 610.7261725693969083 607.1882948174484227 604.0634486530835829 601.2516067277450702 598.6770135375359132 594.9853685218105284 595.0175030767127282 596.7734172022426264
-445.8623853211009305 -300.2324159021406444 -294.1620795107033359 -358.1987767584097924 -486.9296636085626915 -698.2140672782874162 -944.4373088685015318 -1246.4984709480122547 -1460.6819571865444232 -1563.1009174311925563 -1604.6085626911315103 -1488.7889908256879608 -1085.4709480122323839 -744.8837920489296494 -567.0581039755351185 -503.2538226299694202 -417.1467889908257121 -481.9143730886850108 -602.0672782874618179 -697.9755351681957336 -827.5198776758410304 -995.4740061162079883 -1143.2201834862385113 -1128.2232415902140019
997.0689329556184930 1621.3673276676108799 1474.7148253068933172 555.9915014164306513 164.1869688385269228 -246.3626062322946098 -355.7271010387157730 -119.4107648725212414 24.4192634560906505 46.2691218130311626 57.0188857412653434 68.4910292728989560 89.5118035882908458 117.5004721435316384 117.8158640226628933 85.2738432483475037 66.8432483474976351 110.7573182247403167 156.7790368271954549 177.4966949952785740 191.1152030217185995 255.2880075542965130 279.2785646836638307 213.2993389990557205
621.8089812332439124 614.9262734584450527 450.0737265415549473 214.4591152815013402 105.6119302949061591 98.9524128686327060 111.2339142091152837 110.2030831099195751 124.7573726541554890 154.4504021447721129 179.8136729222520103 207.1072386058981181 220.8900804289544340 234.2908847184986598 248.9148793565683775 303.3806970509383518 385.4966487935656687 539.9008042895442259 642.3317694369973196 704.4182305630026804 714.5650134048257769 1389.4617962466488734 1239.7674262734583408 -1.5402144772117963
1277.8514115898960881 1042.8900445765229961 451.3476968796433653 -0.1084695393759287 -173.2852897473997018 -237.9257057949479872 -297.9628528974740220 -323.9479940564635854 -342.6924219910847000 -343.9257057949479872 -346.0208023774145545 -347.7875185735512673 -348.7028231797919489 -339.5022288261515655 -335.6835066864784380 -327.5081723625557402 -345.5631500742941853 -339.9940564635958253 -333.1991084695393965 -335.5765230312035783 -336.9851411589896202 -331.0906389301634363 -323.1768202080237984 -291.5245170876671637
-356.6540084388185505 -407.5189873417721742 -427.2278481012658062 -353.7316455696202411 28.9611814345991547 882.3704641350210522 1815.9097046413501175 1689.1552742616033811 209.5915611814345993 642.5983122362869153 849.7012658227847623 -722.4464135021097491 -321.1468354430379577 -40.1552742616033740 75.6042194092827060 50.3257383966244731 109.3375527426160403 142.0320675105485293 184.6894514767932378 216.6438818565400766 205.2700421940928379 197.8000000000000114 236.4691983122362728 317.8616033755274088
792.2448494453249168 979.7725832012678211 696.1822503961965367 126.3367670364500839 -88.7575277337559498 -109.2305863708399301 -134.5736925515055589 -147.9540412044374023 -166.4619651347068157 -184.1323296354992181 -190.6545166402535756 -182.9080824088748045 -139.8296354992075976 -25.1505546751188582 264.3074484944532401 752.0221870047544144 1330.6362916006339674 1392.4572107765452529 643.9603803486529614 345.6664025356577099 905.9334389857368706 201.1941362916006426 -223.2297939778129887 -30.2091917591125210
294.5981416957026795 344.8420441347270753 421.3786295005807006 539.4111498257839230 710.4715447154471804 1043.4912891986061823 1283.5203252032520140 991.8885017421603152 367.1324041811846541 -44.0638792102206764 -163.2613240418118608 -230.4924506387920928 -268.8141695702671541 -290.1173054587688966 -304.0371660859465806 -308.7828106852497285 -309.2810685249709763 -303.8838559814169571 -291.3948896631823686 -278.6515679442508713 -276.4761904761904816 -272.6806039488966462 -249.8954703832752671 -245.7932636469221848
222.7624135763670665 230.3720930232558146 234.4877435575110098 253.4003771213073435 307.0534255185418147 405.5141420490257929 552.8246385920804187 787.8786926461344819 1158.2809553739787134 1297.2419861722187306 509.9754871150220197 -23.9164047768698929 -90.1772470144563130 -152.5751099937146478 -172.3859208045254547 -186.4896291640477557 -200.4789440603394155 -208.9277184160904994 -207.1489629164047699 -187.1074795725958495 -137.2130735386549247 -77.1131363922061581 -7.8648648648648649 128.0634820867379062
508.6163178647254881 508.1556393257940272 510.1812903505351073 512.3130551583690249 513.6079552840244560 514.0474457298843163 515.4064734173924762 516.4078599592703540 517.6571775206898565 517.4848130334936513 518.1238355214696867 518.8707049698859919 520.9637765934398885 523.8151999653364328 527.2315958230425395 529.1556826552276789 529.8873001429871010 529.6717362104077438 527.9233935612461437 526.2318124702110254 524.3004029637332906 522.4362407383335949 521.3332466744659541 521.1793405260193595
1019.1487082545684189 992.7473219911782962 351.0693131695022089 -76.7120352867044772 -146.3547574039067456 -170.6250787649653375 -235.4171392564587393 -287.8046628859483462 -358.3850031505986067 -418.1695022054190076 -452.0176433522369166 -454.9489603024574649 -219.8160050409577764 402.5387523629489692 1450.3295526149968282 1892.0743541272840957 1015.0592312539382647 55.4259609325771905 1155.5727788279773449 -159.9237555135475759 -541.3295526149968282 -147.0031505986137290 58.5494643982356635 46.2860743541272868
54.4231010671688651 46.1368487131198961 44.7969240426867543 44.7548650345260484 44.2746390458254879 44.6986817325800345 55.8377275580665398 75.4212178279974950 111.8066541117388510 167.3182674199623250 270.8050847457627128 427.1581920903954597 585.6895794099183377 489.4532328939108652 193.2975517890772039 -8.6029504080351540 -94.2558066541117370 -102.5533584431889551 -64.1763967357187681 -24.0674827369742630 16.9927809165097301 57.6644695543000623 95.7991211550533563 128.6829880728185742
471.2135364635364567 477.5589410589410591 485.9276973026973110 481.4445554445554194 480.6135114885115058 472.6984265734265591 463.4907592407592460 446.0568181818181870 432.1880619380619351 411.2789710289710570 385.6813186813186576 370.5721778221778209 355.4164585414585531 340.8008241758241752 320.9378121878121988 304.3745004995005274 288.7714785214785138 273.5920329670329920 259.6664585414585531 245.7993256743256723 233.3761238761238701 224.6409840159840030 223.1006493506493484 231.5424575424575551
261.9821917808218927 285.0210045662100242 309.7013698630137242 316.1433789954338067 311.3242009132420094 306.7360730593607059 308.3853881278539006 332.0365296803652768 388.5219178082192002 477.4821917808218927 610.6493150684931379 786.8050228310502234 1152.0671232876711656 1243.5118721461187761 418.6054794520547944 19.5452054794520542 -19.7255707762557080 -39.0447488584474911 -45.8296803652968023 -41.1369863013698662 -56.0127853881278526 -52.7858447488584446 -20.4324200913242002 22.2904109589041113
28.3838383838383841 21.2701084923307135 17.2745978301533860 16.0164609053497955 29.5072951739618397 65.9341563786008180 128.4975682753460546 225.9610924055368457 405.5346053123830643 632.5649083426860670 635.8873924429479985 180.1896745230078523 -121.3561541339319092 -169.3404414515525502 -174.4523007856341223 -142.5057987280209488 -106.8724279835390973 -74.6165357276468342 -42.6307519640852988 -14.9502431724653952 16.6969696969696955 71.6917321361765829 158.3037785260007411 274.2233445566778869
212.9168081494057674 313.4193548387096939 421.0254668930390380 572.3047538200339659 1001.4168081494058242 1118.5950764006790905 409.5619694397283297 -82.9159592529711347 -148.3947368421052602 -174.5560271646859007 -252.4567062818336183 -312.0339558573854220 -394.5432937181664101 -468.6986417657045649 -514.9473684210526017 -528.0772495755518321 -268.9966044142614692 456.3862478777589331 1619.9100169779287626 1971.0721561969439790 874.3709677419354875 49.2334465195246196 1211.9006791171477744 -440.3089983022071578
465.6293301557579412 465.3249212698952988 466.6601412886203093 466.5610690271512340 464.3546259256106623 463.3588816069452605 462.2823644565494874 461.4110137032939178 460.7851732062302972 459.3497318920759085 457.5872840241722770 456.5136607370840238 455.7826197974295610 456.2351263937356407 456.1967401480977173 455.6902289556558117 454.5063835220018973 452.7435951995914820 451.4494425057451963 449.8353051323516638 449.1946123074304182 448.7763639458677289 448.2528300280874873 448.7739807643203562
-121.1288729232150843 -103.8387965873372281 -85.0300853165693695 -55.8154467894027846 -26.6973506960035927 3.4696901661427928 30.3646160754378087 57.8679838347552788 59.6281993713515917 47.6569375841939831 61.6295464750785840 117.6771441400987896 192.0179613830264884 324.7849124382577202 507.4526268522675991 1001.7844634036821390 975.3596766951055770 -27.6488549618320612 -195.9353390211046246 -164.9874270318814524 -231.6358329591378435 -244.4207453973955921 -241.0817242927705308 -253.0709474629546492
922.6435041785986186 923.3520542341184409 924.3559698439599970 926.4480158962071528 928.5452048389925039 929.6615627374203541 930.2512418911811665 930.6094909707205716 930.9296359067266167 930.8398690900589827 931.3676582315470114 931.4679445970427878 931.2553912687744742 930.6483548594471813 930.3525802115598253 930.2224884577173043 930.2714043597685531 929.6359651686050256 928.9100578575186091 927.9139734673601652 927.7433230085910054 927.0088831745661082 925.8925252761381444 923.9624802758459055
137.4972268025783251 115.7220806475790766 105.5897166841553059 101.3495727776945046 98.8291110777994248 93.9521810822965051 90.7730475191125805 89.0044970769000088 94.3413281367111409 108.7099385399490359 129.5793734072852601 166.0551641433068539 220.5216609204017288 277.2321990706041106 332.6051566481787063 376.7722980062958982 404.7235796732123845 413.4267725978114072 415.8623894468595381 403.0224853845001007 385.4219757157847539 370.8934192774696612 356.4005396492279942 341.2893119472342960
296.7814107274062962 302.1219691403379670 297.9996326230712498 294.5128581925055187 297.0624540778838991 315.3721528288023705 352.8166789125642708 420.3633357825128769 517.6362968405584297 649.8618662747979897 874.0925789860397117 1037.5253490080822303 543.4254224834680826 117.2538574577516499 -0.1752387950036738 -16.2582659808964003 16.1142542248346814 49.3163115356355632 63.3210874357090390 80.4232182218956666 105.0209404849375403 145.4974283614988906 184.4544452608376162 216.5411462160176370
776.6955134221888102 786.4366435141730562 789.2690069457480604 787.5770602590575891 785.0797822414116354 778.7418809836681248 775.0649521306551151 772.4674300732119718 771.6915712408484751 770.7225455228083320 771.1779613290782436 772.7803641824666556 772.6087854327013247 771.5030974281959288 770.9057630936737269 771.2185094800074694 771.4755021588135833 774.3435329453726581 778.0604467805519562 780.2153181903510131 783.8633377135348610 787.3930917965083154 784.4430260934859689 776.3568612727614209
1764.6842105263158373 1802.5701754385963795 1837.9473684210527153 1867.8508771929823524 1896.6140350877192304 1935.3771929824561084 1973.1140350877192304 1998.9736842105262440 2021.8771929824561084 2039.6403508771929864 2045.9649122807018102 2045.9649122807018102 2027.2105263157893660 2010.6842105263158373 1994.7894736842106340 1978.1491228070176476 1961.2192982456140271 1930.8596491228070136 1901.3684210526316747 1873.6140350877192304 1855.0701754385963795 1832.7543859649122169 1789.3508771929823524 1751.3245614035088238
-674.2237401335761433 -670.3919247115968574 -663.7817243472981090 -662.0652701882210067 -658.3020643594413741 -657.8885853066180971 -664.9265330904675011 -663.7234365513054399 -662.0000000000000000 -658.8952641165756177 -663.4790528233151008 -665.6979356405586259 -669.1417729204614488 -675.1712204007285436 -675.8788706739526333 -676.2243472981177774 -673.9265330904675011 -667.8922282938676744 -664.3779599271402958 -657.3017607771705570 -653.5683060109289499 -651.0258044930176311 -652.6596842744384048 -649.3430479659988350
206.1079365079365004 273.3904761904761926 375.3420634920635166 510.6055555555555543 729.8468253968253521 1133.3063492063492959 988.3769841269840981 235.3793650793650727 -94.3460317460317412 -139.3626984126984212 -188.6214285714285666 -247.1571428571428442 -302.7888888888888914 -374.1468253968254203 -429.0484126984126760 -455.4111111111110972 -437.0246031746031576 -149.1714285714285779 587.3865079365078827 1662.0341269841269423 1899.4428571428570649 719.4928571428571331 11.0206349206349206 1270.5269841269841891
-9.3965884861407254 950.9189765458422698 1954.3603411513859101 1744.8262260127930858 112.1641791044776113 666.5319829424306590 769.7579957356076648 -819.8518123667377040 -326.1599147121535225 -68.5639658848614033 39.2430703624733468 29.6140724946695109 89.2057569296375306 128.6343283582089612 177.1855010660980838 206.5458422174840223 188.8518123667377324 178.3219616204690965 234.6428571428571388 344.5671641791044522 459.5714285714285552 570.4307036247334963 666.6865671641791096 687.6449893390191619
455.4521218715995587 472.8677910772578912 495.2195321001088359 523.1322089227421657 545.0628400435256253 564.9352557127311911 583.1926006528835842 586.3052230685527775 574.3808487486397780 537.5628400435256253 487.7804678998911641 438.2698585418933703 389.5535908596300487 364.8952665941240525 365.0987486398258852 397.3881936887921711 454.6602285092491798 536.1447225244830861 615.5380848748640119 705.0165941240478560 779.9559303590859827 830.4298150163220953 823.8487486398258852 709.3136561479869897
414.3083270817704147 -61.4493623405851466 -147.6286571642910701 -161.3188297074268576 -221.0127531882970686 -269.3945986496624414 -333.2048012003000963 -394.9384846211552826 -431.6894223555888743 -451.3893473368341915 -262.5251312828207233 251.5168792198049630 1278.3113278319578967 1893.4141035258815009 1274.4726181545386225 -60.2273068267066733 1222.6039009752437323 119.8462115528882208 -677.8109527381845965 -207.9369842460615132 21.0435108777194309 32.9429857464366123 69.8964741185296390 105.8739684921230264
773.1655379984950969 778.6019563581639886 925.1602708803611677 626.9714070729871764 172.2174567343867579 98.3799849510910462 78.1866064710308564 82.3732129420616985 93.0361173814898450 107.1286681715575639 130.0579382994732782 166.1128668171557479 205.5109104589917308 232.4439428141459700 247.0805116629044278 265.4018058690745079 303.4996237772761560 382.9525959367945802 501.8306997742663498 639.8645598194131026 713.0112866817155464 713.9360421369450478 1035.2776523702032136 1395.0887885628292224
-63.3180592991913755 -196.0368373764600278 -239.3274932614555155 -280.4627133872417062 -301.9564240790655845 -313.4469901168014303 -296.6626235399820075 -231.9173405211141130 -103.1518418688229985 96.7857142857142918 337.1653189577717740 503.5224618149146636 494.0489667565139484 395.1491464510332321 354.5238095238095184 289.4847259658580469 261.5498652291105373 264.2345013477088855 246.2205750224618157 241.7560646900269603 234.8939802336028890 229.5422282120395323 221.3167115902965065 225.8225516621743054
128.5025810151993255 124.9959372908899695 125.4286875059745654 127.6564859956027078 129.8712360195009978 131.1813402160405246 131.5932511232195736 131.5030111843991847 131.4914922091578262 131.0770480833572265 129.6087372144154415 129.4702705286301523 129.0520982697638885 131.0306854029251440 133.8554153522607919 135.9219959850874773 136.6531880317369314 137.2578147404645961 138.3348150272440478 138.8210496128477303 139.0918650224643898 139.8987668482936613 140.9133448045120076 142.7600133830417803
-14.3775601068566345 -39.9536954585930530 -49.9545859305431890 -50.0685663401602881 -36.1371326803205690 -1.0543187889581478 80.1024042742653677 210.5966162065894878 454.9821905609973101 826.5138023152270534 1210.3882457702582087 1095.2769367764915387 543.0783615316117903 591.8735529830810265 1305.9715048975956506 201.6580587711487169 -202.1175422974176286 46.8869100623330368 221.3935886019590384 198.6758682101513784 238.2902938557435562 253.4995547640249356 286.4078361531611563 307.3232413178984643
10.6954261954261955 40.2853430353430326 69.1185031185031136 87.3622661122661128 67.3367983367983385 49.8690228690228707 74.5597713097713068 145.6117463617463557 207.2988565488565484 329.0296257796258033 586.1049896049895551 1054.5187110187109738 508.2765072765072887 -194.0077962577962580 -203.2910602910602904 -223.9802494802494834 -274.2359667359667128 -299.4537422037421948 -336.9417879417879362 -374.4381496881496787 -409.1107068607068413 -434.9059251559251607 -330.5374220374220613 4.0670478170478175
-190.0067214339059092 -237.7774458551157579 -293.8618371919342849 -349.1277072442121039 -388.8894697535474165 -403.0627333831217243 -295.9731142643764201 93.3188946975354696 952.4846900672143875 1783.2808065720687409 1564.4555638536221522 158.8618371919342849 797.1941747572815302 651.3405526512323149 -674.8834951456310591 -254.9424943988050813 -2.5937266616878270 82.3383121732636312 75.8693054518297174 123.4085138162808022 156.4451082897684842 194.2561613144137311 223.6616878267363688 208.2449589245705681
343.8381699346405185 314.4332026143790699 298.7215686274510063 317.3069281045751495 341.1145098039215782 350.4101960784313974 343.9398692810457305 335.9058823529411484 332.0522875816993746 329.4389542483660307 327.9058823529411484 327.2345098039215827 327.4752941176470813 319.3960784313725298 303.2580392156862672 286.8692810457516202 274.8316339869281251 277.3424836601307106 311.4057516339869380 383.3406535947712541 513.5283660130719454 713.5960784313725753 980.0452287581699693 1010.6509803921568391
252.9645345155161635 117.7783407219759368 25.1665611146295127 -79.3685877137428690 -26.8549715009499685 7.8670044331855609 23.9252691576947427 62.8537048765041177 114.2989233692210291 160.9487017099430091 195.2678910702976509 224.6713109563014541 250.0753641545281880 313.7644078530715888 409.5395820139328862 550.1348955034832215 635.8277390753642067 717.3521215959467554 797.7701076630778516 1487.4559848005067124 1267.7891070297657734 51.5199493350221687 -70.4813172894236857 -63.9309689677010766
133.3537675606641244 167.4853128991059918 174.1832694763729137 155.8212005108556752 167.6411238825031944 241.8786717752234949 326.9482758620689538 441.9195402298850581 622.8269476372925055 1113.2579821200511105 1050.2445721583653722 191.0849297573435592 -121.4259259259259238 -131.4157088122605330 -196.0459770114942444 -256.5197956577267178 -321.9616858237548058 -399.6117496807152065 -459.5491698595146772 -496.7228607918262924 -463.5530012771392308 -136.9374201787994991 683.1692209450829978 1745.1768837803319911
47.6396074933095477 -19.3568242640499548 -49.2381801962533459 -60.8055307760927732 -73.3603925066904594 -64.4710080285459384 -47.6833184656556668 -1.4380017841213202 87.9661016949152526 252.3826940231935794 535.3844781445138779 968.1605709188224864 1257.4611953612845809 1000.3184656556645677 401.4638715432649292 803.4290811775200609 1149.0981266726137164 -13.0124888492417483 -121.4549509366636926 120.9562890276538809 233.1239964317573481 205.2042818911685913 245.3586083853702178 266.3550401427297061
161.3735810113519165 37.4184726522187816 47.0846233230134175 40.0696594427244577 55.6888544891640862 86.2213622291021693 134.1357069143446950 176.5954592363261213 207.6264189886480835 225.4638802889576823 239.6351909184726594 260.2162022703818138 311.8121775025799707 391.6088751289989887 514.4767801857584573 653.7652218782250202 813.1919504643963137 1249.2997936016511176 1555.9318885448915353 401.6929824561403279 -91.2610939112487074 -68.9406604747161964 -107.8668730650154828 -138.1006191950464483
1838.5752808988763718 741.6539325842696826 124.3011235955056151 1538.7932584269663039 -734.9179775280898639 -529.9539325842696371 -205.4730337078651701 12.6539325842696631 -19.2123595505617963 72.1573033707865221 96.0865168539325794 159.2213483146067290 203.8370786516854025 201.3325842696629309 167.3292134831460771 179.2146067415730215 274.8910112359550340 401.1123595505617914 550.0258426966291836 674.7786516853932426 673.8786516853932653 429.2516853932584127 93.9404494382022506 -101.2921348314606718
-976.9193181818181984 -1054.0022727272728389 -1111.1045454545453595 -1159.4772727272727479 -1179.8170454545454504 -1155.0295454545455414 -1099.8454545454544586 -989.3284090909090764 -897.2863636363636033 -822.8363636363636715 -723.9943181818181301 -672.5034090909091447 -695.6534090909091219 -725.3363636363636715 -768.5545454545454049 -831.3352272727272521 -908.2318181818181984 -1002.9284090909090992 -1066.5772727272726570 -1070.3715909090908553 -1039.4295454545454049 -1019.1477272727272521 -914.4045454545454277 -873.7193181818181529
505.3826318909306679 499.4828097213989508 508.5201541197391748 531.3956727919382956 559.9193835210433008 594.7824540604623280 619.5198577356253509 641.0776526378185736 660.2187314759928540 686.2566686425607259 712.9588026081802354 732.7830468286899759 751.7267338470658160 773.0417901600474124 791.4116775340842196 803.1517486662714873 816.7285121517486459 828.8598103141671345 846.8935981031416986 867.5634262003557069 881.6953171310017296 890.3162418494368922 896.3322465915827024 898.4890337877890261
470.4639431616341199 555.6245115452931032 649.8685612788632397 773.8500888099466692 982.5303730017761836 860.3680284191829060 413.9925399644760091 214.5513321492007037 160.5793960923623445 174.7722912966252125 222.5641207815275209 279.0078152753108611 337.3364120781527618 392.3683836589697762 434.0440497335701480 457.3680284191829628 471.6841918294849165 474.3953818827708915 470.4149200710479590 468.2955595026642754 476.2753108348135243 476.8980461811722762 461.8838365896980349 454.4344582593250266
123.0350925670074673 113.2415031776733940 118.9776181265542903 131.3470571981210355 144.8922354241503285 149.8775904946117805 144.4175186515612097 135.0107764575849671 115.0024868748272979 90.6946670350925643 66.9295385465598258 61.2395689416966036 60.9842497927604299 59.6706272450953321 56.6598507875103650 53.3307543520309508 55.9132357004697411 66.4838353136225493 96.4092290688035405 162.1367781155015280 280.4937828129317268 466.1273832550428438 698.1331859629732435 745.0643824260845349
413.1849529780564012 554.7068965517241850 984.6120689655172100 1164.4474921630094286 475.5658307210031239 -66.7186520376175594 -140.7163009404388845 -167.2711598746081449 -244.7954545454545325 -303.1888714733542542 -385.4600313479623992 -458.9710031347962627 -506.1473354231974895 -524.9521943573668068 -296.4467084639498466 369.7852664576802226 1500.4373040752350335 1955.3581504702194707 1038.6057993730407816 54.5564263322884031 1139.2163009404389413 -310.9318181818181870 -584.1614420062695672 -145.4028213166144212
-32.2209847596717438 1.3856975381008205 8.0211019929660026 12.6658851113716295 60.8452520515826478 119.6822977725674093 169.0720984759671808 200.3669402110199371 223.7350527549824051 239.1336459554513567 274.0351699882766638 332.6213364595545272 434.7901524032825478 548.5644783118406167 701.1529894490034849 846.1330597889800629 1467.1647127784290205 1396.2303634232121112 109.3956623681125393 -97.8522860492379891 -106.5656506447831191 -144.4390386869871179 -186.5779601406799486 -205.2930832356389317
1050.2432748538012675 -38.1239766081871352 1809.7111111111112223 -391.8923976608186877 -625.7169590643275114 -213.7029239766081901 -0.7461988304093568 -4.4736842105263159 74.1988304093567308 97.1368421052631561 158.5076023391812896 198.9134502923976697 206.0830409356725283 169.8467836257310069 161.5602339181286595 234.2538011695906448 339.5976608187134502 467.4807017543859615 580.2105263157894797 634.2198830409356560 417.6888888888888687 111.2502923976608145 -66.5169590643274802 -136.5777777777777828
-427.8250630782169992 -461.1749369217830008 -452.4760302775441687 -144.5138772077376075 555.1009251471824655 1673.8385197645079643 1901.6089150546677047 699.7661900756938849 105.3372582001682076 1263.8587047939445256 -513.3322119428090673 -519.1623212783852068 -141.4163162321278264 51.0235492010092528 13.7821698906644237 88.7872161480235462 115.4878048780487774 169.2253994953742620 211.3927670311185807 210.4449116904962125 180.4457527333894120 200.7813288477712490 283.9495374264087673 378.7661900756938849
654.9554655870445004 967.9993252361673512 958.4730094466937089 345.9028340080971589 -79.0573549257759822 -141.6450742240215845 -169.0526315789473699 -235.8259109311740929 -289.4365721997301080 -359.2719298245614254 -419.9993252361673512 -447.7813765182186216 -449.2064777327935303 -194.1923076923076792 462.2618083670715237 1529.0519568151146359 1882.1025641025642017 909.8529014844804124 77.4811066126855650 1296.8245614035088238 -301.1477732793522364 -582.7847503373818654 -137.6619433198380591 60.7510121457489873
-282.0592763664357108 -348.5458044649730596 -413.1855273287143859 -449.0392609699769082 -456.8683602771362757 -206.6020015396458689 394.0585065434950138 1459.2586605080830395 1883.1901462663586244 998.1585835257890267 9.6250962278675907 1330.7729022324865582 -323.0261739799846055 -612.7336412625096500 -150.3441108545034695 48.5642802155504256 21.9722863741339509 86.0384911470361828 115.3325635103926032 167.7644341801385792 209.0908391070053938 219.1046959199384219 191.4349499615088632 199.5311778290993061
1883.2305263157895752 1524.5189473684210952 6.3284210526315787 863.1263157894736651 1000.1210526315788911 -745.9442105263158282 -220.5273684210526426 0.6536842105263158 105.8326315789473711 71.7800000000000011 126.7010526315789463 159.6421052631579016 202.5073684210526324 231.9536842105263190 220.0694736842105215 219.2915789473684072 265.8757894736842218 341.1999999999999886 421.4452631578947148 511.2694736842105385 616.7157894736842536 688.8294736842104840 558.1073684210526835 310.7526315789473870
289.5249745158001815 274.9056356487549237 280.7479248580165745 289.9215086646279360 296.3826998689384027 310.1617882627056701 327.4575506043395876 346.0754332313965165 363.0113586719091359 380.6934614824523351 401.2728993738168128 424.4466288044269504 450.3480413572156635 475.7087520023299589 496.3085772535313822 514.6538517547692209 530.1012086791903357 544.0907237512742540 557.3799330129605778 566.1390709188874553 569.4958497160331490 564.4582787243338089 547.0535896315712989 521.6952089704383297
127.4218009478672968 161.9603619129685512 241.2080999569151345 368.7096079276174123 577.5028005170184997 813.6570443774235173 949.3813011632917096 521.6475657044377385 -69.3636363636363598 -180.5532098233520060 -179.4631624299870793 -121.1559672554933229 -86.9651012494614406 -50.6984058595432998 -16.1658767772511851 31.2580784144765182 97.6217147781128887 180.7009909521758004 249.7893149504523933 261.5252046531667247 259.2718655751830852 279.0939250323136775 325.2735889702714189 342.2649719948298070
-459.3941039565554547 -471.6865787432117827 -206.8867339022498015 465.3933281613653890 1568.8347556245150827 1921.9743987587276024 868.3266097750193921 112.0581846392552308 1269.3863460046547971 -513.2024825446081877 -571.7509697439876390 -154.9208688906128657 43.4553917765709841 9.5446082234290142 81.7742435996896830 110.3964313421256804 165.6322730799068950 209.5259891388673452 209.0651667959658653 176.3902249806051259 189.2567882079131039 270.0046547711403946 369.4693560899922318 483.3110938712180200
395.0722615253051231 393.1268755344787564 394.9345798025344152 395.7945269377283921 394.9665707844204121 394.7347041903133231 394.5746326673404383 394.8541942004197836 394.7940604835574732 394.9078364300707449 394.2729534323252665 393.7978698592863225 393.2025577237036487 392.7460545751379755 393.0563632123144089 393.5481613931431184 394.7740029542097773 395.8746793127575074 396.5315633988960826 397.3241856487600216 397.7354038715696447 398.5700069968125376 398.7602036849879710 400.1117935162870367
-488.5892373209446191 -383.7185443283004247 -262.5346496322106304 -116.0282617111885344 -0.9589624467673248 142.8799845141308538 250.2613240418118608 292.3101045296167513 260.7886178861788835 213.5303910181958997 178.1637630662020797 173.9686411149825744 165.3166860240031042 169.3735965931088003 173.4181184668989602 173.9264421215640652 177.0998838559814033 181.2671312427409873 178.3375919473480451 147.7104142469996191 125.0511033681765412 98.5663956639566408 83.9206349206349245 80.4370886566008494
-307.7471439451637707 -364.3511043412033246 -400.1439451637471620 -413.7052551408987142 -242.2650418888042623 220.4836252856054841 1200.0327494287889749 1858.3709063214014350 1362.4866717440975208 -52.3998476770753996 1218.6869763899467216 238.8621477532368544 -693.9238385376999076 -203.2132520944402074 26.3610053313023620 49.9040365575019038 80.5681645087585707 114.9710586443259643 161.7143945163747105 202.1926884996191802 223.4226961157654330 197.2353389185072388 195.3777608530083683 251.1020563594821056
240.6241694872759069 234.8441770089006013 228.8663658016798195 227.3856086247962764 205.5723956374577028 176.4427729722953586 147.6971292465839269 122.4416447285947100 101.3520120345994684 84.1005390497680878 70.5812962266516166 58.0673185408048127 45.7606869750532752 35.2885796665413096 26.4843926288078215 17.2101040491412824 5.2221386486147674 -6.8875517111696123 -16.7084116835903238 -23.9694120596715550 -28.6859721699887160 -29.0436254230913882 -22.7730976557603100 -10.0674439012159969
-48.1564396493594060 -24.4993256911665540 15.2006068779501007 33.1520566419420106 36.3772757923128793 41.9059339177343233 45.2498314227916367 52.0778826702629800 58.6217127444369552 51.1881321645313534 31.1139581928523263 36.2103843560350640 73.8728927848954839 130.8995279838165970 204.3010788941335250 342.5451786918408743 601.8931220498988068 767.1267700606878179 270.0252865812541927 -110.9824679703304042 -141.6557653405259600 -166.5664194200944053 -163.4015509103169279 -146.8907619689817921
197.3608081308874489 195.5438770451165169 198.0681292348372153 200.0287555775904877 202.3715088415137870 204.3334985952735110 206.4821517104610678 208.2927615270203319 209.5704429019996553 209.9457527681375097 210.8802264088580500 210.5892414476946044 210.2428937365724551 209.3803503553131691 209.3058998512642574 208.6465460254503341 207.0984134853743228 206.4376136175838781 206.6030821351842803 206.8939431498925785 206.1286977359114303 205.8444058833250665 206.1295653610973488 206.5611469178648179
139.0289175459163857 133.4576006252442255 154.0226651035560792 200.3696756545525659 282.1141070730754450 410.8175068386088356 603.0359515435717412 875.5189527159046747 958.6271981242672382 333.7917155138725889 -88.6311059007424831 -148.7479484173505284 -157.9202813599062267 -109.7061352090660478 -68.6694021101993002 -43.6158655724892554 -11.1813208284486123 34.3223915592028135 94.1481047284095354 164.4517389605314577 211.7370066432200133 237.5767878077373894 296.1629542790152527 374.5939820242282394
511.9121621621621898 678.9243243243242887 1006.7486486486486683 1308.4500000000000455 1030.0513513513512862 369.4851351351351241 -17.8189189189189179 -175.1567567567567494 -249.5256756756756715 -294.7702702702702595 -312.9432432432432165 -325.4378378378378329 -331.1972972972973253 -335.4675675675675848 -330.7797297297297519 -315.5662162162162190 -299.0337837837838038 -289.4608108108108127 -296.5351351351351354 -281.5256756756756999 -296.3864864864864899 -293.7067567567567608 -293.0175675675675393 -285.5729729729729911
584.3295329165134717 695.7914674512688862 662.5958072820890266 251.3475542478852560 50.6715704303052590 5.7708716439867596 20.1522618609782995 51.8094887826406776 91.1169547627804377 117.1827877896285344 141.4891504229496206 150.9602795145274001 152.3916881206325797 142.5788892975358522 134.9301213681500542 118.5329165134240554 107.6105185730047822 100.1463773446119916 90.8892975358587734 85.6800294225818249 93.3479220301581449 105.5671202648032363 120.4038249356380987 140.9554983449797589
443.7344632768361521 611.8038007190549479 744.2347200821776596 542.3692860811504488 142.2352336928608167 -111.1720595788392387 -198.2265023112480833 -247.1813045711350867 -260.2393425783256475 -250.2152028762198199 -227.8721109399075431 -181.7087827426810520 -94.4571135079609689 47.2824858757062145 227.3174114021571768 389.0405752439650655 448.4386235233693014 423.8977914740626716 428.5069337442218966 385.8828967642526777 325.1335387776065886 314.2306111967129141 301.2116076014381179 268.8875192604006088
321.9051413006469033 321.3611508341845138 325.1344909771876246 326.5998297582567034 327.2096016343207339 327.2419475655430574 327.7502553626148938 327.9451140619680132 328.0663602315287903 328.2934967654068714 328.6173987061627599 329.8342866870956982 331.1318692543411544 331.9712972420837787 332.0733060946544128 333.4516853932584013 334.7223016683690844 336.6574055158324654 338.9357507660878355 340.6158665304732835 342.2089206673476269 342.7538304392236910 342.6004766768811578 343.3443990466462310
639.1350048216007735 1655.4946962391513807 1748.3616200578592270 619.1080038572806643 115.3201542912246822 1632.0318225650917157 -445.8611378977820436 -490.4609450337512158 -116.6962391513982595 85.6624879459980662 30.1967213114754109 110.0202507232401103 134.8216007714561329 194.2902603664416574 234.1793635486981771 240.2642237222758013 215.1108968177434804 227.5255544840887296 302.0318225650916020 390.0405014464802207 512.3548698167791144 593.4783027965283964 614.7434908389585644 516.2198649951784546
959.9350785340313905 960.4570315353707883 960.5089979301108087 960.2722026056252389 960.2176062340192857 960.4671374649944937 960.6821867770607923 960.8309265798125125 960.8789967125288740 960.9007670765859075 960.8139778400097839 960.7837331060513861 960.9817362717642482 961.0920735419457515 961.1935955192986967 961.0483380007304959 960.8665043224157216 960.7286009984171642 960.4666747838791707 960.4588335565566695 960.2861073907220089 959.8560087665895253 959.6769998782417588 959.2939242664068615
333.4015804597701162 16.7162356321839063 -69.6063218390804650 -104.3915229885057414 -123.0545977011494188 -137.7866379310344769 -157.3742816091954069 -168.8074712643678197 -169.4619252873563084 -145.4705459770114828 -71.9727011494252906 145.0308908045977034 531.6314655172413950 1094.4331896551723275 1395.6048850574711651 976.4712643678160475 297.5316091954023250 774.8125000000000000 617.6264367816091863 -181.3239942528735753 -97.9051724137931103 114.7823275862068897 166.9022988505747094 168.7500000000000000
1274.1499068901302962 730.4860335195530752 -244.3426443202979499 -203.5442271880819476 -167.6582867783985193 -63.7099627560521427 -12.7416201117318444 21.9506517690875249 43.1387337057728146 71.2686219739292426 104.6876163873370587 159.8179702048417141 213.0051210428305524 223.3822160148975797 215.4334264432029897 236.6461824953445046 259.4967411545623577 256.8142458100558656 258.9301675977653758 279.1885474860335421 275.0619180633146925 238.8710428305400342 178.9078212290502847 151.6871508379888382
-843.3177083333333712 -979.5572916666666288 -928.0260416666666288 -786.1510416666666288 -575.8385416666666288 -308.7552083333333144 -65.5937500000000000 -62.7187500000000000 -169.4322916666666572 -386.1406250000000000 -699.2031250000000000 -1074.2500000000000000 -1505.2552083333332575 -1838.9270833333332575 -1916.7552083333332575 -1790.6666666666667425 -1666.2812500000000000 -1259.7968750000000000 -860.9062500000000000 -812.9895833333333712 -794.4062500000000000 -547.5989583333333712 -582.4687500000000000 -606.8437500000000000
1429.4417670682730659 1800.4126506024097125 1079.8594377510039521 -217.3785140562249012 1613.4457831325300958 172.3273092369477979 -659.7771084337349521 -170.9799196787148503 43.1636546184738989 40.3975903614457863 88.8584337349397657 123.0803212851405561 182.4307228915662620 226.4026104417670808 248.7961847389558159 223.4216867469879446 224.8925702811245060 283.1857429718875778 370.9116465863453982 476.3644578313252964 586.0612449799197066 623.1666666666666288 549.5783132530120838 394.3423694779116317
301.6982203710715567 313.7622112836046995 333.2003029155623040 371.6262779250283756 431.4305187429004036 527.0598258235517051 627.8731541082922831 724.7201817493373710 777.5342673229837374 1039.2510412722454021 964.4343051874290040 258.5781900795153092 41.4804998106777703 74.6713366149185873 134.5569859901552547 169.9602423324498375 211.8837561529723530 236.8504354411207942 270.4929950776221403 302.0003786444528373 330.3669064748201549 356.0283983339643896 372.9435819765240581 398.2120408936008857
8.0379870925577972 6.0613511967976477 5.7567464531764836 4.7916836859733678 4.4920894262451325 4.3102959997821531 4.1522751409198593 3.7072406938430955 3.3292486997249680 2.9182256351605260 2.5754704136372299 2.6053699316504644 2.5106881246085559 2.6553658470168560 3.1219126977643437 3.0267679655801540 2.4511613974893121 1.4248563570514392 1.2528932821392589 1.2953734716662582 1.1864499087765161 1.3194455790648911 2.1649375051057920 5.0044658660784798
-83.4314999999999998 -32.9654999999999987 8.7524999999999995 47.1244999999999976 87.3854999999999933 93.2930000000000064 75.9120000000000061 82.6410000000000053 139.1069999999999993 205.9310000000000116 301.5584999999999809 454.1170000000000186 932.1340000000000146 1075.5174999999999272 127.5074999999999932 -238.9060000000000059 -195.2359999999999900 -263.4895000000000209 -316.1279999999999859 -355.4279999999999973 -405.9619999999999891 -443.2869999999999777 -481.5790000000000077 -447.9110000000000014
-440.6299902629016287 -442.1689386562804316 -445.3653034728984039 -444.3412852969814821 -445.7551119766309853 -446.6395650762739251 -446.4125283998701548 -447.0946121389159202 -447.1387536514118892 -447.3883479389808713 -447.5980201233365960 -447.8904576436221987 -449.6520610191496417 -448.6580655631288437 -447.0038948393378746 -445.4018175916909854 -444.7478091528724349 -444.2776695877961970 -444.7072379097695602 -446.2943849399545684 -445.0894190197987541 -442.7768581629341043 -440.0806556312885505 -436.7369360597208470
