-152.1070840197693599 -129.8709500274574395 -101.2207578253706686 -66.6743547501372831 -26.7276221856123009 17.0576606260296550 62.9093904448105405 109.3069741900054908 153.7144426139483926 193.9439868204283357 229.4750137287204836 259.1636463481603414 282.4179022515101565 299.4426139483800284 310.3102690829214794 315.4343767160900711 315.4563426688632717 311.3574958813838407 304.8066996155958464 297.0076880834706117 288.6727073036793172 280.2926963207029303 271.7276221856122902 262.9604612850082503
164.3305592543275679 177.9067909454061294 193.1101864181091798 209.8415446071904000 228.2057256990678979 247.9677097203728238 268.9031291611184997 290.9477363515313186 313.7812916111851109 336.9417443408788131 360.2360186418109151 383.4294274300931988 406.2663115845539323 428.6960719041278480 450.4227696404793733 471.1185086551265044 490.4117842876165128 507.8075898801598100 522.9087882822902884 535.3112516644473544 544.8651797603196201 551.2912782956058209 554.6824234354194232 555.4464047936085080
721.3805970149253426 739.8980099502487064 760.6567164179105021 783.9129353233830670 809.9527363184079150 838.6368159203980213 869.1890547263681128 900.5721393034825724 932.5348258706467277 964.2114427860695969 994.1467661691542617 1020.8134328358208904 1043.1940298507463467 1060.6243781094526639 1073.2860696517413999 1082.1716417910447490 1087.7164179104477171 1089.5945273631841701 1087.2860696517413999 1080.4378109452736680 1069.0124378109453573 1053.9179104477611872 1036.2810945273631660 1017.2960199004975266
537.9003993422597887 534.2262156448202859 527.7030772844726698 518.2842377260982403 506.0234907211651603 491.2861169837914304 474.7932816537467602 457.0162085976039634 438.5722339675828039 420.2276250880901785 402.4949494949494806 385.5933756166314197 370.1066478740897310 356.0396993187690668 343.4500822175240842 332.3500117453605753 322.4608879492600408 313.6187455954897700 305.8870096311956672 299.0448672774253964 293.0000000000000000 287.8078459008691539 283.0979563072586416 278.7369039229504324
536.9791593076650997 536.8966796185093244 535.6628399858707326 533.0787707523843437 529.0540445072412012 523.6178028965030080 517.0764747439067150 509.5277287177675589 501.0897209466619415 492.0332038149064147 482.6022606852702097 473.0385022960084598 463.5434475450371110 454.2310137760508724 445.3055457435535232 437.0088308018367798 429.3753090780642765 422.4088661250441419 415.9908159660897127 410.1374072765806886 404.8258565877781621 400.1375838926174424 396.0487460261391561 392.5065347933592648
401.5143245770636895 401.8223242370143566 401.7532092153361987 401.3413244920513421 400.6070730255887042 399.6154042336139014 398.4601717249001354 397.1535322621780324 395.6835841196973433 394.1433307829635169 392.6006120887528823 391.0769361557426009 389.6321516619909744 388.2375244410439450 386.8729065714528588 385.5887953753294255 384.3709087817733803 383.1757204794695326 382.0466717674062807 380.9192382895519700 379.7770126668366970 378.6321516619909744 377.4526056278160127 376.2307234549009536
325.9895620139172934 306.7288170282439523 293.0742939009414840 306.3350388866148251 281.4660253786328212 263.7621776504298055 273.1856324191567751 243.7936962750716248 222.7050757265656955 229.2738436348751634 197.1307818256242399 175.1770364306181023 181.3092509209987782 149.6019238641015079 129.2744576340564890 137.7255423659435110 108.8272615636512484 92.5491199345067486 104.3984854686860473 79.7558329922226790 68.1848137535816647 83.0589439214081011 62.2277936962750715 54.0519852640196490
-472.2559109874825936 -459.7705146036161068 -441.6237830319888644 -417.2065368567454584 -386.3484005563282153 -349.2468706536856757 -306.6668984700973510 -260.1495132127955685 -211.9986091794158654 -164.7802503477051346 -120.9193324061196080 -82.4200278164116895 -50.3817802503477026 -25.2308762169680101 -7.0959666203059806 4.1050069541029206 7.8212795549374130 5.1321279554937416 -2.8546592489568847 -14.4242002781641165 -28.8414464534075101 -45.5465924895688445 -63.5445062586926284 -81.4193324061196080
-340.5874897792314187 -335.3103025347506332 -328.3757154538021155 -320.2365085854456197 -310.4366312346688233 -299.5343417825020538 -288.2502044153720249 -276.1056827473425983 -263.5883074407195181 -251.2072771872444719 -238.5351594439901817 -226.0580539656582175 -214.4264104660670398 -203.1731398201144714 -192.7616516762060428 -183.6661896974652564 -175.2054374488961628 -167.6641455437448940 -161.2851594439901817 -155.5488552739165868 -150.5310711365494569 -146.3105069501226581 -142.5864677023712090 -139.3988143908422046
313.5535128036769379 317.8437294812869141 322.5387393302692089 327.6533158240314947 333.2680564674983543 339.3880499015101577 345.8716349310571445 352.8195994747209738 360.1710439921208149 367.8002298095863694 375.7197964543663602 383.8539067629678243 392.0663164806303485 400.5123112278398025 409.0569599474720803 417.4190741956664397 425.5546618516086710 433.3535784635587902 440.5989822718319147 447.0807616546290433 452.5139527248850868 456.7660866710439791 459.7339133289560209 461.4095535128036545
216.9383096853794086 238.7057371992597155 264.3843306600863912 293.4595928439235308 325.5681677976557467 360.4083898827884127 397.0357803824799703 434.2307217766810368 470.6859962985811308 505.4861196792103897 537.6347933374460126 566.5015422578654807 592.1332510795805320 614.3713756940160238 633.2658852560148262 648.7390499691548484 660.7334978408389361 669.2387415175817296 674.5774213448488581 676.8920419494139651 676.3411474398519658 673.3874151758174094 668.3497840838988395 661.5718692165330594
-195.9616252821670344 -231.7533860045146810 -272.5993227990970809 -316.8397291196388323 -362.1709932279909481 -405.7251693002257298 -445.5925507900677189 -480.3797968397291243 -509.3002257336343064 -532.4097065462754017 -549.7251693002257298 -561.2268623024830276 -567.1687358916478843 -568.0998871331828468 -564.5620767494356187 -557.1986455981941617 -546.8583521444695634 -533.9627539503386515 -519.0451467268622991 -502.7234762979683751 -485.5045146726862413 -467.9125282167042883 -450.6946952595936864 -434.5000000000000000
-61.8496555855046424 -57.6900269541778954 -53.5091344713986246 -50.0479185384845735 -46.9583707696915269 -45.1787960467205778 -44.5648397723869394 -45.6016771488469601 -48.8487571129080536 -54.2371967654986520 -63.0539083557951514 -75.1443545971847868 -89.3060796645702339 -106.6355196166516919 -126.6313267445342916 -147.8667265648397802 -170.8978736148547455 -194.3770589997005231 -217.6373165618448695 -241.7496256364181022 -263.7253668763102610 -283.3962264150943611 -301.6672656483977448 -316.0482180293500960
24.3666038920276193 50.6986817325800345 84.4808537350910171 124.6974262397991282 170.5994978028876403 220.2586315128687886 270.4551161330822424 318.8769617074701728 363.4180790960451759 401.6170747018204565 431.7049591964845945 452.1456371625862971 462.4199623352165531 463.2755806654111552 456.1406151914626435 443.3961079723791840 426.9139987445072393 408.3377275580665469 388.8782172002510720 369.6202134337727330 351.4456999372253563 334.7225360954174675 319.6497175141242906 306.4243565599497856
-183.2249999999999943 -211.6250000000000000 -246.2032258064516270 -286.9806451612903402 -332.9887096774193651 -382.4088709677419615 -433.5653225806451587 -484.3290322580645011 -531.9588709677419729 -575.2806451612902947 -614.1919354838710206 -648.1475806451612698 -676.9048387096773922 -700.9129032258064171 -720.5532258064515645 -735.9508064516129480 -747.4475806451613380 -754.9274193548386620 -758.6306451612903174 -758.5653225806452156 -755.2483870967741950 -748.8580645161290477 -739.7419354838709751 -728.0056451612903174
-410.9034627492130198 -408.1720881427072527 -401.1175236096537446 -389.1794333683105833 -371.5120671563483938 -346.8761804826862658 -314.3105981112277050 -273.7502623294858495 -225.0125918153200359 -168.9055613850996735 -107.0398740818468042 -41.2507869884575058 25.9454354669464848 92.7450157397691441 156.7660020986358802 216.6684155299055590 270.5341028331584425 316.9569779643231868 354.9475341028331741 384.4910807974816294 405.7911857292759805 419.7471143756558263 427.4323189926547570 429.8761804826862658
-103.2525363039586210 -102.2631788342948056 -100.9656852993833240 -100.0239705589815031 -98.8422518400636534 -97.5699224189377361 -96.4220210861348761 -95.3680127312512411 -94.5543067435846467 -93.8438432464690635 -93.5149194350507287 -93.3832305550029815 -93.2287646707778066 -93.3770638551820156 -93.6358663218619398 -93.9161527750149219 -94.4144619057091745 -95.0953849214243121 -95.7948080366023476 -96.7487567137457773 -97.9209269942311522 -98.9045156156753507 -99.9289834891585400 -100.9687686492938070
-61.7115130127922384 -77.1552712836347609 -94.6850463167181289 -112.8478164975738878 -130.6629907366563828 -148.0207322452580456 -163.3745037494486212 -175.9175121305690368 -185.1874724305249345 -190.3030436700485097 -190.8892809880899790 -186.9686810763122935 -177.9682399647110742 -163.8469342743714208 -145.0877812086457936 -121.2315835906484409 -92.9188354653727373 -61.7626819585355094 -28.9038376709307450 4.1601235112483455 36.1054256726951905 64.1711513012792238 88.6065284516982814 108.7106307895897714
364.4129966725386680 358.4073204149540288 349.8481111763554736 338.8308866705813216 326.2957525934625096 313.0023487962419040 299.2352710902329136 285.3317674691720640 271.6472890976707504 258.4865922881190272 246.2018007437854692 235.1080446271286064 225.3495791740066636 217.1601096104913040 210.6809551771383724 205.8463495791740172 202.7796046192992776 201.3305930710510836 201.1511058915639012 201.8849089841456248 203.1898610295556864 204.7621843805050048 206.4820904286553116 208.1689175963985008
577.1853932584269842 578.4073033707865079 579.5253349178910867 580.5054019014693267 581.3405898876404763 582.0515341400173384 582.6288353500432322 583.0918863439931101 583.4702355229040904 583.7981309420915750 584.0792999135695709 584.3127160760587913 584.4862251512532794 584.6160868625755711 584.6822601555747951 584.6734550561798187 584.5865924805531222 584.4007670700086692 584.0862143474503227 583.6191119273984214 582.9905466724286498 582.1663785652549450 581.1359658599826616 579.9210782195332285
-90.1671278361925914 -100.7493082457111200 -111.2623132263420018 -120.3148865522966275 -127.9629219701162128 -133.7786386275595021 -136.3121195351411075 -135.6009961261759713 -131.0409518539015039 -121.3364692861095762 -106.9977863862755925 -87.6192584394023299 -62.2125069175428891 -31.4305478693967899 4.1693414499169892 44.2861095738793580 87.4576646375207503 132.2042058660763644 177.0896513558384129 220.0592141671278341 260.0226895406751737 292.5711123408964909 320.1527393469839353 341.4892086330935399
220.1797183098591688 223.2751173708920192 226.7981220657277106 230.8011267605633918 235.3307042253521217 240.5374647887323931 246.5802816901408505 253.6625352112675955 261.7815962441314355 270.9776525821596351 281.1695774647887447 292.2606572769952891 304.2783098591549447 316.9877934272300308 330.1276995305164519 343.4944600938966914 356.7530516431924639 369.5038497652582237 381.3855399061033040 391.9483568075117432 400.8467605633802577 407.8837558685445970 412.9053521126760415 416.0604694835680561
-723.8874643874644335 -744.1566951566951502 -762.1538461538461888 -777.3404558404558884 -788.8219373219372983 -796.6011396011396073 -799.9102564102564656 -798.6894586894586610 -792.0313390313390300 -779.2877492877493069 -760.0555555555555429 -733.8646723646724013 -700.4515669515669742 -659.2649572649572747 -611.1396011396011545 -557.0527065527065815 -498.2849002849002886 -436.6666666666666856 -374.3076923076923208 -314.1381766381766170 -259.0683760683760966 -211.6837606837606813 -173.3034188034187935 -144.4316239316239319
-735.6540291192158065 -739.2330978809283124 -742.2947960213348324 -744.8738647830474520 -746.9978376819950654 -748.6557589736197542 -749.8888568545480666 -750.7599827014560105 -751.3700446879054198 -751.8300418048147549 -752.1591466051606858 -752.3624044976214691 -752.4483205996829156 -752.4318869828456400 -752.3152659651145768 -752.0431022055643098 -751.6289462303589062 -751.0015856998702475 -750.0583825861323248 -748.7579645379847761 -747.0798616116476296 -745.0761135937725612 -742.6691653452501214 -739.8238431598673515
-557.7883553122667308 -558.5167952226921670 -559.0573276934560454 -559.4486688230903155 -559.7131127146055860 -559.8943518288131145 -560.0425478974868838 -560.1440656879821063 -560.1955212739487706 -560.2344861905946800 -560.2710126897237615 -560.2781288877830548 -560.2438417516794971 -560.1852202040308839 -560.0996267728290832 -559.9780542423488896 -559.8266733018164132 -559.6337894998755473 -559.3735755162975920 -558.9990047275441611 -558.4729037073899462 -557.7627270465289939 -556.8581239114207619 -555.7508833043045797
35.6339404709018197 11.3927143491781422 -19.0879609062638842 -55.1701466015104387 -95.2554420257663281 -138.0750777432252221 -182.0768547312305543 -225.2963127498889264 -266.0875166592625760 -303.0390937361173087 -335.3287427809862038 -362.5339848956019750 -384.7001332741003807 -402.1012883163038509 -415.3256330519769222 -424.7183474011550288 -430.2190137716570462 -432.0844069302532375 -430.4260328742781212 -425.6108396268325009 -418.3416259440248837 -409.4371390493114404 -399.9529098178587105 -390.6557085739671038
-72.8917378917378898 -69.9894943019942986 -66.1967592592592524 -61.6825142450142465 -55.8384971509971493 -49.1901709401709368 -42.0441595441595410 -34.0902777777777786 -25.6171652421652425 -16.8888888888888893 -7.4296652421652425 2.1278490028490027 11.8139245014245020 21.9533475783475787 31.8723290598290596 41.4850427350427324 50.8233618233618216 59.7099358974358978 67.1493945868945872 74.5213675213675231 80.2768874643874710 84.7850783475783487 88.8506054131054128 91.2945156695156754
-19.5296045892235206 -16.3204261421839796 -11.7633681622618322 -6.4540053267772999 0.7258758451137062 8.8584306494570786 17.9725466093013715 28.4593321040770348 39.9891415693505436 51.9872976849006321 65.1411595984429397 79.0411800860479445 92.9053472649047336 107.2034419176398217 121.2667486170866624 134.2995287850850161 146.8543331284572844 158.2866215939356778 167.9905757017004646 176.9739807416513031 184.5963941815201679 190.1821348084409067 194.8727719729563717 198.0526531448473690
-501.5361813426329718 -503.2594594594594355 -504.7586748038360724 -506.0568439407148844 -507.1989537925021523 -508.2419354838709751 -509.2085440278988813 -510.1217088055797717 -511.0312990409764780 -511.9355710549259015 -512.8458587619877562 -513.8006974716652167 -514.8184829991281504 -515.8385353095030723 -516.8398430688753251 -517.7830863121185985 -518.6196163905841559 -519.3530078465562383 -519.9352223190933273 -520.3157802964254870 -520.4458587619877790 -520.2793374019180419 -519.7465562336529956 -518.8172624237140553
-583.5784543325527238 -582.4964871194379157 -577.7306791569086499 -569.0585480093676551 -555.8981264637002369 -537.0936768149882710 -511.4461358313817527 -477.9660421545667646 -436.4508196721311606 -387.0023419203747039 -329.7119437939110185 -265.3313817330210895 -195.8009367681498816 -124.1018735362997631 -53.5702576112412174 12.0140515222482431 70.1651053864168688 119.2271662763466082 159.0175644028103079 189.0409836065573757 210.3875878220140407 224.7669789227166177 232.9320843091335007 235.7646370023419138
356.4703968770331812 374.5120364346128667 395.1925829538060952 418.0000000000000000 441.6987638256343303 464.9199739752764913 486.6330513988289113 505.9375406636304433 522.0878334417697033 534.3363695510735170 541.7319453480806715 543.5946649316850880 539.3897202342225228 528.6746909564085399 510.8145738451528928 485.4703968770331812 453.2856213402732806 415.5302537410540253 373.6428106701366119 330.7358490566037972 289.3806115810019719 251.7508132726089798 219.1854261548471072 192.0227716330514056
552.1306680291224893 552.7776216630476256 553.1714778388044351 553.3426363520245559 553.3059777749393788 553.1205134755396102 552.8566866777366613 552.5832801124025764 552.3134499936135171 552.0516030144335673 551.8363137054541312 551.6687955038958080 551.5567122237833928 551.5124536977903063 551.5628432750031607 551.6970877506705619 551.8861923617320144 552.0845574147400612 552.2688082769191169 552.4132711712862829 552.4376676459318105 552.2824754119300223 551.9361987482436689 551.4071401200664013
-660.7719742291762941 -663.3999079613437289 -664.2142199723883778 -663.0950299125632910 -660.1083755177174908 -655.3324896456512079 -648.9392544868844652 -641.0687988955361334 -631.9309710078232456 -621.7227335480902184 -610.6548550391164554 -599.0082834790612196 -587.0041417395306098 -574.7793373216751434 -562.4705476300046030 -550.2303267372296887 -538.0878969167050627 -526.0149562816383195 -514.1619880349746836 -502.7229636447307826 -491.8136217211228995 -481.4878048780487916 -471.6774045098941315 -462.2314772204325664
177.5726027397260225 167.2767123287671325 149.1470319634703117 121.4575342465753494 83.5424657534246506 35.3716894977168934 -21.7552511415525132 -85.4876712328767070 -153.7415525114155344 -224.2575342465753465 -293.8703196347032076 -359.2821917808219041 -418.1552511415525260 -469.5369863013698364 -512.7123287671232674 -547.5753424657534651 -575.1251141552511399 -595.6529680365297281 -610.1589041095890025 -619.0986301369863440 -623.2273972602739605 -622.6584474885844429 -618.0621004566210104 -609.9114155251141938
119.2242063492063551 125.3011463844797220 132.5846560846560749 141.2839506172839492 151.0570987654321016 161.9144620811287609 173.6100088183421519 185.7261904761904816 198.2555114638447833 211.2497795414462018 224.1320546737213419 236.8873456790123555 249.3456790123456699 261.2916666666666856 272.6362433862433932 282.9938271604938222 292.2894620811287609 300.4894179894179729 307.4087301587301795 313.0383597883597986 317.3518518518518476 320.3730158730158450 322.1891534391534151 322.7444885361551883
-682.3788130408181587 -684.1491128397867669 -685.6289659994755539 -686.8053491827637345 -687.7097281706144258 -688.3933222620399874 -688.8848876846429903 -689.2591556682108376 -689.5415610523555188 -689.7665413862424657 -689.9780613582728392 -690.1701774320426921 -690.3468228301721865 -690.5106197010750293 -690.6655886723189042 -690.8256271304956044 -690.9597063193776876 -691.0524429682719756 -691.0595227689886997 -690.9361943886024164 -690.5872738396993782 -689.9524517087667164 -688.9824316056289035 -687.6668997465257007
-350.5268615357110775 -351.8734245105926561 -352.9991061053007684 -353.8955037096629894 -354.5489407347814677 -355.0232412621793401 -355.4224546348440299 -355.8293555019218957 -356.2877447036739227 -356.8064717976222369 -357.3534459640654291 -357.9055153302940653 -358.4707249486010596 -359.0846518280146711 -359.7350496111558300 -360.4300527397872429 -361.1500849199964023 -361.8545633324394544 -362.5155090730311827 -363.0586394922677869 -363.3994815410744650 -363.4820774112809545 -363.2739787253061650 -362.7729507464020458
-639.7666292555181826 -641.1830153385708400 -642.2350916573138875 -642.9808454919566429 -643.4567901234568126 -643.7303404414515171 -643.8668163112607772 -643.9189674523007625 -643.9267489711934331 -643.9188178077066596 -643.9110362888141026 -643.9181444070333100 -643.9356528245417621 -643.9684998129442874 -644.0312008978676204 -644.1205387205387751 -644.2091283202394152 -644.2546950991395533 -644.2243172465394991 -644.0407033295922474 -643.6360643471754202 -642.9326599326599307 -641.9144781144781291 -640.6187055742611847
-675.5542046605876294 -677.7456940222897401 -677.2862208713272594 -673.7507598784194442 -667.0273556231003340 -656.9047619047619264 -643.2862208713272594 -626.0050658561297041 -605.1048632218844432 -580.7178318135764812 -553.4321175278622604 -524.0471124620061119 -493.2482269503545922 -461.7781155015197783 -430.4072948328267216 -399.9944275582573709 -371.4766970618034634 -345.3297872340425556 -321.7548125633231848 -300.9463019250253524 -282.8434650455927226 -267.4240121580547225 -255.0000000000000000 -245.4184397163120650
96.7647169456460432 97.1846906150084635 97.8917622719578731 98.4435772051908913 99.4253338348692921 100.2114914425427941 101.0291517773180345 102.2400789919127391 103.2262554071844960 103.7754372766597726 105.1443483167199560 106.0695881135978880 106.7830543539590025 107.9528869663344040 108.7128079744216649 109.2946210268948590 110.3945834116983207 111.1910851984201685 111.8564039872108395 112.7192025578333698 113.1860071468873485 113.4559902200489034 114.2210833176603302 114.4179988715440999
13.8950151057401818 22.6876888217522641 33.9222054380664630 47.7239425981873140 64.5910120845921512 84.4342900302114856 107.0713746223565010 132.5441842900302163 160.6922205438066555 190.9784743202417019 223.1427492447130021 256.5207703927492275 290.3289274924471215 323.9006797583081720 356.2620845921450154 386.3530966767371524 413.1136706948640267 435.8606495468278013 454.3119335347432184 468.2273413897281102 478.0993202416918280 484.7031722054380793 488.5222809667673687 490.0562688821752317
-307.7581944597726533 -307.0279218629290199 -305.9948129345546590 -304.8696611852996625 -303.4641871758084335 -301.8730824412316451 -300.2900342125593056 -298.8318066438582719 -297.3978589559651482 -296.0482286723319589 -294.8574108818011155 -293.7162564838317849 -292.6991502041717013 -291.9104955302946678 -291.2568149210903812 -290.7280653349519639 -290.4218077474892539 -290.1850789096126277 -289.9663392561527644 -289.8270610307912989 -289.6326012581392888 -289.3664054740094684 -289.0913806423131973 -288.6606334841628723
-491.2771084337349521 -496.0461154964686443 -499.9605317823016435 -503.0656418778562511 -505.1882010801828073 -505.9717490652264473 -505.1109264644786094 -502.2779393435812381 -497.0024927295388579 -488.8994599085999084 -477.8437889488990322 -463.5459077690070444 -445.7274615704196208 -424.1877856252596644 -398.9331117573743200 -370.1279601163273583 -337.9102617366015693 -302.7253842958039058 -265.2787702534275240 -226.9979227253842851 -189.8358953053593723 -155.5774823431657694 -125.1591192355629403 -99.4225176568342306
174.5991142604074469 173.2357838795394116 172.4008857395925531 170.9466784765278931 165.9266607617360592 162.0490699734278053 157.7031000885739616 149.8104517271922020 142.8301151461470226 136.1805137289636889 126.0501328609388878 117.2471213463241781 108.6772364924712093 97.0735163861824617 86.9116031886625393 77.2035429583702353 65.5275465013286151 55.3989371124889303 46.2549158547387051 37.5992914083259535 30.0364924712134638 24.0233835252435775 18.1865367581930926 14.1505757307351647
-85.0814814814814753 -62.4876543209876516 -33.1592592592592581 3.1234567901234569 45.5382716049382736 93.3975308641975346 145.6827160493827193 201.7592592592592666 260.7641975308641804 321.5666666666666629 382.0098765432098844 440.2271604938271707 493.6111111111110858 539.9827160493827023 578.9246913580246883 610.4654320987654046 635.4185185185185674 654.0543209876543642 666.7148148148147584 673.9629629629629335 675.9604938271604624 672.9135802469136252 665.7716049382715937 655.0925925925926094
-239.1812279463655670 -239.2918842625264517 -239.4828510938602619 -239.5729004940014022 -239.5758645024700115 -239.6183486238532225 -239.6069160197600638 -239.5339449541284296 -239.5288637967537113 -239.6714184897671203 -239.9740296400846944 -240.5613267466478362 -241.3407198306280748 -242.2220183486238625 -243.2793225123500349 -244.4800282286520883 -245.7620324629498896 -247.2348623853210938 -248.7458009880028271 -250.1695130557515938 -251.6450247000705644 -253.0883556810162247 -254.3829216654904712 -255.6118560338743748
-172.9986187845303789 -146.1001381215469621 -114.2465469613259614 -84.4530386740331522 -44.1125690607734811 -1.6153314917127073 33.3335635359116012 67.7907458563535954 98.2361878453038742 120.1657458563535954 135.3245856353591137 143.0041436464088349 141.8245856353591137 134.6422651933701786 120.3059392265193424 97.5600828729281773 68.4185082872928234 34.4564917127071837 -1.6167127071823204 -41.5455801104972409 -80.3225138121546962 -114.5158839779005575 -146.0932320441988850 -173.3197513812154682
207.8667512690355466 207.6840894670050659 207.3113102791878077 207.3436706852791929 206.9746986040609045 206.5000793147208071 206.1556154822335145 205.6655298223350314 205.1771097715736119 204.7874365482233543 204.4635945431471953 204.2177982233502576 203.9837404822335145 203.8902284263959359 203.8945114213198053 203.9566941624365484 204.2983026649746137 204.7331852791878077 205.1552189086294504 206.0065831218274184 206.5906567258883229 206.8844384517766457 207.4628013959390955 207.8120241116751288
53.3345724907063214 47.1356877323420065 40.0101197852127228 33.1499380421313532 24.0146633622470063 14.5600991325898388 4.8680297397769516 -6.1038826931020242 -17.2255266418835191 -29.0121850475010312 -41.2719950433705094 -53.6753407682775716 -65.9832713754646818 -77.7769516728624524 -88.8548120611317671 -99.2521685254027233 -108.7100371747211938 -117.8333333333333286 -125.2013630731102865 -131.8707145807517520 -138.4966955803386952 -142.0782734407269743 -145.7819083023543953 -148.8647253201156673
264.0509554140127193 241.8077591198610321 212.4800231615518271 182.3844817602779358 144.6392588303416460 104.6711059640995956 68.1968731905037657 31.9901563404748117 -0.0324261725535611 -24.3508975101331799 -43.6126230457440656 -53.7984944991314435 -57.9889982628836123 -56.9785755645628242 -45.2565141864504952 -31.4684423856398396 -11.2634626519976830 16.0144759698899826 43.7278517660683264 73.9154603358424964 106.9756803705848256 135.4203821656051048 161.6676317313259972 186.0469021424435425
-452.5162062615101490 -449.6604051565377631 -445.5298342541436227 -440.1294659300183980 -433.5657458563536011 -426.0344383057090454 -417.7127071823204574 -408.8462246777164069 -399.6488029465929799 -390.2799263351749346 -380.8802946593002048 -371.6475138121546706 -362.6139963167587439 -353.7740331491712595 -345.1942909760589373 -336.9427255985266925 -329.0305709023941176 -321.5073664825046080 -314.3451197053407213 -307.4453038674033110 -300.6904235727440096 -294.0300184162062465 -287.4338858195211515 -280.8255985267035157
-454.8487223168654054 -477.5287904599659328 -502.0698466780238505 -527.3945485519591330 -552.5345826235093227 -576.7730834752981082 -599.7229982964224746 -620.9863713798978324 -640.3614991482112373 -657.7359454855195509 -672.9195911413969498 -685.9035775127767920 -696.7335604770016744 -705.2807495741055845 -711.5652470187393419 -715.6664395229983029 -717.6023850085178992 -717.5066439522997825 -715.6129471890970990 -712.1209540034071779 -707.2977853492334361 -701.4490630323679170 -694.7570698466780641 -687.4367972742759321
516.4846950881910743 517.7782962904374244 518.8377758443407402 519.6030214347860010 520.0631970260222943 520.2604603337815661 520.2247884204698494 520.0043502333306833 519.6281736929526005 519.1211737720477686 518.5458356402752997 517.9891639642489736 517.4587518785098155 516.9575259036621446 516.4913390809143721 516.0234912599858035 515.5266155184687022 515.0008700466661367 514.4184133512616199 513.7157320256268349 512.9069050067230364 511.9768251206201057 510.9445542988214584 509.8427588388831850
432.3278008298755140 450.6514522821576634 470.4094052558783119 491.8990318118948721 515.3471645919778439 540.9059474412171085 568.6528354080221561 598.6791147994467792 630.5228215767634765 663.8188105117566238 698.2171507607192780 733.3208852005532208 768.1687413554633395 801.9211618257261307 833.6542185338865920 862.1964038727523985 886.6777316735823433 906.6749654218533578 921.6721991701244860 931.4453665283540431 935.8423236514522614 934.6887966804979442 927.8630705394191409 915.3872752420470533
491.3434119278779235 502.5214979195561682 514.7908460471567196 527.9864077669902827 541.8932038834951754 556.1145631067961403 570.2940360610263042 584.2466019417475991 597.8657420249653569 611.1120665742024585 623.8385575589459222 635.9553398058252469 647.4305131761442453 658.0674063800277054 667.6776699029126121 676.2130374479888815 683.6002773925104066 689.7478502080443832 694.5705963938974037 697.9256588072122440 699.8216366158113715 700.0651872399445210 698.5628294036060879 695.3722607489597749
-334.6050420168067490 -329.8987595038015002 -322.9651860744297664 -313.7811124449779641 -301.9039615846338620 -287.3517406962785117 -270.3013205282113063 -250.2885154061624746 -227.4233693477390830 -201.9875950380152005 -173.9263705482192961 -143.5574229691876837 -111.4697879151660658 -77.9583833533413326 -43.7563025210084007 -9.6910764305722292 23.8591436574629867 56.4373749499799899 87.2913165266106432 115.6550620248099221 140.9635854341736660 162.8103241296518604 181.0284113645458319 195.7150860344137584
439.6473042897679875 446.7035553329994855 454.4929060257052242 463.0639292271740715 472.3039559339008520 482.0190285428142261 492.0449006843598454 502.2058087130695867 512.3812385244533516 522.3979302286763868 532.2196628275746662 541.8200634284760326 551.1383742280087290 560.1615756968786854 568.7731597396094685 576.8541145050909336 584.1786012351860791 590.5988983475212990 595.8681355366383059 599.9283925888832982 602.6978801535636876 604.2467033884159946 604.5635119345685098 603.6693373393422917
-363.8343964091660609 -365.8436097330498455 -367.9761398535317767 -370.5201984408221278 -373.8934561776517853 -378.3734939759036138 -384.2487597448617862 -391.7283250649657589 -400.9617292700212374 -411.9638554216867306 -424.6324120009449530 -438.7805339003070912 -454.0349633829435447 -470.0628395936687980 -486.5643751476494003 -503.1450507914008767 -519.3416017009213874 -534.6969052681313315 -548.6969052681313315 -560.9699976376092536 -571.1807228915662336 -579.1537916371368055 -584.9175525631939081 -588.4500354358610821
-397.1642089477630861 -409.0069982504373911 -421.8967758060484812 -435.8260434891276986 -450.5383654086478487 -465.7695576105973601 -481.3221694576355958 -497.2421894526368646 -513.4081479630092417 -529.5291177205698432 -545.3349162709322400 -560.6840789802549807 -575.3306673331667298 -589.0534866283429665 -601.5466133466633210 -612.5186203449137565 -621.7388152961759715 -629.0887278180455269 -634.5536115971007121 -638.1549612596850238 -639.8612846788303159 -639.6675831042239224 -637.6353411647088478 -634.0392401899524657
-718.3764980026630838 -723.4104527296937022 -726.9437416777630006 -729.0339547270306184 -729.7912782956058209 -729.2003994673768830 -727.1521304926764060 -723.4946737683088713 -718.2816245006657709 -711.5802263648469079 -703.4270972037284082 -693.8062583222369994 -682.9873501997336689 -671.0615845539281281 -657.9660452729693816 -643.7027296937417304 -628.5282956058588297 -612.8195739014647643 -596.7806258322236772 -580.7316910785618802 -564.8814913448735524 -549.5565912117176595 -535.1401464713715086 -521.8505326231691015
609.8213429256594509 616.1414868105515552 619.2242206235011963 618.2685851318944970 612.2194244604316964 600.7386091127098098 582.8968824940047853 557.3717026378897117 523.0443645083933006 478.9880095923261365 425.4172661870503589 362.8836930455635752 293.9760191846522730 221.9112709832134271 149.6582733812949755 80.2637889688249402 15.8525179856115113 -41.0611510791366925 -90.0095923261390851 -130.2374100719424348 -162.3669064748201549 -187.2314148681055030 -205.7973621103117523 -218.6474820143884870
-403.3052668052667968 -404.8312543312543426 -404.5128205128204968 -402.0869715869715719 -397.3801108801108626 -390.4459459459459367 -381.1178101178101087 -369.2595287595287346 -354.6604296604296565 -336.8922383922383688 -315.6146916146915942 -290.8586278586278695 -262.6167706167706228 -231.2910602910602904 -197.5935550935550964 -162.3846153846153868 -126.7120582120582100 -91.7363132363132365 -58.3388773388773387 -27.3579348579348576 0.5564795564795565 24.9785169785169785 45.5284130284130271 62.2539847539847528
584.9262435677529766 590.9599771297883990 594.5911949685535092 595.5746140651800715 593.8359062321326292 588.9062321326472329 580.2715837621498167 567.4642652944539805 550.3933676386506022 529.1743853630646299 503.4351057747284131 472.8599199542595670 437.3933676386506590 397.8153230417381110 354.8719268153230360 309.4579759862778587 262.8644939965694789 216.4579759862778872 172.0074328187535855 130.4248141795311540 92.8724985706117820 60.1926815323041708 33.1475128644939971 11.5723270440251564
299.7707509881423107 290.3417175709665798 277.9058569888609327 265.4193316564857810 250.0600071864894005 231.7085878548329276 213.2544017247574573 192.5824649658641761 169.9399928135105995 146.6237872799137563 121.7006827164929916 95.8476464247215176 70.1354653251886475 44.4387351778656097 19.3453108156665472 -4.2712899748472868 -26.7441609773625579 -48.0973769313690269 -67.6072583542939327 -85.2457779374775413 -100.7287100251527079 -113.2411067193675933 -123.1775062881782219 -130.6201940352137854
249.1249888002867010 249.0964071319774291 249.0920168443687714 249.1583191470298289 249.2385090941671990 249.3523877788728669 249.5888361257951829 249.9444494220948059 250.4354448526117665 251.0636143714720845 251.8742048203565957 252.9619209748230446 254.2266821969357693 255.5770988262700598 256.9974016665173622 258.3734432398530316 259.6451930830570518 260.8000179195412329 261.8380969447181883 262.7076426843472632 263.4519308305707455 264.1213152943284399 264.6628438311979039 265.1001702356419401
-104.7210418094585265 -133.9897189856065722 -167.0047978067169367 -202.1871144619602489 -238.6723783413296758 -274.3036326250856973 -306.9753255654558188 -335.7484578478409958 -359.6483893077450489 -378.1267991775188761 -391.0054832076764910 -397.8821110349554715 -398.3701165181631154 -392.1411925976696580 -378.8540095956134337 -358.4749828649760275 -331.5058259081562824 -298.8786840301576149 -262.5188485263879556 -224.5551747772447015 -186.9828649760109727 -152.2892392049348871 -122.3529814941740881 -98.2083618917066445
-252.6548327137546437 -248.6180297397769436 -243.0916356877323494 -236.0483271375464653 -227.6191449814126315 -217.9907063197026105 -207.5760223048327191 -196.8382899628252858 -185.7888475836431326 -174.5332713754646932 -163.1243494423791844 -151.5085501858736166 -139.9866171003717454 -128.8236059479554001 -118.0622676579925638 -107.9204460966542740 -98.6223048327137519 -90.0122676579925667 -82.2014869888475772 -75.5275092936802963 -69.6724907063197065 -64.5951672862453563 -60.4555762081784351 -56.6977695167286271
788.7923913043478024 797.3717391304347757 802.0858695652174220 802.4358695652174447 798.0554347826086996 788.7152173913043498 774.7586956521739694 756.8826086956521522 735.0282608695652016 709.5423913043478024 680.9108695652173537 649.1021739130434298 613.9989130434782965 575.2989130434782510 533.6423913043478251 490.4097826086956502 446.5347826086956502 402.8554347826087110 360.6021739130434867 321.5336956521738898 286.6271739130434639 256.1858695652173878 230.4673913043478137 209.3282608695652129
-617.7597471022128275 -627.6691253951528324 -634.8124341412012654 -638.4604847207587000 -638.0727081138039694 -633.2771338250789768 -623.9388830347734256 -609.8061116965226347 -590.6280295047417894 -565.6564805057955709 -534.0000000000000000 -494.9178082191780845 -447.5563751317175729 -392.4994731296101236 -330.6912539515279263 -263.9199157007375902 -194.9863013698630141 -127.0937829293993673 -63.4162276080084268 -6.8177028451001052 40.4278187565858786 77.2065331928345557 103.3140147523709231 119.7555321390937877
-78.8341995841995811 -71.7120582120582100 -65.1574844074844037 -59.6356548856548869 -56.2219334719334753 -55.8596673596673625 -59.4656964656964675 -68.2104989604989669 -82.3986486486486456 -101.9911642411642418 -126.5202702702702737 -156.2396049896049988 -190.6917879417879362 -229.1767151767151631 -270.4916839916839990 -313.1299376299376149 -355.8102910602910356 -397.0696465696465793 -435.3534303534303262 -469.7510395010394859 -499.2801455301455462 -523.1985446985446515 -541.1112266112265843 -553.2546777546778003
-106.0851940169087300 -109.6793843485801005 -114.5777151528289579 -120.5681768913938896 -127.5085627574246701 -135.7340125731628007 -144.7916756991112095 -154.8935616735313374 -166.0463906351614867 -177.8302623021894533 -190.3071753739432097 -203.1723390418382849 -215.9115543030565902 -228.7749837415998400 -241.4172989377845226 -253.3951875135486773 -264.8434858009972004 -275.5922393236505741 -285.4255365272057361 -294.5115976587903788 -302.6748319965315659 -309.4058096683286294 -315.1907652287014798 -319.9577281595491058
496.5548448992644808 492.9510713143587850 486.4198912695874810 476.4307643108410844 462.7284937639910254 445.2008314678605529 424.0450911416693316 400.1598976654940998 374.3610489286856478 347.3460185481292228 319.9437160217460701 292.9533098816757501 266.8125999360409537 241.6818036456667755 217.8602494403581602 195.5078349856092075 174.7723057243364337 155.7125039974416438 138.2350495682763096 122.5238247521586175 108.6395906619763281 96.5679565078349924 86.4912056283978217 78.4096578189958393
13.1780229288340909 12.7620592688730259 12.6011248107289635 12.2004109885355838 11.1675319056889464 10.1041531473069437 8.8003460956089121 7.0618645900930135 5.3632922344797747 3.7648712956954360 1.7813108371187540 0.2567596798615617 -0.8006705602422669 -2.3427428077006272 -3.3024010382868267 -3.8494484101232964 -4.6891628812459443 -5.2416179969716632 -5.6297858533419856 -5.9472204196409262 -5.9105559160718144 -6.0562405364481942 -5.9508976854856153 -5.3689162881245940
-138.3333333333333428 -137.8869244935543179 -137.4895027624309307 -137.2018416206261406 -136.7888275015346835 -136.6562308164518242 -136.8240638428483749 -137.2138735420503508 -137.8286065070595328 -138.7124616329036257 -139.7321055862492187 -141.0079803560466587 -142.6217311233885709 -144.4448127685696761 -146.5437691835481928 -148.9174953959484355 -151.3765500306936644 -153.8041743400859502 -156.1059545733578773 -158.1362799263351633 -159.9004297114794326 -161.3682013505217867 -162.4439533456107938 -163.2216083486801779
-556.8754709083298167 -553.6490163248221279 -548.4047718710758090 -541.1839681875261476 -532.0255336961071180 -521.0699037254081532 -508.6329007953118548 -495.0906236919212802 -480.8892842193386628 -466.4995814148178965 -452.3742151527835631 -438.7858936793637668 -426.0010464629552303 -414.2695688572624704 -403.6159480954374317 -394.0240686479698411 -385.4953955629970892 -377.9202595228128985 -371.1172038509836852 -364.9131435747174805 -359.2446630389284223 -353.9464210966932001 -348.8478442863122382 -343.8451234826287077
-125.0287539936102235 -119.6316750342309518 -112.2355089000456445 -102.6759470561387531 -90.6366955727978052 -75.9735280693747086 -58.3765403925148334 -37.1926061159287968 -12.2432679141944316 16.7558192606115917 49.4710178000912819 85.0132359653126457 122.5540848927430346 161.0429027841168477 199.7567320858055666 237.7676859881332803 274.1300775901414681 307.9539023277042702 338.0908261068005345 363.4112277498858816 383.0502053856686189 397.4696485623003355 407.5467822911912208 414.4194431766316598
-826.4732807215332286 -829.4694475760992418 -832.0112739571590055 -834.1425028184893335 -835.9181510710259317 -837.3918827508455252 -838.5842164599774833 -839.5492671927846686 -840.3350620067643604 -840.9332581736189240 -841.3866967305524440 -841.6708004509582679 -841.7963923337091501 -841.7952649379932382 -841.6410372040586481 -841.3463359639233659 -840.8038331454340550 -840.0087936865839993 -838.9497181510710107 -837.5941375422773945 -835.9289740698985725 -833.8744081172491178 -831.4011273957158892 -828.4744081172491406
154.4162790697674552 141.1167441860465033 135.0213953488372169 117.3706976744186079 104.2162790697674382 99.2702325581395399 86.1790697674418595 79.1604651162790702 81.2344186046511680 74.4851162790697714 79.0502325581395411 94.2869767441860489 103.9562790697674473 124.3060465116279119 157.7418604651162752 182.6455813953488416 215.9479069767441786 258.3106976744185772 289.3469767441860654 326.3186046511627865 365.1251162790697435 387.8627906976744271 410.5702325581395371 429.1883720930232471
-164.6549486208761550 -164.0805840995132598 -165.0946457544618795 -167.9075175770686883 -172.8637101135749106 -180.3515413737155200 -191.1600865332612216 -205.5500270416441424 -223.7782585181178945 -246.3418063818280075 -273.3061114115738519 -304.4721471065440710 -339.6241211465656988 -377.6197944835046201 -417.1546782044348447 -456.7020010816657418 -494.4883720930232585 -529.0124391563007293 -559.3142239048133888 -584.7436452136289518 -605.2028123309896728 -620.7193077339102274 -631.5029745808544703 -637.9691725256896007
307.8051217988756889 316.7951280449718752 325.3285446595877488 332.6258588382261223 338.4890693316677357 342.4903185509056698 343.6008744534665880 341.5565271705184500 336.0668332292317473 326.2866958151155359 311.7470331043098213 291.4565896314803126 264.5209244222360780 230.4072454715802678 189.2223610243597705 141.9181761399125605 90.5521549031855102 37.3073079325421588 -14.4503435352904432 -67.1886321049344133 -115.0312304809494037 -155.5221736414740690 -191.3703935040599617 -219.3116801998750702
516.3583735354927740 507.9062715368711451 492.7822191592005652 470.2081323225361871 439.7539627842866707 401.9558924879393658 357.9179875947622236 309.5444521019986155 258.7394900068917991 208.0709855272226037 159.6257753273604294 115.8594073053066893 77.9751895244658897 46.4148862853204704 21.0806340454858727 1.5141281874569263 -12.3700895933838737 -21.4603721571330119 -26.3618194348725012 -27.2425913163335629 -25.2239834596829766 -21.4527911784975878 -16.4286698828394222 -10.6209510682288073
49.5968220708922658 50.2927361620394606 51.1345381526104390 50.8487864501484168 51.6137593853675583 52.2990221756591609 52.2581630871311305 53.1333158721843901 53.5526453640649578 53.9823642395669623 54.6671031953902542 54.6204819277108413 55.1245852977125921 55.2959664745940316 54.9490134450846881 55.3425877422734445 55.2540597171293868 54.7235900122228074 55.0539549502357275 54.7182643617950077 53.9783481753099323 54.0982189628077492 53.6289505849484911 52.8816134101623874
-597.9935379644588238 -590.6370490037695618 -578.9391491653203730 -562.7539041464727916 -541.8750673128702147 -516.4076467420570680 -486.6569736133548645 -453.1303177167474701 -416.5988152934841082 -378.2213247172859383 -339.4135702746365268 -301.8292945611200935 -267.3301023155627263 -237.0522347872913258 -211.6736672051696360 -191.5029617662897010 -176.8998384491114564 -167.3349488422186369 -162.0630048465266668 -160.2714054927301959 -160.9407646742056954 -163.0936995153473390 -166.4081852450188421 -170.6569736133548645
311.1051080550098504 307.0304518664046896 297.7996070726915718 282.7563850687622562 260.7878192534381014 231.3614931237721066 193.9774066797642433 148.8271119842829080 96.4390962671905640 37.6836935166994138 -26.0766208251473479 -93.2111984282907713 -161.4754420432220172 -228.7927308447937094 -292.5422396856581599 -350.4616895874263491 -400.3948919449901496 -441.9980353634577455 -475.2563850687622562 -500.8781925343811281 -519.7445972495088427 -532.8880157170923439 -540.7436149312377438 -543.7465618860510403
-468.6438356164383663 994.0821917808219723 -22.4931506849315070 -488.2602739726027608 1017.2054794520547603 -45.2191780821917817 -508.8904109589041127 1047.6849315068493524 -45.4109589041095916 -513.1506849315068166 1065.8904109589041127 -62.3835616438356197 -518.7945205479452397 1065.6849315068493524 -68.0136986301369859 -499.5753424657534083 1055.8767123287670984 -70.1643835616438309 -482.1232876712329016 1021.8219178082191547 -66.8767123287671268 -448.6712328767123381 998.6712328767123381 -66.5342465753424648
77.5610465116279073 57.1706810631229203 34.2379568106312320 6.6632059800664454 -25.1424418604651159 -57.4651162790697683 -89.7931893687707685 -120.7130398671096287 -148.5265780730896950 -172.9493355481727690 -192.8044019933554694 -207.8313953488372192 -218.1208471760797352 -223.4622093023255900 -224.3658637873754174 -221.6611295681063041 -215.3147840531561599 -206.1881229235880539 -195.1225083056478411 -182.2553986710963443 -168.4568106312292457 -154.6515780730896950 -141.0274086378737479 -128.1947674418604777
-562.2453874538745140 -565.6354243542435825 -568.0267527675276824 -569.3905904059040495 -569.7029520295202474 -568.9129151291513153 -566.8817343173432164 -563.6402214022140242 -559.1643911439114163 -553.4324723247232214 -546.4186346863468771 -538.2464944649447034 -528.9068265682657284 -518.4647601476015097 -507.0169741697416725 -494.6232472324723517 -481.4263837638376344 -467.6265682656826357 -453.4071955719556968 -438.9819188191881949 -424.6300738007379891 -410.5894833948339624 -397.1999999999999886 -384.6369003690036834
468.4761981604002017 469.5981926738744505 470.4599806357915099 471.1283685654348687 471.6679038244311641 472.1518476682265373 472.6250605131515385 473.1283685654348687 473.7346296595126773 474.4974181055349618 475.4342423753429330 476.5392125221881656 477.8319348071647710 479.2879619170566343 480.9005163788930304 482.6716152977247134 484.5499435210585943 486.4458609004357186 488.2666612877198418 489.8925286428917047 491.2087300306599786 492.1600774568339602 492.6324027755365478 492.6203808294336000
123.4564737074679641 112.9717189571365452 98.4723817940786574 80.6889085285019831 59.7229341581970843 34.3990278391515716 5.2867874502872292 -25.7339814405656213 -59.6270437472381829 -95.3437914273088865 -130.8873177198409223 -165.9465311533362808 -199.9447635881573149 -231.7459125055236484 -260.6168802474591075 -286.1179849756960039 -308.3071144498453577 -326.8214759169244417 -341.9902783915156874 -354.4520547945205635 -364.0273972602739718 -370.8930623066725616 -375.2615996464869568 -376.6332302253645707
126.1895704210301403 123.2241932036759948 118.6157298568070075 113.5640094037187424 107.2312459927334913 99.4887796537721698 91.2152169266937420 81.7777302842487757 70.9702927976063194 59.5003205813207927 47.7003633254969017 35.4810857020730950 22.8219705065184861 10.1122034622782646 -3.2814703996580468 -15.6698012395811066 -28.5695661466125230 -40.5603761487497323 -51.9063902543278459 -62.8627911946997244 -72.8055139987176716 -80.3004915580252145 -87.6300491558025243 -93.9371660611241737
338.7293849273403339 339.4997465359919033 340.1906894221020821 340.8669313957418012 341.4738932071645650 341.9880871916187743 342.4592767826968611 342.9059648529908486 343.3709868198715753 343.8638898276444706 344.3612706995606345 344.9940013518080377 345.6889151740452917 346.3814633322068062 347.1131294356201238 347.8613551875633902 348.6109327475498390 349.3712402838796720 350.0531429537005579 350.6828320378506305 351.2138391348428286 351.5925988509631566 351.8552720513687291 351.9644305508617776
913.1455026455026882 920.6825396825396410 924.2222222222221717 924.0978835978836514 920.5370370370370665 913.6719576719576708 903.3571428571428896 889.6190476190475920 872.8412698412698774 853.3465608465608057 831.2341269841269877 806.7566137566137741 780.6216931216931698 753.8201058201058231 726.8174603174603590 699.7076719576720052 672.5013227513227321 645.1124338624338179 617.8227513227512873 590.7407407407407618 563.5727513227512873 536.8095238095238528 510.8412698412698205 486.2288359788360026
429.3999677705261320 430.3163322858754327 431.1089356216259603 431.7581983724115844 432.3524292965917084 432.9211183627427317 433.4399323181049226 433.9282088469905716 434.3980340020949029 434.8124244621706680 435.2181129643058739 435.6412859560067545 436.0249778422367513 436.4360647812424645 436.8929981468052688 437.3335750543872109 437.7412778986383159 438.1668681008782755 438.5528160502779542 438.8761582467166136 439.0833937635968027 439.1014422689549406 438.9229715574893476 438.5626460398033828
-405.3717135086128565 -402.1736174070716174 -397.8914324569356040 -392.7178150498639866 -386.6337262012692690 -379.6489120580235976 -371.8957388939256816 -363.2082955575702385 -353.5260652765185796 -342.9696282864913996 -331.4213508612874080 -318.9533091568449663 -305.7717588395285588 -291.9474161378059875 -277.6758839528558269 -263.1736174070716174 -248.2975974614687118 -233.2345874886672732 -218.4650951949229238 -204.2255213055303784 -190.7003626473254769 -178.0741160471441447 -166.2821849501359850 -155.5346781504986495
-88.0248246087425770 -105.9611440906637938 -128.9417161359956765 -156.8316243928764209 -189.8942255801403007 -228.0232056125202291 -269.9811117107393557 -314.8629249865083466 -361.6146788990825485 -408.4452239611441087 -453.5860766324878455 -495.7657852131678169 -533.8321640582838654 -566.7900701565030204 -594.2655153804640804 -616.3961144090663993 -633.4732865623313955 -646.2369131138693774 -655.0388559093362346 -660.2881813275769218 -662.1921208850512812 -661.0955207771181676 -657.1759309228278880 -650.9530491095521256
-298.5955257270693437 -281.1221476510066850 -258.8666666666666742 -231.9369127516778519 -199.8684563758389174 -163.8210290827740607 -125.4411633109619686 -85.4080536912751711 -44.9534675615212507 -5.9002237136465325 30.6644295302013425 63.6903803131991069 92.4599552572706926 116.8917225950783063 136.8988814317673359 152.6827740492169880 164.7825503355704768 173.6080536912751597 179.9261744966443075 184.1038031319910431 186.3364653243847897 186.9512304250559396 186.0031319910514469 183.9234899328859001
325.7353587847291578 335.6550069958025233 346.5044973016190397 358.3411952828303129 371.0185888466920119 384.1890865480711454 397.7681391165301079 411.6028382970217763 425.5856486108335162 439.7033779732160497 453.7799320407755204 467.6098340995402509 480.9880071956825986 493.6468119128522858 505.2000799520287728 515.4663202078752420 524.3613831700979517 531.7207675394763555 537.7063761742954284 542.4455326803918069 545.9380371776933316 548.1469118528882518 549.2206675994403895 549.1954827103737671
-542.1013024602026462 -556.2952243125904488 -573.3863965267728418 -593.7785817655571918 -617.0347322720695047 -643.0578871201157654 -671.2677279305354432 -700.3371924746743389 -729.4052098408104712 -758.1041968162084004 -785.7597684515195624 -811.9204052098408511 -835.9175108538349832 -857.5615050651230149 -876.7366136034731880 -893.5180897250361340 -907.5745296671490223 -918.3357452966714618 -925.6801736613602998 -929.6787264833574227 -930.3907380607814730 -927.8089725036179516 -921.9753979739507486 -913.4081041968162253
1287.9956521739129585 1303.3260869565217490 1317.9478260869564110 1331.5782608695651561 1343.8086956521738102 1354.3869565217391937 1363.4043478260869051 1371.2521739130434071 1377.9565217391304941 1383.2173913043477569 1386.8652173913044408 1388.8391304347826463 1389.3347826086956047 1388.1869565217391482 1385.2260869565218400 1380.4043478260869051 1373.8695652173912549 1365.8434782608694604 1356.6608695652173537 1346.4217391304348439 1335.2086956521739012 1323.0782608695651561 1310.0043478260870415 1296.0782608695651561
-206.8859975216852547 -209.3913672036348714 -212.6268071045022623 -216.5532837670384083 -221.6216439487814966 -227.8484097480379944 -235.1464270962412115 -243.4450640231309251 -252.7451466336224826 -262.7038413878562437 -273.2864518793886646 -284.5499793473771319 -296.1668731928954799 -308.0916976456010161 -320.3477901693515264 -332.5202395704254172 -344.6972325485336910 -356.6854605534903158 -368.0549359768690465 -378.6491119372160483 -388.1881453944650957 -396.4242048740189830 -403.2786038826931190 -408.6823626600578336
-470.5859043044522423 -471.0127470903380527 -471.2227969702568089 -471.1994273046369699 -470.9930722335118958 -470.6380011084426656 -470.1392019213005824 -469.6108442638093265 -469.1295954184370771 -468.7551265472012005 -468.4636061333825978 -468.2207648254203036 -468.0836874191760444 -468.0662294476260854 -468.1493626454831087 -468.3447256604470681 -468.6452059855902235 -469.0075743580270000 -469.4158507297247525 -469.8106410493256817 -470.1000369480879613 -470.1926842785885583 -470.0178274524293442 -469.5518196933308559
-295.9377289377289344 -283.5860805860805840 -264.7557997557997282 -238.0097680097680097 -202.5115995115995133 -158.6312576312576255 -106.7387057387057325 -48.0708180708180706 15.6800976800976795 82.4334554334554355 150.7301587301587347 218.3406593406593288 283.6886446886446720 344.7313797313797181 399.3943833943833965 446.1794871794871824 483.7655677655677664 511.5286935286935091 530.2649572649572747 541.7777777777778283 547.7289377289376944 549.4896214896215270 547.6312576312576539 542.4871794871794464
168.9063001963234001 168.5561306442976957 167.4394074602891180 166.6942709262894766 165.3686417990362258 163.1744601106550192 161.6143137604854587 159.9801891843655142 158.1067285382830505 156.3363376762448809 154.8845261467071168 153.3725682669998207 152.1415313225058128 151.7199714438693547 150.9062109584151301 150.4585936105657709 150.4524361948955971 150.0706764233446506 150.2420132072104195 150.5306086025343575 150.4359271818668446 150.7667321077993847 151.0232018561484892 151.3371408174192538
-588.2600979626606659 -590.0211542556967288 -591.5849364662454946 -592.9197132107616426 -594.0463547952012959 -594.9973024774615169 -595.8075530631077754 -596.4993256193653224 -597.0956910626819081 -597.5982821040676072 -598.0252715269397186 -598.3836870873855105 -598.6782849435650178 -598.9130403918505863 -599.0771633420883973 -599.1820827713494282 -599.2050827003620270 -599.1141477958401538 -598.8771207496273519 -598.4763256903528372 -597.8909632994959793 -597.0958330375523246 -596.0606942571164382 -594.7572939589692851
1038.6858513189447422 1055.1894484412468955 1070.5371702637889939 1083.3189448441246441 1092.6594724220624357 1097.6474820143885154 1097.8537170263789449 1093.3357314148681780 1084.0935251798562149 1071.0215827338129202 1054.7625899280576505 1036.3669064748200981 1016.4484412470023926 995.3788968824940184 973.1606714628297823 949.9880095923261933 926.3477218225419847 902.9592326139088527 880.2613908872901902 859.1822541966427025 840.5059952038369602 823.6834532374100490 808.3860911270983252 794.4580335731415062
-189.3896355490979602 -190.5277878677806029 -191.6518949025305858 -192.7399200871776372 -193.9256568591839311 -194.9152439762683002 -195.6087904104613244 -196.1771400895992201 -196.4402470032691497 -196.3456834967913665 -196.1124833514953423 -195.5443758324252315 -194.6337328974452134 -193.6141179319530181 -192.3336965734350485 -190.7893207410098171 -189.2532994309238461 -187.5919602857488826 -185.8733502845380769 -184.0971061871897234 -182.1609153650562973 -180.2691609153650631 -178.4396416030996591 -176.6310691366993524
678.1132365499572643 683.6389410760034480 688.7535439795046841 693.4054654141758647 697.6034158838599524 701.3682322801024611 704.6874466268146762 707.5918018787360779 710.1060631938513552 712.1578138343296587 713.7021349274124304 714.7280956447481230 715.2519214346712033 715.2700256191290009 714.8561912894961097 713.9928266438940909 712.7055508112723601 710.9552519214346376 708.7422715627668595 706.0121263877027786 702.7116994022203471 698.8406490179334014 694.3665243381725531 689.2915456874466145
-410.5966845441247983 -412.3167235494880742 -413.7859580692345389 -414.9529010238907745 -415.8872745002437910 -416.6219405168210415 -417.2189176011701761 -417.7143832276938156 -418.1103851779619731 -418.4050706972208786 -418.6286689419795266 -418.8190151145782352 -418.9833252072160121 -419.1103851779619731 -419.2267186738176292 -419.3282301316431244 -419.3543637250122060 -419.3188688444661238 -419.1937591418820261 -418.9227693807898731 -418.3933690882496421 -417.5686981960019466 -416.4063383715260898 -414.9098000975134255
-895.5902688860435319 -901.5646606914212953 -904.7989756722150787 -905.0422535211267814 -902.4775928297054861 -897.3879641485275442 -890.1267605633802305 -881.1203585147246713 -870.2957746478873560 -857.4827144686299789 -842.7413572343149326 -826.3649167733674403 -808.4827144686299789 -788.8079385403328843 -767.1587708066581399 -743.7477592829706055 -718.6504481434059244 -692.3930857874520370 -665.8233034571062490 -639.1203585147246713 -613.2496798975672618 -589.0000000000000000 -567.2317541613316507 -548.6376440460948061
642.6702302631579187 642.4547697368420813 640.2236842105263577 635.6476151315789593 628.4699835526315610 618.6994243421053170 606.3552631578946830 591.6895559210526017 574.8071546052631220 555.6200657894736423 534.1541940789473983 510.8022203947368212 486.0193256578947398 460.4087171052631788 434.5555098684210407 409.0423519736842195 384.5781250000000000 361.5472861842105203 340.2458881578947398 320.6463815789473415 302.6825657894736992 286.2952302631579187 271.5226151315789593 258.2791940789473415
690.6984988821462821 695.4455445544554095 698.9552858511657405 701.2666879591184852 702.2162248482912901 701.7377834557648839 699.9428297668476944 696.7681251996167475 692.0555732992654612 685.8664963270520047 678.1328648993932120 668.8371127435324297 657.9945704247844560 645.6464388374321288 632.0705844778026403 617.4461833280101928 601.8166719897795929 585.4247844139252948 568.5119770041520724 551.2395400830405379 534.0405621207281683 517.2941552219738242 501.3107633343979614 486.2778664963270785
611.2626874715951999 612.3928950159066744 613.3335100742311852 614.0540069686411471 614.5691561884563043 614.8850174216028108 615.0528707771550216 615.1193001060445340 615.1109680351462430 615.0530980154521785 614.9833358582033043 614.9347068625966131 614.9026662626874895 614.8972882896530336 614.9169822754128063 614.9412967732162087 614.9540978639599871 614.9072867747311193 614.7642023935767384 614.4854567489774126 614.0229510680200065 613.3554006968640806 612.4365247689744365 611.2560218148765898
-1043.4623921085080838 -1052.3144266337853878 -1060.7965474722564068 -1068.6424167694203788 -1075.7250308261404825 -1082.0012330456227119 -1087.3810110974106919 -1092.0295930949444028 -1095.9778051787916411 -1098.9790382244143530 -1100.8125770653514337 -1101.3970406905054915 -1100.8594327990135753 -1099.2133168927250608 -1096.4882860665843509 -1092.8655980271269073 -1088.6239210850801555 -1083.7496917385942652 -1078.2700369913686700 -1072.1837237977804307 -1065.5635018495684108 -1058.5252774352650249 -1051.1023427866830389 -1043.2946979038224526
-47.0613045027919696 -47.1804681002732593 -47.9029345372460469 -48.4821195200190118 -48.5153855292859717 -48.7850778187002518 -49.2995128905785904 -49.2536533206605682 -49.0835214446952577 -49.0355233456100734 -48.4931685873826765 -47.7387430200784095 -47.4445764524177278 -46.4589521207080907 -45.6404894855649275 -45.0637994534869932 -43.6575977189022240 -42.6046097184269925 -41.9297849590115277 -40.7071403112747987 -39.5177616728050367 -38.6915765712248998 -37.4361411429250310 -36.4962575739574646
335.6477949940405097 313.8927294398092727 286.3492252681763830 253.1102502979737778 214.4171632896305084 171.6823599523241910 125.9570917759237147 79.0160905840286034 32.3825983313468413 -12.5077473182359959 -53.8009535160905870 -90.7163289630512537 -122.4594755661501750 -148.9350417163289535 -170.0798569725864127 -185.8271752085816502 -196.1162097735399357 -201.5673420738974926 -202.7616209773539993 -200.2395709177592380 -195.1728247914183498 -188.0911799761620955 -179.2610250297973664 -169.7389749702026336
613.0438824038045595 615.5214007782101362 616.8837008214439948 617.1683960224816019 616.3865110246433687 614.4520103761349219 611.3099870298314045 606.9130998702983106 601.3828361435365650 594.7308690012970374 586.9664937310851656 578.0603112840467475 568.0235624729788242 556.8201469952442721 544.2933419801123591 530.4388240380458228 515.4206658019887755 499.5704712494595583 483.2643752702118718 466.9005620406398407 450.8143104193687805 435.3910505836576021 421.2031993082576946 408.3441418071768112
-449.9198355601233175 -424.4470709146968375 -391.6269270298047331 -351.5508735868448298 -305.3545734840698742 -255.4830421377183995 -205.1397738951695828 -157.6752312435765759 -116.1449126413155142 -83.0513874614593988 -61.8520041109969156 -53.4347379239465567 -57.0986639260020539 -72.1634121274409068 -97.5919835560123374 -131.6032887975333949 -171.2723535457348305 -215.3083247687564210 -262.1017471736896027 -308.9804727646454126 -352.6454265159301258 -390.9763617677286902 -422.9794450154162178 -448.8612538540596120
-930.5989080218395202 -932.9311213775724809 -934.9995800083997892 -936.7433851322973624 -938.0529189416212148 -938.9685006299873749 -939.5900881982360033 -939.8874422511549938 -939.9336413271734045 -939.7963040739185772 -939.5531289374212065 -939.2515749685006767 -938.9122217555649286 -938.4846703065938982 -937.9668206635867591 -937.3175136497270614 -936.5900881982360033 -935.8454430911381223 -935.0184796304073416 -934.0600587988240022 -932.8630827383452697 -931.3641327173456830 -929.6413271734564887 -927.7614447711046068
67.7900149588631251 66.2698204936424844 90.3294689603590086 85.8814510097232642 88.0959237097980576 116.5529169783096535 114.4126776364996232 118.5964846671652992 148.6400523560209308 148.5291697830964779 152.9242707554225831 182.0783470456245254 178.9732610321615596 180.5891922213911869 205.7126028421839976 198.7460732984293088 197.7498130142109289 220.2589753178758372 209.4141735228122627 204.7417726252804755 224.1406133133881724 211.1123784592371067 205.3111443530291638 222.1488406881076969
434.2827586206896626 433.1379310344827331 428.0258620689655231 418.1681034482758719 403.0370689655172214 381.9586206896551630 354.3267241379310235 319.9232758620689765 279.0025862068965239 231.8758620689655174 178.8362068965517153 120.8758620689655174 59.4456896551724157 -2.8336206896551723 -64.2646551724137964 -123.2336206896551687 -178.6241379310344826 -228.8681034482758605 -272.7577586206896285 -309.6750000000000114 -338.7594827586206634 -360.3870689655172441 -374.7258620689655118 -382.6870689655172555
299.9733216532611095 299.8487696105758005 299.8211356215656451 299.9099307159353316 300.1188181890578903 300.3910965995062270 300.6968224894480954 300.9764274906426635 301.2137453213347271 301.4032014016086691 301.5396193358286041 301.5661384088556360 301.5559448912956668 301.4853866369355728 301.3153619495102475 301.0736640917416480 300.7938201799793205 300.4972525284701987 300.1669188500438281 299.8306920442780665 299.4565580950863932 298.9989647208728343 298.4836346261049584 297.8639802500597398
104.8330068560235020 110.8457394711067536 116.1655239960822712 120.4495592556317405 123.0675808031341774 123.4128305582761982 121.1292850146914759 115.7992164544564133 106.6998041136141069 93.2693437806072438 74.9098922624877588 51.0156709108716910 21.4123408423114583 -13.3658178256611162 -52.5127326150832516 -94.8623898139079387 -138.9407443682663938 -184.2507345739471134 -226.2668952007835514 -266.5073457394711340 -302.9818805093046308 -332.8775710088148685 -358.0342801175318073 -378.0685602350636714
-236.3391761612620598 -247.4496056091147977 -259.8006134969324989 -273.3247151621384887 -287.6862401402278806 -302.6117440841367170 -317.6783523225241197 -332.6584136722173639 -347.4706397896582075 -361.8786152497809212 -375.8212094653812301 -389.0801928133216734 -401.4563978965819615 -412.8464066608238454 -423.1485539000876201 -432.2979842243645976 -440.3137598597721194 -447.2149430324276977 -453.0687992988606538 -457.9524539877300526 -462.0094215600350367 -465.2217353198948331 -467.5006573181419753 -468.8529798422436556
647.7629086465017281 649.0918117934616021 650.2004277421325469 651.1009013137794454 651.8069813626642599 652.3656431408493290 652.8208065994500657 653.1999694469905080 653.5264283531928413 653.7988848151543380 654.0375038191261865 654.2309043690803492 654.3869538649556716 654.4957989611976927 654.5327681026581104 654.4619615032080446 654.2799419492820334 653.9906813321111940 653.5695080965475654 653.0067216620836916 652.2878093492208791 651.3931408493737081 650.3175985334555662 649.0582798655667602
199.1644308164047459 215.1839785358374968 232.9244921425833752 251.9666538903794617 271.4212341893446023 290.4894595630509571 308.2361057876581185 323.3679570716749936 334.5925642008432419 341.0528938290532892 342.5208892295898977 338.4929091605979465 329.0505940973553152 315.0651590647757985 296.4764277500958087 273.2460712916826537 245.8976619394404111 215.0789574549635859 181.9624377155998332 148.3453430433116011 115.7704101188194699 85.6473744729781572 59.5047911077041007 37.7428133384438453
402.7896569737071104 401.7933135991642075 399.7894828486853385 396.8633118579139705 392.9606477450809621 388.1800452725056516 382.5190666898833456 375.8732369841546301 368.3731499216437442 360.0322131290266157 350.9148528643565896 341.2644959080619742 331.2719832839978835 321.0165418770677093 310.6292878286610062 300.4088455511056850 290.4649138081142041 280.6965000870625317 271.2712867839108526 262.1816123977015422 253.6005572000696588 245.5880201985025337 238.0778338847292446 231.2836496604562058
-203.5433052966583318 -197.5037508524664815 -188.8479199818140444 -177.3157535803591713 -164.6715162536940227 -150.7267560809274869 -134.6426460559218015 -118.0932030006819673 -101.2918845192089066 -83.8154125937713133 -67.0386451466242335 -51.5989997726756116 -37.3557626733348513 -24.7451693566719726 -13.8165492157308485 -4.8063196180950216 2.1120709252102752 7.3746305978631508 11.1097976812912034 13.6603773584905657 15.2873380313707656 15.8465560354626049 16.0165946806092307 15.6708342805182994
770.8710860366713860 776.0417489421720347 780.9184767277855599 785.4519040902679308 789.5856135401974143 793.2736248236953998 796.5244005641749254 799.2586741889986115 801.4428772919604853 803.0544428772919900 804.1700987306064690 804.8586741889986342 805.1813822284908611 805.1444287729195821 804.7097320169252725 803.8851904090267908 802.6851904090267453 801.1173483779971320 799.0803949224259668 796.5325811001409875 793.4928067700986958 789.8959097320168894 785.7478138222849111 781.1455571227080554
