-225.4040443321018756 -208.2498541707174695 -178.0746645926502083 -137.5576511763562166 -85.9745284853198513 -10.1629399183356011 99.1905502624927067 233.8145051526346379 374.7728951973556377 502.8401711063581843 599.3986000388878210 664.9051137468403567 708.7283686564262553 734.9784172661870798 736.4954306824810146 706.3671009138635100 632.1730507485902990 508.2589928057553834 339.8008944195994445 131.2871864670425737 -94.3602955473459133 -297.3072136885086252 -437.8547540346101528 -488.1742173828504860
-2462.1150895140663124 -2538.2122762148337642 -2282.9641943734013694 -1654.7135549872123192 -736.8746803069053612 333.5012787723784982 1356.6138107416879848 2151.4168797953961985 2685.0485933503837259 2941.8209718670077564 2850.7519181585676051 2333.0971867007674518 1470.3887468030691252 497.8721227621483649 -429.7621483375959315 -1208.6112531969308748 -1845.5575447570331562 -2313.1048593350383271 -2548.0613810741688212 -2488.2071611253195442 -2145.3427109974422820 -1595.7340153452685172 -821.1994884910485553 19.1918158567774952
-106.4501815248083858 -127.9600645421541003 -163.4945542557482838 -205.6284792254941465 -248.1085114965711966 -282.5861234368696842 -299.2345703912868089 -290.6149657119806307 -253.7045179507865953 -176.4643001210165494 -50.3924969745865283 116.1843485276321104 301.1605486083097958 479.0667607906414105 632.6881807180315036 748.3045582896329506 817.2886244453408153 838.7789431222266785 813.0687777329568462 745.7765227914482011 650.4435256151674594 534.1137555465913920 408.4558289632916512 281.5841064945542485
535.8328888888888741 791.3759999999999764 1094.7066666666667061 1430.7128888888889833 1768.5679999999999836 2075.5875555555553547 2324.9742222222221244 2489.7404444444446199 2545.7813333333333503 2488.2888888888887777 2330.0613333333335504 2084.3404444444445289 1768.2000000000000455 1410.2062222222223227 1044.5208888888889760 710.1982222222221708 448.7777777777777715 271.0355555555555611 163.8417777777777644 109.3137777777777728 77.2311111111111046 47.1591111111111090 18.5475555555555545 -14.1004444444444452
1506.9341317365269788 907.4491017964071489 141.1766467065868369 -629.0000000000000000 -1300.0598802395209077 -1873.4670658682634894 -2297.2095808383232907 -2576.1137724550899293 -2691.3263473053893904 -2594.3473053892216740 -2202.0359281437126810 -1491.8982035928142977 -549.7395209580838582 477.4760479041916028 1434.3712574850299006 2197.6556886227544965 2694.5778443113772482 2941.2155688622756315 2877.5000000000000000 2505.6526946107783260 1856.2095808383232907 1031.3742514970060711 145.5628742514969929 -581.4491017964071489
664.2491450903761461 733.4296531509526176 786.9863214460185645 822.2713727405960071 838.5727894479726956 820.7237420615534802 755.6069858329262843 633.8448949682461944 460.2191011235955216 238.7848070346849170 -9.6328773815339517 -255.7454811919882616 -459.7623351245725303 -587.3209574987787391 -615.5649731314118753 -569.1985832926233115 -506.2581827063996229 -467.6936980947728557 -455.4262335124572587 -442.8805569125549368 -408.1343429408890984 -351.8732291157791678 -285.5403028822667579 -222.6817293600390713
656.5982836125868971 655.0267674703718512 622.1454842664487614 570.1843073150796499 506.7125051082958862 437.8886391499795536 368.2341642827952342 302.5651818553330372 243.4356354720065383 186.4017163874131597 133.2078054760931707 82.5402533714752735 30.3158970167552120 -20.7680833673886376 -67.0927666530445492 -117.0382100531262779 -177.7333469554556586 -257.9893747445852341 -355.5704944830404770 -464.1924805884756893 -566.4139762975071335 -645.3876174908050416 -690.0371883939517375 -697.0862280343277462
482.7187952505067869 536.6377063423110485 581.8328989284680119 619.7978569359976291 651.5870257746886409 676.7961193165363056 695.3127715030408353 714.7408050970170734 737.5916594265855792 765.1097596293078595 796.2919200695047266 833.8789458441934812 876.7283521575441227 923.8253692441355724 975.1479872574573164 1023.5285259194903347 1067.5186794092094260 1105.1248189979728522 1131.5467709238344014 1142.1401679698813041 1135.8586736171444045 1108.2377642629596721 1053.6605849985519399 971.1436432088039510
402.2669039145907277 596.7544483985765282 822.7544483985765282 1077.9644128113880015 1357.0711743772242244 1625.3594306049822080 1866.3594306049822080 2071.1245551601423358 2240.8932384341637771 2353.0533807829183388 2321.0747330960853105 1976.3131672597864963 1270.3558718861208945 434.1886120996441036 -482.6975088967971601 -1257.4448398576512318 -1860.0000000000000000 -2511.6405693950177920 -3079.6298932384343061 -3525.1245551601423358 -3779.4911032028471709 -3760.8078291814945260 -3418.0284697508895988 -2794.0676156583631382
224.4486838213546207 230.2857142857142776 242.2079266489204485 254.7660455486542332 261.4818101153504699 255.2789115646258438 241.5853297840875484 215.0493936705116766 168.5107956225968735 93.9609582963620227 -12.1339840283939662 -158.7272996154983673 -340.9035788228334809 -551.9648033126294422 -775.7991718426501393 -992.3209109730848922 -1171.1736172729961254 -1298.0263235729073585 -1367.4575569358178200 -1376.8269742679681258 -1329.2768411712511352 -1224.5862170955338115 -1087.3584738243123411 -929.1067731440401758
95.8832663989290523 77.6369477911646584 70.6779116465863524 67.5269076305220892 74.6340026773761736 82.4979919678714850 89.1253012048192801 97.2439089692101675 105.3298527443105712 112.4278447121820648 112.7684069611780444 108.3167336010709505 90.7748326639892866 49.0048192771084317 -28.2768406961178052 -151.9598393574297290 -325.5815261044176623 -550.0232931726907282 -807.5842034805890535 -1067.7900937081660686 -1296.1352074966532655 -1462.1925033467202866 -1547.2714859437751329 -1548.3617135207496176
-431.9917835924661631 -471.1462520541018648 -500.6181266590822929 -511.7806851219820601 -497.9557578055871545 -459.5005688282138863 -395.3593730249020268 -309.0022753128555451 -201.5828593098217709 -81.9988623435722417 37.4591075717355579 144.7919352799899002 233.6228036910630692 298.3366198963468605 332.6134496271014882 342.9239034256099217 333.8122866894198069 308.9174567058526009 272.6368347870054549 229.9295917077486990 182.2770825432941422 132.9343951459992468 84.2438376943496365 38.6870180760965710
280.6444960790008736 386.8512924774905741 504.1092070868428436 630.9941911124019498 763.4638396747022853 898.4772001161777553 1028.9416206796397546 1143.4975312227709310 1238.7069416206795722 1305.7168167295963030 1341.5483589892535292 1342.8541969212894855 1312.7377287249491928 1252.3508568109207317 1164.6741214057508387 1056.9901248910832692 932.4246296834156738 800.4336334591926061 662.9416206796398683 530.0287539936102803 404.5701423177461606 290.9805402265466228 197.0203311065930905 123.3662503630554710
-164.9946543121881746 -166.9739843193157469 -165.2647897362793969 -155.5071275837491100 -136.1126158232359273 -101.3952245188880994 -47.3524590163934391 30.8670705630791176 133.2587312900926690 261.2391304347826235 415.2277263007840133 596.4447612259443758 798.7708481824661249 1007.9337134711332737 1209.7473271560941157 1379.2544547398431405 1510.8271560940841027 1598.9942979330007802 1636.6033499643619962 1622.2455452601568595 1556.2583749109051041 1438.8496079828937582 1267.7491090520313719 1073.9055595153242848
-290.0146056475170440 -513.4225900681597068 -771.0467380720544952 -1039.6397273612462868 -1270.8305744888023128 -1396.1996105160662864 -1384.7156767283349836 -1203.6407010710809118 -861.1713729308665961 -383.9230769230769056 153.0068159688412948 652.7896786757546579 1042.5628042843231924 1263.5959104186952118 1313.5462512171372964 1240.7302823758520844 1093.6368062317428667 903.7312560856864820 678.9649464459590718 444.7692307692307736 228.6290165530671743 42.5404089581304774 -110.5832521908471335 -235.3680623174294055
1412.0542452830188722 1508.6155660377357890 1529.0483490566036835 1475.5436320754718054 1362.4245283018867667 1212.7146226415093224 1010.1863207547170305 787.8007075471698499 557.6073113207546612 302.9599056603773306 19.9209905660377373 -285.2924528301886653 -613.1721698113207140 -959.2959905660377444 -1289.6639150943396999 -1570.4716981132075944 -1784.1167452830188722 -1923.2393867924529332 -1992.7676886792453388 -1976.0448113207546612 -1880.3702830188678945 -1708.8101415094340609 -1470.4693396226414279 -1184.2075471698112779
-41.3994800693240919 61.6126516464471408 194.5242634315424652 373.2989601386481695 609.8093587521664176 897.4237435008665216 1224.8674176776430613 1573.3266897746966606 1911.0216637781629743 2206.2357019064124870 2428.6100519930673727 2546.8899480069326273 2548.8596187175044179 2436.1135181975737396 2225.3379549393412162 1933.9514731369151832 1587.5675909878682432 1203.1291161178510265 823.8197573656846089 488.9532062391681393 241.4306759098786870 77.9237435008665500 -31.3041594454072793 -109.0017331022530271
24.5235507246376798 186.0362318840579690 364.5144927536231876 544.7028985507246261 734.8550724637681242 926.7608695652173765 1131.7228260869565020 1348.9365942028985046 1581.0778985507247398 1811.8695652173912549 2004.5199275362319895 2137.0326086956520157 2213.9329710144929777 2216.6521739130434980 2074.4311594202899869 1665.7518115942029908 993.1521739130434980 213.9981884057970944 -607.4891304347826235 -1282.0307971014492523 -1897.1014492753622562 -2329.5869565217390118 -2559.0163043478260079 -2580.2318840579710013
804.4514859279669281 842.9299350521550878 857.8460932887227273 852.5780358197205260 832.5008856524306111 804.2151151348159601 774.1462310568786052 748.5170242078330602 726.1220232237748178 708.0415272584136801 691.4103522928556913 675.0206652233812292 658.2040936823459560 638.5719346585317453 615.6032277110805353 585.1387522141310455 549.1519385947648288 508.7354851407203569 467.0161385554025060 421.0486124778586827 371.9925211572524972 321.5542216099192956 271.7132454241291271 224.9986223184412495
-890.7693173293323525 -949.6924231057764700 -991.2479369842460528 -1009.3216429107276326 -999.1549137284321205 -957.9253563390847148 -885.6279069767441570 -782.7091147786946976 -653.3775318829707430 -508.9317329332333202 -362.7370592648161960 -227.3816579144786090 -116.2059264816204092 -30.2955738934733674 32.0810202550637626 72.5900225056264077 96.7569392348086978 108.9752438109527333 112.0637659414853715 108.4971867966991681 101.0086271567892027 91.0806451612903203 81.4227306826706609 75.5926481620405042
774.6057558945908568 825.4074202496532280 845.4760748959778311 833.2628294036061334 786.8411927877947392 710.6816920943134619 608.9129680998613594 491.2295423023578564 374.7766990291262346 275.2295423023578564 200.5364077669902940 159.0228848821081726 153.3384188626907019 182.2056171983356307 243.1373092926490926 330.5596393897365033 437.5100554785020677 553.7600554785020677 671.5537447988904205 785.8020110957004363 881.5069348127600506 950.6005547850207904 987.5631067961164717 984.6265603328710085
-762.4588796185935280 -998.9773539928486343 -1229.9129916567342207 -1440.1179976162097773 -1622.4040524433848987 -1773.5029797377831073 -1889.6901072705602473 -1966.8545887961859080 -2008.0286054827174667 -2021.4743742550656407 -2009.9141835518473727 -1976.3182359952324987 -1930.0178784266984167 -1874.0870083432657793 -1800.8426698450537060 -1711.9952324195471647 -1615.9702026221691540 -1509.2943980929678673 -1391.3754469606674320 -1262.2443384982120733 -1119.2383790226460860 -968.4624553039332113 -808.4040524433850123 -648.4100119189511133
-130.9352580927383940 -95.0008748906386700 -61.5686789151356066 -23.8477690288713902 9.8267716535433074 44.7375328083989530 93.6526684164479377 156.8145231846019385 248.1312335958005235 388.5450568678915033 588.9238845144357128 846.0918635170603466 1156.5091863517061483 1507.2248468941381816 1865.2895888013997592 2200.1819772528433532 2470.7777777777778283 2638.1601049868768314 2691.4435695538059008 2640.1706036745408710 2499.9221347331581455 2241.6299212598423765 1813.3937007874014853 1361.7314085739283200
-802.8526220614828617 -1048.7052441229657234 -1274.1889692585896228 -1462.6862567811933786 -1603.0461121157322850 -1676.6916817359856395 -1696.4773960216998603 -1690.2459312839059749 -1653.6283905967450210 -1551.8200723327306605 -1374.6220614828209818 -1123.5877034358047695 -812.8327305605786250 -468.0741410488245720 -127.2242314647377981 180.0533453887884150 450.5361663652802804 690.9050632911391858 904.7043399638336041 1086.8571428571428896 1226.9104882459312194 1329.0904159132007862 1385.6491862567811495 1392.1500904159131551
-569.8349328214970910 -855.2098528470888823 -1174.5335892514394800 -1489.0524632117721922 -1754.4286628278950957 -1953.2949456174023908 -2087.8317338451697651 -2145.8797184900831780 -2133.5195137555983820 -2066.7063339731284941 -1954.9859245041586746 -1794.5227127319258216 -1584.4312220089570928 -1326.7901471529110040 -1040.8003838771592200 -746.7536788227766920 -474.0038387715931094 -242.6199616122840723 -64.7472808701215570 64.2200895713371693 160.2418426103646709 230.0422264875240046 280.0786948176583451 316.8310940499040385
2192.5828402366864793 2536.5207100591715061 2577.7485207100589832 2241.0473372781066246 1556.9526627218936028 625.1390532544378402 -328.1834319526627155 -1149.5591715976331670 -1835.6390532544378402 -2356.1923076923076223 -2761.4023668639051721 -2950.3609467455621598 -2858.4230769230771330 -2363.6449704142009978 -1491.9378698224852542 -407.6331360946745690 717.9319526627218693 1709.7071005917159709 2435.6952662721892011 2868.9112426035503631 2917.7721893491125229 2550.0355029585798547 1952.8934911242604358 1181.3431952662722324
1158.1869504858862001 1250.2320684868116132 1301.3722813512263201 1307.1360481258675463 1270.6802406293381864 1198.1506247107820400 1090.1448403516890266 950.0990282276724201 792.2665432670060000 628.4699213327163534 468.5559925960203600 322.4213327163350300 199.6765386395187534 110.5809810273021725 48.5883850069412304 10.2181860249884320 -11.2848218417399355 -20.6950485886163804 -28.4516427579824160 -33.3866265617769571 -34.6034243405830608 -33.3512262841277192 -33.1503933364183254 -43.1413697362332229
563.4422706388024835 571.4504224099599696 556.2694530902623455 513.6795612864976874 437.5457240254928024 328.2691566622202686 189.2870905587668631 28.2869423447458139 -134.5334222617459545 -274.3994367867200026 -370.5934489402697523 -410.1999407143915732 -401.7723432636727239 -373.6084185563954634 -359.7425522454424254 -365.0440195642507888 -373.7919075144508838 -368.7099451608121967 -345.4994812509263511 -308.6011560693641513 -267.5257151326515555 -228.0643248851341411 -194.8385949310804790 -163.8814287831628747
-47.7659859390693029 -24.7718446601941764 2.7127552728490123 33.2328423167057281 67.7751925008369653 110.1374288583863432 160.7510880482089135 219.9022430532306771 285.7865751590224477 356.8716103113491727 432.6586876464680245 511.5179109474389065 588.5759959825912802 658.5313023100100054 720.9437562772012598 774.8043187144292006 819.4301975225979504 852.0040174087713467 869.7577837294944629 870.4845999330432278 851.1151657181118253 809.8679276866421333 752.8970539002343685 680.3001339136257002
1545.8633928571427987 1882.7312500000000455 2179.9696428571428442 2401.4142857142855974 2520.2249999999999091 2519.5276785714286234 2405.4187499999998181 2193.9875000000001819 1899.5107142857143572 1547.1482142857141753 1163.8223214285715130 792.4928571428571331 483.5249999999999773 265.7866071428571217 153.3857142857142719 107.9124999999999943 106.0125000000000028 123.3732142857142833 148.1687499999999886 162.0000000000000000 153.2678571428571388 111.2437500000000057 40.4687500000000000 -39.2991071428571459
-466.9005817028027536 -546.1879957694341101 -589.0618720253834226 -609.0264410364886771 -630.5711263881544255 -663.6263881544156220 -707.9418297197249785 -749.8500793231094121 -770.8569539925964591 -764.2358540454786180 -733.1292966684294470 -680.3458487572712556 -606.6721311475409948 -512.0375462718138806 -394.3490216816499014 -251.1073506081438325 -95.1343204653622365 71.4373347435219443 245.8789000528820736 419.8162347964040464 579.2170809095716777 712.2337387625594829 801.8276044420941844 842.6848228450555780
62.4477244772447690 74.8347683476834789 100.2726527265272694 133.0697006970069651 158.4739647396473856 163.2931529315293062 114.7855678556785506 5.5440754407544075 -172.3751537515375105 -409.0200902009020183 -691.5563755637556369 -993.1123411234112837 -1267.0594505945059609 -1477.0692906929068613 -1597.4895448954489439 -1630.0483804838047490 -1596.0266502665026565 -1513.9093890938909226 -1392.8901189011889983 -1243.0877408774088053 -1059.4054940549406183 -851.9270192701926590 -641.0024600246002819 -442.5858958589585654
405.6825335146687621 403.5615568939835498 380.9825140858752661 345.1573732271226049 301.6481445502234351 256.3523087882909408 211.0415776180299190 167.5345508710575757 128.1332167605725090 94.2568486496988527 64.8596593484877957 41.0614597500161906 25.2218120588044812 17.8600479243572323 17.6673790557606374 19.8435982125510009 18.9387993005634350 12.4107246939965030 -1.5147982643611164 -20.3096302052975837 -40.0516158279904175 -58.4131856745029481 -74.5455605206916658 -85.7882909138009211
-251.8100189035916685 -367.7277882797731650 -486.4243856332703331 -606.4848771266540552 -719.1947069943289534 -820.1758034026464657 -882.6663516068052786 -858.4224952741020616 -756.5179584120983236 -584.0415879017012912 -382.6200378071833370 -177.6446124763704972 31.0803402646502853 205.1247637051039590 327.0708884688090734 358.6209829867675012 236.1701323251417648 -44.0680529300567088 -452.6077504725897711 -906.0321361058601042 -1289.3686200378072044 -1551.6843100189034885 -1659.4971644612476211 -1620.2854442344046220
-135.1486249268578206 -55.3861907548273820 47.6500877706260937 177.4616734932709221 329.3335283791690813 501.0409596255120164 688.0333528379169366 885.7542422469280154 1085.0210649502632805 1273.2609713282620305 1439.2153306026916653 1578.3504973668811999 1687.9081334113516277 1764.2638970157986478 1804.0754827384434975 1809.9947337624341799 1780.6442363955529800 1715.0304271503803193 1620.4406085430075564 1504.1211234640140901 1370.6699824458748935 1226.7238150965476962 1070.4991222937389921 907.0608543007606386
125.4765151515151445 35.5666666666666700 -118.4287878787878725 -359.7409090909090992 -685.1545454545454277 -1058.2613636363637397 -1429.6204545454545496 -1756.0643939393939945 -2015.2166666666666970 -2195.9166666666665151 -2280.3916666666668789 -2274.6606060606059145 -2201.5196969696971792 -2077.6492424242424022 -1907.7924242424242038 -1688.3075757575757052 -1419.6916666666666060 -1123.0212121212121019 -816.1522727272727025 -528.3439393939394222 -290.2560606060606005 -113.0401515151515213 14.6560606060606062 104.9962121212121247
107.9906072723890986 157.9686599088626338 213.5788152143587695 272.7215660745838477 329.2509067237049862 379.6269878173533243 420.9162094299265391 449.2110108806844551 464.2516507021296661 466.8858923091230508 457.1272203106109941 434.8027527201710996 402.1469357388635899 359.9152794568957461 308.9457825723054043 253.4913977494652784 199.1434018413465878 149.3219566632567705 106.1633962615084101 73.2852227285408730 49.7871291732539731 33.0562633683623162 20.2542546266158290 9.3747791314051891
-161.6679058240396500 -123.1136926889714971 -71.3636926889714971 -9.4563197026022312 64.6920693928128827 153.2255266418835333 259.8621437422552845 382.9925650557620997 524.6112143742254830 682.7912019826518417 850.5080545229244535 1014.2667286245352898 1155.6858736059480179 1261.4383519206940036 1323.6914498141263721 1337.0582403965304366 1298.9299876084262451 1210.0662949194547764 1081.1155514250310716 919.9851301115241995 740.8875464684015242 556.1731722428748981 384.1806071871127415 232.9485749690210525
1209.5003915426782442 1323.6593578700078524 1410.8531714956930045 1464.7447141738448408 1487.7850430696946660 1481.0755677368833858 1450.3010963194988108 1398.4220830070478314 1325.7787783868441238 1237.4784651527015740 1140.8148003132341728 1040.5951448707908185 940.7807361002348898 847.2893500391542148 763.1276429130775796 686.7247454972591640 620.8214565387627317 566.4334377447141833 519.3919342208300804 474.7815191855912076 426.4169929522317943 377.3292873923257389 323.4631949882537469 262.3935003915426591
-80.6131607929515468 -38.7838656387665210 24.7427037444933937 108.1190803964757663 201.3357654185022056 288.4160242290748783 362.0521751101321684 414.0290473568281868 445.4303414096916072 455.0418502202643367 443.4504405286343740 410.1365638766519623 354.5451541850219996 276.3269548458149529 173.2995594713656260 51.4392896475770911 -79.3341134361233458 -204.5545154185022056 -306.7713381057268975 -368.3247522026431966 -389.9796255506607849 -375.7181993392070467 -344.7190253303964482 -310.7738160792951589
-766.4947249434815149 -877.0395629238885249 -981.7362471740768797 -1079.7856066314996042 -1158.9932177844762009 -1213.8492840994724702 -1247.8880934438582244 -1259.9653353428786886 -1252.5749811605123796 -1230.6431801055011874 -1201.3733986435568113 -1168.6269781461944604 -1131.7629992464205770 -1088.7283345892992656 -1037.4551620195929900 -980.8564431047475409 -915.1036171816126625 -842.3579502637528549 -763.4223813112283779 -678.1801055011303561 -594.3617181612660261 -513.3771665410700962 -436.0584024114543809 -362.3579502637527980
-2158.5609195402298610 -1945.0528735632183270 -1367.8666666666665606 -514.5057471264367450 453.2045977011494529 1375.7402298850574880 2079.3954022988505130 2521.6827586206895830 2520.9471264367816730 2031.1609195402299974 1158.3379310344828355 185.5908045977011511 -728.2781609195402552 -1517.4459770114942785 -2127.0045977011495779 -2454.6367816091956229 -2359.3402298850573970 -1861.6137931034481880 -1064.3103448275862775 -86.9655172413793167 836.3172413793103033 1542.0482758620689765 1937.9356321839079556 2006.1494252873562800
2047.6575342465753238 1672.0383561643834582 930.4876712328766644 31.7671232876712324 -842.0383561643835719 -1606.6794520547944103 -2190.3041095890412180 -2436.4520547945203361 -2259.5397260273971369 -1615.8301369863013406 -617.3123287671232902 498.5068493150685072 1470.0602739726027721 2142.1506849315069303 2386.4767123287670074 2161.8849315068491705 1487.3315068493150193 591.8082191780821404 -288.6493150684931379 -1030.5342465753424221 -1574.3753424657534197 -1834.9369863013698705 -1796.8575342465753693 -1484.1780821917807316
3.2947466916187675 11.0057478946664880 17.2593236198369198 22.7627322550461173 25.4064964576928212 24.0057478946664880 21.3893864456623461 17.8740810052132062 16.2459564229381108 16.5995187809116445 18.9790135008688665 28.2164149177917380 47.1126854698569701 80.7335917658067075 131.1739072316535157 199.0017377355968335 284.3388584413848434 382.0451811255179564 488.1109477342601508 596.3853762865926456 698.8476139553536086 785.3281646838657934 843.8171367464242394 867.6926881432963228
-95.9943318072814407 -123.8231959886636133 -151.7769784172661787 -180.3754087638979797 -208.5441465009810429 -238.0640941792021010 -270.2247656420318549 -308.4416830172226014 -356.8735557008938031 -413.1083496838892302 -474.3834750381512890 -541.8617833006321689 -613.6581643775888324 -687.8380204926967281 -762.9489862655329944 -838.3887072160453044 -908.4911706998037744 -970.8068454327446943 -1023.5269239154131355 -1061.6265533028122263 -1081.3276651406147266 -1077.1669936777850580 -1042.1994767822106951 -972.7612818835840471
1473.3396118721461789 1430.3827054794519427 1300.4863013698629857 1091.8530251141553435 836.1150114155251458 562.2753995433789669 311.0996004566209763 105.2528538812785399 -50.6917808219178099 -140.6929223744292301 -166.4825913242009108 -150.4152397260274086 -114.7086187214611925 -87.8961187214611925 -74.6886415525114131 -67.3864155251141597 -57.9303652968036502 -44.2146118721461221 -25.5676369863013697 -8.2037671232876708 -3.7753995433789953 -18.4894406392694073 -44.5336757990867582 -70.7183219178082254
-1702.7009043927648690 -1914.1459948320414242 -2052.1828165374677155 -2118.3766149870803019 -2107.7519379844961804 -2031.6459948320414242 -1907.9031007751937068 -1743.7506459948319844 -1539.4140826873385777 -1291.0930232558139323 -1010.3333333333333712 -712.9205426356588760 -431.1227390180878274 -184.8527131782945787 -0.8003875968992248 132.3301033591731368 221.2416020671834644 272.0975452196382207 296.6660206718346444 305.9173126614987268 305.3895348837209553 299.3804909560723786 293.1931524547803747 289.2073643410852810
264.6181854357341763 387.2399522483087821 523.4510545165140911 662.5525268603263385 791.0543175487465533 893.2393553521686727 960.2948666931953312 987.0992837246319596 972.6750895344209766 920.1587743732590070 839.9906486271388530 736.0491444488659454 613.5678471945881256 479.8034222045363890 354.3627138877835137 239.9500596896139939 141.0035813768404296 71.1997612415439676 29.3565459610027872 13.8732590529247908 17.5332272184639884 26.6122164743334650 24.9353362514922416 11.1597692001591717
-713.8186385330319581 -688.9809093192665159 -627.2059783973876392 -531.2298417483044659 -407.1358955036423026 -262.8811856317508386 -104.2730469731223337 68.1926651595076549 249.9560411956794894 430.0751067570961936 592.5892991710625211 720.0020095453403428 800.9673448882190314 838.3526752072343697 838.9831700577743732 815.6397889977392879 775.2926400401909177 718.2800803818136046 641.7121326299924249 545.1471991961818730 434.7153981411705672 306.3416227078623706 168.7673951268525627 43.0010047726701856
-119.1539936102236368 6.6485623003194885 189.2127795527156593 430.1226837060702906 721.5571884984025246 1036.6581469648563143 1333.6076677316293626 1582.0977635782746802 1747.8747603833865014 1818.7974440894568033 1790.6479233226837096 1665.5916932907348382 1453.6281150159743447 1182.8658146964855860 878.6070287539936317 573.2568690095846478 287.9706070287539887 36.7092651757188477 -140.8670926517571900 -256.4805111821086143 -312.6332268370607039 -340.6964856230031842 -365.7047923322683687 -390.5424920127795758
457.9027444253859471 482.3135506003430351 479.6150943396226580 446.9089193825042798 385.8010291595197145 300.8825042881646823 204.0507718696397887 102.9672384219554004 3.4854202401372212 -92.7694682675814732 -175.3394511149228094 -240.6070325900514604 -277.5475128644940241 -277.8849056603773420 -244.5121783876500956 -177.9989708404802684 -88.3975986277873034 17.8809605488850778 132.1504288164665581 237.1897084048027580 323.2548885077187037 381.6730703259005395 412.2180102915951920 411.0142367066895304
287.5508905852417456 277.6959287531806808 244.6433418150975285 169.1611535199321565 34.1882951653944005 -165.4970313825275525 -422.5754877014418867 -724.7531806615776304 -1036.6132315521629152 -1306.7667514843087702 -1502.4147582697200960 -1601.4681933842239232 -1619.6149279050041514 -1569.4075487701441034 -1474.7260390161154646 -1355.4766751484307861 -1213.0373197625106059 -1047.0602205258694539 -856.9622561492790283 -652.8642917726887163 -452.8753180661577744 -281.9440203562340912 -144.3354537743850585 -36.6751484308736195
91.0301650540694425 66.7125782583949984 51.1935116676152546 44.6397268070574853 46.8394991462720540 40.1223676721684654 24.0227660785429720 -19.2492885600455317 -121.6892430278884518 -290.6983494593056321 -525.0313033579965349 -813.0449630051223266 -1132.7529880478086852 -1444.2549800796812178 -1717.8856004553215371 -1935.5480933409219233 -2093.2316448491746996 -2183.6704610130905166 -2207.6761525327260642 -2174.4114968696640062 -2095.8486055776893409 -1964.3204325554922889 -1774.8207171314741117 -1539.0364257256687779
-181.0839373267959900 -203.9818801961202439 -220.5700810061820505 -229.7992965252611270 -229.9948838200810144 -221.1874333830739658 -204.4601897250053355 -182.1392560221701160 -158.0626732040076661 -133.9643466211895202 -111.0090599019398780 -90.1131421871669147 -71.4897676401620146 -56.1182583670859074 -43.8953314858239168 -36.4479322106160737 -32.3901620123641010 -30.4345555318695382 -30.1662225538264757 -31.4563525900660856 -33.0932104028991674 -33.8585056491153296 -33.4903538691110612 -30.5823385205713052
-175.6001335113484743 -249.3471295060080024 -337.5961281708945307 -445.2463284379172137 -559.0740987983978130 -657.4078771695593559 -732.0807743658210711 -791.2897196261682211 -806.5774365821094989 -759.0774365821094989 -638.7877169559412778 -444.2757009345794472 -184.0600801068090675 131.4526034712950491 470.6455273698264250 810.4946595460613707 1115.4385847797061615 1359.6048064085446185 1529.7062750333777785 1622.2843791722295919 1632.6615487316421422 1571.5060080106809437 1452.2730307076101326 1289.1335113484647081
504.7970479704796958 1019.7785977859778086 1550.4981549815497601 2061.7564575645756122 2446.0110701107009845 2685.1586715867160819 2823.8413284132839181 2695.2952029520297401 2057.4132841328414543 1093.0590405904058571 26.5571955719557202 -937.7527675276752461 -1607.6605166051660945 -2279.9225092250921989 -2902.9483394833946477 -3344.4723247232473113 -3634.5239852398522089 -3740.9557195571956072 -3480.1734317343175462 -2867.4760147601477911 -1999.2693726937268366 -1027.5571955719556172 -129.2952029520295127 543.7011070110701212
805.2371492426124178 708.3086665011175000 529.5237149242611849 283.5555003724857102 -0.1708467842066054 -277.2515520238391105 -499.2609883287807406 -635.1484976409237788 -669.5140302955053357 -619.3143779488452765 -545.0131611621554839 -504.5450707722870902 -511.0936180779737015 -528.1931959274894552 -523.0442016389371247 -491.2321827663272984 -441.6699776508567084 -384.7211323565929888 -330.3672709212813743 -289.1087658306431649 -250.9977650856717162 -209.8775763595728847 -162.8008443009684640 -109.4370499130866676
-229.9437564499484097 -325.1491228070175339 -419.4509803921568505 -518.4138286893704617 -618.7879256965944705 -723.8658410732714401 -833.1609907120742946 -941.1713106295150055 -1038.1589267285862661 -1125.9757481940143862 -1206.2352941176470722 -1272.3560371517028216 -1327.0325077399381826 -1368.9391124871001466 -1401.0526315789472847 -1427.3869969040247270 -1446.3307533539732503 -1455.1119711042310882 -1444.5030959752320996 -1411.0046439628483768 -1354.4953560371516232 -1272.4969040247679004 -1162.6584107327141737 -1033.4881320949432393
72.4150301125949198 145.3836082744173837 228.9825870646766077 309.5299816705943954 375.4802304268133071 416.5308981408745694 428.2045037968054544 409.7945797329143716 362.7499345378371345 288.4213144802304214 190.1381251636554168 75.4629484158156600 -46.6152134066509589 -164.2076459806231981 -263.2825346949463210 -330.2645980623199762 -353.8629222309505167 -336.6784498559832173 -285.1095836606441480 -214.3589945011783300 -137.7475778999738054 -69.7233568997119733 -17.2660382299031170 15.8893689447499344
-118.9350427350427282 -177.0692307692307566 -250.3284188034187991 -332.8373931623931412 -423.0807692307692491 -518.1963675213675060 -613.5205128205128631 -704.1040598290597927 -784.8476495726495159 -850.5908119658120086 -897.9673076923077133 -925.5852564102564202 -936.4363247863248034 -933.6918803418803918 -918.7542735042735558 -890.2737179487179446 -852.4873931623931185 -802.2194444444444343 -738.2999999999999545 -663.9820512820513159 -580.8194444444444571 -493.1933760683760966 -404.9982905982906232 -317.8297008547008318
-107.6284153005464503 -63.6087431693989060 -15.9836065573770494 30.0262295081967210 74.8590163934426300 134.0601092896174862 230.4612021857923594 393.2885245901639450 636.5595628415300098 946.8459016393442198 1311.3071038251366645 1716.1071038251366190 2105.9945355191257477 2425.1803278688526007 2624.7879781420765539 2676.2153005464479065 2594.4163934426228479 2410.2218579234972822 2104.7792349726773864 1597.3081967213115604 957.4928961748634038 356.4535519125682868 -63.6163934426229503 -402.5245901639344197
-215.4742650747466541 -252.3243704223939119 -286.9988963579813230 -316.9009732115982843 -341.3700210695294572 -360.4524932276512459 -373.6252633691181018 -382.0285943613926065 -386.8674626266679866 -391.0091301294270920 -393.3757399418079785 -391.7692384870071010 -386.7605096819504524 -381.5915521220026108 -378.8380656165345499 -379.3168455904484517 -383.5951640413364316 -390.7528845189124240 -398.2139058894351251 -403.6761312330690998 -405.1399618741847917 -399.8531152804254134 -384.3812581519012497 -352.6078057590046910
4.9227248249865374 65.8607969843834127 142.1863220247711297 239.2075928917608962 358.6733979536887205 487.7918686052773296 612.9714593430263676 720.6744749596123256 808.0134625740441834 870.2334410339257147 906.1933225632741369 915.6012385568120635 885.9159935379644821 810.8594507269790483 685.2848680667743793 507.0156165858912232 278.5651588583737066 19.5207323640280030 -243.6569736133548645 -468.9208400646203359 -631.8047926763597388 -712.9278406031232862 -708.7595584275713918 -656.4353796445880107
-580.0158600583090447 -517.3930029154519161 -403.2676384839650154 -256.8532944606413935 -96.0379008746355680 48.9622157434402325 154.0101457725947398 210.4471137026239091 219.9989504373177738 201.6352186588921143 168.2886297376093410 129.5644314868804656 92.5999999999999943 60.5398250728862948 34.8095626822157413 12.9351603498542271 -3.7117201166180758 -10.7411078717201161 -7.4022157434402329 6.7123032069970847 26.4471137026239056 48.3133527696792981 64.6023323615160336 73.1559183673469420
366.2161562361296205 376.2285841100754737 371.9951176209498271 357.8830448291167272 337.9950066577895882 314.8024855747891593 291.6806480248557705 271.8581890812250208 256.6884154460719287 248.8440967598757254 249.7531069684864633 257.1492454505104206 270.1767643142476913 288.4361961828672634 311.6817576564580463 336.9280958721704451 360.3881491344873780 379.6151797603195632 391.9302041722148147 396.9275410563693072 393.2324678206835529 381.1301597869507418 360.5406125166445008 332.4653794940080047
-936.5755395683453344 -1023.8201438848921043 -1043.7625899280576505 -953.3249400479616043 -749.7470023980815768 -472.2386091127098098 -173.2170263788968896 85.5491606714628290 297.8477218225419847 413.8237410071942577 442.4484412470023926 385.1942446043165660 194.9160671462829839 -119.7230215827338071 -526.5503597122302608 -945.8609112709832516 -1305.1498800959232085 -1566.9508393285370857 -1700.8884892086330183 -1708.3333333333332575 -1610.3393285371703314 -1465.4856115107913865 -1313.3057553956834909 -1155.0359712230215337
197.2594594594594639 163.6042042042041942 127.4312312312312372 95.9813813813813823 57.9015015015014995 37.0888888888888886 29.6198198198198206 38.3951951951951926 60.1207207207207190 85.4102102102102094 83.6732732732732671 48.5159159159159188 -46.9579579579579587 -216.5873873873873947 -463.9807807807807762 -784.2774774774775324 -1143.4918918918917825 -1492.9753753753752790 -1796.2330330330330526 -2037.4066066066066014 -2192.9915915915917140 -2250.8030030030031412 -2204.4570570570572272 -2071.2024024024021855
-440.9769736842105203 -1150.3585526315789593 -1721.1875000000000000 -2176.8717105263158373 -2503.3388157894737560 -2656.2927631578945693 -2661.0888157894737560 -2389.1414473684212680 -1780.5197368421052033 -897.7796052631579187 138.2138157894736707 1164.8486842105262440 2023.8223684210527153 2624.8815789473683253 2954.1973684210524880 3018.8618421052633494 2733.5888157894737560 2099.6842105263158373 1239.5230263157893660 272.7861842105263008 -589.2664473684210407 -1264.3092105263158373 -1790.4276315789472847 -2115.0986842105262440
-550.3326244151425044 -563.0774138664397697 -546.9025946405785135 -497.9674606550403837 -423.8598468736707900 -323.2203317737133261 -207.1148447469162193 -87.7598894087622341 22.4451297320289243 108.4838366652488304 160.1763079540621106 171.9000425350914441 146.9021692896639593 95.6167588260314716 17.5459378987664820 -81.6820501914079102 -193.4925563589961826 -301.4200340280731325 -398.8740961293066789 -477.7420246703530324 -529.8851552530837807 -553.2981709910676500 -547.2494683113568499 -513.1841769459804254
-1950.2174757281552502 -2138.6961165048542171 -2245.5262135922330344 -2264.7961165048545809 -2214.9922330097087979 -2101.5174757281552047 -1942.1669902912622092 -1761.1135922330097401 -1579.3737864077670565 -1404.2165048543688499 -1245.8359223300969916 -1114.4592233009709616 -1005.4912621359222840 -919.2796116504854353 -846.8689320388349415 -781.7815533980582359 -715.7689320388349188 -644.1262135922330572 -565.7184466019417641 -484.1776699029126121 -403.5378640776698944 -324.3815533980582586 -251.1961165048543592 -184.5961165048543648
-1965.7348449791763869 -2009.1217029153169733 -1951.5122628412771064 -1804.1272559000462934 -1588.5414160111058663 -1326.5145765849144937 -1030.0453493752891063 -728.1707542804257400 -445.4807959278111866 -206.5520592318371200 -27.1744562702452583 89.0384081443775983 152.2447940768162766 177.4905136510874684 188.2799629801018000 183.0106432207311400 168.5141138361869366 149.1864877371587284 132.8269319759370717 116.0541416011106008 99.4585839888940342 86.5691809347524242 82.3373438223044900 92.9759370661730742
1180.4770902220122935 1329.6258856872932483 1421.3613604156826113 1448.2432687765706305 1409.5441662730279404 1311.3419933868681255 1168.6636750118091186 987.3344355219650197 770.0543221539915066 529.1672177609825667 280.3821445441662945 41.8549834671705270 -174.7945205479452113 -355.0982522437411149 -493.7383089277279282 -600.3656117146905444 -663.4803967879074662 -702.4794520547944785 -740.5408597071327677 -792.6249409541804880 -825.3160132262636353 -827.6244685876240510 -789.2616910722721286 -721.0708549834671430
888.8478093774019726 1032.4642582628746368 1168.6041506533435950 1291.0522674865487716 1396.3558800922367027 1480.3612605687933410 1545.8132205995389086 1593.2052267486549226 1622.6902382782475343 1641.2528823981551795 1646.9654112221367086 1639.7947732513450774 1620.4335126825519637 1585.4373558800921273 1540.8216756341275868 1492.5634127594157690 1441.2667179093004961 1386.2190622598002392 1323.1583397386625620 1249.3082244427364458 1160.3681783243657719 1055.2390468870100904 937.6003074558032040 804.7501921598769741
34.3980728858265579 29.1477633632987043 23.5199440167949625 17.0732626365936362 10.8068579426172153 4.5158529364267643 0.3651827528664477 -0.1724713355224202 -0.2684502341605211 -1.6892393820315443 -7.1698336652850303 -18.6222748560047364 -36.6088173547935654 -61.5601012004091075 -91.1151962103676567 -124.0585670452710332 -159.3424126608171321 -195.3924745653227149 -230.0778381870054261 -261.7892017010281620 -288.0520536146848372 -304.8334499650105158 -310.6804650912418424 -304.4414598697313750
-1063.5227848101264954 -1094.5085443037974073 -1080.3414556962025017 -1026.5427215189872641 -945.3427215189873323 -847.9886075949367523 -743.2379746835442802 -647.0183544303797589 -568.1376582278480782 -501.3291139240506595 -453.6984177215189789 -425.7389240506329315 -416.2838607594936775 -423.0718354430379691 -443.6287974683544348 -470.9205696202531612 -495.5775316455695929 -514.4436708860758927 -526.1199367088607914 -527.9477848101265636 -515.9474683544303844 -487.9860759493670912 -448.3515822784810325 -393.8072784810126450
-1.4653328734046223 -1.6363541558035248 -1.7903848159349254 -1.8235959472793344 -2.0390351123482837 -2.5072879982672451 -3.1300287990245232 -3.9923149121188541 -5.2147171839527662 -6.7865262279695484 -8.3970013717641212 -9.8214460479555896 -10.8249356233504734 -11.3579181273414243 -11.4874415395846210 -11.3512037029609250 -10.9568816833390823 -10.3464626936313238 -9.5259311550895660 -8.5222891614590441 -7.3610707782154234 -6.4860777974762751 -5.8399688745918805 -5.5419350698316183
432.5954815095292361 393.4485674618200051 302.4632083806639002 173.1277293954310323 25.8031048845134414 -113.8469014262274328 -230.7899785434809985 -305.3925280827969004 -326.7561529723589615 -301.4035087719298076 -244.0377382304682499 -168.6840843114981681 -92.1377003660229690 -27.1342925659472414 20.8961252050990787 53.0063107408809771 68.4958980184273685 69.6866086078505589 54.0473305566073492 25.6878707560267578 -9.4248390761075349 -42.0301653414110845 -68.1089233876056994 -82.6060835542092633
2306.1593323216993667 2433.1866464339909726 2430.2245827010619905 2297.7185128983310278 2044.3088012139605780 1701.7731411229135574 1302.9575113808800779 891.9157814871016399 530.6487101669196136 252.1479514415781580 92.1972685887708678 30.4643399089529581 31.7814871016691960 62.8376327769347469 109.4294385432473433 156.9984825493171456 176.4203338391502314 150.6069802731411187 100.0326251896813403 23.0068285280728375 -55.1570561456752628 -125.9256449165402074 -198.9506828528072901 -270.8755690440060562
-53.8087937895492203 -64.6751908147954850 -76.5212342618566055 -88.0890469045599787 -99.1235566573162004 -107.2692934959879949 -112.1443668862939518 -113.4567160284428269 -110.6427686085198019 -101.9335899275882298 -84.5282797312283947 -56.0371844216843868 -17.9474199230217231 27.9498988844673484 79.4944223367473484 133.5162763389653549 185.5395002935612183 231.7982908213190569 268.7110705199295353 292.8665927327288045 304.5903190031965551 304.9876051927718663 295.0945919498988701 276.9567486463565729
54.0746841516072294 111.8549496241803922 179.3775787621941333 256.9177994562609797 343.3054533823764700 437.2339676955061805 530.6780745242283501 616.6676795138333773 691.2947385255077961 752.2797057412442427 794.0663681432912426 816.2138173676635233 818.1592835438989368 801.4132416440108955 765.6443307212538230 715.1252198944506517 651.0347033423956873 579.5618103310411016 505.6635215096753768 433.6788741404125744 366.4490644490644513 310.4084439469054928 264.5619702542779237 224.9189189189189051
872.8808900523559942 710.5890052356021442 451.4201570680628492 123.9031413612565444 -247.8219895287958252 -643.3507853403141326 -1020.0431937172775179 -1337.7054973821989279 -1529.3010471204188434 -1651.6086387434554581 -1730.2565445026177713 -1707.0209424083768681 -1553.7107329842931449 -1254.5117801047119883 -833.6780104712041748 -327.5445026178010721 200.0732984293193795 671.6191099476440058 1042.0366492146597466 1295.9410994764398311 1441.6361256544503249 1484.1819371727749513 1427.1308900523561078 1290.1897905759162768
268.1902161006886445 402.9753027784374240 545.4666350035621463 672.7459035858465768 767.0907147945856650 832.9589171218237880 868.1284730467822328 879.1213488482545699 856.1624317264307820 795.1650439325576372 686.7273806696746306 527.6155307527902778 326.1061505580622111 94.0759914509617658 -147.3129897886487640 -355.8905248159582015 -496.3505105675611730 -558.6117311802422591 -541.6518641652813812 -494.4939444312514638 -464.4172405604369374 -469.2156257421040095 -486.5374020422702301 -485.0878651151745657
2813.2544378698225955 2854.9585798816569877 2276.1360946745562615 1291.9467455621302179 148.6390532544378686 -997.4319526627218693 -1642.9289940828402905 -2321.2366863905326682 -2955.6331360946746827 -3521.7396449704142469 -3914.7573964497041743 -4091.6863905325444648 -3951.1420118343194190 -3469.0355029585798547 -2737.6390532544378402 -1879.2189349112425134 -1075.8757396449705084 -458.3195266272189201 -60.8165680473372774 139.1183431952662772 211.3195266272189485 216.3846153846153868 173.4201183431952700 109.7396449704142043
-1670.3061889250814147 -1889.3680781758957892 -1926.2231270358306574 -1737.9218241042344744 -1320.0439739413679945 -719.4983713355048849 -21.5048859934853418 664.3355048859934868 1233.2182410423451984 1605.6026058631921387 1772.4820846905538474 1764.5000000000000000 1620.5130293159609209 1389.1254071661237504 1100.9429967426710846 793.1856677524430097 493.5846905537459293 206.7442996742670971 -50.4967426710097698 -287.3029315960911845 -505.3713355048860194 -672.5993485342019085 -776.3045602605862996 -805.0586319218241442
-954.7137298499166036 -959.5019455252918306 -903.6870483602001514 -798.3351862145636915 -662.1606448026681164 -516.1509171762089636 -368.4405225125069592 -226.9705391884380106 -89.5853251806559143 42.4143968871595334 169.5683713173985439 294.2320733740967285 418.7484713729849659 541.9674819344080561 659.1700944969427383 760.7693162868259833 840.0814341300722390 896.0416898276820348 930.0825458588104766 945.7979433018343798 940.4799888827126324 910.1417454141189864 850.1053362979432677 758.4788771539743948
-1379.1924759405073928 -1387.6824146981628019 -1313.9317585301837426 -1163.3674540682413863 -931.0691163604549274 -633.6841644794400281 -304.5205599300087442 24.9125109361329820 342.9833770778652706 644.4523184601924868 925.8363954505687161 1175.9518810148731518 1384.1268591426071453 1546.6570428696413728 1652.3622047244093665 1701.9711286089238911 1688.6649168853894025 1617.1146106736657657 1487.3219597550305480 1309.9072615923009835 1091.6491688538933431 854.8215223097113267 627.3079615048119422 412.2598425196850371
-263.9791666666666856 -1098.2541666666666060 -1763.6458333333332575 -2334.2833333333333030 -2948.1291666666666060 -3502.9791666666665151 -3894.5666666666666060 -4046.3208333333332121 -3892.2500000000000000 -3420.3499999999999091 -2714.8541666666665151 -1889.7791666666666970 -1116.4749999999999091 -518.2166666666666970 -110.7625000000000028 114.3958333333333286 205.2166666666666686 214.8041666666666742 163.7208333333333314 93.0666666666666629 37.4041666666666686 -1.9250000000000000 -16.1625000000000014 -8.5416666666666661
-161.9788359788359742 18.8095238095238102 275.4559082892416200 574.7601410934744308 874.8871252204585289 1130.9647266313932050 1308.3271604938272503 1395.3783068783068302 1398.7574955908289667 1316.8165784832451664 1141.9753086419752890 885.4400352733686077 572.8915343915343783 228.7548500881834173 -141.6895943562610114 -515.4664902998235902 -869.4911816578483013 -1147.2751322751323642 -1319.5934744268076884 -1384.9126984126983189 -1347.9541446208113484 -1255.7645502645502802 -1126.6111111111110858 -968.4656084656085113
-131.1196476964769602 -121.1517615176151708 -98.7584010840108419 -75.8066395663956598 -64.3303523035230285 -68.6189701897018978 -85.5184281842818450 -108.1044715447154516 -133.2207317073170714 -163.0890243902439067 -198.0857723577235845 -236.6231707317073187 -272.3563685636856349 -300.0104336043360718 -312.3540650406504255 -299.5223577235772154 -252.7869918699186940 -172.1078590785907920 -49.4472899728997319 106.2502710027100221 281.0428184281842618 445.5365853658536821 568.3640921409214570 631.0042005420053783
14.6053447512180714 1.2030119592499631 -12.7072936660268709 -25.8677838476302959 -38.6353905211870696 -53.0810571386387124 -73.9164328953196446 -104.7247157832570537 -147.2327624390964047 -196.2587479698804032 -245.6748855750775249 -290.6652886460947798 -326.7840690978886755 -350.4277277425069883 -356.4215266499335826 -346.3864609478812895 -323.5362468625424412 -288.5189723903735626 -246.2243466706038646 -196.9618337516610040 -145.3569319356267613 -95.2470840100398703 -44.7776465377233137 -1.3005315222205818
-860.2897678417884890 -758.2644024075666493 -566.3533963886500260 -304.0055889939810640 10.8297506448839211 331.7919174548581509 619.4011177987962355 840.0468615649183448 971.6582115219260913 1009.1263972484953229 965.5296646603611634 859.2196904557180233 713.6177987962166753 556.8985382631126413 406.9036973344797730 269.5735167669819248 155.0447119518486545 65.4742046431642279 7.6792777300085984 -19.3981083404987089 -21.8993981083404989 -7.5442820292347381 -0.2016337059329321 1.8895098882201204
-321.0612703766160507 -273.1382799325463679 -206.8060708263069216 -120.4598088813940393 -8.9404159640247336 133.3445756042720518 319.4614952220348414 554.3766160764474762 820.3108487914558964 1085.0994940978077921 1315.0674536256324245 1486.0050590219225342 1583.9331084879145237 1601.2220348510400072 1532.5733558178751537 1379.1686340640808339 1150.7003934794829547 862.8324901630129489 522.0511523327712666 171.8746486790331574 -129.5154581225407640 -374.1832490163013176 -534.4300168634064221 -617.0910623946036822
-973.2542565266742258 -1076.8142262580402075 -1163.2338251986379873 -1215.7264472190693141 -1217.9784335981839831 -1168.1127506621264729 -1077.1346954218690826 -945.5104048429814156 -772.7741203178206888 -573.2451759364358850 -373.8127128263337227 -184.8127128263337227 -14.1914491108588727 138.1312902005296905 275.7548240635641150 401.0998864926220335 515.7495270525917022 617.2523647370412618 707.0264850548619506 782.7029890276201058 840.4396519107075392 876.2024214907302166 885.8528187665531277 862.9481649640559908
-665.3552877866167137 -682.8658165652784646 -661.9274684136639735 -608.4587037903603459 -530.4949695835283592 -449.5310014038371378 -381.6002573701450729 -329.8889798783341121 -288.9447824052409715 -251.7939868975198863 -218.9280533458118896 -190.2365465605989812 -168.2450865699578912 -152.5738184370613055 -141.5071361722040137 -128.7587739822180595 -111.8606691623771638 -92.1843706130088947 -67.9652550304164720 -40.1448291998128184 -12.0588441740758068 17.1587505849321467 43.6589845577912996 64.0546326626111409
-182.8400281888654035 -125.3171247357293936 -82.7639182522903383 -49.6081747709654692 -21.8097251585623688 -0.7322057787174067 7.7406624383368570 22.9964763918252295 30.2219873150105691 29.4904862579281186 49.6328400281888662 95.7843551797040220 177.8505990133897114 315.3446088794926254 520.2360817477097044 805.4693446088795099 1156.9725158562368961 1546.4559548978154453 1928.5024665257224115 2252.8428470754051887 2484.9943622269202024 2605.8372093023253910 2610.8033826638479695 2473.3706835799857799
132.0379487179487228 -16.8415384615384625 -206.7097435897435957 -431.7225641025640925 -699.5815384615384573 -985.2846153846153356 -1220.6584615384615518 -1353.4994871794872324 -1381.5641025641025408 -1295.9400000000000546 -1083.5251282051281123 -778.0369230769231308 -429.4492307692307804 -76.3651282051282010 215.3015384615384562 399.2733333333333121 481.2456410256410209 476.9117948717948821 420.1748717948718195 335.4389743589743489 247.3153846153846018 168.4348717948717820 105.2728205128205161 58.7533333333333303
-1417.9263005780346703 -1379.4991329479769320 -1245.1135838150289601 -1030.8583815028900972 -766.3760115606936552 -476.7924855491329481 -212.0447976878612621 0.8583815028901735 144.7326589595375594 214.6182080924855597 233.5554913294797643 221.1060693641618400 196.4632947976878654 171.5309248554913211 151.8679190751444992 141.6341040462427827 131.3184971098265805 120.2208092485549145 105.8725433526011557 90.8395953757225385 78.7390173410404657 73.6641618497109789 75.9017341040462412 81.3280346820809257
1569.1283422459894155 2006.6016042780747739 2129.3636363636364877 1886.3475935828876118 1309.8850267379680190 476.6016042780748876 -406.8689839572192568 -1214.9331550802139645 -1902.1042780748662153 -2337.1684491978608094 -2372.5481283422459455 -1951.6256684491979740 -1119.9331550802139645 -61.0454545454545467 1012.2352941176470722 1841.8582887700533774 2309.6256684491977467 2333.1256684491977467 1878.1256684491979740 1072.4786096256684687 201.9010695187165823 -571.8877005347593467 -1190.8636363636362603 -1574.9144385026738746
-116.8883632923368054 -105.5070955534531691 -89.3434247871334009 -77.5416272469252590 -75.4503311258278160 -79.9347209082308439 -89.9635761589403984 -116.1920529801324449 -151.2530747398297137 -189.7123935666982106 -234.8505203405865700 -286.1684011352885477 -323.5075685903500471 -329.5335856196783197 -287.2464522232734225 -184.4985808893093520 -5.3623462630085150 256.5742667928098513 587.8178807947019777 964.8230842005676777 1334.5842005676443023 1646.1575212866603124 1854.1390728476822005 1927.5974456007568278
292.6130081300813117 263.1411924119241235 178.6631436314363270 53.4907859078590775 -85.8818428184281828 -222.3913279132791274 -349.1200542005420289 -459.4756097560975832 -545.9032520325202995 -606.6314363143630999 -632.0070460704606603 -608.3894308943089300 -525.0533875338753660 -390.1089430894309089 -218.3596205962059571 -25.1238482384823847 170.1143631436314365 354.6626016260162828 506.8344173441734597 611.2346883468834449 660.5455284552845114 665.3780487804878021 640.0005420054200158 595.2151761517615114
73.1812228410551455 82.5040700165248779 91.4606463063834951 99.0501254666748281 105.0134953179509125 109.1311891792643394 112.2457922761490892 114.0868168186547535 114.6296896994920189 113.4891364220576548 111.2408348124120181 108.3412999571577160 105.1157353571209967 101.3860701389313874 97.6669624824040596 94.5637737927657724 92.5974355835730449 91.6329946753167235 91.2760878878756330 91.3909970010404606 91.3393108513372880 90.2860946202337971 87.6032498928942971 82.2648264887692022
87.4774586265931191 70.0131253566673024 52.5775156933612351 30.2018261365797969 8.5463191934563447 -3.3214761270686703 -6.4030816054784099 -7.5712383488681754 -7.0460338596157506 -4.4964808826326799 5.5204489252425342 21.9581510367129553 41.8696975461289682 60.8932851436180300 76.1637816245006718 79.8179570097013453 55.1634011793798749 -13.5223511508464895 -136.3608521970705851 -313.7991249762221742 -529.4361803309872130 -753.1879398896709290 -942.8295605858854742 -1060.1354384630017194
-1722.6663785652549450 -1802.1953327571304726 -1793.1270527225583464 -1723.2731201382887321 -1589.2152117545376768 -1409.9248055315470083 -1181.3414001728608582 -900.7545375972342754 -590.4909248055315629 -291.3353500432152146 -14.3993085566119277 233.9092480553154587 456.3681936041486438 663.0959377700950199 865.4330164217805077 1055.8038029386343624 1237.4174589455487876 1408.5263612791702599 1556.3431287813309609 1671.8392394122731730 1736.5626620570440082 1735.5920484010371183 1659.4027657735523462 1516.3292999135696846
-1042.0462857142856592 -1178.8337142857142226 -1283.9825714285714184 -1350.6880000000001019 -1374.3585714285713948 -1355.6151428571429278 -1307.3745714285714712 -1240.6500000000000909 -1160.4548571428572359 -1070.2725714285713821 -963.8391428571428605 -843.4131428571428160 -706.9951428571428096 -563.1288571428571004 -424.6120000000000232 -299.2565714285714193 -190.0245714285714200 -96.8605714285714328 -22.8797142857142859 34.5065714285714265 77.2422857142857140 107.9617142857142795 132.0948571428571370 153.4534285714285602
280.9920382165605020 289.8941082802547839 271.5573248407643518 209.0342356687898189 93.5477707006369457 -96.2468152866241979 -354.7444267515923570 -690.8431528662420078 -1063.1783439490445744 -1432.1321656050954516 -1766.5238853503185510 -2043.2611464968153996 -2241.7515923566879792 -2355.7667197452228720 -2389.9275477707005848 -2347.7683121019108512 -2247.7714968152868096 -2093.8877388535033788 -1891.8702229299362898 -1646.4347133757962638 -1368.2898089171974334 -1075.9593949044585770 -804.2404458598725796 -574.6799363057324399
-96.5048086760793922 -109.6374053611622656 -122.3892981379169242 -128.8940045017393174 -125.7384898710865571 -111.0797012482095312 -75.0355023531819114 -20.2375690607734811 51.1897892367505634 130.4492531205238492 203.4714548802946581 262.8043789645999482 300.8552281563331121 313.9260282381829370 301.7735829752404584 266.3894004501739232 212.5001023122570132 142.6901984857786090 65.4505831798649496 -16.2917945569879272 -96.1202169019848611 -165.1450787804378990 -213.6786372007366595 -234.6450787804378990
-138.7066998945653324 -123.4826032780599974 -101.6159302214128246 -71.5928304418671502 -32.2631074475222874 16.8808588133806197 69.0349851432953159 123.2610946036614621 179.5611041886322141 237.2281223042269858 295.3557941148279724 349.1187577877887520 394.0050800345059088 425.4938176938560446 442.6842710629732665 446.2789226492859029 439.6006901178951125 424.9340554011310473 402.3201380235790339 373.6675932138406893 337.6877216524489427 295.6114252851529045 248.2204543276143056 195.1996549410524437
1440.4475524475524253 1430.5585664335665115 1344.5751748251748268 1192.1005244755244803 994.9641608391608543 802.8592657342657049 656.8050699300699762 551.9204545454545041 489.9152097902098149 464.3068181818181870 468.0576923076923208 475.4265734265734409 450.4895104895105078 387.7945804195804271 267.3103146853146654 73.7805944055943996 -187.1424825174825060 -493.7578671328671476 -843.4877622377622401 -1183.3382867132866068 -1465.2631118881117800 -1665.4746503496503465 -1756.5445804195803703 -1746.2150349650348744
788.4929797191887246 953.6259750390015597 1116.8209828393135012 1268.2472698907956783 1387.7562402496100731 1467.2667706708268724 1500.6376755070202762 1484.5226209048362307 1418.7648205928237530 1307.9953198127925589 1160.5475819032760683 993.0752730109204549 816.1895475819032981 626.3334633385335337 427.4676287051482291 238.8822152886115475 77.2004680187207555 -57.5206708268330758 -171.7730109204368034 -273.6251950078003006 -362.0175507020280747 -439.2503900156006011 -496.0542121684867425 -520.9609984399376117
47.6221552878179395 37.0128848728246354 29.1839022757697464 23.3171017402945111 15.3525769745649256 -0.2612115127175368 -29.0138888888888893 -74.6519410977242330 -141.2334337349397515 -230.5637550200803219 -343.1489290495314322 -468.5649263721552984 -596.9059571619812914 -718.3596050870147565 -817.1355421686746467 -883.0858433734939581 -901.7332663989290040 -863.9116465863453413 -778.3462182061579142 -650.7663989290495010 -501.8152610441766797 -348.0030120481927725 -205.7904953145917091 -83.9133199464524751
-92.9235784523300623 -165.4777682770414629 -250.9359769132107658 -338.8285592133390196 -419.5380504489098143 -477.7035057716972801 -512.1737922188970060 -523.3423471569046797 -519.6567977768277160 -501.8978195810175293 -465.2456177853783856 -410.2619709277469155 -341.2215690466011324 -265.6995510902094679 -189.1766780675502275 -118.0160324925181641 -56.7808892689183438 -2.9081872595126121 36.5294997862334299 62.6587216759298826 79.8458743052586613 90.6166096622488197 98.3950406156477158 103.6747541684480609
1237.8206599713055311 1556.4548063127690511 1855.7862266857962368 2111.4777618364419141 2296.6642754662839252 2385.1779053084646876 2371.3199426111909816 2261.4748923959828062 2070.8335724533717439 1819.0688665710185887 1515.3385939741749553 1156.6154949784790915 769.4849354375896837 353.7489239598278346 -64.0530846484935381 -475.4203730272596999 -861.4619799139168208 -1155.0588235294117112 -1358.8622668579625952 -1463.4576757532281590 -1477.7647058823529278 -1422.4203730272597568 -1322.3859397417504624 -1173.8751793400288079
28.0992366412213741 -761.2137404580153088 -1477.4961832061069344 -1961.3931297709923456 -2091.0229007633588481 -1855.1564885496184161 -1246.0877862595418719 -365.1641221374046040 612.6793893129771504 1444.8740458015267905 1975.7748091603052671 2108.7175572519086018 1691.0458015267174687 798.8549618320611216 -195.8015267175572660 -1064.1335877862595680 -1744.1259541984732095 -2069.6641221374047745 -1972.5343511450382721 -1481.1564885496184161 -667.0534351145038272 308.4656488549618416 1177.0496183206107617 1756.0763358778626753
-1211.2463343108504432 -436.0175953079178726 484.5395894428152701 1369.3577712609969694 2059.0058651026392909 2417.4105571847508145 2297.1700879765394347 1660.9002932551320555 741.2492668621700886 -201.0410557184750644 -1064.8064516129031745 -1791.5923753665688309 -2248.3284457478007425 -2304.0175953079178726 -1907.4076246334311691 -1130.7624633431084931 -110.8269794721407635 881.3167155425220471 1638.8269794721406925 2050.3636363636364877 2092.4545454545454959 1788.3313782991201606 1219.0527859237536177 508.6011730205278809
179.5751995089011643 203.9607120933087856 211.6132596685082774 192.5273173726212406 150.6335174953959495 92.4892572130141133 18.2713321055862501 -70.7213014119091525 -191.8342541436464046 -352.6464088397789851 -556.7906691221608071 -794.3394720687538211 -1041.0319214241865211 -1243.4818907305095763 -1365.4898710865561497 -1360.0724370779619221 -1213.8987108655617249 -919.6347452424799940 -511.9515039901780256 -50.6949048496009809 384.0159607120933174 725.6813996316758448 929.1632903621854211 959.6390423572744339
-1183.3753086419753799 -1782.9876543209877582 -2253.3135802469137161 -2581.9950617283952852 -2658.0543209876541368 -2394.4888888888890506 -1738.9135802469136252 -765.5012345679011787 353.6296296296296191 1405.9086419753086830 2213.5481481481483570 2717.7407407407408755 2928.9876543209875308 2734.7851851851851279 2113.2617283950617093 1203.4790123456789388 226.2543209876543244 -692.4370370370370438 -1458.6395061728394467 -2063.6765432098763995 -2463.2938271604939473 -2553.6345679012347318 -2333.3209876543210157 -1836.0098765432098844
38.8806628645216819 34.6458624771333277 31.0680081781986459 30.1041644248358971 28.4616377918863677 25.7849994619606164 20.1978908856128285 9.8933605939954798 -5.3824383944904763 -29.3779188636608204 -63.6502744000860829 -109.8577423867427143 -170.6387603572581497 -245.5353491875605414 -332.1319272570752332 -424.5319057354998336 -516.6736253093725963 -602.6464005165178150 -672.8488109329603049 -720.2272678360055806 -740.4971483912622716 -731.0500376627569494 -695.3517701495749179 -639.2950607984504359
1732.8513513513512407 1786.6142506142505226 1726.4828009828008817 1547.3697788697788837 1236.7235872235871739 798.7272727272727479 286.4520884520884465 -245.0405405405405475 -760.4287469287469321 -1195.7653562653563313 -1488.6031941031940278 -1615.2542997542998364 -1558.9557739557740206 -1402.5135135135135442 -1200.0442260442259794 -922.3304668304667757 -583.7997542997543405 -226.7248157248157270 111.2027027027027088 381.5896805896805972 563.9496314496313971 657.5307125307125489 684.9692874692874511 664.1670761670761749
-404.9981695039355714 -499.4645799011532290 -596.3611568735127548 -688.9137836353652347 -767.5529928610653769 -821.6108365367014130 -850.1969613765330678 -856.9762035511623708 -848.3624382207577810 -825.1645615961925841 -785.1006772835438596 -731.8180486911952585 -666.4839831594362067 -593.6102873878820674 -518.2732930624199525 -442.5842943437671693 -366.4184514003295021 -290.9943254622002655 -219.6478125572029967 -153.4303496247483167 -93.3785465861248412 -41.1065348709500284 2.3477942522423576 36.9049972542559033
-3122.0408921933085367 -3631.0260223048326225 -3935.7806691449814025 -3990.2081784386618892 -3729.3271375464682933 -3176.8550185873605187 -2435.3420074349442075 -1633.5167286245352898 -902.0929368029740090 -354.9070631970260479 0.8252788104089219 189.8513011152416254 270.6282527881040778 269.8921933085501905 226.7992565055762100 159.7732342007435022 115.5576208178438691 98.1189591078066883 95.5539033457249047 116.0185873605947933 163.5799256505576125 228.4609665427509242 306.3828996282528010 394.7397769516728658
36.3870025556772561 -3.5622489959839356 -50.7656078860898106 -105.5503833515881666 -167.5969331872946384 -241.8415480102227093 -332.1535231836436424 -436.6825483753194703 -558.2625045637093990 -687.9592917123037523 -801.4795545819641802 -876.2376779846659929 -892.7143117926250397 -847.1694048922964839 -750.7029937933552901 -616.5962029937933266 -456.7820372398685436 -305.5334063526834711 -160.8028477546549766 -38.4459656809054380 56.6119021540708260 123.3537787513691057 167.0242789339174863 193.0146038700255531
78.1308270676691734 -45.1759398496240578 -222.8109022556390926 -446.0071428571428669 -698.9124060150376181 -959.9466165413533645 -1186.1954887218046224 -1355.4022556390978025 -1454.4120300751878858 -1487.9676691729323466 -1469.7045112781954685 -1411.8860902255639758 -1319.9766917293234201 -1188.7105263157893660 -1009.2740601503759308 -789.8913533834586360 -556.7011278195489012 -330.6360902255639189 -140.3499999999999943 9.8007518796992485 122.3928571428571388 208.9984962406014972 275.1462406015037345 323.0639097744360697
1237.7554955649825388 1213.9521789433088088 1117.1515618974160589 952.8546085615117818 733.3625144620131096 486.1484766679521954 226.1226378711916709 -27.0917855765522546 -255.1743154647126914 -455.6625530273814206 -615.8272271500193256 -728.9645198611647174 -793.5549556498264110 -825.6309294253760527 -857.5499421519475618 -897.5831083686849752 -927.8565368299267675 -929.9178557655225177 -904.9996143463170029 -851.0559197840339039 -781.6872348630929537 -697.4940223679136579 -603.1210952564597392 -499.2452757423833418
1252.5459940652820023 1859.7507418397626680 2322.1691394658755598 2622.6765578635013298 2743.0385756676560050 2540.9287833827893337 1725.6498516320475574 744.0534124629079997 -191.0771513353115836 -1023.8130563798220010 -1769.0029673590504444 -2393.4777448071217805 -2869.6468842729968856 -3214.2700296735906704 -3335.5192878338280025 -3182.4362017804155585 -2651.4213649851631089 -1777.5816023738873355 -715.4272997032641115 352.4658753709198891 1260.0504451038575553 1890.8813056379822228 2200.7359050445102184 2230.0593471810088886
-433.1627165627165823 -462.1100485100485002 -479.2690228690228764 -485.5305613305613406 -479.1901593901594083 -462.3654885654885902 -435.2365904365904612 -399.8457380457380737 -355.9589743589743307 -304.1259875259875116 -244.0536382536382405 -175.6544698544698520 -96.2031878031878023 0.0220374220374220 111.6220374220374225 228.5600831600831668 342.1918225918225858 445.1227997227996980 530.6708246708246861 597.0820512820513386 644.0500346500346041 670.6514206514206080 678.4304920304920188 663.7557865557865853
27.2060606060606069 24.0527009222661405 10.9881422924901191 -8.2774703557312250 -27.8447957839262195 -40.6758893280632421 -42.9420289855072497 -37.6313570487483560 -25.6869565217391305 -1.5507246376811594 40.2329380764163389 99.6361001317523005 182.3509881422924934 291.1528326745718118 425.0479578392622102 583.4476943346508051 759.0268774703557710 936.7591567852437038 1102.8184453227931954 1239.9293807641633975 1335.2042160737812537 1377.9517786561264074 1365.6221343873517071 1305.8039525691699509
1541.5263157894737560 1777.0953058321479148 1930.8179231863441601 1985.4822190611664610 1940.4679943100995843 1822.4423897581791607 1612.3655761024181174 1292.5519203413939522 869.5590327169275042 359.6273115220483874 -184.4025604551920310 -714.4751066856330226 -1198.2275960170697999 -1575.5021337126599974 -1752.6073968705547941 -1754.8591749644381252 -1646.5163584637268741 -1465.3741109530583344 -1196.5007112375533325 -809.8378378378378102 -384.7652916073968754 29.4039829302987208 372.0839260312944248 594.0810810810810381
692.8339237788512719 724.9479334406870521 733.7719806763285533 719.7570585077831993 685.2237251744497826 634.1630703166935064 573.0893183038110692 504.8699946323134782 435.1116478797638365 363.5782071926999492 294.0917874396135403 232.0103059581320508 177.2587224906065444 132.3859366612989845 97.4776167471819690 74.0003220611916248 59.8655931293612440 50.7827160493827137 43.2303811057434260 36.0996242619431058 29.8761137949543745 22.8712828770799774 15.8925389157273216 6.3743424584004291
