-1684.9405737704917101 -1902.5840163934426528 -2178.0969945355191157 -1695.2322404371584526 -1407.4282786885246423 -1162.7001366120218790 2679.6502732240437581 4047.5662568306011053 964.2356557377049739 504.0198087431693921 821.5689890710382315 337.1079234972677341 256.9651639344262435 30.3442622950819683 35.9658469945355179 45.3449453551912569 -11.5703551912568301 6.7042349726775958 18.2377049180327866 28.0307377049180317 1.8681693989071038 -44.6967213114754074 -76.1229508196721270 -109.2076502732240471
-1262.9805589307411537 2336.0024301336575263 4153.5990279465368076 976.3147023086269201 250.0546780072903914 715.1075334143378086 269.7187120291616225 254.0528554070473888 83.6549210206561327 65.1682867557715610 70.2102065613608772 20.8681652490887011 52.0206561360874815 48.0230862697448373 33.1980558930741196 17.6263669501822591 -8.0850546780072907 -37.5899149453219934 -65.1713244228432558 -76.4052247873633092 -63.4696233292831096 -73.8863912515188304 -126.3712029161603851 -151.1518833535844522
2181.6382868042310292 911.1121900468181138 1.3535633778394311 17.6847581064678359 -52.0738685625108388 -22.0631177388590238 11.8652679035893875 17.3346627362580215 45.3324085312987677 34.8744581238078695 47.8794867348708166 43.8347494364487602 23.4203225247095546 20.0549679209294247 6.1421883128142882 -9.9623721172186581 -17.0022542049592502 -11.4763308479278656 0.9812727588000694 5.0927692040922494 16.5635512398127283 18.3225247095543615 3.7473556441824174 12.5032079070573960
-43.0221565731166891 -62.3884785819793208 -97.3545051698670676 -112.9217134416543615 -142.7429837518463671 -261.4254062038404527 -518.8064992614475841 -865.5716395864105834 -518.5612998522894941 508.2880354505169862 683.2644017725258436 207.7887740029541987 261.3500738552437497 544.8714918759231978 716.3042836041358896 1052.3057607090104284 1417.8552437223042944 1657.2776957163957832 2048.3441654357461630 2245.9911373707532221 2843.2274741506648752 1974.6070901033972405 -2477.3648449039883417 -4360.1669128508119684
-159.2928813559321952 -121.1511864406779608 -88.7776271186440624 -107.1877966101694852 -180.5484745762711896 -334.0630508474576459 -641.3328813559321588 -1272.4488135593219340 -2240.1545762711862153 -3226.2264406779659112 -3771.2915254237286717 -3095.9261016949153600 -1563.2427118644068287 -697.6454237288135118 -475.0799999999999841 -291.1783050847457730 -279.8298305084745721 -360.7450847457627106 -414.6298305084745834 -470.5484745762711896 -530.9044067796610307 -607.2142372881355641 -652.0569491525424155 -553.0725423728813439
-65.4044032444959385 207.5874855156430954 548.3151796060254810 782.8679026651216191 1128.5017381228274189 1416.1042873696408151 1642.0973348783313668 2034.6906141367323926 2326.8099652375435653 2714.9177288528389909 1074.9142526071841530 -3139.2734646581693596 -4037.8296639629202218 -1629.8852838933951261 -698.6581691772885279 -348.9872537659327918 251.5758980301274619 308.8783314020857347 248.4866743916570044 211.6593279258401026 156.5052143684820294 85.1587485515643152 5.4368482039397454 -20.7334878331402095
-89.1551362683438100 -83.6981132075471663 -93.2704402515723245 -70.3899371069182394 -37.7337526205450757 -43.6918238993710659 -60.1320754716981156 -50.5597484276729574 -26.5345911949685522 -49.7945492662473796 -90.0335429769392022 -108.2222222222222285 -175.4884696016771386 -325.0461215932913888 -557.9580712788259689 -1237.4234800838573847 -2800.3962264150941337 -5077.9119496855346370 -7193.7379454926622202 -6788.2348008385743015 -3619.4255765199159214 -1521.6540880503143853 -1317.4675052410900662 -1024.5241090146751048
-39.4345351043643291 -80.2409867172675462 -130.9639468690702131 -244.7722960151802738 -432.7647058823529278 -757.5996204933586569 -1694.5635673624287847 -3407.8425047438331603 -5439.3624288425044142 -6851.1688804554078160 -5960.2808349146107503 -3365.4573055028463386 -1933.9886148007590236 -1731.7476280834914633 -1434.3206831119543949 -1215.7798861480075630 -1158.5142314990512205 -1047.4990512333965853 -785.2922201138519540 -340.6698292220114013 78.1176470588235361 582.3795066413662198 991.1518026565464652 651.1461100569259770
730.4178690344061806 1017.6044395116537089 1092.0203107658157933 791.6065482796892638 403.3225305216426477 139.5932297447280916 50.7170921198668125 31.9379578246392910 25.0709211986681453 22.6830188679245275 18.4960044395116547 16.5603773584905660 11.5698113207547166 8.1578246392896787 4.8427302996670365 3.1200887902330745 5.0342952275249724 0.3734739178690344 -2.6973362930077691 0.1426193118756937 0.5371809100998890 -0.5256381798002220 -1.8699223085460599 5.4288568257491674
3511.3896816684959958 3906.8858397365534074 3560.9121844127330405 2714.9593852908892586 1958.2019758507135521 1419.8638858397364402 911.0976948408342651 415.6948408342480548 -120.8540065861690493 -713.1591657519209093 -1291.8419319429199277 -1636.4533479692645415 -1527.8210757409440248 -977.8057080131723069 -78.3787047200878106 1045.3765093304061793 2070.9286498353458228 2284.8035126234908603 1613.1942919868276931 964.9527991218441230 627.1909989023051821 388.1778265642151382 226.9604829857299535 99.5181119648737678
1043.4601518026565827 2044.1214421252370812 3672.5132827324478058 4957.0711574952565570 4804.0199240986721634 3439.2352941176468448 1911.8206831119543949 888.8149905123340204 315.9250474383301821 -43.1944971537001905 -201.1043643263757019 -272.7514231499051220 -332.8064516129032313 -288.2931688804554256 -189.3320683111954565 -80.3614800759013264 36.4715370018975307 295.3662239089184141 705.5474383301707348 747.6612903225806122 401.7068311195445744 202.0977229601517990 172.2713472485768591 153.3681214421252434
-251.2803970223324939 -430.7105045492142494 -361.9106699751861242 -828.0314309346567825 -1323.7278742762614456 -1591.6964433416046631 -1934.7088502894955582 -2091.3755169561623006 -2210.6261373035567885 -1541.1422663358146110 -1504.1555004135648232 -778.5136476426798708 3507.1199338296114547 3926.6236559139783822 756.6923076923077360 674.3002481389578406 752.6244830438379267 290.4433416046319394 228.5847808105872616 13.1042183622828787 55.0744416873449154 24.6319272125723749 -2.4441687344913152 27.6650124069478913
203.6425908667287956 146.0438024231127656 114.4389561975768856 90.7232059645852758 72.3560111835973885 61.1849953401677524 40.9305684995340187 19.3275862068965516 6.8289841565703631 35.5885368126747466 88.2232059645852758 75.6551724137931103 30.4613233923578761 24.3438956197576886 15.4832246039142589 17.0824790307548930 54.1989748369058688 166.8504193849021533 895.9543336439887753 2396.0219012115562691 3227.1868592730661476 2175.0288909599253202 432.6160298229263503 -420.3294501397949716
-9.7879772542648258 -41.3663688058489001 -38.9512591389114533 -3.6149471974004874 22.0398050365556450 36.5467099918765257 72.0016246953696140 197.8919577579203803 532.2282696994313937 1330.1039805036555208 2863.4004874086108430 4518.6823720552392842 4803.7367993501220553 3445.1177904142973603 1853.2818846466286686 916.2867587327376668 411.7879772542648311 72.3021933387489781 -156.5353371242891853 -327.9277010560520011 -468.5922014622258303 -505.0300568643379506 -423.2453290008123759 -286.8895207148659665
26.3395247200218527 18.0732040426113088 14.8362924519712287 5.4784667212965488 8.0161158153509966 6.6773194937630880 3.4261130838568699 -3.2994628061549669 -9.7403259582991897 -16.2678685240826724 -22.9468269143221342 -27.4177365018665213 -30.7098242738778104 -28.9856141309296191 -28.9748702540289536 -45.8721660748429372 -72.5944641719020325 -106.2406446326140355 -173.6749521988527647 -290.3957024492397068 -474.4176454520622883 -744.0328689793317380 -1031.2619502868069503 -1169.1246471820086299
50.0626833822352637 31.4897305948252857 8.2734062416644445 -12.2843424913310209 -34.1261669778607626 -65.5804214457188550 -77.8861029607895432 -54.8943718324886660 -4.2926113630301410 32.6484395838890364 8.4662576687116573 -48.0205388103494286 -92.2304614563883689 -96.3022139237129835 -76.4979994665244050 -204.1851160309415718 -616.8066150973593267 -1275.8292878100826329 -2101.3072819418512154 -2335.9973326220324452 -1222.8151507068550927 -70.7543344891971202 -54.3104827954121134 -138.3630301413710413
-61.2087132725430578 -130.4741641337386113 -280.1388044579533698 -493.2543059777102599 -844.6980749746707033 -1613.9544072948328903 -2798.6616008105370383 -4179.3485309017223699 -5025.6555217831810296 -3874.8682877406281477 -1670.6656534954406652 -653.6261398176292232 -342.2644376899696113 -6.0770010131712260 64.4903748733536020 53.3505572441742686 98.0466058763931159 187.6859169199594817 251.9290780141843982 212.7892603850050648 143.2522796352583612 -100.3201621073961434 -442.2593718338399071 -446.8510638297872219
86.6627783669141110 60.1320254506892908 47.3881230116649022 38.6675503711558832 44.7465535524920455 41.2539766702014816 44.8449098621421030 93.9809119830328683 192.2128844114528192 359.5082184517497126 702.9541357370095511 1384.1333510074230162 2009.4718981972428082 1824.8862672322375147 1042.2746553552492514 451.7717391304348098 210.0532873806998850 110.0670731707317032 73.0662778366914125 55.5204135737009565 37.6137327677624569 49.4557264050901395 58.4400848356309623 52.7179215270413550
2198.7755856966709871 2649.5363748458694317 2066.0147965474720877 -1958.0715166461159242 -4531.4192355117138504 -2287.9210850801478045 -673.7805178791614935 -602.5548705302096550 1.3008631319358817 252.4796547472256520 188.5055487053020897 175.2194821208384781 121.3218249075215738 79.2589395807644905 25.2071516646115903 -14.3588162762022193 -35.0986436498150454 -55.4241676942046837 -67.2256473489519095 -63.5980271270036965 -98.0308261405671999 -259.2404438964241535 -367.4155363748458853 -107.3859432799013547
-168.9561699258260319 -139.1362103843560476 -66.2703978422117359 59.4949426837491586 294.4612272420768591 731.8975050573162662 1623.1085637221847264 3068.2461227242079076 4278.5610249494266100 4046.7262306136208281 2627.8867161159810166 1383.8267026298044584 683.9669588671611109 250.6244099797707463 7.0728253540121377 -151.8792987188132031 -282.5859743762643461 -380.6486850977747736 -375.2083614295347047 -265.0269723533378396 -155.3985165205664316 -33.0020229265003380 148.9534726904922479 438.1807147673634404
60.7448692152917502 58.9287726358148873 58.9794768611670008 50.4378269617706252 30.6144869215291742 11.4953722334004027 -1.6108651911468812 9.8861167002012067 74.5859154929577528 273.6406438631790934 673.9287726358148802 1179.2869215291750606 1640.7967806841045331 1918.3175050301811098 1961.0490945674043815 1879.3247484909456944 1795.2012072434606580 1771.1010060362173135 1780.0752515090543966 1782.4511066398390540 1698.9718309859154033 1488.0301810865191783 1191.0229376257545937 793.9883299798792677
1464.0190735694823161 1784.0125340599454375 2057.8863760217982417 2270.1555858310625808 2037.9332425068118937 1272.9667574931879699 501.7438692098092474 63.5174386920980893 -111.4133514986375957 -157.9242506811989131 -141.3100817438692047 -83.5959128065395163 -9.7760217983651234 36.3773841961852895 50.9498637602179869 47.8722070844686627 31.7629427792915529 34.8348773841961830 32.4204359673024527 17.6215258855585830 13.8888283378746600 4.8694822888283378 5.2149863760217983 14.5405994550408728
261.8306818181818016 538.1159090909090992 947.5892045454545496 1667.1238636363636942 2672.0937500000000000 3551.3823863636362148 3320.8954545454544132 1884.6261363636363058 674.4698863636364194 173.0232954545454618 -66.1630681818181756 -129.7874999999999943 -116.2357954545454533 -86.9784090909090963 -15.8011363636363633 72.1045454545454589 114.2539772727272691 83.3017045454545411 51.2556818181818201 42.1170454545454547 5.0687499999999996 -15.9545454545454550 0.7784090909090909 13.3659090909090903
-61.4053497942386812 -97.6076817558299012 -133.3303612254229620 -120.3447645176040197 -38.5427526291723836 121.5553269318701410 375.3063557384544993 860.0226337448559661 1524.3587105624142168 1696.9631915866484633 1166.0884773662551197 586.0018289894833288 284.7027892089620309 135.9234110653863752 77.5262917238225810 64.6584362139917630 49.2361682670324612 40.7734339277549154 46.8836305441243724 52.5342935528120734 37.8772290809327856 21.5397805212620028 22.8802011888431629 26.1186556927297673
249.1837951595931315 206.8632058926692423 183.2455278849526508 152.0315678709224869 144.0985619081024254 132.1367941073307577 107.3405822518414539 92.1024202034373900 79.5268326902841096 41.4777271132935823 4.3528586460890919 54.3798667134338842 115.0690985619081061 80.3570676955454246 44.7530690985619088 35.1073307611364456 9.6934408979305502 -8.5833041038232203 -28.9670291125920727 13.9396702911259212 143.1802876183795092 723.4787793756576093 2435.3184847421957784 3736.1529287969133293
-54.0423412204234097 -28.2528019925280205 24.3349937733499360 55.5280199252801978 105.4981320049813149 228.7496886674968835 553.4993773349938238 1481.7957658779575922 3351.9402241594020779 5337.6550435865501640 5598.0373599003733034 4128.8306351183064180 2644.9750933997511311 1704.8642590286426639 1118.1519302615192828 759.1793275217933115 469.2266500622665149 237.5803237858032446 0.3798256537982566 -189.6861768368617618 -284.0896637608966557 -369.3885429638854134 -348.8306351183063612 -81.8231631382316351
-219.8615984405458050 -236.7128005198180745 -201.2241715399610200 -109.4795321637426895 -35.5614035087719316 25.5724496426250809 81.2910981156595227 -40.2352176738141623 -355.8096166341780417 -658.9519168291097913 -988.5925925925926094 -1536.4431448992852438 -2208.4515919428199595 -2691.2053281351527403 -2263.0207927225469575 -728.4476933073424334 702.4782326185835473 1288.4886289798571397 1357.2241715399609348 1386.8427550357375821 1490.0701754385963795 1349.4074074074073906 1001.3742690058479639 654.0519818063677349
-285.8219178082191547 -523.5707762557077558 -1116.0273972602740287 -2353.9360730593607514 -4365.4155251141555709 -6352.2374429223746120 -6704.1050228310505190 -4952.8949771689494810 -2520.3607305936075136 -945.3789954337900099 -186.2831050228310517 340.8995433789954177 693.4155251141552299 959.7351598173515868 1221.7442922374430054 1568.5981735159816708 1930.0593607305936530 1983.3059360730594562 1280.6621004566209194 -520.5296803652968265 -2354.5525114155252595 -2702.8630136986303114 -1747.9132420091323183 -754.4292237442922442
10.4751703992210317 -3.9737098344693282 -4.4787406686140860 -25.5469003570269386 -46.4693281402142162 -62.4667315806556331 -76.4839337877312602 -103.6514118792599817 -130.1914962674456433 -136.4128529698149919 -120.5654008438818607 -88.9227523531320969 -73.4079844206426486 -65.5245050308341490 -30.8889970788704957 -14.3580006491398890 -129.3966244725738477 -423.2434274586173046 -909.0318078545926710 -1603.1223628691982412 -2402.6166828951641037 -3109.2745861733201309 -3076.6721843557288594 -2099.6832197338526385
1708.6036240090600131 2058.6579841449602100 2359.6036240090602405 2651.8233295583240761 197.0192525481313623 -3787.2151755379386486 -3432.8425821064552110 -1102.3963759909399869 -659.2468856172140477 -266.3374858437146031 239.6749716874292062 225.6715741789354581 213.7293318233295452 157.5277463193658036 87.0000000000000000 67.8720271800679456 13.1347678369195915 -27.7678369195922983 -48.9150622876557222 -66.2174405436013558 -62.2876557191392948 -75.9263873159682845 -184.0339750849377083 -358.9207248018120140
-4817.1599229287094204 -6073.3121387283235890 -5627.0019267822735856 -3567.0231213872830267 -1967.7109826589594377 -1710.0789980732176900 -1737.2601156069363242 -1654.9248554913294811 -1714.5028901734103783 -1784.4547206165702846 -1654.6281310211945765 -1269.9421965317919785 -796.7321772639692199 -203.8323699421965216 675.3988439306358487 1243.0346820809247674 1059.5510597302504721 713.8921001926781855 588.1271676300577838 506.8651252408477603 363.8786127167630298 219.9499036608863207 122.4527938342967275 51.0385356454720593
2591.1403846153843915 2661.1028846153844825 1541.0076923076921958 25.0288461538461533 -989.8403846153846644 -1583.2163461538461888 -2025.3288461538461434 -2325.2673076923078952 -2393.7778846153846644 -2304.7548076923076223 -2112.1346153846152447 -1667.8365384615385665 -1355.6105769230769056 -164.2471153846153982 2070.0221153846155175 2307.0326923076922867 1018.2740384615384528 507.8625000000000114 291.2365384615384869 144.1336538461538339 112.3865384615384642 49.3403846153846146 53.4365384615384613 57.3884615384615415
-1758.0975155279502360 -2073.6565217391303122 -1658.7850931677019162 -1451.8751552795031330 -1104.5571428571429351 2684.1484472049687611 3855.0627329192548132 868.9018633540372321 503.4304347826086996 825.1192546583851026 367.1192546583851026 277.3478260869565020 56.2633540372670780 53.2099378881987590 47.7993788819875789 -9.2465838509316765 2.7664596273291924 15.5031055900621126 35.6304347826086953 7.5732919254658384 -40.9322981366459615 -68.3739130434782538 -100.4037267080745295 -122.9521739130434810
81.2278260869565258 241.5165217391304395 574.6817391304348348 1189.4086956521739467 2253.7026086956520885 3591.2086956521739012 4601.2817391304351986 4825.1947826086952773 4441.7060869565220855 3892.6747826086957502 3448.5130434782608972 3248.9043478260869051 3126.1060869565217217 2881.3982608695650924 2465.8573913043478569 1852.5234782608695241 1221.6191304347826190 641.0156521739130540 75.0469565217391334 -310.9669565217391209 -454.6208695652173901 -427.2591304347826053 -242.7339130434782533 40.4747826086956550
59.9516233766233739 41.7597402597402620 28.0155844155844171 14.3451298701298704 4.5178571428571432 2.3483766233766232 -2.6113636363636363 -13.9685064935064940 -31.5474025974025984 -58.7399350649350680 -75.3308441558441615 -76.4383116883116855 -155.6051948051947988 -429.1155844155844079 -960.3103896103896204 -1566.6990259740259717 -1784.3548701298700507 -1476.0980519480519888 -1096.8704545454545496 -1100.8256493506494280 -1372.4503246753247367 -1562.2512987012987651 -1685.9496753246753542 -1604.3681818181817107
1392.6271739130434071 1612.3608695652173992 1965.4793478260869506 2245.2619565217391937 2620.3695652173914823 1779.6086956521739921 -2080.8239130434781146 -4253.2032608695653835 -2271.0500000000001819 -826.2347826086956957 -540.3217391304348212 158.9228260869565190 426.5836956521739012 296.0456521739130267 245.3815217391304486 206.9402173913043441 141.1750000000000114 55.7695652173913032 -11.0239130434782613 -37.2586956521739125 -55.7967391304347800 -66.6282608695652243 -59.6826086956521706 -105.4967391304347757
113.9282758620689719 79.3496551724137902 20.1213793103448282 -30.2917241379310340 -65.5896551724137993 -87.1800000000000068 -85.9275862068965495 -72.0579310344827633 -52.4241379310344797 -12.5779310344827593 102.2144827586206901 315.5482758620689765 717.8344827586206520 1636.4593103448275997 3204.0199999999999818 4554.7427586206895285 4389.7193103448271359 2942.1358620689657073 1601.5427586206897104 812.2586206896551175 324.8848275862068817 58.5682758620689654 -105.2393103448275866 -257.3075862068965307
141.9610927152317856 160.2475165562914015 149.6150662251655490 124.5844370860927199 106.8526490066225136 94.0314569536423903 70.5298013245033104 31.4561258278145708 16.8700331125827816 9.7615894039735096 -22.3667218543046360 -37.0993377483443680 -16.8650662251655632 31.2607615894039732 95.1639072847682144 157.1622516556291487 267.8642384105960446 629.5629139072847238 1604.9685430463575813 3444.2110927152316435 5186.0488410596026370 5240.1026490066224142 3868.0488410596026370 2467.3071192052980223
-26.6009259259259245 -46.3935185185185190 -89.5361111111111114 -144.6555555555555657 -142.5555555555555429 -133.8351851851851961 -357.0731481481481637 -719.0175925925925640 -1088.2601851851852643 -1221.0379629629628653 -598.0287037037037408 -131.2018518518518420 -608.2305555555556111 -1075.0425925925926549 -1353.0055555555554747 -1708.5592592592593064 -1995.3370370370371347 -2029.0342592592592155 -1471.2583333333334394 -1514.2259259259258215 191.3388888888889028 3967.5620370370370438 3140.6898148148147811 579.5499999999999545
5344.7553459119499166 3090.3974842767297559 395.6012578616352471 683.4440251572326588 409.0861635220125549 113.4647798742138320 49.6572327044025172 -64.8503144654088004 3.5836477987421382 -24.9628930817610062 34.3106918238993686 77.7433962264151006 95.6333333333333400 155.6566037735849193 121.4911949685534580 47.9251572327044002 2.1062893081761005 -43.9044025157232696 -42.5559748427672986 -23.6389937106918246 -53.0805031446540880 -117.0698113207547237 -167.2823899371069274 -146.3308176100628941
-1065.8923076923076678 -2325.3826923076921958 -4322.7519230769230489 -6459.7076923076920139 -6908.1730769230771330 -4643.7711538461535383 -2215.0903846153846644 -1534.8692307692308532 -1353.2365384615384301 -1013.4500000000000455 -917.4634615384615017 -918.0730769230768828 -787.0538461538461661 -496.3269230769230944 -164.9115384615384698 120.2730769230769283 432.3096153846153697 429.8269230769230944 64.5096153846153868 -110.7423076923076906 -23.1269230769230774 130.0480769230769340 198.8442307692307622 166.8865384615384642
83.4171821305841945 54.2862542955326433 31.8120274914089336 24.0632302405498280 18.7859106529209612 15.6948453608247416 30.1175257731958759 28.4415807560137459 23.7580756013745713 58.7835051546391725 105.4570446735395137 189.8158075601374435 456.9106529209622067 1249.0835051546391696 2251.4075601374570397 2222.1683848797251812 1206.2567010309278430 436.6395189003436599 135.0017182130584104 -5.0604810996563572 -22.2168384879725096 -18.6065292096219927 -38.1972508591065321 -19.5865979381443296
-81.2938856015779123 -83.7652859960552263 -75.9960552268244527 -69.2662721893491096 -60.8816568047337299 -57.0138067061144014 -36.7988165680473358 -25.3293885601577919 -59.3254437869822482 -111.2347140039447737 -194.8284023668639122 -345.4497041420118535 -612.4063116370808757 -1301.2702169625247279 -2763.3925049309664246 -4882.7850098619328492 -6915.6449704142014525 -6717.0788954635108894 -3849.1597633136093464 -1790.3885601577908346 -1556.1499013806705989 -1296.9723865877710978 -982.5739644970414020 -931.0374753451676497
21.1440538764783170 230.4993429697766203 476.4022667542706699 836.3152102496715088 1279.3280223390274841 1379.0494415243101685 978.6430683311432404 527.4571287779237991 280.2818659658344131 158.6532522996057821 112.0854139290407403 84.3520039421813408 49.1090670170827863 33.2626478318002654 38.7555847568988199 39.8544678055190573 30.1092312746386348 23.4019382391590014 20.9346254927726676 15.1181011826544029 11.5479632063074895 11.6716491458607088 9.1200722733245723 16.0292378449408659
-489.7409470752089078 477.1657381615598865 670.9874651810584965 180.4331476323119716 186.0167130919220142 485.2869080779944397 673.4192200557102979 994.1016713091921702 1375.9150417827297588 1606.4846796657382129 1963.3816155988859009 2238.5961002785516030 2766.0598885793870068 2031.9944289693594328 -2179.8481894150418157 -4461.8927576601672627 -2219.7325905292477728 -823.9554317548746667 -597.0849582172702412 101.3412256267409504 323.1072423398328510 259.9206128133704965 211.8175487465180993 151.7339832869080851
241.1915887850467186 545.5903426791277298 1341.8130841121494541 2789.7305295950154687 4293.4096573208726113 4658.9595015576323931 3683.5841121495327570 2427.3271028037383985 1561.7679127725857597 1008.5872274143301865 533.4532710280374204 46.6822429906542027 -421.1542056074766265 -925.5623052959501820 -1350.4361370716510464 -1505.4205607476635578 -1297.5529595015575524 -790.0155763239874886 -108.9299065420560737 1124.5264797507788899 2363.7975077881619654 2248.3395638629285713 1342.7819314641744768 795.2663551401868745
312.3080684596577044 587.0733496332518371 856.2176039119804045 1249.7775061124693821 1503.5122249388753062 1834.8190709046455140 2178.4217603911979495 2618.3985330073351179 2296.6112469437653090 -1391.7726161369193960 -4422.6491442542783261 -2642.7958435207824550 -825.6845965770171460 -616.9070904645476503 -7.0721271393643033 310.2053789731051552 239.3435207823960980 199.6674816625916833 145.9621026894865565 105.5794621026894902 46.7090464547677229 -1.5623471882640587 -30.6955990220048882 -56.4938875305623469
81.7664025356576900 74.9248811410459581 49.2627575277337542 22.9169572107765447 4.3416798732171156 -21.5042789223454847 -63.0091917591125181 -111.7689381933438995 -179.8386687797147374 -264.1854199683043021 -299.5141045958795303 -220.3961965134706702 -74.5508716323296312 108.3400950871632347 407.6446909667195087 819.7584786053882908 1306.4627575277338565 1810.1645007923930280 2152.9698890649760870 2285.3562599049128039 2299.9527733755944610 2273.9606973058635049 2243.9660855784468367 1949.1150554675118656
454.7091203453858839 228.7339449541284466 -85.3550998381003723 -362.1381543443065425 -764.0690771721532428 -1397.1613599568268000 -2080.1856449001620604 -2345.9422558014030074 -1600.2871019967619759 -86.2757690232056120 1162.4452239611441655 1463.6524554776037803 1250.1613599568268000 1270.5893146249325127 1235.8656233135457114 897.5860766324879023 552.0998381003777240 278.2887209929843380 120.4840798704803007 46.5796006475984896 -29.7760388559093379 -58.1133297355639513 -28.0172692930383178 -24.4770642201834860
2.9348256882835724 2.3097118573204050 2.0005755980779032 1.6313136809067532 1.8201356235073110 1.8768506480489802 1.8956964736742630 1.6762189219993013 1.2244775230382414 0.7718627041082239 0.1263681193120314 -0.7159781444550718 -1.6055091322501016 -2.4474430272449759 -3.3025125858385689 -3.9920103550380581 -4.3489584824829182 -4.5928574292243454 -4.9643616015944927 -5.3974289952520316 -5.2012101877996120 -4.5159420621875022 -3.9416183183372375 -3.5748306137994628
47.2904411764705870 58.2475961538461533 59.8345588235294130 43.5690045248868785 35.6897624434389158 33.6044966063348411 35.6363122171945719 32.0504807692307665 23.3962104072398205 17.0207861990950242 3.0411481900452491 -12.4752545248868785 -20.5459558823529420 -20.1066176470588225 -18.4445701357466056 -30.4823246606334841 -63.6932975113122168 -111.3310237556561049 -142.3270644796380111 -97.0347850678733010 131.1995192307692264 571.5917703619909389 1070.8445984162895002 1382.7511312217195609
39.2542579075425806 -74.0571776155717743 -570.5267639902676819 -1148.7262773722627571 -1633.1021897810219343 -1303.0997566909975376 -398.2043795620438118 -463.7250608272506156 -1083.3223844282238133 -1372.6922141119221124 -1759.8576642335765428 -2022.0012165450120847 -2085.0364963503648141 -1315.5486618004865704 -1070.7980535279805281 -1118.3211678832117286 2818.1459854014597113 4395.9026763990268591 999.0632603406326098 396.1301703163017010 824.2299270072992385 318.9464720194646929 246.6411192214112020 25.8588807785888086
3107.1306240928884108 4045.6879535558782663 4490.1654571843255326 4409.8505079825836219 4053.6487663280117886 3674.6052249637155001 3424.1741654571842446 3257.0537010159650890 2998.3309143686501557 2582.6313497822930003 2042.7314949201741001 1413.5152394775036555 812.1494920174164918 301.5079825834542930 -106.6719883889695240 -315.4746008708272598 -324.5950653120464722 -190.0087082728592236 18.5253991291727154 181.4789550072569000 308.5602322206095778 393.7445573294629639 414.4586357039187305 396.5573294629898555
-1060.5530846484934955 -1338.0322812051649635 -1669.4777618364419141 -1863.7087517934003245 -2118.4863701578192376 -1829.4375896700144040 -1388.5459110473457258 -1485.2266857962697486 1952.1678622668580374 4452.6535150645622707 1500.0437589670013949 316.4813486370157989 837.7331420373027413 385.8091822094691565 276.6520803443328305 71.6119081779053062 27.7525107604017229 63.6642754662840744 -12.5581061692969875 15.5093256814921094 31.4002869440459094 27.2123385939741738 4.7539454806312769 -45.0164992826398844
327.3562570462232202 1030.2638105975197504 1998.6054114994362862 2503.8432919954902900 1626.1679819616686018 -65.9503945885005578 -1175.5445321307779523 -1769.9853438556933725 -2240.6166854565954054 -2550.8275084554679779 -2618.9199549041713908 -2497.4284103720406165 -2282.3179255918826129 -1865.2976324689966532 -1665.6719278466741798 -702.4847801578354165 1560.2976324689966532 2296.4532130777902239 1227.4983089064262458 554.2040586245772147 289.3968432919954807 138.5434047350620119 114.3348365276211922 56.5693348365276236
-187.7655677655677664 -353.4523809523809632 -617.5439560439560864 -1275.4633699633700417 -2727.4670329670329920 -4610.8461538461542659 -6128.3937728937726206 -5770.3553113553116418 -3566.8827838827837695 -2024.2252747252746303 -1812.8260073260073568 -1744.1318681318680319 -1634.7600732600733409 -1680.6739926739926432 -1704.2710622710621919 -1552.4285714285713311 -1198.1373626373626848 -737.7820512820512704 -94.1117216117216060 719.6043956043955632 1141.6538461538461888 985.2582417582417520 669.0970695970695488 426.8498168498168752
-95.2286096256684544 -83.0106951871657799 -68.6791443850267314 -72.6617647058823479 -81.3556149732620355 -87.0614973262032095 -83.4652406417112331 -66.1818181818181870 -76.9318181818181870 -85.3903743315508024 -65.2205882352941160 -51.5106951871657728 -44.1617647058823550 -41.6189839572192497 -54.4090909090909065 -90.4385026737967905 -160.9572192513369089 -284.5294117647058556 -472.4237967914438627 -1073.3716577540105845 -2363.8034759358288284 -4311.6310160427810843 -6464.8141711229945940 -6481.2032085561495478
-230.3050000000000068 -543.9981249999999591 -1120.8681249999999636 -1946.1349999999999909 -2950.6437500000001819 -3768.0275000000001455 -3372.3937500000001819 -1776.3750000000000000 -606.1487499999999500 -315.5237500000000068 -139.7800000000000011 -2.8168750000000000 -5.4081250000000001 -6.8481249999999996 2.7612500000000000 -42.9068749999999994 -117.4168750000000045 -133.4706250000000125 -131.7500000000000000 -134.6843749999999886 -95.3375000000000057 -36.3762499999999989 -13.3468750000000007 -40.6218750000000028
118.6221735959153847 53.8490153172866499 10.1043034281546316 -10.6739606126914666 -34.2815463165572609 -34.0306345733041553 -24.7425237053245795 -19.6659372720641876 32.5463165572574766 166.7892049598833069 521.6549963530269451 1372.4784828592269150 2989.4310722100658495 4626.3938730853387824 4637.1896425966451716 3140.3880379285192248 1727.1013858497447018 920.3632385120349682 445.0495988329686270 138.7425237053245723 -78.9744711889131992 -267.3756382202771533 -412.6192560175054496 -424.5171407731583031
7.1831195389477598 1.6989217326640640 14.6540249116936234 28.5397843465328123 48.1874419036995718 69.6850250976017804 93.1947852760736168 111.4865681353411446 123.8556887897378687 143.7718906860011145 174.3489496188882697 195.4110894218256078 199.8779512920617094 203.1998977505112407 202.5807306190741883 195.3548057259713744 186.0791503997025416 170.9556144264733177 153.2293177170477918 139.3487172336865569 123.8811582078453313 99.7094255437813786 71.4725320691578361 56.5178936605316977
2264.7931034482758150 3209.3290229885055851 1895.9500000000000455 518.5859195402298383 247.6514367816091919 44.2000000000000028 -13.4353448275862064 -28.5905172413793096 -36.1140804597701148 21.3017241379310356 46.2336206896551758 77.6181034482758605 81.1316091954023051 66.5701149425287326 73.5043103448275872 61.7416666666666671 30.0057471264367805 3.8979885057471266 -9.5321839080459778 -12.8462643678160919 -8.8129310344827587 -1.6974137931034483 20.0482758620689658 60.9666666666666686
-118.1988304093567308 -133.7626705653021304 -140.4205653021442401 -141.8372319688109258 -136.1179337231968702 -125.6807992202729025 -103.5199805068226055 -89.0477582846003912 -102.5648148148148096 -122.9761208576998115 -158.9376218323586727 -267.8245614035087669 -482.7422027290448341 -815.9298245614035068 -1378.7451267056530924 -2197.9956140350877831 -3018.5545808966862751 -3483.5511695906434397 -2964.6588693957114629 -1570.5628654970760181 -614.0794346978557314 -356.3065302144249245 -148.0341130604288367 49.3011695906432763
-93.9816513761467860 -51.6490825688073372 -26.5584862385321117 -365.5114678899082605 -892.0722477064219902 -1462.5091743119266994 -1648.0401376146789971 -820.8084862385320548 -257.5172018348623624 -795.1708715596330421 -1278.2626146788991264 -1568.5309633027522977 -1907.6674311926606151 -2126.1559633027522977 -1893.6215596330275730 -1205.7259174311925563 -1455.7064220183485759 568.8233944954127992 4315.9919724770643370 2815.3750000000000000 357.8944954128440372 764.5756880733945309 596.6043577981650969 299.6949541284403722
-72.6684238270954097 -64.8468634686346803 -54.5213494992092791 -40.4625724828676852 -16.9807590933052204 -13.1154454401686866 -33.6768581971534005 -60.3595150237216629 -90.8502899314707406 -145.0851344227727964 -296.2424881391671079 -631.5158144438587442 -1172.2148128624144192 -1816.3294675803902010 -2084.5218766473381038 -1532.1233526620981138 -689.9712704269900314 -294.6375856615708813 -229.6088560885608842 -209.5782814971006758 -197.9731154454401576 -172.4525566684238242 -121.5400632577754294 -78.8083816552451282
110.6497005988023972 92.6077844311377305 69.5299401197604823 57.0164670658682624 46.4565868263473050 31.4221556886227553 9.3098802395209574 -11.1107784431137731 0.6077844311377245 95.4895209580838298 300.1736526946107801 652.4251497005988085 1296.7634730538923122 2317.4296407185629505 3536.2784431137724823 4444.1976047904190636 4613.8458083832338161 4298.1437125748507242 3923.6961077844312058 3605.5224550898201414 3396.1571856287423543 3194.2574850299401987 2773.5853293413174470 2043.8293413173653335
-328.5323275862069181 -290.9342672413793025 -248.2634698275862206 -248.7623922413793025 -314.4471982758620925 -472.4504310344827331 -746.3033405172413950 -1088.7359913793102351 -1463.5554956896551175 -1820.8534482758620925 -2093.1223060344827900 -2307.2607758620688401 -2481.1670258620688401 -2584.3701508620688401 -2547.6675646551725549 -2294.2230603448274451 -1851.5005387931034875 -1274.1341594827586050 -709.2947198275861638 -306.4682112068965694 14.5765086206896548 219.9552801724137794 242.3911637931034591 208.0156250000000000
-70.3267776096822956 -118.6853252647503751 -98.3010590015128543 -129.5416036308623404 -279.9258698940998329 -641.5113464447806564 -749.2496217851739857 125.4583963691376738 910.9273827534038901 512.7095310136157877 176.5915279878971376 441.7594553706505280 597.3494704992435800 772.6384266263237350 1194.0045385779121716 1451.8018154311648686 1787.8850226928896063 2138.4357034795762047 2400.0136157337369696 2915.9742813918305728 268.9273827534039469 -4030.2571860816942717 -3407.6278366111951073 -1134.7307110438728159
-2328.9252427184464977 -3833.5844660194175049 -3249.9495145631067317 -1060.5043689320389149 -48.6499999999999986 116.2092233009708764 312.8354368932039051 315.7597087378640595 278.2529126213592008 220.4033980582524350 113.9446601941747588 3.3179611650485437 -98.6902912621359292 -138.3325242718446475 -133.9315533980582416 -133.5839805825242763 -118.8063106796116557 -72.1422330097087325 -83.0509708737864116 -146.7961165048543819 -126.1815533980582558 -57.3422330097087354 -36.5796116504854396 -34.8820388349514587
-139.0836473247927643 -174.3740266264757679 -243.4649585531273601 -379.3890982165285095 -622.6644059281587715 -1002.7849786485807044 -1508.3700075357951391 -1901.2569706103993212 -1801.0959557900025629 -1282.8055764883195025 -783.6134137151469758 -490.8121075106757303 -338.1532278322029583 -239.9703592062296025 -163.6543582014569154 -97.7513187641296213 -47.7709118311981911 -29.3858327053504134 -24.0844009042954035 -18.5483546847525744 -20.4669680984677207 -24.0015071590052749 -15.9768902285857823 -11.8950012559658376
-30.1844660194174743 -63.9356796116504853 -68.0012135922330145 0.8652912621359223 -76.3956310679611619 -530.1735436893203541 -1110.4939320388350552 -1647.7657766990291748 -1389.6662621359223522 -423.0121359223301170 -395.9684466019417641 -1058.6492718446602339 -1379.5169902912621183 -1717.6747572815534113 -1983.5800970873785900 -2108.5436893203882391 -1479.1929611650484730 -1242.9174757281552957 -1360.9611650485437622 2433.5861650485435348 4476.7985436893204678 1252.3507281553397661 334.4174757281553525 863.9150485436892950
60.7696693272519965 27.8745724059293032 -11.6875712656784501 -70.9110604332953187 -112.0399087799315794 -24.9372862029646534 313.1265678449258871 1060.6761687571265611 2115.6339794754844661 2742.9509692132269265 1938.7936145952110110 172.2645381984036419 -1033.0695553021664637 -1611.2086659064993910 -2072.5176738882555583 -2408.8791334093498335 -2510.6773090079818758 -2439.7046750285062444 -2294.4036488027368250 -1868.1961231470922939 -1693.4412770809578888 -741.4777651083238652 1699.0433295324971823 2436.1037628278222655
-3.9378881987577641 -68.9925465838509382 -125.4385093167701797 -69.4223602484472053 237.7155279503105589 973.3590062111801444 2040.6260869565217035 2642.2621118012420993 1830.1142857142856428 97.6161490683229829 -1153.8074534161489737 -1778.1068322981366236 -2228.8335403726709956 -2559.6434782608694150 -2640.0161490683231023 -2509.3291925465837267 -2311.0186335403727753 -1889.9900621118013078 -1736.0782608695651561 -785.3614906832298175 1688.0894409937889122 2416.3900621118013987 1188.6695652173912094 549.9279503105590265
48.6787037037037038 31.2412037037037038 41.0231481481481453 55.2097222222222257 97.3893518518518562 181.7268518518518476 285.9472222222221944 462.4402777777777942 823.8787037037036498 1823.7703703703703013 3011.8564814814812962 2771.9430555555554747 1387.4009259259260034 444.7421296296296305 110.5976851851851848 -16.3657407407407405 -54.2263888888888914 -61.9990740740740733 -57.4657407407407419 -33.3416666666666686 34.8208333333333329 101.6444444444444457 109.0217592592592553 82.8944444444444457
-532.3311688311688386 -435.3457792207792068 -928.6866883116882718 -1364.3887987012988106 -1639.8498376623376771 -1888.0308441558440791 -2034.1331168831168270 -2045.7500000000000000 -1327.8043831168831730 -1629.5227272727272521 -138.1842532467532578 4163.4366883116881581 3240.4220779220777331 374.7435064935065157 694.4577922077921812 581.7873376623376771 278.3336038961039094 185.1566558441558357 9.1355519480519476 76.6347402597402549 10.2735389610389607 6.5836038961038961 33.1128246753246742 26.0324675324675319
122.9241379310344797 100.0133333333333354 87.5167816091954052 76.8344827586206947 61.0891954022988486 42.0721839080459787 33.8767816091954046 53.0427586206896535 61.0694252873563244 49.1650574712643689 33.5039080459770133 1.7549425287356322 -13.2409195402298856 1.7825287356321839 45.6091954022988517 105.6809195402298798 467.3572413793103237 1710.2804597701149305 3015.1788505747126692 2523.0326436781610937 804.7917241379310553 -198.1351724137931001 -526.2620689655171873 -712.0073563218390973
-96.6483704974270950 -119.5506003430531763 -104.8610634648370450 -96.3138936535162884 -97.9759862778730763 -51.1217838765008565 -28.5385934819897074 -63.4631217838765025 -87.6586620926243540 -65.9811320754716917 -42.7564322469982869 -58.0874785591766738 -72.9245283018867951 -79.4545454545454533 -152.3344768439108066 -281.4939965694682655 -480.9536878216123341 -1120.8902229845625698 -2607.8010291595196577 -4779.8096054888510480 -6808.5506003430527926 -6566.4545454545450411 -3667.3241852487135475 -1586.5969125214407995
38.6433486238532140 95.1720183486238511 232.3509174311926699 559.8371559633027346 1462.3600917431192556 3182.2018348623851125 4946.9323394495413595 5216.5871559633023935 3782.6766055045873145 2135.1708715596328148 1149.6961009174312949 588.3784403669724270 193.9300458715596278 -85.7190366972477023 -303.2454128440367072 -523.4782110091742879 -639.9277522935780098 -592.3428899082568932 -453.4518348623853399 -261.1857798165137865 63.4174311926605512 723.2809633027522977 1285.7247706422017473 1125.3291284403669579
-89.1774891774891785 -77.4426406926406941 -73.1547619047618980 -60.3950216450216431 -36.2889610389610411 -31.4231601731601735 -54.8214285714285694 -98.5270562770562748 -138.5465367965367989 -222.1287878787878753 -366.6796536796536543 -692.8712121212121247 -1645.6255411255410763 -3169.8452380952380736 -4907.0432900432897441 -5672.1028138528135969 -3953.6287878787879890 -1709.0227272727272521 -1177.7153679653679319 -1148.3658008658007930 -892.3387445887445892 -858.6655844155843624 -909.0248917748917847 -795.9134199134199434
-1392.2560455192033260 -1757.9381223328591659 -1941.4146514935989671 -2177.3961593172120956 -1651.2802275960170846 -1282.7660028449502079 -1282.7048364153627062 2495.3726884779516695 4280.0647226173541640 1095.3982930298718657 391.9537695590327075 787.0725462304409348 310.2944523470839044 261.0611664295875016 44.8378378378378386 39.6130867709815107 57.4992887624466604 -12.0000000000000000 16.4452347083926043 29.7510668563300129 29.3044096728307260 3.1749644381223328 -49.2660028449502150 -86.2859174964438154
-1121.7275234418091259 -1029.3110865968008056 2555.3541092112518527 3990.5427468284610768 961.2051847766133506 310.4070601213458076 687.7760617760617379 278.8869277440705901 236.5973524544953079 79.9569773855488108 73.4125758411472731 72.9751792608935403 22.6398234969663541 44.2619966905681181 39.6475455046883596 24.0805295091009377 16.8836183121897392 -7.1252068394925541 -37.5113072255929367 -55.6966354109211252 -66.8207391064533880 -56.6282404853833441 -52.4710424710424732 -63.7650303364589064
63.6461909871244629 47.3355686695278948 45.0912017167381975 17.2934549356223179 -3.3902896995708156 -30.5112660944206020 -66.4466201716738141 -95.3420064377682337 -99.5847639484978515 -56.3626609442060058 20.2891630901287563 36.1904506437768205 -1.4313304721030042 -38.3827789699570801 -82.1359978540772602 -82.1990343347639509 -79.9187231759656669 -296.2076180257510600 -783.4101394849785720 -1505.3763412017167411 -2318.0812768240343757 -2105.5595493562232150 -609.0099248927039071 332.2215665236051336
545.1086419753086147 301.4987654320987644 127.2160493827160508 434.2123456790123441 680.5814814814814326 918.2641975308641804 1305.4283950617284518 1535.1024691358024938 1841.1296296296295623 2123.1987654320987531 2472.8012345679012469 2584.0962962962962592 -509.2679012345678871 -4124.9691358024692818 -3114.3074074074074815 -1061.0074074074072996 -653.7888888888888914 -85.4419753086419718 335.0888888888889028 267.9456790123456926 220.2691358024691226 199.9629629629629619 135.2679012345678871 61.9197530864197532
53.9362549800796813 79.6523904382470107 91.9940239043824732 64.4830677290836718 14.9013944223107568 -42.3794820717131486 -82.3625498007968133 -29.0239043824701213 241.9511952191235196 931.9641434262948678 2002.9113545816733222 2777.9193227091632252 2256.5458167330675678 574.9262948207170894 -875.9262948207170894 -1574.2539840637450652 -2013.5438247011952626 -2363.7480079681276948 -2467.9213147410359852 -2412.9193227091632252 -2252.9870517928288791 -1957.0488047808764804 -1772.9711155378486183 -1004.4332669322709535
-2038.0082539682539391 -1618.9307936507937029 -1380.3644444444444161 -1096.9060317460316583 2717.6977777777779011 3928.1307936507937484 853.9625396825397274 473.2850793650793548 803.5676190476190186 335.3739682539682576 262.8146031746031781 58.0628571428571405 67.3041269841269809 60.9511111111111106 1.0063492063492063 6.3085714285714287 15.3066666666666666 39.1320634920634944 22.5422222222222217 -25.0952380952380949 -65.1206349206349273 -96.4596825396825466 -120.2920634920634910 -122.6457142857142912
-1415.4397293972940588 -1294.9458794587944794 -1093.3204182041820332 2708.4520295202951274 4054.4391143911439030 923.9280442804428048 390.8044280442804279 728.8665436654366658 287.9028290282902844 242.3560885608856097 56.9495694956949592 74.7662976629766263 79.7447724477244719 18.5301353013530132 21.1439114391143903 26.0916359163591629 42.1439114391143903 12.1869618696186954 -32.2078720787207899 -54.1088560885608842 -79.7878228782287806 -98.0799507995079978 -88.8954489544895381 -66.7035670356703605
-121.6500088500796437 -129.1067909611186622 -141.8318484866363747 -153.6444037996342047 -162.4006726060534618 -183.4359549235943234 -212.3995515959643683 -241.0342203079827641 -263.4225618030562259 -268.7970971738745902 -262.2516962652663892 -247.8399315593840413 -226.8959230633075776 -205.6182665643990788 -173.8833559502035655 -134.7280665525989605 -94.1518673668063002 -56.1852026668240043 -36.0881467933211368 -29.4296418667768016 -25.8135583220248996 -25.9155112396011553 -28.3123488111393016 -34.8509646586819315
19.9513888888888893 25.7803819444444429 36.1250000000000000 60.3784722222222214 76.9270833333333286 55.6762152777777786 20.8541666666666679 -31.2439236111111107 -81.2447916666666714 -76.2994791666666714 44.8090277777777786 447.0104166666666856 1288.0104166666667425 2332.8836805555556566 2622.4253472222221717 1514.0416666666667425 -180.9079861111111143 -1322.4652777777778283 -1854.6250000000000000 -2245.8263888888886868 -2511.0182291666665151 -2503.1640625000000000 -2289.1475694444443434 -1938.4861111111110858
20.2189130434782598 11.5856521739130436 -0.3684782608695652 -8.9478260869565212 -17.3089130434782597 -15.3334782608695654 -7.5804347826086955 -0.5371739130434783 -8.5673913043478258 -32.5636956521739123 -53.8828260869565199 -85.7141304347826036 -149.4326086956521635 -270.6904347826086905 -528.3169565217391437 -946.7654347826087360 -1386.0376086956521249 -1534.4876086956521704 -1021.0082608695652198 -172.4982608695652289 214.9560869565217445 188.3032608695652073 152.0697826086956468 147.7210869565217308
-4967.1927710843374371 -6524.1726907630518326 -6416.4337349397592334 -4378.2811244979920957 -1971.3815261044176168 -710.3775100401605869 -94.8915662650602343 418.7068273092369282 706.0361445783132694 926.2690763052208922 1199.7991967871485031 1505.5863453815261437 1740.7309236947792215 1595.4257028112449461 616.2851405622490120 -1215.0803212851405988 -2640.9076305220883114 -2414.1807228915663472 -1312.1124497991968383 -616.5903614457831736 -233.7429718875501976 80.4497991967871542 182.3895582329317335 171.9759036144578204
-72.5033670033670035 -43.2760942760942768 -60.9915824915824913 -93.5757575757575779 -129.8333333333333428 -218.4276094276094398 -355.7087542087542147 -566.7037037037036953 -1210.2575757575757507 -2721.5925925925926094 -4858.3047138047140834 -6682.6363636363639671 -6312.4579124579122436 -3552.5084175084175513 -1541.4814814814815236 -1236.0521885521884542 -992.5572390572390304 -724.7777777777778283 -697.3282828282827950 -655.9427609427609696 -488.1851851851851620 -193.3114478114478061 49.3905723905723875 237.8350168350168303
-1994.1457994579945989 -2255.5859078590788158 -2303.8623306233062067 -2348.6796747967478041 -2351.6796747967478041 -2347.1577235772356289 -2384.5132791327914674 -2338.6482384823848406 -2011.7387533875339614 -1353.6271002710027460 -569.8471544715447408 76.3517615176151736 467.2861788617886418 537.7284552845528651 388.6081300813008284 258.3880758807588336 169.5837398373983831 85.8823848238482412 47.2623306233062337 32.9517615176151750 19.9008130081300827 19.0861788617886177 13.9544715447154477 -0.8872628726287263
-26.1380659586361084 -15.2643935159306867 -4.5315818893236441 -2.8345444382336500 -16.7266629401900495 -38.5975405254332031 -57.8228060368921177 -98.7669088876467356 -194.3141419787590962 -477.9329234209055244 -1115.2017887087758936 -1997.2638345444381685 -2736.4359977641138357 -2741.5176076020125038 -1986.1157070989379463 -1421.6646171045276787 -1481.0273896031301319 -1692.5774175517049116 -1844.6394633873671864 -2000.4728898826160730 -2015.6294019005031259 -1749.1593068753493299 -1525.1732811626607145 -1215.9714924538848209
-594.6463654223969115 -826.5815324165029097 -1136.1306483300588752 -1490.4145383104125813 -1840.9960707269156046 -2081.9823182711197660 -2205.0736738703340052 -2135.4921414538312092 -1804.7141453831040963 -1439.1375245579567945 -1229.1630648330058193 -1134.0147347740667101 -1134.9469548133595254 -1232.3654223968565020 -1407.0756385068762029 -1622.1984282907662873 -1845.3683693516700259 -2051.9950884086442784 -2163.6021611001965539 -2151.5717092337918075 -1953.5009823182710988 -1593.9096267190570870 -1251.3791748526523406 -933.0609037328093791
-5548.9379715004188256 -3515.2841575859179102 -548.9865884325230354 -491.5297569153394761 -356.9689857502095833 -5.9111483654652135 -80.3059513830678924 -66.4216261525565841 -87.2657166806370554 5.3168482816429172 28.9580888516345354 -24.8566638725901079 -12.7820620284995812 -122.3076278290025130 -278.9916177703269113 -258.5699916177703130 -140.3570829840737701 -131.3277451802179314 -191.0352053646269894 -59.3352891869237240 167.6370494551550792 233.1726739312657060 230.0419111483654717 252.7284157585917796
-19.6458231558378102 -33.1983390327308285 -40.5427454811919858 -16.0214948705422557 109.1372740595994202 393.1480214948705338 857.0845139228139260 1436.2672203224230998 1928.8993649242793254 2150.1514411333660064 2137.0278456277478654 2040.4640937957988172 1952.3126526624328108 1920.9521250610648622 1921.6541279921837031 1839.1895456765998915 1628.6101612115289754 1299.1392281387395542 898.9101123595505669 545.7557401074743666 284.0732779677576900 136.8656570591109016 71.4294088910600919 39.9980459208597949
-98.2055378061767783 -37.0338125665601723 -2.8426517571884986 -5.4632587859424921 -29.3783280085197021 -63.8905750798722067 -135.4036208732694320 -253.8141640042598510 -473.8730031948881560 -905.7438764643237619 -1489.0721512247071132 -2013.4842917997871155 -2012.2598509052183999 -1171.7276357827477113 -255.1427050053248138 51.4994675186368482 98.4164004259850884 137.5210330138445158 114.6448349307774208 78.1344515441959544 67.0410010649627282 38.3698083067092668 -16.5380724174653899 -28.1565495207667738
804.3928571428571104 1160.2004608294930676 1442.2672811059908327 1698.2304147465438291 2059.3974654377880142 2321.4792626728112737 2632.5794930875576938 490.5806451612903061 -3665.2165898617513449 -3790.6797235023041139 -1356.3744239631337223 -693.0633640552995303 -264.7811059907834306 298.8225806451612812 304.2949308755760285 245.2235023041474733 196.0829493087557580 152.0783410138248826 79.8467741935483843 0.9251152073732719 -20.4308755760368648 -45.9562211981566833 -69.7926267281106050 -65.3548387096774235
3617.1165741475019786 4755.4544012688338626 4525.1586042823155367 3211.2061855670103796 1725.4337827121332793 780.6249008723235647 331.5455987311657395 86.8850118953211705 -18.1982553528945274 -64.6796193497224436 -42.1260904044409230 60.7684377478191919 162.7668517049960428 167.4472640761300681 127.3433782712133251 122.3259318001585996 71.1697065820777226 17.1379857256145911 62.6708961141950809 99.4678826328310919 88.9841395717684378 98.5868358445678012 99.8183980967486093 86.4345757335448042
-112.6485888212506978 -148.9374654122855475 -202.0791366906474877 -224.6734919756502507 -182.5113447703375869 -82.4371887105700125 19.4001106806862218 96.9645821804095220 132.2102933038184744 49.2645268400664094 -151.5567238516878774 -351.4460431654676427 -591.6148312119535149 -1081.5694521306031675 -1784.1870503597122024 -2525.9037078029882650 -2556.5362479247369265 -1075.5755395683452207 673.3220807969009911 1214.5417819590481940 1110.8716104039845050 1104.2340896513558164 1142.2706142778085905 1058.3597122302157914
21.6240601503759393 22.5939849624060152 21.3849624060150383 8.9142857142857146 26.6526315789473678 111.9684210526315837 329.1563909774436070 691.9578947368421495 1262.4872180451127406 2215.4827067669170901 3463.3578947368418994 4500.7398496240602981 4823.1548872180446779 4514.0526315789475120 3987.5097744360900833 3524.4586466165415004 3219.5248120300752817 2960.8556390977441879 2618.5503759398498005 2093.3278195488719575 1466.5714285714286689 891.6977443609022203 396.7669172932330639 6.1954887218045114
-986.3137737174982931 -1342.6554813773716432 -1567.1640899508081475 -1366.3278285312719618 -763.6700632466619254 -195.7812719606465350 50.7847856640899522 105.1083977512298020 98.6683063949402737 76.7445537596626792 55.3063949402670403 34.7067814476458167 25.1294799718903725 18.4518622628250171 16.7565003513703452 19.1886858749121565 13.5344342937456084 8.6231553056921992 2.6403724525650034 -8.8345045678144771 -6.6286015460295147 -3.1328179901616302 -10.7565003513703452 -19.6308854532677444
-679.4181117533718179 -1175.7080924855490593 -1050.7861271676299566 -417.2109826589595514 -524.2456647398844325 -1057.0211946050096685 -1328.2263969171483495 -1664.9007707129094342 -1940.3998073217726414 -2141.8535645472061333 -1635.1849710982658053 -1419.0269749518304252 -1322.9296724470134450 2467.2273603082853697 4332.4739884393065950 1272.6069364161849080 456.8400770712909207 897.1425818882465819 438.0539499036609072 297.7475915221580181 63.4470134874759140 40.4633911368015404 49.0327552986512529 -27.9816955684007702
223.0375626043405646 153.4833055091819745 131.6093489148580886 135.7036727879799685 125.3422370617696231 126.9624373956594354 135.6135225375626021 126.4373956594323829 94.0158597662771314 60.9023372287145222 39.0701168614357286 33.5108514190317166 32.8146911519198667 18.9866444073455760 17.8622704507512537 48.6293823038397335 82.4624373956594354 134.4106844741235420 254.2754590984974925 618.5559265442403785 1588.1861435726209493 3558.5425709515861854 5550.4774624373958432 5234.0592654424035572
-166.9466537342385948 -70.4358228257355279 42.5140640155189118 186.5816359521500090 451.4258001939864471 1018.5476883284836731 2006.2622049789847551 2484.9460071128355594 1716.3727772389265738 695.9612027158099181 229.8755253798900640 62.7158098933074655 16.3084384093113499 20.2554154542515370 6.2040090526996448 15.4232137083737477 50.4781765276430647 77.1186550274814095 68.8503071451665107 39.8503071451665036 36.3397995473650184 48.7103136113805348 37.7772389266084687 41.5570643388296119
-591.6403310759969827 -1139.9232505643340119 -1491.6042136945070524 -1816.6508653122648411 -2030.9435665914220408 -2229.5515425131679876 -2013.4770504138450633 -1305.5854025583146267 -1527.9796839729119711 1141.5613243039879308 4505.9262603461247636 2207.2716328066217102 298.3927765237020253 785.6275395033860605 415.1256583897667269 256.5838976674191372 102.8758465011286631 8.0925507900677207 69.0556809631301718 -10.2806621519939796 11.5936794582392775 31.7170805116629033 29.9330323551542499 21.4574868322046655
2764.5183246073297596 796.1178010471204516 -3831.8442408376963613 -3995.0732984293194932 -1189.4790575916231319 -644.2473821989528915 -374.3115183246073343 160.6740837696335120 162.0143979057591537 156.8023560209423977 109.2552356020942455 55.3285340314136107 25.5183246073298413 -0.4253926701570681 -17.3468586387434556 -48.4581151832460719 -54.0903141361256559 -59.4738219895287941 -79.7801047120418900 -154.5091623036649082 -343.5981675392670240 -311.1609947643979126 118.6073298429319323 442.2447643979057830
86.3462381300219164 77.6639883126369597 71.9715120525931269 43.2512783053323560 2.5178962746530313 -19.6179693206720245 -31.4207450693937176 -50.9576333089846614 -55.4433893352812248 -43.3089846603360087 -36.0489408327246181 -6.6683710737764788 87.8816654492330116 294.8509861212563692 797.0350620891161952 1974.9123447772096824 3732.8400292184073805 4743.7019722425129657 3960.3842220598976382 2434.4112490869247267 1397.9401022644265140 769.9861212563914705 399.5653761869978098 203.2118334550766861
-636.7470967741935510 -791.7096774193548754 -133.9896774193548481 713.8954838709677233 540.0399999999999636 167.9548387096774320 397.8490322580645397 675.7819354838709387 873.8270967741935920 1223.8735483870966618 1519.6141935483869929 1749.5161290322580498 2066.0000000000000000 2345.2916129032259960 2721.0141935483870839 906.4167741935483491 -3184.3200000000001637 -3870.8812903225807531 -1563.8219354838709023 -676.9303225806451110 -272.5858064516128820 345.1109677419354966 369.2129032258064285 266.1819354838709728
91.4414168937329634 57.3319296507307428 21.3643794897200898 5.2023780034679215 -0.7396581620014863 -30.1590289819172668 -47.9274213524894748 -61.4572702501857790 -85.8057963834530568 -111.6787218231359873 -132.7508050532573805 -123.9046321525885617 -88.4793163240029656 -47.0710923953430793 -6.9576418132276441 36.3049294030220437 77.5504087193460521 51.1389645776566724 -15.8471637354471149 -185.2288828337874520 -623.4379489720089396 -1363.3207827594749233 -2516.4944265543722395 -3263.8833292048552721
58.5241935483870961 47.2575442247658657 37.5733610822060342 24.2198231009365230 10.1024973985431838 2.2804370447450570 -5.3938605619146722 -10.7905827263267433 -8.4131113423517174 -15.2812174817898025 -23.8574401664932374 -19.4924557752341308 30.0907908428720070 167.6529656607700360 472.9864724245577463 1200.6735171696150246 1956.7044745057232831 1861.1105619146721892 1159.8644640998959403 605.0554110301768560 301.2890218522372265 138.2224245577523334 72.8251821019771057 42.7320499479708644
170.8084010840108533 150.4420054200541870 139.0392953929539317 121.7566395663956627 96.8265582655826620 70.1615176151761517 55.6306233062330620 39.5601626016260184 4.0823848238482388 -23.3200542005420068 -1.9208672086720868 13.9731707317073166 -28.2067750677506766 -47.9937669376693776 -42.6113821138211364 -65.0084010840108419 -69.5905149051490497 12.1929539295392946 240.5802168021680245 802.1888888888888687 1795.6536585365854535 2693.9322493224931350 2677.5897018970190402 1877.9482384823847951
-333.9628064243448762 -630.5579036348267437 -955.3575655114116216 -1058.2282333051564365 -513.6094674556212567 -209.4277261200338103 -711.6610312764158834 -1134.0912933220624836 -1446.1766694843618097 -1821.5697379543532861 -2104.1242603550294916 -2065.0304311073541612 -1418.7007607776838540 -1368.9484361792053733 516.5900253592561739 3935.9991546914625360 2773.8562975486051982 593.0371935756551238 944.2612003381234445 747.7979712595097226 370.3338968723584230 190.3913778529163210 23.4657650042265438 50.5579036348267152
-815.4295774647887356 -1180.9788732394365525 -1631.0169014084506216 -2057.9457746478874469 -2313.1964788732393572 -2305.9295774647885082 -2160.2183098591549424 -2092.9112676056338387 -2180.7049295774650091 -2325.2985915492959066 -2413.3549295774646453 -2352.2936619718311704 -2072.3880281690139782 -1578.3647887323943451 -973.5169014084507353 -421.6380281690140919 -44.3725352112676035 172.5802816901408505 226.1077464788732527 164.1443661971831034 124.5169014084507069 79.5014084507042185 25.5535211267605646 7.0429577464788728
78.7996861924686129 364.6924686192468812 908.1464435146443748 1572.7259414225941327 2118.5073221757320425 2313.6192468619246938 2251.3043933054391346 2149.4550209205021929 2046.2416317991630876 1996.4984309623430363 1959.5475941422594133 1823.2191422594141841 1603.5036610878660213 1261.0465481171547708 825.3755230125523212 467.7588912133891199 226.0564853556485332 85.9534518828451866 50.5706066945606665 43.8242677824267801 38.9351464435146468 54.0256276150627599 76.3033472803347337 98.0580543933054400
1819.1681623097931606 2000.5891533359344976 1990.2688255950058647 1905.2575107296138412 1789.3425673039407684 1738.7538041357784095 1731.4420600858368289 1709.1377292235661116 1592.1478735856417188 1284.4748341786969377 850.3355442840421574 462.8876316816230769 217.7190792040577492 90.1634802965275099 48.4931720639875152 49.0316035895435007 56.8314475224346438 77.8895825204838133 91.2516582130316039 92.5079984393289152 91.6687475614514256 93.2543893874366034 86.6008583690987166 71.8025751072961356
-3.9956865564342201 -19.0553558590941776 -75.8411214953271013 -185.7354421279654844 -334.1718188353702317 -175.5032350826743368 298.9288281811646470 366.0826743350107790 90.4392523364486038 65.8698777857656381 167.2336448598130971 252.0589503953989947 426.8583752695902263 675.2487419122933261 1122.8598130841121474 1889.0762041696621054 2539.8202731847591167 2652.1466570812362988 1332.4284687275342094 -1520.6117900790798103 -2927.6462976276061454 -2165.3932422717471127 -1790.9094176851185694 -1710.2588066139467173
-2065.9760033098882559 -2594.5734381464626495 -3015.8237484484898232 -3191.2006619776584557 -2630.1646669424908396 -1544.2730657840297681 -722.6454282167976544 -251.2767894083574731 75.3297476210177877 184.9991725279271861 106.0372362432767943 10.6901117087298303 -68.7778237484484833 -156.1803889118742177 -210.3462970624741502 -202.3483657426561990 -155.6193628465039183 -130.2652047993380222 -100.3119569714522186 -52.3011998345055886 -39.4919321472900293 -39.8812577575506850 -50.6781133636739725 -77.8349193214728956
-87.6488456865127574 -1.1616038882138517 319.2770352369380475 1067.6634264884569347 2109.8444714459296847 2697.4131227217499145 1814.4070473876063261 27.2466585662211429 -1119.8578371810449426 -1703.3171324422842190 -2177.4580801944107407 -2494.2247873633050403 -2576.3317132442284674 -2453.8286755771569005 -2255.0255164034019799 -1812.4714459295262259 -1643.7764277035237228 -687.1919805589307089 1781.5103280680436910 2458.8080194410690638 1161.6476306196841506 507.9805589307412106 268.0874848116646376 98.2685297691373023
-41.0341555977229575 -63.2732447817836814 -61.6489563567362424 -51.0493358633776069 -72.4857685009487653 -93.6508538899430789 -115.4459203036053196 -195.0929791271347256 -342.9146110056926204 -583.4971537001897559 -1317.6603415559773111 -2951.2428842504741624 -5236.5332068311199691 -7052.5351043643267985 -6124.2277039848195272 -3005.3605313092980396 -1379.3643263757114710 -1242.3946869070209686 -848.2201138519924370 -586.6622390891840269 -581.0341555977229291 -532.8368121442125585 -371.5920303605312824 -105.5218216318785522
-179.4648768671780488 -324.4535728704077542 -596.8381106176826734 -1006.5397658457811758 -1404.9188534517561493 -1496.3548647557529421 -1143.4893015744853528 -548.6423092450545482 -93.8368994751715775 82.5433992733144919 131.8564796124343843 144.0000000000000000 130.0567218409366035 107.5748889786031555 79.3500201857085159 57.7278966491723864 42.3393217601937835 33.0300767056923732 26.9668954380298764 14.5716592652402106 2.9467097295115057 -2.2985466289866774 -5.2785627775534918 -10.5547032700847794
146.1975560081466483 128.1374745417515157 125.8207739307535604 128.6914460285132407 116.4175152749490820 72.9338085539714882 40.0835030549898192 31.0651731160896141 12.9480651731160901 -1.5987780040733197 0.4134419551934827 17.3564154786150731 46.7046843177189430 78.7841140529531572 161.4613034623217800 475.2107942973523222 1384.2647657841141609 3207.2953156822809433 5186.6486761710793871 5572.1914460285133828 4151.2535641547865453 2563.9185336048881254 1673.9042769857433086 1197.5427698574337683
14.7167300380228134 4.3707224334600756 -3.9477186311787071 -42.2100760456273747 -90.8013307984790856 -114.7414448669201477 -88.6568441064638790 -169.6397338403041886 -599.6768060836501490 -1163.1739543726234842 -1628.0513307984790572 -1424.7053231939164561 -552.1768060836501490 -436.6197718631178759 -1046.8726235741444270 -1371.1045627376424818 -1699.6815589353611813 -2026.9515209125474939 -2189.0152091254753941 -1707.0760456273765158 -1312.4391634980988783 -1207.0627376425854891 1948.3593155893536277 4095.5769961977184721
-1945.6953467954344887 -1326.5172958735734028 -312.8883230904302195 188.1569798068481134 262.4999122036874724 225.7690956979806742 208.4554872695346717 160.3961369622475956 88.6937664618086075 56.6265144863915708 37.6470588235294130 18.6574187884108866 10.1908691834942928 5.8117647058823527 -1.6086040386303775 -9.9450395083406491 -20.6930640913081660 -38.4470588235294102 -31.8361720807726059 -7.1557506584723445 -5.3690956979806845 -14.5287093942054426 -18.1812115891132571 -10.0853380158033357
132.9854191980558937 167.8683677602268176 160.4686107735925589 101.4102875658161196 -18.6723369785338207 -153.7744025921425646 -392.5520453624949369 -843.0506277845281602 -1518.7108140947752872 -2163.5293641150265103 -1978.5556905629809989 -731.7776427703523723 531.9497772377480942 921.6573511543134600 769.2916160388821254 699.9234507897934918 676.6593762656946183 549.9360064803564683 380.2187120291616225 213.3458890238963193 117.0372620494127176 76.8590522478736347 13.9428918590522475 -21.1085459700283522
-34.6172904586188750 -35.5951502372166573 -43.7896678966789636 -45.3052187664733808 -37.8207696362677908 -39.2498682129678471 -43.1191354770690580 -38.9167105956773867 -33.5303110173958885 -49.2282551396942551 -81.3315761729045903 -103.9889298892988876 -127.7311544544016897 -243.3979968371112363 -526.3162888771744292 -945.9219820769636726 -1573.8792830785450860 -2421.4496573537162476 -3199.6425935687930178 -3613.2846599894569408 -3326.4475487612016877 -2434.0469161834475926 -1725.8350026357406932 -1332.9472851871375951
-235.6844919786096284 -370.4304812834224663 -719.4772727272727479 -782.7072192513369373 95.6684491978609657 799.8582887700534911 443.9812834224599101 206.3796791443850225 527.0401069518716213 763.9893048128342343 975.7045454545454959 1381.2419786096256757 1641.9986631016042793 1891.1978609625668923 2160.6885026737968474 2505.4371657754008993 2704.9692513368981963 -68.0040106951871621 -3902.1243315508022533 -3384.9558823529409892 -1209.8756684491979740 -653.6122994652406533 -112.0441176470588260 375.2406417112299550
38.9969240731746822 37.8680589282823377 40.1011818034644634 35.7026064432572454 26.1332361988020061 17.6163186012627477 1.3229723166585721 -14.1482920511575205 -25.6067670390157041 -35.9739355674275529 -39.2884895580378810 -57.7725433058118796 -80.3375424963574574 -76.2918892666342856 -56.0417678484701298 19.6914359721547676 229.8225675894447022 552.7045491338838019 871.5256597053586347 1067.7937510118181308 1087.9381576817224868 1002.3323619880201250 847.6203658734012834 666.0916302412174446
-751.4844756883421724 -1075.4299941417691571 -1576.6467486818980888 -2093.3456356180431612 -2282.2524897480961954 -1699.4756883421207476 -480.5840656121850998 480.9537199765670721 927.3901581722319634 1234.5811364967780719 1521.9355594610426579 1663.7803163444639267 1474.5225541886350129 1073.3790275336848481 713.4622144112478281 437.0568248388986490 230.7000585823081451 74.8652606912712315 -25.8752196836555370 -50.1909783245459877 -42.0615114235500869 -46.1083772700644374 -54.6690099589923832 -56.4153485647334492
