-175.7968923418424083 -115.2852386237513826 -54.5615982241953361 16.7813540510543824 110.4827968923418382 270.0743618201997833 519.8479467258601971 890.2552719200888305 1398.5837957824639943 2111.6503884572698553 3010.9211986681466442 3839.7314095449501110 4604.0377358490568440 5352.5438401775800230 5860.2153163152052002 5501.9977802441735548 4037.7846836847947998 1919.7691453940067277 444.4295227524972347 -278.6403995560488625 -684.2042175360710416 -932.7558268590455555 -1031.4927857935626889 -1136.0566037735848113
-577.7457287616354051 -614.8364557558619481 -656.5792388358665903 -702.6823376929421556 -748.3151879344879944 -783.8765170260397781 -803.7676446329680857 -809.5820666902320681 -801.7849652409568080 -781.7520914339578439 -753.4899257688229000 -718.6989513373395084 -684.3535996229527427 -659.5825379992929811 -647.5519029103334105 -649.1779191704960112 -666.1617768351596851 -698.0860139036172995 -745.2456698480028763 -803.3696241310238975 -864.5771179450924819 -905.4575232708848489 -904.8513019912808204 -854.5887828443501348
-618.2127440904419018 -433.6166495375128420 -269.3340184994861488 -189.2929085303186127 -154.1675231243576434 -119.2158273381295004 -78.5858170606372113 -49.1079136690647502 -31.6824254881808827 -15.0328879753340185 36.1757451181911591 143.1973278520041220 317.1551901336073911 580.5693730729701656 951.3155190133606993 1464.8108941418292943 2194.8211716341211286 3093.5323741007196077 3929.2415210688591287 4708.0945529290856939 5460.1428571428568830 5854.1079136690650557 5411.8150051387465282 4173.6639260020556321
1710.5020920502092849 2434.7196652719667327 3235.5983263598327540 4055.1966527196650532 4867.8702928870288815 5447.7238493723853026 5549.7029288702924532 5130.8786610878660213 4185.8912133891217309 2732.2468619246860726 1381.9581589958158929 -24.8326359832635966 -1170.8702928870293363 -2157.1715481171549982 -2994.5313807531379098 -3683.8702928870293363 -4478.0836820083677594 -5199.5020920502092849 -5370.1046025104606088 -4788.5899581589956142 -3566.8953974895398460 -2030.6234309623430363 -602.5439330543932783 419.5104602510460268
424.4438502673796734 1507.9144385026738746 2645.2139037433153135 3663.7700534759360380 4451.9625668449198201 4906.8689839572189157 4906.6871657754008993 4133.0401069518720760 2514.3235294117648664 175.7112299465240710 -2081.9331550802139645 -3329.7967914438504522 -3868.5427807486630627 -4153.3475935828873844 -4177.4491978609621583 -3706.7352941176468448 -2678.1443850267378366 -1437.0534759358288284 -357.6791443850267456 568.2406417112299550 1614.4572192513369373 2677.0641711229945940 3487.5775401069518011 3732.0508021390373870
-1449.0840013942140558 -1576.5625653537817925 -1677.1111885674451969 -1747.5113279888462330 -1787.3527361449982891 -1800.1648658069013891 -1798.1917044266294852 -1790.7974904147786219 -1779.4029278494249411 -1763.1070059254095668 -1750.0167305681422931 -1746.3182293482050227 -1753.0209132101776959 -1766.6263506448240150 -1772.6657371906587741 -1770.3684210526316747 -1756.9362147089577775 -1727.7654234925059882 -1678.9979086789821849 -1614.0219588706866034 -1534.5803415824329932 -1445.2356221680026920 -1351.3217148832345629 -1243.5688393168352377
1490.2054655870445004 1566.0323886639675948 1559.8727226720648105 1510.5253036437247829 1436.9590080971659063 1359.4888663967610682 1281.4096659919027843 1211.1875000000000000 1150.0288461538461888 1091.7074898785424466 1032.7593623481782288 993.9048582995951620 980.5040485829960062 990.6657388663967367 1023.1546052631579187 1066.7717611336031496 1111.8922064777327705 1154.2550607287448656 1191.8689271255061612 1219.1647267206478773 1227.0996963562752171 1204.5926113360324052 1142.3066801619434045 1040.6533400809717023
5368.5270805812415347 6320.5931307793925953 5783.9207397622194549 3457.5627476882432347 827.3830911492734685 -307.3104359313077794 -210.5455746367238987 -299.2681638044913939 -292.0079260237780545 -220.8058124174372665 -321.2060766182298721 -495.7569352708057977 -550.8612945838837049 -527.8414795244385687 -500.1545574636724041 -464.9220607661823124 -448.5944517833553391 -471.3130779392338354 -499.5719947159841468 -426.1968295904887896 -271.0132100396301098 -97.8018494055482108 88.6063408190224635 182.8309114927344865
2107.4700214132762994 2299.9775160599569972 2100.7687366167024265 1561.7478586723768785 860.2403640256959534 170.7917558886509539 -374.7773019271948556 -718.6739828693789605 -926.3137044967879774 -1026.6193790149893630 -1054.6370449678800014 -1040.5583511777301737 -1056.8816916488221977 -1157.1750535331905212 -1301.2553533190578037 -1432.7831905781583828 -1462.9732334047109816 -1376.9138115631692472 -1206.2660599571734110 -1017.8179871520342203 -839.4036402569593065 -696.9603854389721391 -583.2371520342612712 -484.2708779443254912
1241.0262773722627117 1798.3708029197080123 2529.6496350364964201 3403.4408759124089556 4259.6861313868612342 4999.0160583941606092 5607.5386861313872942 5815.8890510948904193 5102.4686131386861234 3501.4131386861313331 1555.9766423357664280 572.9489051094890328 366.6919708029196840 164.8116788321167974 39.0773722627737214 -29.1547445255474464 -103.2846715328467155 -201.3226277372262700 -285.1693430656934538 -361.2437956204379361 -455.0437956204379475 -536.0729927007299693 -613.8467153284670985 -679.9664233576642118
64.9605339524085963 95.3731863029599509 72.5565873476494545 7.5870574579222287 -70.4866511897852632 -141.2890307603018130 -179.7977365060940258 -171.6813697040046520 -144.9332559489263019 -118.7980266976204291 -93.5150899593731850 -34.0023215322112620 121.0156703424260058 460.7603017991874594 1005.7362159024957009 1624.6755658734764438 2071.6639582124203116 2143.1433546140451654 1783.9286128845037638 1171.1842716192686567 581.3453279164248215 174.4024956471270968 -37.7661056297156108 -113.6903656413232682
136.6919277183768031 144.9320952916901035 160.2805602451072389 185.7199399737385193 211.3977990370787268 224.9835553054461457 224.9982492340398892 213.6076408428687614 205.0121303070093290 199.0261989620458962 185.6375914462577441 160.9701119239667264 123.1196773588444984 73.4137435127868372 10.3187644594510104 -72.7030575876946159 -185.8188582504845954 -317.6845494904020484 -446.6981179265928859 -547.5427999749890660 -596.2522353529669772 -588.5329206527856059 -542.0435815669355861 -479.1635715625586158
1888.5226700251889724 2223.0209907640637539 2482.0520570948783643 2645.1901763224182105 2686.7225020990763369 2611.8152812762382382 2443.3039462636438657 2174.5361041141895839 1854.5209907640637539 1494.6687657430729814 1160.0684298908479377 862.0625524769101276 608.1167086481948445 426.0411418975650690 285.1158690176322352 173.8736356003358594 90.0549958018471841 25.8690176322418139 -5.2640638119227541 -14.5994962216624682 -21.0134340890008389 -33.3933669185558344 -38.1238455079764904 -46.9130982367758165
7.9382093316519544 -59.5271122320302624 -173.0277427490542266 -300.2017654476670714 -357.7263556116014911 -348.4955863808322647 -314.4590163934425959 -313.5195460277427628 -365.4766708701134803 -390.8953341740227074 -378.5800756620428729 -403.5233291298865197 -481.2849936948297795 -544.1904161412358008 -413.1488020176544751 4.8348045397225725 807.3430012610340327 2026.0100882723834275 3576.3152585119796640 4755.8751576292561367 4438.5346784363173356 2463.0365699873896119 232.7692307692307736 -859.3329129886507189
-1856.7991967871485031 -1983.1164658634538682 -1837.0100401606425748 -1407.1224899598394131 -669.3393574297189161 377.3935742971887635 1732.5281124497992096 3160.2991967871485031 4258.6566265060237129 4100.0441767068268746 2357.9759036144578204 -8.5180722891566258 -1774.8473895582328623 -2614.5220883534134373 -2787.1224899598391858 -2346.5120481927710898 -1475.0783132530120838 -519.6385542168674192 528.0883534136546587 1402.8353413654617725 2134.2811244979920957 2583.2188755020079043 2553.6526104417671377 2137.6244979919679281
-2353.7962328767121107 -2155.1815068493151557 -1687.2003424657534651 -1044.1386986301370143 -220.3030821917808169 851.5616438356164508 2007.1729452054794365 3063.8561643835614632 4034.6250000000000000 4801.3527397260277212 5047.3698630136987049 4239.5633561643835492 2199.5650684931506476 -31.2380136986301373 -1684.0582191780822541 -2739.4537671232878893 -3107.2619863013696886 -3018.7345890410961147 -2675.5993150684930697 -2082.8732876712329016 -1316.5736301369863668 -564.6866438356164508 60.5890410958904084 623.6095890410958873
118.8399927351979670 152.1883399927351945 194.8503450780966091 240.7201235016345890 292.2737014166364133 347.4175444969124555 414.7090446785325071 491.2126770795495645 575.6719941881583509 672.8047584453323680 783.8254631311297089 897.3276425717399434 999.5346894297130120 1086.5345078096622728 1160.3726843443516827 1232.7709771158736203 1304.7021431166001548 1371.1086087904104716 1432.4044678532509351 1480.2050490374138008 1492.3514347984016695 1465.5479476934253853 1388.2562658917545377 1247.6198692335633496
-162.3021496815286753 -210.9924363057324967 -204.5187101910827892 -167.4725318471337516 -72.5414012738853557 106.2089968152866248 273.2691082802547839 247.0222929936305718 -102.7384554140127335 -735.6218152866241553 -1470.1082802547771280 -1963.0505573248408382 -1759.8359872611465562 -858.2388535031847141 230.2850318471337516 920.8686305732484243 1013.3845541401274204 674.1508757961782976 206.1126592356687866 -143.1162420382165692 -273.2054140127388564 -205.2472133757961785 -67.0541401273885356 19.8718152866242050
-76.8084112149532672 -91.3668224299065486 -108.4649532710280369 -121.2303738317757080 -135.9789719626168107 -167.2794392523364593 -212.1714953271028037 -233.7658878504672941 -231.7728971962616811 -195.1752336448598157 -151.1485981308411226 -83.8822429906542055 -1.1869158878504673 26.2724299065420546 -134.9574766355140127 -550.6285046728971793 -1163.1532710280373522 -1792.3149532710281164 -2109.5831775700935395 -1752.5948598130842129 -761.4523364485980892 441.8532710280373976 1345.5939252336447680 1639.4331775700934486
-234.0550161812297745 -155.5145631067961176 -104.2502696871628842 -71.4530744336569512 -37.8522114347357075 11.2233009708737868 97.5587918015102531 216.2847896440129318 394.9309600862998764 682.6019417475728233 1106.4519956850053859 1738.1704422869470363 2579.2599784250269295 3492.1100323624596058 4310.2060409924488340 5076.1240560949299834 5690.0021574973034149 5674.0539374325780955 4636.7367853290179482 2690.2966558791799798 874.4897518878101437 -10.8662351672060407 -360.2427184466019412 -743.0496224379719479
-1.9649248389405869 -71.2018611309949847 -145.1825340014316339 -213.0200429491767977 -304.4230493915533202 -422.9327129563350240 -582.4710093056550022 -802.9162491052254609 -1093.4273443092340585 -1463.7244094488189603 -1888.7337151037938838 -2322.3357193987117171 -2706.2634216177521012 -3005.5368647100931412 -3189.8181818181819835 -3264.1904080171798341 -3238.9470293486042465 -3100.3937007874014853 -2874.9706513958481082 -2579.6156048675734382 -2229.7136721546171430 -1859.8303507516106947 -1491.4473872584107994 -1167.8690050107372826
-14.7493857493857501 -4.4761000670091580 -4.5656689747598840 -10.4777752959571142 -17.1231851686397150 -22.6678579405852147 -22.9826893008711188 -17.5675675675675684 -6.4257315166406075 20.3633013178467728 58.0186508822872469 103.9002680366316724 164.2225820862184378 243.3334822425731545 348.9262899262899396 472.3969175787357813 606.0491400491400782 750.5025686843869153 909.3053383962475209 1065.2678132678133807 1178.1779093142729380 1212.5947062765244482 1159.9287469287469321 1047.7757426848336308
-74.7688896469384332 -87.1303087156745732 -93.6196486440388895 -107.0886917960088738 -117.1599863551083018 -100.5512536244243620 -54.6087327306839470 4.4344192392972879 49.3001876172607894 65.1400307010063102 60.0446870202967773 56.8430837455227689 76.6380692478253422 131.6211836943544142 210.0910796520552708 306.5449428620160575 414.5190175677980733 454.1465120245608205 352.4930922735800891 56.1599863551083089 -429.7624083233839087 -1026.9099437148217930 -1527.7364830291660382 -1661.0027289783388369
-1977.6541062801932185 -2266.4222222222224445 -2240.4937198067632380 -1892.4995169082126267 -1299.3565217391303577 -563.3922705314009818 210.9439613526569985 976.9497584541062452 1712.3391304347826463 2360.5748792270533158 2803.6859903381641743 2968.8879227053139402 2796.8444444444444343 2356.5584541062803510 1876.7410628019324577 1453.9768115942028999 1090.4338164251207672 732.6347826086956729 382.7420289855072610 89.4019323671497546 -152.1642512077294782 -341.2212560386473683 -463.7285024154589337 -502.6202898550724854
-122.8545386904761898 -111.2183779761904816 -93.4888392857142918 -86.5338541666666714 -89.7042410714285694 -84.6529017857142918 -80.8675595238095184 -77.2191220238095184 -65.7864583333333286 -38.7477678571428541 -8.6250000000000000 35.7559523809523796 96.2622767857142918 173.8381696428571388 288.5119047619047592 493.7358630952380736 816.5502232142856656 1260.6670386904761472 1793.6134672619048160 2332.5022321428573377 2780.7433035714284415 3007.2816220238096321 2922.0345982142857792 2570.6458333333334849
-538.3892002037697466 -594.9019358125318604 -666.5649516046867120 -736.5122261844115883 -811.7226184411614440 -888.0674987264391120 -956.7547121752419343 -1008.5410086602139472 -1043.3909831889964153 -1072.9528782475802018 -1102.6653082017319321 -1134.1102903718797279 -1171.7391747325523284 -1209.5221599592459825 -1255.3581253183901936 -1322.7929190015281620 -1419.0840550178297690 -1541.5056036678552118 -1677.2743250127355168 -1804.9814060112073548 -1892.8573611818644622 -1905.0634233316352493 -1807.3206826286295836 -1603.6520631686194065
3189.4007682458386626 4276.6094750320098683 5466.9052496798976790 6272.1011523687584486 5494.4750320102430123 3236.4519846350831358 792.9090909090908781 -202.5288092189500730 -154.8130601792573486 -354.4763124199744198 -391.7042253521127009 -328.1677336747759455 -380.6261203585146973 -423.6824583866837202 -395.9961587708066304 -364.5198463508322675 -351.2893725992317400 -340.0627400768245820 -364.1997439180537981 -418.5556978233034329 -459.4379001280409511 -411.4020486555697858 -310.2317541613316507 -200.5249679897567319
598.1495718710147003 593.8544361450173028 488.7259974494443213 352.6119511750774222 244.3067954089998182 196.2120604846055869 190.1850974676625867 205.2929495354345022 240.7832027691747214 307.9790490071051181 347.5119329568227613 257.6445618509746964 -24.2464929859719440 -482.0539260338859435 -1003.6797230825286533 -1393.5930041901985987 -1460.6870103844050846 -1193.3955183093460164 -760.7174348697394635 -381.3827655310621481 -179.4815084714884392 -128.0457278192749015 -133.6152304609218504 -138.8677354709418807
-272.9923371647509498 -144.6704980842911823 -87.6002554278416312 -143.5836526181353747 -285.6653895274585011 -350.5983397190293545 -127.2656449553001323 564.5376756066410735 1630.2618135376756072 2690.3946360153258865 3247.6117496807150928 2658.5887611749681128 1172.0734355044698987 -225.1270753512132785 -948.3908045977011625 -1029.9176245210728666 -759.5785440613026367 -484.9374201787994707 -298.4469987228607692 -144.8901660280970702 -15.7439335887611751 18.5338441890166017 -96.8218390804597675 -247.8339719029374066
2949.9835680751175460 3601.6971830985917222 3068.6971830985917222 1480.0821596244131797 -269.4436619718309771 -1701.0680751173708813 -2393.5305164319247524 -2466.2605633802818375 -2120.2769953051642915 -1297.4178403755868203 -133.8474178403755843 1038.4882629107980847 2056.1643192488263594 2935.6572769953049828 3259.2112676056340206 2574.5680751173708813 1156.2629107981219931 -230.8967136150234865 -1106.9225352112675864 -1442.9413145539906509 -1340.7746478873239084 -946.7323943661971271 -392.6854460093896932 137.6713615023474233
-57.7290361086242925 -24.1038495971351843 3.4249477767830498 25.1202626081766631 44.3592957326171273 51.1817367949865698 29.7317218740674427 0.8424350940017905 -6.6726350343181142 -9.9612056102655924 -24.9728439271859131 -52.5887794688152823 -69.8242315726648712 -42.4482244106236948 -26.8427335123843633 -58.6257833482542523 -117.0381975529692653 -125.6284691136974061 -1.6048940614741869 325.6869591166815781 922.3595941509996692 1758.3745150701283819 2534.4580722172486276 2801.8597433601908051
426.8574257425742644 323.9504950495049229 232.6297029702970178 187.9762376237623869 204.6079207920791987 199.0990099009900973 237.0970297029703033 225.8653465346534688 -83.6633663366336577 -1021.6752475247524217 -2519.6158415841582610 -4097.5663366336630133 -5267.1801980198015372 -5744.2039603960392924 -5419.5584158415840648 -4315.3069306930692619 -2667.6019801980196462 -1002.7366336633663195 278.8554455445544704 862.5108910891088954 901.0138613861386148 681.8396039603960617 424.2079207920792214 321.2891089108911160
-7.6943551268310113 6.0763219006788143 18.3318595927116839 31.9910682386566627 42.8846016434440855 53.0902554483744211 66.2279385494819621 83.7899696320114344 108.2333422650946773 140.5159878528045851 179.4924080028581557 224.4915594855305585 270.8896927474098106 313.1413897820650050 349.7343694176491340 379.0557341907824025 396.6732315112540164 399.6046802429439140 386.8399874955341033 362.9392193640586015 330.2144515898535246 296.9954448017148820 269.2247677742050769 240.0122365130403637
240.2125984251968589 568.6141732283464307 955.6724409448819415 1404.2755905511810397 1994.9354330708661109 2799.6519685039370415 3735.4519685039372234 4732.6771653543310094 5700.5259842519681115 6210.4692913385824795 5786.9259842519686572 4410.2141732283462261 2383.4267716535432555 888.3417322834645802 202.0173228346456824 219.7259842519684980 66.2000000000000028 -27.4440944881889770 -70.6503937007874043 -164.9401574803149515 -270.3133858267716505 -340.4031496062992233 -382.3842519685039179 -430.7716535433070817
-2.1979840035060807 -41.1870275008217348 -86.0866659362331603 -133.9187027500821614 -183.6284649939739211 -238.4063766845622752 -316.2575873781088944 -438.3215733537854817 -586.8598663306672734 -737.3350498520871952 -862.0763668237099182 -938.5356634162375258 -963.4941382710638891 -955.5991015667798365 -931.9856469814834554 -888.4874548044264202 -819.3017420839267970 -715.4756217815273658 -585.5370877615864629 -444.4470253095212229 -311.0305686424892997 -198.1533910375808034 -110.7644351922866264 -55.6159745809137718
-65.0834595686359307 -88.5125153285724622 -103.0691769458270244 -110.8165620717016537 -113.3145062396306741 -117.2037798456322548 -124.4301377768159824 -131.7017240135612894 -146.7493327562576724 -174.6239630671571774 -213.7229315443987616 -259.6114116713554267 -311.5964798384188157 -369.6116280747312999 -432.1913005842891380 -493.7427685205222474 -559.5157613792108577 -631.2364567553920551 -694.4421842314073956 -738.3801485969847818 -761.4536536103296385 -761.3810863449469934 -741.0750198369761392 -692.0214960686720360
740.4904761904762154 366.7619047619047592 -241.8452380952381020 -1393.1952380952379826 -2809.3857142857141298 -4271.7690476190473419 -5484.8642857142858702 -6236.7547619047618355 -6159.2928571428574287 -5149.0666666666666060 -3467.8714285714286234 -1602.2380952380951840 -49.5404761904761912 882.0666666666667197 1178.2547619047618355 917.3214285714285552 361.2952380952381191 -4.4214285714285717 -133.8285714285714221 -176.1833333333333371 -177.0785714285714221 -101.8357142857142890 15.0619047619047617 117.4119047619047649
109.4959999999999951 306.4080000000000155 614.8239999999999554 1011.4320000000000164 1549.0080000000000382 2244.3800000000001091 3044.2919999999999163 3877.8440000000000509 4664.3320000000003347 5307.7240000000001601 5649.6599999999998545 5380.1719999999995707 4386.5799999999999272 3066.3719999999998436 1635.0119999999999436 75.8199999999999932 -1113.3079999999999927 -2149.7040000000001783 -3076.3560000000002219 -3878.0880000000001928 -4626.1440000000002328 -5252.7600000000002183 -5339.7120000000004438 -4738.9279999999998836
-292.8428109107720729 -310.1823855755894783 -164.6960240406842217 239.9766527970411403 840.2357836338418338 1412.5619509939897398 1671.7429496070271853 1432.6195099398983075 835.1581137309292444 242.2827092001849394 -100.7059639389736532 -194.8023578363384161 -150.9447526583448962 -110.3222376329172505 -105.5788257050392929 -84.3490522422561213 -54.7556634304207108 -39.6377716134997655 -61.7267683772538120 -110.3550624133148403 -139.9909847434119285 -145.6687471104946781 -132.8127600554784919 -109.5046232085067004
45.9925857275254870 -106.1214087117701581 -275.5977757182576511 -429.6830398517145682 -572.3410565338276683 -736.8730305838739696 -1001.2743280815569733 -1349.7256719184429130 -1725.3113994439295311 -2062.0778498609824965 -2263.3753475440221337 -2231.8989805375349533 -1959.5125115848006772 -1525.5217794253937882 -985.0009267840592884 -404.2826691380908528 189.3151065801668267 811.2752548656162617 1464.8452270620946365 2141.2493049119557327 2800.0648748841517772 3181.8396663577386789 3086.0315106580164866 2620.5347544022242801
-1152.6849999999999454 -1774.8900000000001000 -2225.7537499999998545 -2485.5500000000001819 -2566.6762499999999818 -2439.5512499999999818 -2027.0137500000000728 -1408.3787500000000819 -730.6174999999999500 -85.4849999999999994 540.1837500000000318 1193.4474999999999909 1898.4337499999999181 2599.4412499999998545 3209.1849999999999454 3498.7387499999999818 3348.9637499999998909 2904.2112499999998363 2317.7587499999999636 1686.5474999999999000 988.3150000000000546 388.6587499999999977 -43.0287500000000023 -311.0887500000000045
277.6472762645914258 350.8153696498054614 294.8369649805447352 14.4756809338521393 -485.8367704280155408 -1064.0060311284046293 -1487.3902723735409381 -1542.9468871595331620 -1192.3521400778211046 -670.8894941634241604 -268.9075875486381051 -100.3025291828793826 -100.0511673151750927 -153.1558365758754974 -184.2772373540855995 -181.1937743190661365 -141.8214007782101191 -78.3478599221789835 -16.8449416342412448 9.1632295719844361 -20.5040856031128413 -83.0966926070038880 -131.5552529182879482 -109.1614785992217946
-109.8826587448941723 -52.1756405495729680 81.5484589676940175 300.8221314519123553 484.1069439287040268 386.9123653917563956 -96.8770887486075054 -868.7118455254362743 -1658.7653174897882309 -2011.4210917192722263 -1600.7805421463051516 -650.5124396583735233 246.9127367248421763 684.3479391013739814 626.0345339769774000 307.8733754177497417 3.9060527292981804 -168.3152617898254846 -180.1563312291125101 -100.2320831786112194 -26.1121425919049379 15.2525064983290015 11.8239881173412549 -17.0579279613813597
39.4950495049504937 296.4774477447744516 672.0110011001099792 1190.5918591859185653 1818.7260726072606758 2391.7821782178216381 2802.4235423542354511 2973.3982398239822942 2899.5181518151816817 2689.6391639163916807 2372.0209020902088923 1958.8569856985698152 1475.9603960396038929 903.8206820682067928 301.2354235423542264 -307.4312431243124593 -900.9460946094609426 -1409.7073707370736884 -1805.4884488448844877 -2074.2343234323434444 -2202.1584158415839738 -2183.5038503850382767 -1974.0363036303631361 -1648.4774477447745085
3933.4724220623502333 4237.9448441247004666 4050.6067146282971407 3185.1534772182253619 1612.3597122302157914 -337.0551558752997607 -1989.4916067146282330 -2942.6930455635492763 -3353.9880095923263070 -3437.4364508393286997 -3237.3045563549162580 -2678.0743405275779878 -1926.1702637889688958 -1057.0743405275779878 -292.5539568345323573 508.9112709832134556 1546.1294964028777486 2683.9040767386090920 3791.5611510791368346 4661.8657074340526378 4882.8225419664267974 4152.4940047961626988 2620.9352517985612394 888.0191846522782271
-2701.2058823529409892 -2817.5040106951873895 -2762.7312834224599101 -2540.4425133689837821 -2188.3475935828878391 -1804.5294117647058556 -1436.7887700534759006 -1110.3195187165774769 -837.8048128342245491 -593.2366310160427929 -358.9491978609625562 -130.7606951871657657 95.7647058823529420 333.1858288770053491 573.5975935828877255 827.7393048128342343 1130.3128342245988733 1501.1831550802139645 1957.1203208556148638 2470.2192513368981963 3013.3395721925135149 3528.8716577540108119 3910.0026737967914414 4016.8221925133689183
-413.4109926168990796 -604.7785069729286533 -837.3330598851517834 -1136.4093519278096664 -1507.5594749794913696 -1942.4790812141100105 -2415.5742411812962018 -2858.4216570959802084 -3201.2764561115668585 -3405.5028712059065583 -3454.7136997538964351 -3362.1747333880230144 -3154.8908941755535125 -2859.3798195242002294 -2525.4552912223134626 -2154.6283839212469502 -1764.9499589827728414 -1393.6267432321574233 -1082.5455291222313008 -839.2009844134536252 -655.2592288761279633 -510.7579983593109318 -406.2461033634126579 -316.7161607875307823
-2534.0742477530284305 -1933.2817506838609916 -475.3513091051191850 698.1332551778037896 1050.0508010941773591 784.9937475576397219 370.4552559593591354 91.3274716686205608 -15.4407971864009372 1.9230168034388433 63.7436498632278230 136.5334114888628392 169.7702227432590973 146.7018366549433495 113.2637749120750357 87.0132864400156336 61.0042985541227054 49.9363032434544749 56.3935130910511901 77.1297381789761687 107.9191090269636533 111.4966783899960916 90.6045330207112158 48.7338804220398600
4.5369784914443407 4.2645999651253588 4.2148960205002233 3.4736810183395121 1.9990219937680533 1.2329626007384327 1.1575954693292696 1.7222613930144579 2.9420777704490488 5.1127512300892333 7.6831183994056147 9.7085617243235465 10.9143069423279577 11.7538835945140665 12.4009067406615561 12.7063934314372151 12.2721435015655675 11.1307723216654910 9.4523695802154641 7.6436114965011637 5.4892381407267568 3.4240149809326690 1.9143069423279582 1.5812844481846233
-96.5806451612903203 -169.6842619745845582 -199.1632453567937375 -184.0234604105571918 -152.3734115347018587 -106.5923753665689162 -50.2688172043010724 2.1182795698924730 25.7595307917888547 15.6060606060606055 16.3714565004887582 52.8797653958944309 118.9657869012707749 211.7116324535679439 320.0625610948191593 421.6246334310850443 457.5659824046920789 213.8709677419354875 -495.6891495601173006 -1688.2932551319647700 -3142.0097751710654848 -4410.2688172043008308 -4943.3773216031277116 -4480.2062561094817283
-235.3864491844416591 172.1141781681304792 785.8757841907151942 1608.4416562107903701 2538.2283563362611858 3178.7227101631115147 3087.9096612296111743 1964.2195734002509653 309.7089084065244720 -1052.5784190715182831 -1861.2697616060224846 -2112.5922208281053827 -1915.2383939774153987 -1477.6286072772898024 -920.0878293601003861 -273.4905897114178401 280.4629861982434136 792.2710163111669317 1297.1844416562107654 1783.6486825595984556 2112.0828105395230523 2054.6398996235884624 1674.4742785445421305 1129.1066499372648195
-433.6000000000000227 -375.1653543307086807 -299.7102362204724386 -209.8393700787401599 -128.8220472440944775 -79.1165354330708652 -51.7307086614173244 -39.8740157480314963 14.8566929133858263 133.5196850393700743 312.0047244094488406 591.1874015748031752 998.9401574803149515 1593.0944881889763565 2453.2677165354330100 3496.8440944881890573 4521.1401574803148833 5505.6393700787402850 6286.4141732283460442 6478.8472440944879054 5456.9527559055113670 3372.1952755905513186 1179.2708661417323128 43.1118110236220460
-1490.1985094850947462 -1613.7588075880757970 -1686.8954381210478459 -1711.8818879855464274 -1697.0277777777778283 -1650.9340560072266726 -1579.1933152664860245 -1494.4704155374886341 -1399.4616079494128371 -1297.9162149954831875 -1192.8014905149052538 -1083.8556910569104730 -974.5295844625112522 -868.4189250225836076 -777.1836043360433450 -710.4751580849141419 -677.9498644986449563 -687.2700993676603503 -732.2901987353207005 -803.0088075880759106 -865.4649954832881349 -885.1194670280036689 -850.1628274616080034 -754.9286359530261734
1867.6259259259259125 2696.8827160493829069 3543.5666666666666060 4378.9209876543209248 5266.6950617283946485 5816.0839506172842448 5104.6259259259259125 3102.3580246913579685 718.9098765432098617 -207.8111111111111029 -243.3827160493827080 -574.1518518518518022 -671.4802469135802312 -663.3814814814815009 -690.1876543209876900 -668.7950617283950123 -567.5925925925926094 -458.9592592592592837 -381.7987654320987758 -370.6938271604938109 -417.9753086419752890 -521.5851851851851961 -629.4074074074073906 -604.6666666666666288
1600.0852837447901038 1514.7031099711446132 989.7712407823020158 371.7162552100032258 -80.0727797370952175 -260.7976915678102046 -253.1651170246873903 -171.5211606284065340 -100.1530939403655083 -48.3183712728438621 -8.6580634818852200 14.8959602436678420 22.0726194293042646 16.2717217056748957 11.2555306187880735 10.0894517473549215 9.2890349470984290 14.4026931708881047 25.6623917922411025 20.8829753126001911 -2.3562039115100992 -34.4955113818531558 -54.5807951266431530 -70.6782622635460029
-54.6055155875299789 -23.6402877697841731 -26.8261390887290183 -25.3345323741007178 -42.7517985611510767 -94.0347721822542013 -125.8177458033573117 -134.3968824940047853 -136.4796163069544264 -161.7805755395683320 -242.6258992805755383 -362.8297362110311610 -437.5359712230215905 -469.9532374100719494 -483.8681055155875583 -497.6019184652278113 -388.5131894484412669 -89.3932853717026319 518.5083932853716533 1566.0827338129495274 2959.4184652278177055 4639.2673860911272641 6044.9952038369301590 6113.8141486810554852
288.3306689103912390 317.0054308333652102 328.2550961869430353 329.9693272650782205 326.6081768462921104 311.7819252686732625 290.3077982177687772 269.2687497609668412 246.3877691513366699 218.0003824530538736 182.9716984740123280 144.9715454927907672 110.0305579990056231 82.4240257008452204 61.5924962710827231 47.4150380540788632 41.3109725781160364 39.0613454698435802 35.0925918843461986 30.7332389949133749 27.3564844915286649 21.0687268137836092 9.1130148774237956 -3.4493440930125825
424.7175546448087289 482.4108606557376788 550.2706625683059656 634.6828893442623212 728.7576844262295026 834.1883538251365735 944.3130122950819896 1049.9538934426229844 1142.9716530054645318 1219.0112704918033160 1279.7455601092897268 1322.2872267759562419 1340.6663251366119312 1325.2532445355191157 1277.7503415300545839 1198.6753756830601105 1091.1159494535518206 966.8746584699453024 826.9579918032786736 680.2056010928961314 540.5073428961749187 415.5225409836065751 319.4544057377049171 258.1707650273224317
-675.3902583025829927 -715.5012546125461768 -656.7639114391143949 -518.2119557195571815 -325.0272324723247266 -128.1909225092250892 36.6249446494464976 153.8222878228782236 220.3216236162361668 244.9912177121771322 238.4588191881918817 200.9845018450184568 150.2941697416974307 98.2841328413284145 54.9365313653136553 18.6016236162361608 -12.0464206642066429 -39.8834686346863450 -65.3035424354243474 -82.4481180811808088 -90.7469372693726939 -93.2355719557195641 -89.8042066420664185 -83.7515129151291546
-222.2550877192982455 -248.9263157894736764 -214.3617543859649004 -161.2764912280701708 -102.4350877192982523 -59.5761403508771963 -53.1438596491228097 -57.0610526315789457 -30.3287719298245619 54.9884210526315798 177.3045614035087851 285.2943859649122942 379.0564912280701719 437.2754385964912558 396.6322807017543823 155.4364912280701674 -352.3284210526315974 -1046.7536842105262167 -1768.3375438596490312 -2284.8870175438596561 -2376.4666666666666970 -1973.2445614035086692 -1287.9849122807017920 -715.4985964912281133
-947.4517096580683528 -1051.9913017396520445 -1146.7359028194362054 -1224.4805038992201389 -1273.1243251349731054 -1284.8596280743852276 -1260.5529394121176665 -1212.3248350329934055 -1159.2129574085183776 -1107.2335032993401001 -1056.0890821835632778 -996.1802639472105056 -916.6748650269945529 -815.4614577084582834 -694.0166466706658639 -555.1508698260347501 -404.5989802039592291 -255.4448110377924479 -122.9340131973605281 -15.0550389922015597 61.9764547090581885 112.7850929814037215 135.3057888422315500 132.1645170965806813
-2164.7734640030153059 -2647.3415001884659432 -2928.5921598190725490 -2932.7783641160949628 -2689.6954391255180781 -2229.5239351677346349 -1634.0003769317752358 -1026.6373916321144861 -517.7369016208066341 -182.8330192235205516 5.1277798718431962 113.6347531096871535 187.6792310591782780 239.5058424425179169 249.1013946475687817 224.2608367885412690 184.5375047116471876 147.8710893328307634 147.4832265359969767 173.3554466641537886 210.2050508857896602 242.8624199019977254 276.0520165849981140 291.0278929513758044
-1662.2913436692506366 -1808.4215116279069662 -1704.5897932816537832 -1426.3510981912145326 -1074.5823643410851673 -735.6550387596898872 -479.9796511627906739 -313.7267441860465169 -235.1989664082687455 -237.2131782945736518 -295.4341085271317979 -396.0361757105943070 -551.3730620155038196 -758.6340439276485768 -990.4431524547803747 -1196.7490310077519098 -1318.5962532299740815 -1288.9479974160205984 -1112.9764211886304111 -875.2354651162791015 -643.6792635658914605 -464.8979328165374909 -359.4941860465116292 -309.9166666666666856
1924.9173410404623610 2174.2167630057801944 2363.9109826589597105 2469.5832369942195328 2510.5872832369941534 2496.5306358381503742 2446.4416184971096300 2371.5930635838149101 2283.6508670520229316 2203.6225433526010420 2151.9664739884392475 2111.9734104046242464 2050.6173410404626338 1947.0664739884393839 1821.1797687861271697 1685.1381502890174033 1547.1780346820810337 1397.6271676300577838 1261.2566473988438247 1128.8456647398843415 1006.4514450867052346 902.3502890173410833 809.4485549132947426 728.2560693641618172
-390.9654791494062351 -553.5647611157138499 -775.5567522783761660 -1032.5749792874896684 -1252.5045567522784040 -1385.0107705053851532 -1421.1350455675228659 -1358.7801712234188471 -1207.0571665285833660 -992.2236951118475190 -736.6666666666666288 -456.1524440762220252 -171.6191659762496613 99.7158243579121830 336.2573874620270544 545.1888980944490868 726.4037558685446356 872.5813311239988934 976.2656724661695762 1012.7050538525269303 1003.7089201877934102 1004.2410936205468488 1012.9124551228942437 961.5401822700911225
825.8122516235339390 940.6510613550450444 1020.4743627023359522 1037.7848211689445179 967.3126877968401232 828.0588349326354773 676.4864786275079496 555.4509062712028253 463.4692255500630154 381.3797615585926337 295.7546767471164344 216.1145681884268583 150.4308422991179555 95.9426189783851839 51.5810797712513320 12.5904817291848410 -19.0044586604633139 -43.3804400504022496 -62.4194048657555456 -73.5499660754095146 -87.7422700397402338 -107.3059998061451950 -127.0008723466123826 -141.4802752738198990
147.1242819843342033 166.1211488250652621 187.7336814621409928 184.5451697127937223 136.1185378590078301 73.0736292428198482 42.4276762402088750 43.5065274151436014 67.0569190600522234 76.4809399477806835 78.3404699738903361 41.7597911227154057 -129.4746736292428295 -556.4480417754568862 -1262.0302872062663937 -2109.3127937336812465 -2846.3013054830285000 -3239.0093994778067099 -3170.0966057441250996 -2681.5519582245428865 -1974.1806788511748891 -1249.6657963446475605 -665.2146214099216195 -296.2067885117493233
4311.8908450704229836 4095.6443661971829897 2699.3978873239434506 446.7957746478872991 -1747.9049295774648272 -3240.0140845070422984 -3878.6338028169016070 -3842.4718309859154033 -3283.0950704225351728 -2507.4401408450703457 -1520.2323943661972407 -538.7922535211267814 430.2112676056337932 1470.1126760563379321 2756.3415492957747119 4030.2112676056340206 4994.5598591549296543 5272.6619718309857490 4388.8802816901406914 2326.0739436619719527 -197.3802816901408335 -2352.5563380281691934 -3541.3098591549296543 -3690.7288732394367798
-187.0433353257621150 -183.8120143454871425 -184.8619246861924807 -220.9330543933054400 -327.2946802151823249 -500.6066945606694389 -683.3350268977884525 -734.6978481769276641 -479.8135086670651503 145.5561864913329373 934.8930065750149652 1564.7390914524805794 1742.6616855947399927 1342.0953377166765677 588.0983263598326403 -82.0633592349073524 -411.7821279139270700 -394.8299462044232087 -218.5227136879856573 -65.7337118947997538 39.9465032875074684 119.7913927077106990 140.5113568439928144 86.3311416616855922
470.9721627408993641 -294.3233404710920809 -1034.8608137044968771 -1543.8693790149893630 -1852.9507494646682062 -1982.7644539614561836 -1714.1006423982869364 -943.0642398286937578 174.3511777301927168 1626.8308351177729492 3291.7087794432550254 4568.5546038543898248 4264.6359743040684407 2027.7537473233405763 -446.4346895074946246 -1920.0706638115632359 -2568.9892933618843927 -2452.1306209850108644 -1687.1691648822270508 -662.8586723768736420 259.1991434689507514 1020.9421841541756066 1516.1905781584582655 1673.8779443254818489
-2095.8121974830592080 -2348.3272023233303116 -2269.1074540174249705 -1771.7476605356566779 -938.9290093578573533 -122.7857373346240735 416.3226847370119117 638.9780574378831943 637.8967408841562019 534.6905453372055490 413.7528234914488507 313.9503065505001587 245.7754114230396851 224.4859632139399821 214.2016779606324519 190.0732494353017046 155.2184575669570847 118.8222007099064257 72.3862536302032851 49.6979670861568223 52.2055501774766029 58.9699903194578923 63.4485317844465939 64.3462407228138176
448.4680738786279903 542.5160949868073885 673.3398416886543600 836.5525065963061024 1021.2707124010554480 1238.2897097625329934 1466.5113456464380306 1690.5366754617414244 1896.2986807387862882 2072.5155672823220812 2195.6881266490763664 2271.9889182058045662 2313.7271767810025267 2327.4306068601581501 2313.5941952506595953 2275.3419525065964990 2232.6527704485488357 2188.7957783641159040 2132.7160949868075477 2053.8865435356201488 1961.6802110817941411 1828.0833773087072132 1679.5298153034300412 1502.9261213720317301
12.6888255777144661 -5.8607154162709723 -43.0139284583729022 -104.0968660968660942 -199.5732826843938028 -344.6057296612852383 -546.4365305476416097 -781.4287749287749421 -1002.0887939221272518 -1144.5601456157012308 -1174.2516619183286366 -1091.9233934789490377 -926.9169040835707847 -728.7765115542893000 -523.5064893953782530 -312.8580246913580254 -110.9814814814814810 67.8790756568534306 218.9404874960430618 343.1532130421019247 446.6677746122190342 505.8860398860398959 516.8053181386515007 475.1612852168407812
-537.4138437001595321 -578.6803189792663034 -601.0991387559809027 -608.7229984051036809 -601.8237958532695302 -578.1838596491228373 -542.3450717703349255 -509.0740031897926769 -479.1835406698564839 -452.9142583732057687 -429.9918979266347492 -404.2121850079744831 -378.7678468899521249 -352.7934290271132340 -323.2043381180223491 -293.8137161084529225 -263.1201275917065345 -233.8096969696969722 -206.2150558213716067 -186.4264114832535881 -167.7324401913875533 -149.4330462519936304 -128.4897607655502441 -110.2733652312599730
119.4364210526315730 69.3976842105263216 33.8338947368421046 -9.1221052631578949 -33.3378947368421024 -27.5052631578947384 -18.4456842105263163 -15.9680000000000000 -22.8461052631578951 -46.4381052631578939 -91.8065263157894691 -142.0943157894736828 -197.2715789473684254 -265.6625263157894778 -335.3195789473684272 -403.6467368421052697 -488.4063157894736946 -609.3223157894736914 -818.4042105263157509 -1137.1410526315789866 -1560.4760000000001128 -1999.5696842105262476 -2277.4593684210526590 -2229.0391578947369453
32.0055248618784560 -0.1906077348066298 -68.0635359116022158 -105.3950276243093924 -91.4281767955801143 -87.4281767955801143 -100.7955801104972409 -106.1961325966850893 -112.3756906077348106 -34.1187845303867405 135.1270718232044317 266.2569060773480487 378.3259668508287064 474.4033149171270907 226.5662983425414438 -683.2845303867403572 -2237.6740331491714642 -4081.1325966850827172 -5596.3618784530390258 -6451.6629834254144953 -6229.4723756906078052 -4998.2513812154693369 -3370.6850828729279783 -1843.8618784530385710
3454.0493827160494220 4254.2839506172840629 4728.7674897119341040 4781.5514403292181669 4272.7674897119341040 3223.4341563786006191 1560.3065843621400290 -340.9835390946502116 -2009.0267489711934559 -2906.5390946502056977 -3261.9609053497943023 -3553.7489711934158549 -3731.4197530864198598 -3590.3868312757199419 -2953.3703703703704377 -1958.7757201646090834 -1109.2283950617284063 -283.7860082304526941 710.2037037037036953 1738.9074074074073906 2628.1563786008232455 3302.1234567901233277 3488.4279835390948392 3083.3395061728397195
-1306.8038170081392764 -1424.3191131069322637 -1380.0625877069885519 -1212.7942744877911991 -989.8231827111984558 -731.8765085602020690 -467.7271961829918610 -210.1161942183553322 25.9138366545046317 224.0401347179343361 392.3314622509121250 548.0025259612685886 695.4880718495650171 813.0645523435307496 889.5141734493404329 929.4796519786696081 968.6836935166994635 1039.7300028066235882 1135.9419028908223481 1209.4108896996913245 1181.0597810833567110 1050.1961829918607236 859.2304238001684098 675.6351389278697752
-2128.5955414012737492 -2493.8993630573249902 -2791.0834394904459259 -2975.3777070063692918 -3059.5885350318471865 -3028.5025477707008577 -2910.0751592356687070 -2749.4961783439489409 -2570.5656050955412866 -2361.5694267515923457 -2104.3229299363056271 -1803.7745222929936517 -1498.7936305732484925 -1208.1707006369426836 -950.0471337579617739 -722.3324840764331611 -520.6235668789809097 -350.1694267515923684 -196.3382165605095508 -67.4522292993630543 38.2414012738853515 111.1242038216560530 166.5082802547770768 215.0191082802547839
-170.8012618296529865 995.7570977917980599 2370.5236593059935331 3537.6656151419556409 3989.0063091482647906 3173.1577287066247663 1153.0031545741323953 -821.9116719242902036 -2143.2334384858045269 -2808.1293375394320719 -2777.8485804416404790 -2228.1671924290221796 -1106.0851735015771737 236.7728706624605763 1530.5993690851735209 2644.4858044164038802 3466.4542586750790178 3515.9400630914824433 2572.5078864353313293 1060.2050473186120598 -388.2996845425867605 -1270.8170347003153893 -1602.9968454258676047 -1498.5709779179810539
-331.8260869565217490 -1860.2391304347825098 -3029.6902173913044862 -3597.7771739130434980 -3659.5625000000000000 -3301.8532608695650197 -2655.1875000000000000 -1901.7690217391304941 -1016.6331521739130039 -1.0000000000000000 1086.8994565217392392 2341.5815217391304941 3652.3804347826085177 4692.5190217391300394 5133.1005434782609882 4865.3260869565219764 3818.3641304347825098 1928.2228260869565020 -304.4864130434782510 -2211.7907608695650197 -3348.5326086956520157 -3667.0842391304349803 -3459.0217391304349803 -2961.4945652173914823
-319.2782340862423212 -503.0985626283367651 -589.2258726899383419 -634.3162217659137241 -707.6057494866529396 -721.0328542094455315 -668.1611909650923735 -653.3911704312115489 -695.5441478439424827 -696.3665297741273434 -569.3377823408624181 -156.8624229979466236 567.9004106776180834 1661.0051334702259282 2956.8254620123202585 4040.0215605749485803 3925.2802874743324537 2287.4188911704313796 143.2330595482546300 -1263.3696098562627412 -1743.8203285420945576 -1614.6878850102668821 -1291.6950718685832271 -962.5184804928131825
793.8879361914257515 1006.7680957128613954 1171.3565304087737786 1194.6368893320038751 1050.1587238285144394 815.0829511465602764 578.8442671984047365 384.9599202392821553 246.0374875373878467 128.3858424725822545 26.4287138584247252 -48.9509471585244285 -82.7431704885344033 -115.6797607178464631 -224.2259222333001105 -464.1858424725822374 -802.6428713858424544 -1145.5696909272182893 -1372.1766699900299500 -1412.0997008973081392 -1269.5547357926220684 -1034.8167497507477037 -807.4133599202392588 -652.5439680957128985
-393.2527859237536632 -455.9855327468230826 -539.1206256109481956 -648.0332355816226482 -783.0400782013684875 -936.4424242424242948 -1097.6043010752687223 -1259.1968719452590904 -1405.5567937438904664 -1517.4840664711632598 -1591.0328445747800288 -1623.9483870967742405 -1615.6228739002931434 -1571.2918866080156022 -1496.7294232649071546 -1396.9650048875855646 -1275.6862170087977120 -1142.9835777126099856 -1004.3092864125121650 -858.1720430107526454 -710.8971652003909867 -584.1820136852394398 -488.8009775171065598 -428.2555229716519989
-150.6038677479725436 -222.8671241422333082 -267.4291952588895924 -317.4235807860262071 -377.5577043044291941 -423.4285714285714448 -404.9937616968184670 -340.2376793512164568 -253.2339363693075427 -198.2595134123518505 -235.2014971927635543 -474.1041796631316174 -912.0642545227698292 -1475.6631316281971067 -1964.1141609482219792 -2167.1029320024954359 -1919.4822208359325941 -1181.9326263256393759 -116.9900187149095387 951.1933873986275785 1720.3655645664380245 2064.0630068621335340 1943.8034934497816266 1526.4759825327510043
-350.7377717391304373 -634.7730978260869961 -807.2717391304347530 -811.4891304347826235 -615.5964673913043725 -372.0529891304348098 -229.7432065217391255 -160.1168478260869676 -184.1929347826086882 -361.2785326086956275 -647.1576086956521294 -977.6358695652173765 -1180.5081521739130039 -1008.8491847826087451 -283.3817934782608745 975.1290760869565020 2561.5013586956520157 3988.2581521739130039 4178.8940217391300394 2526.4442934782609882 41.8355978260869534 -1668.5095108695652470 -2127.1616847826085177 -1764.7921195652174902
-116.5046409379579870 -108.4333170493405021 -89.0254030288226659 -51.6130923302393754 20.9604298974108438 119.4948705422569617 246.4929164631167566 433.0508060576453317 704.2232535417684858 1086.1968734733757174 1555.4088910600878535 2066.9179286761113872 2509.3849535906206256 2790.3922813873959967 2863.6057645334635708 2717.8534440644843926 2403.3917928676110023 1972.1187103077675147 1519.8168050806057181 1100.4401563263311346 771.8260869565217490 482.2716170004885043 290.3776257938446292 147.0508060576453317
-202.7318348144276001 -174.4087820177731203 -140.0308416100365889 -110.9074751698902190 -102.0893883951907952 -85.7077888133821233 -43.4673288029273408 29.7945635128071089 142.9926816518557189 272.5650810245687126 462.2383690538421206 723.5222164140094492 1080.8583376894930552 1534.4197595399896272 2043.1380031364349179 2509.3413486670151542 2867.9665446941976370 3067.7746994249869203 3111.3533716675378855 3008.8897020386825716 2783.3220073183483692 2406.7072660742287553 1957.8614741244118704 1527.2451646628333037
-194.0785864978902850 -109.8051160337552687 -49.4055907172995745 -29.4414556962025316 -38.7948312236286910 -60.8639240506329102 -84.7887658227848107 -85.0250527426160403 -58.1600738396624450 -34.0234704641350234 -46.1128691983122394 -128.9601793248945114 -304.0764767932489576 -505.3552215189873209 -578.1252637130801304 -370.6772151898734364 177.9878691983122394 902.5751582278480782 1500.3111814345991206 1675.0034282700421500 1323.0000000000000000 607.7626582278480782 -77.7618670886076018 -418.4480485232067508
-423.9689054726368340 30.8445273631840813 653.0435323383084096 1399.3631840796019787 2224.2201492537315062 3011.1007462686566214 3669.7189054726368340 4219.6753731343287654 4382.5708955223881276 3603.5771144278605789 1849.9850746268657531 28.4042288557213922 -1249.3743781094526639 -2064.5758706467663615 -2398.7226368159203957 -2405.8047263681592085 -2234.5360696517413999 -1875.5248756218904873 -1365.5373134328358447 -767.7947761194029681 -282.5236318407960425 94.0261194029850742 475.7524875621890601 803.2524875621890033
769.7695530726257402 235.4497206703910592 -476.3756983240223235 -1158.5977653631284738 -1762.5125698324022778 -2252.6312849162009115 -2627.7513966480446470 -2817.5432960893854215 -2693.9050279329608202 -2229.9636871508378135 -1576.5000000000000000 -874.7122905027932802 -142.6201117318435649 616.7192737430167426 1434.8659217877095671 2302.2541899441339410 3187.8463687150838268 3780.1145251396646927 3895.8268156424583140 3520.5321229050277907 2822.6689944134077450 1926.7835195530726651 1018.5083798882681094 274.0893854748603076
-1018.5212273253570174 -1194.5538402161328122 -1174.1098031648011784 -971.1387495175607683 -699.4058278656889343 -468.3164801235044479 -337.8049015824005892 -302.5304901582400703 -318.5478579698958015 -337.5962948668467902 -323.3189888074102782 -274.8554612118873024 -202.8683905827865601 -129.5825935932072639 -75.6397143959861040 -59.5202624469316888 -60.8149363180239320 -16.7975685063681972 137.1437668853724290 417.4185642609031106 762.7856040138942717 1034.8626013122345739 1121.1570822076419063 1016.0669625627170944
539.0085158150851612 578.2462287104623329 615.3284671532846914 710.2391727493917415 881.4858880778589310 1078.5982968369830814 1208.6099756690998674 1190.0939172749392583 1030.8218978102190704 799.4868613138686442 584.5085158150851612 402.2535279805352957 250.9328467153284805 118.4527980535279852 27.7676399026764003 -7.5931873479318739 -22.4075425790754252 -99.7194647201946509 -327.3924574209245861 -710.8766423357664053 -1171.8211678832117286 -1550.7605839416057734 -1715.7841849148419442 -1611.6866180048662045
213.4288747346072057 246.4501061571125149 259.3757961783439328 202.8662420382165692 125.2399150743099767 93.0509554140127335 163.9299363057324967 268.5711252653927659 341.0552016985138266 436.6963906581740957 443.0042462845010505 47.9957537154989353 -1007.8535031847134178 -2629.5732484076434048 -4265.4033970276004766 -5402.2399150743103746 -5793.9193205944802685 -5309.4628450106156379 -4101.7685774946921811 -2470.0445859872611436 -868.8726114649681449 283.1953290870488331 826.6220806794054852 1018.1847133757961501
5128.5889513108613755 4038.0224719101124720 1324.1226591760298561 -627.7134831460674604 -1080.4456928838951626 -1150.7041198501872259 -955.1507490636704460 -685.8988764044943309 -555.6395131086142101 -496.8127340823970144 -413.4953183520599396 -277.5411985018726568 -211.5870786516854025 -188.2790262172284770 -162.1282771535580594 -154.7181647940074924 -134.4410112359550453 -71.9428838951310894 25.7462546816479403 135.8764044943820295 203.1685393258426870 192.6919475655430745 95.3520599250936272 -51.0599250936329554
65.5160489448483787 121.0011526866465630 186.0807767334633809 257.2586451498492579 336.3702784181592733 420.8034225926582508 513.0307678666430320 621.1905479694980841 739.2272566057811218 838.5674765029260698 881.8991842525269931 846.4409469764142386 737.2335520482355378 589.8477566944493446 436.1146479872317627 302.4179819116864678 197.4970739492817984 108.5977123603475860 32.2310693385351996 -28.1766270615357328 -80.4041496719276410 -136.1588047526157084 -198.2995211917006486 -250.1486079092037471
-1260.7791730474732503 -1361.7819295558958856 -1375.0104134762634658 -1310.0388973966310004 -1193.8591117917305837 -1058.9085758039816483 -918.4309341500766095 -771.3744257274119036 -611.2565084226646377 -434.3735068912710631 -255.4323124042878987 -89.4748851454823892 43.8594180704441072 133.8447166921899054 182.7511485451761075 194.6460949464012344 156.4523736600306165 81.4950995405819327 -7.6249617151607962 -78.3724349157733542 -125.5355283307810055 -145.8139356814701273 -143.5563552833078234 -114.0287901990811577
-27.1211096075778073 -46.3678394226432147 -58.2593594948128128 -51.0509697789806012 -25.0606675687866485 2.1533603969327921 -0.2487595850248083 -33.0329273793414515 -92.5651781686964341 -134.3820478123590476 -57.3673883626522354 276.8980604420387976 847.9140730717185761 1428.7377086152457650 1743.3141632837166526 1609.0712674785745548 1075.9817320703652967 429.8125845737483246 -38.2230491655390168 -267.5096977898060686 -308.2604871447902610 -261.6626071267478437 -208.7958953540820914 -130.7336490753270084
-122.2222222222222285 -198.0744520030234241 -284.2407407407407618 -453.2256235827664455 -775.7169312169312434 -1281.6027966742251465 -1898.5479969765683563 -2456.4198790627360722 -2812.1318972033259342 -2861.7052154195012008 -2562.4954648526077108 -2004.6288737717309232 -1335.3204837490552563 -706.0574452003023680 -257.0268329554043589 7.2297808012093725 134.8201058201058231 177.2082388510959845 187.7970521541950006 193.9996220710506520 191.2724867724867863 177.8072562358276514 153.1035525321239561 120.1991685563114203
-4108.1346578366446920 -5423.4922737306842464 -6217.7395143487856330 -6133.7108167770420550 -4977.2649006622514207 -3036.5894039735098886 -1009.2781456953642873 522.0022075055187543 1179.9580573951434417 1121.2759381898454194 662.9624724061810639 119.9271523178807968 -197.1059602649006592 -314.3885209713024551 -329.2163355408388270 -294.7571743929360082 -185.8896247240618038 -21.5231788079470192 93.8984547461368635 139.1501103752759434 131.8896247240618038 154.6114790286975733 196.1788079470198625 279.5364238410596158
195.0743066457352199 130.1381475667189989 130.7226582940868695 157.9832548403977057 192.4505494505494596 199.0659340659340728 157.9429618001046549 67.9147043432757727 -54.1784406070120355 -189.1119832548403963 -352.6755625327053849 -532.0313971742542662 -718.6169544740973834 -907.9335426478284035 -1122.8341182626897989 -1397.2590266875981797 -1779.3835688121403109 -2239.2218733647305271 -2704.5970695970695488 -3076.3526949241236252 -3264.9952904238616611 -3243.0073260073259007 -2979.7038199895341677 -2496.0612244897961318
-186.3904761904761926 -248.5575091575091449 -356.7095238095238301 -398.0681318681318430 -218.3051282051281987 314.4684981684981722 1147.4794871794872506 1983.6450549450548806 2458.4904761904763291 2209.8754578754578688 1302.3285714285714221 334.8476190476190482 -220.0754578754578858 -341.5501831501831589 -245.0029304029304171 -155.5278388278388206 -136.4908424908424820 -90.6289377289377285 -5.1117216117216113 34.7736263736263709 -36.5194139194139211 -195.1241758241758362 -337.7930402930402920 -395.6087912087912173
-10.6075396825396826 54.8996031746031719 130.7230158730158678 202.3869047619047592 261.6773809523809291 319.3071428571428783 426.4297619047619037 657.7384920634921173 1031.0523809523808723 1502.4777777777778738 1968.4658730158730577 2294.0511904761906408 2346.8003968253970015 2050.4174603174601543 1462.0757936507936847 834.3357142857142890 299.1531746031745911 -93.9158730158730179 -342.5531746031746252 -479.6380952380952181 -527.3869047619048160 -493.0932539682539755 -441.4773809523809405 -394.0384920634920718
-87.8588019091860417 -103.3398249061997518 -119.2018173000842296 -135.2128180913244364 -149.2007963449807164 -162.5355930472957482 -173.9988259016309655 -183.5989177875902953 -191.6074172388269119 -197.8778427218663012 -202.7347558641108662 -205.3421475790602244 -204.9676867709742396 -202.0642691237652855 -197.8686796498124068 -192.4436049924704548 -185.4395211720564589 -175.9224839837668242 -164.7481048520891420 -153.5268383572832249 -143.3986063962837250 -133.8609459149033967 -124.6148191633272972 -112.1943643278286800
-107.3446873411286191 429.2186070157600284 1344.6248093543467803 2330.0091509913572736 2985.4743263853583812 2848.3040162684292227 1840.4722928317235073 625.9034062023386014 -167.3462125063548456 -470.0533807829181683 -482.5988815455007739 -407.5073716319267874 -370.9450940518556195 -329.8002033553635215 -265.2775800711743841 -234.3884087442806390 -272.1311642094560170 -349.6985256736146539 -435.3828164717844516 -476.7813929842399716 -455.1692933401118353 -368.8327402135231523 -279.3909506863243450 -196.3507880020335676
908.7271446462116273 1030.8609893550406014 1146.0018785222291626 1253.4284596117720412 1339.6227301189730952 1388.3575453976204699 1384.1815904821539789 1336.0788979336255125 1265.9428616155291820 1180.8328115216029346 1068.9469317470257010 931.9195366311835187 778.9801189730744682 620.9804320601126619 479.0458672510957854 359.9956167814652304 257.7404508453349763 167.7797432686286925 101.0062617407639323 54.9603944896681256 24.0427363807138370 1.5211333750782718 -19.5269254852849095 -42.9577332498434572
518.2206546722675284 564.5380835380835833 584.0568280890861388 589.1801537607989303 586.4252199413489279 577.2705080447016144 565.2517238646271380 550.5253229769358541 534.1338670048347694 516.7646033129904026 501.7840215582151018 492.5456923198858590 489.0882935721645595 493.7884600142664908 505.0086391376714232 518.5005944360783587 529.4760244115083196 539.6645002774034765 549.8167551715938544 559.4246651343426038 565.2828723151303620 561.4638979155108700 540.0367757787112168 494.8939526036299981
-423.8099652375434516 -664.3290845886442639 -862.7960602549246687 -920.6071842410196950 -873.7694090382386776 -793.0475086906141087 -780.3256083429895398 -724.8238702201622345 -486.3059096176129970 -34.3568945538818085 726.9385863267671084 1953.2514484356895537 3391.1819235225957527 4459.7288528389335625 4031.2491309385864042 2007.0614136732328916 -175.0973348783313952 -1385.5191193511006986 -1718.9837775202781813 -1527.0834298957126975 -1116.8609501738121708 -733.8539976825029498 -417.1344148319814735 -171.1738122827346444
-857.2528216704289434 -2058.7020316027087574 -3526.9683972911961973 -4876.7990970654627745 -5871.5801354401810386 -6185.2799097065462774 -5516.6794582392776647 -3992.4153498871332886 -2043.7607223476297804 -325.5259593679458021 748.0744920993228106 1161.5981941309255490 1043.6433408577877344 529.3115124153498527 111.2911963882618522 -81.6275395033860036 -161.2505643340857659 -189.7652370203160217 -141.6613995485327280 -23.7178329571106090 106.2641083521444756 197.8036117381489873 245.0677200902934487 280.3476297968397262
305.9046265184801996 195.9095373481519857 114.3538382010855514 90.7025071077797946 109.9214267252520045 152.0439390023261694 241.5171879038511236 367.2406306539157299 415.2414060480744524 232.0607392090979602 -230.7658309640734160 -883.8898940294649265 -1520.7262858619799317 -1847.1243215301110467 -1649.6316877746187401 -1047.7971051951408299 -408.2662186611527773 -11.4282760403204957 84.2096148875678523 12.7782372706125606 -67.3375549237529043 -109.8932540708193386 -91.4603256655466481 -18.2949082450245548
2229.3767889669529723 2481.4072339318240665 2416.2706219099663940 2036.7858443924017138 1512.4605776736923417 1043.8121259432734860 724.4954462659380852 513.9466562581316111 359.8756180067655350 220.9086651053864045 104.1189175123601416 24.0062451209992176 -15.3273484257090811 -28.9789227166276362 -41.4220660941972412 -44.0080666146239921 -41.1373926619828225 -25.6177465521727825 -10.0910746812386165 -5.5087171480614101 -11.2053083528493360 -21.2370543845953677 -43.8022378350247195 -84.4368982565703874
-186.7483731019522679 -81.7841648590021748 70.9045553145336243 274.3492407809110887 544.0097613882862788 902.7223427331887251 1443.8091106290671632 2206.0585683297181276 3104.9826464208244943 3980.2310195227764780 4821.1811279826461032 5503.4533622559656578 5668.4056399132323349 4817.1019522776568920 3111.1236442516269562 1251.5314533622558884 282.4262472885032480 88.8557483731019460 -168.9544468546637859 -318.6117136659436255 -411.5260303687635428 -520.2711496746203466 -610.2386117136659323 -634.3774403470715697
-3.5401322659241212 1.1500870170553428 9.2016011138183078 13.3326139923425000 10.0634876435781422 6.6133658197006611 -1.8727462582666203 -14.8041768186564564 -34.3273929690219290 -61.4080055690915430 -92.4773407587887277 -120.2725374173337940 -141.4034806822137114 -154.4618169161155663 -160.7859380438565893 -154.0736512356421883 -122.6218586843021257 -56.2704490080055706 58.5295509919944337 221.6520710059171506 415.2213017751479356 602.1855899756352528 728.8589627567002935 740.2388444135050349
58.7598537180008123 21.8894758228362463 -3.9548963835839088 -34.1442503047541663 -67.4185290532304009 -115.6655830963023135 -271.3685493701747191 -636.1300284437220398 -1221.1105241771638248 -1916.1353108492482988 -2541.1613165379926613 -2903.4303128809428927 -2906.1986997155627250 -2541.5026412027632432 -1913.1938236489231713 -1189.1844778545307690 -571.5197074360016813 -168.8212108898821668 42.1775700934579447 150.8151158065826962 201.1840715156440353 240.1462819991873232 277.2681836651767640 284.2661519707435787
-323.0919137109581811 -359.2349788247749984 -404.9765749073583834 -453.3821466384330279 -487.0070804658549264 -492.2390153520381091 -465.0436077289571131 -408.4499735309687480 -334.7949973530969032 -252.2129433562731720 -162.8845950238221292 -70.4421651667548900 19.5706723133933309 108.7803732133403969 198.5122419269454781 279.1962016940179865 340.7668740074113316 368.9623478030704291 357.2394123875066043 313.3838671254632118 263.2928136580201226 227.2221413446267775 209.8778454208575965 201.1315510852302850
-1131.0339673913042589 -1197.1521739130434980 -879.3437500000000000 -27.4211956521739140 1346.3858695652174902 2962.0326086956520157 4385.2201086956520157 4647.7676630434780236 3014.4809782608695059 604.1222826086956275 -1031.0489130434782510 -1489.0285326086957411 -1240.7364130434782510 -682.0067934782608745 -202.8845108695652186 50.9266304347826093 113.5951086956521721 93.5706521739130466 -33.7133152173913047 -285.2812500000000000 -483.6657608695651902 -513.9904891304347530 -373.9021739130434980 -199.4293478260869676
-250.5211392968402322 -509.4828660436136829 -1000.7632398753894449 -1670.4094348019582412 -2350.9639519359143378 -2860.5020026702268297 -3049.6163773920784479 -2822.8193146417447679 -2206.8678237650201481 -1369.0809968847352138 -556.0943480195816164 -15.2011570983533595 217.4895416110369410 274.2883845126835922 264.0636404094348109 235.8851802403204374 229.8540275923453464 228.2821539830885627 199.3101913662661389 160.2963951935914508 115.5456163773920792 77.3146417445482825 56.7271918113039604 68.6137071651090338
-10.7165932452276067 174.4831130690161558 464.5325501713167000 867.5819872736171874 1343.7797356828193642 1850.3220753793441418 2334.6461086637295921 2697.0802741067059287 2878.0048947626041809 2844.7254038179148665 2615.2667645619185350 2234.0411160058738460 1802.8012726382769415 1433.1125795398922946 1093.2750856583454606 826.9246206558981385 623.7831620166422226 466.4268232990700085 341.8678414096916072 241.3445912873225723 172.9965736661771984 116.2853646598139932 62.6319138521781724 0.0063631913852178
-5336.0710571923746102 -5546.8093587521661902 -4291.6655112651642412 -2078.6325823223569387 -11.6273830155979194 1209.2530329289427300 1372.5771230502600702 808.7538994800693217 158.9792027729636175 -179.8700173310225239 -204.6811091854419544 -112.0398613518197521 -52.0537261698440190 -2.5753899480069324 44.0623916811091831 118.2911611785095261 184.0207972270363825 196.9029462738301675 173.7313691507798978 150.6551126516464478 175.9358752166377826 229.7209705372617066 265.4055459272096869 281.8804159445407436
108.4403228309793548 87.0727921775570337 67.0738786279683410 45.0838118888716437 16.6394536706503189 -34.4094365978581394 -101.4994567747943535 -183.1089554555331347 -282.2427440633245510 -409.1396864814527135 -557.7707589632159397 -721.7092969113766685 -892.2953593046717060 -1060.3513891044544835 -1209.3751358063013868 -1328.1781778674530869 -1400.5810957628434608 -1425.0639453670651164 -1410.3571317709140658 -1365.4817631538103342 -1294.0928139065651976 -1206.4277510476485986 -1107.2945832686637004 -981.8260127269904842
3265.1733333333331757 3544.8896969696970700 3463.8824242424243494 3094.4193939393940127 2571.2096969696967790 1963.8969696969697907 1430.8763636363637488 1006.9684848484848771 683.4036363636363376 345.9321212121212170 36.7381818181818147 -264.9393939393939377 -582.6581818181817880 -853.3272727272727707 -1104.6460606060607006 -1333.6509090909091810 -1545.4787878787878981 -1770.1696969696970427 -2006.8315151515150774 -2227.8872727272728298 -2382.2836363636365604 -2440.4618181818182165 -2359.1042424242423294 -2117.1527272727271338
1293.5875518672198723 2087.0987551867219736 2811.8879668049794418 2839.2132780082988575 1860.7875518672199178 315.2365145228215511 -1062.1360995850623112 -1815.9502074688796256 -1920.7941908713692101 -1574.1394190871369574 -1017.8954356846472820 -473.3145228215767588 -58.0688796680497958 195.4929460580912917 348.4672199170124713 444.8622406639004225 565.6655601659750801 728.0307053941908180 857.6282157676348561 951.6746887966804707 964.4224066390041799 853.8232365145228187 651.4406639004149611 442.0887966804979214
-445.8665538498730712 -415.9602320802611075 -350.8515653330110240 -256.5701680164390268 -133.5175873322857569 8.9087392723316814 161.9828357306901978 315.0226036504291187 460.5710141423909363 596.8036987791610954 715.9008823884927324 792.4087997098996539 819.9639792094766335 826.2209597485797303 835.2361900157137597 841.5919255409162361 827.8111930375921474 770.6731536322978400 673.4691164027559580 557.5769370240541321 449.5637616342318665 359.4743140336032639 290.3159676054635838 225.2743865586848813
272.2133283693224257 211.6991809381980545 142.5338793745346209 86.4058078927773607 53.0420699925539836 22.0681310498883114 -38.2029039463886804 -120.5424422933730426 -230.2866716306775743 -411.1504095309009585 -742.7088607594936320 -1261.4869694713329409 -1879.6578555472822245 -2420.0591958302306921 -2730.5539836187640503 -2729.4434102755026288 -2403.5904690990319068 -1859.7699180938197969 -1256.3682055100521211 -716.6083395383469679 -319.9687267311987853 -67.0208488458674623 107.2762472077438503 209.0059568131050014
1851.9721518987341824 1726.9063291139241301 1332.7012658227847623 845.2354430379747328 182.4886075949366955 -629.0759493670885831 -1814.1898734177216284 -3223.5999999999999091 -4595.7392405063292244 -5770.5518987341774846 -6409.9240506329115306 -6092.7164556962025017 -4853.1113924050632704 -2998.1746835443036616 -1156.2405063291139413 252.7822784810126677 1050.8506329113924949 1252.6101265822785535 936.4405063291138731 390.7468354430379804 67.3215189873417756 -84.1063291139240476 -158.8936708860759381 -156.1898734177215147
469.5096237211722041 536.2772672099878264 590.5206346453961714 592.5170799375758861 506.1630830587827177 345.0893878966533634 146.4609849141668008 -52.1849315068493169 -225.7045257499566446 -361.1188659615050938 -445.3575515866135106 -474.8222646089821524 -457.8168024969654653 -412.0405756892665181 -361.7118952661695630 -315.9940176868389017 -279.3461071614357820 -252.1025663256459097 -228.1450494191087159 -201.4745968441130515 -173.3884168545170894 -146.7587133691694135 -128.0106641234610834 -111.6346453962198666
443.3439643347050492 24.5363511659807969 -699.6275720164609311 -1528.1755829903977428 -2092.1478052126199145 -1999.9152949245542459 -1237.8329903978051334 -234.2205075445816078 492.7589163237311141 717.5579561042524119 543.1162551440329480 227.4869684499314246 -26.9084362139917701 -143.4132373113854726 -130.9537037037036953 -29.7640603566529478 70.6426611796982229 95.9142661179698166 49.3470507544581594 -24.0761316872427997 -85.7071330589849083 -79.1189986282578843 20.6539780521261989 144.2712620027434980
-2888.3941441441443203 -3238.8355855855857044 -3159.7004504504502620 -2754.4211711711709540 -2141.9864864864866831 -1392.9797297297297973 -472.7432432432432279 595.2297297297296836 1811.4076576576576372 3079.3378378378379239 4172.6216216216216708 4893.6824324324325062 5084.1599099099103114 4473.1621621621625309 2874.9211711711709540 683.5427927927927385 -1398.1216216216216708 -2801.5112612612610974 -3436.3085585585586159 -3493.9256756756758477 -3239.7252252252251310 -2729.6509009009009787 -1927.5112612612613248 -1049.3175675675674938
