99.2659574468085140 76.6914893617021249 79.6117021276595693 80.0478723404255277 86.3031914893617085 89.5106382978723474 90.7234042553191529 101.1170212765957501 -19.1808510638297882 -310.1861702127659441 -846.4734042553191102 -2070.4414893617022244 -3439.0904255319151162 -2951.3191489361702224 -617.3989361702127781 734.1861702127660010 614.5212765957446663 559.9468085106383342 569.4202127659574444 519.2978723404255561 522.7978723404255561 489.7500000000000000 479.4042553191489446 426.8510638297872219
442.1712538226299785 416.4709480122324408 620.8725790010194032 1361.0499490316003630 1874.0519877675840235 1620.4556574923547032 902.8848114169214796 196.1824668705402530 67.0530071355759389 331.9449541284403722 511.6625891946993079 794.5504587155962781 1084.0998980632007260 1451.8848114169215933 2379.1620795107032791 2471.1090723751271980 2719.6676860346583453 2027.2456676860347216 -998.8103975535168502 61.8746177370030566 2152.8103975535168502 849.1141692150866902 569.1906218144749801 593.5728848114168841
593.7177754677754820 530.9948024948024567 501.9573804573804523 504.0405405405405190 509.7063409563409664 525.3986486486486456 547.5810810810810381 528.3497920997921256 506.9251559251559343 453.2328482328482551 411.3924116424116164 440.5348232848232897 416.7713097713097454 525.1767151767152200 501.6585239085239323 797.9501039501039941 1766.2260914760913693 2071.3393970893971527 2175.0873180873181809 1666.0005197505197430 210.0951143451143537 11.2520790020790020 389.1003118503118685 430.7250519750519970
486.2602365787079179 490.5809827115559756 489.7161055505004583 487.9322111010009166 484.4253867151956570 492.7415832575068180 533.7256596906278219 770.1633303002729463 1258.4021838034577740 1430.9299363057325536 933.5113739763421563 325.2579617834394980 82.9845313921747021 128.8771610555050131 292.2693357597815975 478.0163785259326801 663.8243858052775295 868.6656050955414230 1094.1474067333940638 1377.3994540491355565 1611.6669699727024181 1666.4890809827115845 1666.6096451319381231 1389.2934485896269052
491.3034223706176817 467.3898163606010030 462.2253756260433875 464.2829716193655827 470.4277963272120360 480.9707846410684624 481.1222871452420691 471.2746243739566125 483.8672787979966756 445.2086811352253903 451.7132721202003154 432.3318030050083394 389.2896494156928497 453.3322203672788078 294.4386477462437597 1173.4186143572621859 2313.7875626043405646 1204.7028380634390032 104.3948247078464107 190.2604340567612553 171.5826377295492478 325.9428213689482732 500.6218697829716007 630.8893989983305346
477.5158806544754384 55.9061597690086600 -420.4379210779595724 -413.0721847930702779 101.2555341674687241 449.8589990375360799 494.8902791145332003 503.9258902791145260 503.2829643888354099 487.4610202117420386 475.1655437921077691 473.4889316650625801 477.0433108758421668 471.4023099133782466 462.5529355149182038 454.9764196342637206 452.9417709335899644 448.6862367661212829 445.0447545717035496 449.2844080846968495 448.3022136669874840 450.6029836381135851 451.5644850818094369 455.7415784408084960
474.3853790613718502 467.0728038507821793 470.5992779783393303 471.2779783393501702 468.9584837545126561 467.1480144404332009 467.9530685920577753 459.0027075812274120 467.1928399518652100 443.6934416365824063 451.8456678700360953 455.2463898916967651 560.0875451263538025 1338.9109506618531213 1769.2105896510229286 952.8992178098676504 199.9314079422382804 13.8811672683513834 86.5433212996389898 317.6197352587244040 482.6140192539109535 647.4714199759325766 807.9283995186522134 1015.3173886883273553
751.7012791572610695 679.9367945823927357 626.5199398043641850 570.9051918735891604 530.5996990218209248 509.9563581640331336 493.1640331075997210 505.3333333333333144 510.4695259593679566 533.6576373212942599 562.5364936042136605 545.1414597441685146 467.6854778028592818 400.2460496613995247 403.5244544770504262 410.4477050413844950 528.5161775771256316 524.1677953348382744 780.3355906696764350 1294.5206922498118729 1867.9352896914974735 3103.8954100827691036 2297.5041384499622836 112.1783295711060902
501.4874301675977790 561.3938547486033031 607.7946927374301822 658.9539106145251708 622.0488826815642369 484.3324022346368452 404.6145251396648064 332.0949720670391230 370.4511173184357631 489.7555865921787586 438.6215083798882688 718.5740223463686789 571.8198324022346242 1491.3086592178769934 3756.3449720670391798 2408.5153631284915718 197.1256983240223519 488.9427374301675968 409.0530726256983485 299.7486033519552961 451.2053072625698178 407.0949720670391230 498.2877094972067198 553.4818435754190205
884.2127031019202832 454.5022156573116945 3219.1949778434268410 3378.7592319054651853 391.2570162481536045 356.8079763663220092 601.8833087149187122 324.5627769571639760 525.0103397341210894 409.0236336779911426 453.3175775480058860 465.5406203840472585 458.6883308714918712 482.3530280649925999 470.6809453471196321 461.9734121122599504 448.9970457902510930 462.0265878877400496 448.6070901033973541 435.7311669128508242 474.1225997045790450 598.8818316100442871 738.4726735598227378 730.3116691285081288
472.5481225722917316 468.1199827362969472 468.3785066896849116 475.1579628830384081 484.8588692274493042 480.3854121709106835 462.2373759171342158 473.7375917134225460 443.0638757013379632 452.0690548122572068 443.3349158394475467 400.9620198532585391 488.0302114803625386 408.8921018558480682 1343.9736728528268941 2438.2326283987913484 1199.8752697453603560 40.6283987915407820 154.2257229175658040 165.8856279671989569 347.0164005179111086 537.9564091497626350 678.5230902028484934 917.1057401812688568
448.1721311475409948 429.2049180327869067 388.9508196721311606 390.3688524590164093 1142.3715846994534786 2004.9826958105645645 2082.2358834244078025 1423.3934426229507153 327.1120218579234802 -41.7586520947176680 249.9945355191256908 447.1857923497267961 737.2795992714025033 991.3861566484516743 1453.3797814207650845 2337.4726775956282836 2802.0036429872493500 2853.6803278688526007 2258.1903460837888815 1373.3451730418944408 1788.7677595628415474 1834.5400728597448960 875.4153005464480657 596.9189435336976430
511.1822672906916409 485.8832553302132169 471.2797711908476117 464.1281851274051178 463.9635985439417709 465.1016640665626483 466.9196567862714460 469.2953718148725670 462.4901196047841836 464.2262090483619090 452.4820592823712673 447.1105044201768237 444.9014560582423314 425.6354654186167181 462.9448777951117791 469.2194487779511292 949.5585023400935825 1687.9919396775871974 1208.1235049401975630 274.6229849193967993 110.1955278211128473 168.1890275611024492 280.8840353614144760 452.8725949037961414
356.0077175029970817 354.6985892276074424 354.7484372324028072 355.0001070388765356 355.1885382771022250 355.1532903750642163 355.2095607124507524 355.3733944168521930 355.8632043158074794 355.7154264428840520 355.6371382085973778 355.7166145744134269 355.4500556602158099 355.1661885596848833 354.9153215447850584 354.6949606096934531 354.6344408289090779 355.2114017811268809 356.1630416167151907 356.0473218873094652 355.0138936461722778 354.4733152080835907 353.4705536050693695 355.5807929439972668
1643.7395143487858604 2398.8222958057394862 2258.9900662251657195 2796.9768211920531940 1319.4613686534216868 -1235.2450331125828598 1140.2439293598233689 2129.0838852097131166 506.8476821192052739 672.0673289183223460 499.7030905077262446 408.7483443708609343 531.7803532008830416 418.6633554083884974 483.1346578366445783 454.9370860927152194 461.6490066225165378 472.9988962472406229 464.3487858719647079 464.1335540838852012 452.9415011037527847 455.2803532008829848 455.6291390728476927 525.7450331125827461
546.7599364069952799 474.2543720190778913 450.2909379968203325 507.6852146263910868 549.9316375198727656 550.3195548489666180 565.9968203497614923 540.6073131955484996 474.4038155802861638 473.4531001589825223 410.1128775834658313 528.8076311605723276 517.8267090620031468 529.9332273449920194 697.0031796502385077 247.7949125596184388 2269.3942766295708680 3958.8362480127184426 1101.7647058823529278 -78.6518282988871249 601.4658187599363828 294.0063593004769587 490.2384737678855231 560.5214626391096999
485.6905910735826524 482.5241254523522230 483.4077201447527159 481.2533172496984548 488.3775633293124088 486.9312424607961134 478.6586248492159257 487.3914354644149398 434.1809408926417291 460.4016887816646317 387.6827503015681486 562.3606755126658072 1459.1574185765982747 2078.1767189384800076 2216.4583835946923500 1519.3468033775632193 236.9065138721350934 53.4433051869722533 372.5235223160433975 532.2129071170083989 846.9221954161640724 1092.6037394451145701 1691.3045838359469144 2498.0060313630879136
641.2796271637815835 740.3155792276963894 889.3808255659121187 810.7137150466045341 2842.9360852197069107 3555.3741677762982363 809.5978695073235940 161.2836218375499300 616.4980026631158125 291.3848202396804368 468.2543275632489781 457.8828229027962493 428.7509986684420937 477.6031957390146658 464.1930758988016237 492.1984021304926955 482.1917443408788131 457.3754993342210469 438.6564580559254409 450.9573901464713686 443.9813581890812202 434.7456724367510219 446.6764314247669745 479.2729693741677579
470.8430004361098895 472.9489751417357297 473.9978194505015381 476.5643262102049675 472.7387701700828870 467.0728303532490031 455.8120366332315712 439.4465765372873989 469.2376798953335992 690.2228521587439900 1258.1731356301788765 1602.2184910597470662 1033.6995202791104020 252.7374618403837871 12.2023549934583517 86.6463148713475846 272.3863933711295431 479.1212385521151305 681.0501526384648514 906.7802006105538339 1140.5433929350197104 1434.9241168774531161 1691.5730484081989289 1785.2690798081116554
531.1341198385593998 527.8720894132256944 516.3312635827383019 489.0751319466004361 486.2663769015833850 472.8103073579633815 470.3781434337162182 472.9630549518782914 470.6411052468177445 473.0363241229431992 477.1477801924867777 473.7842285004657015 466.6103694504812438 469.4715926730829096 453.6411052468177445 462.5119528096864201 448.0496740142812655 453.5995032598572152 488.2449549829245825 545.6597330021731977 1318.8481837938527406 1806.7637379695747768 808.9484632101831494 117.5929835454827668
1064.7554858934170170 1315.8223615464994509 2194.3239289446187286 2452.0867293625915408 2486.9864158829677763 2433.6342737722047787 -442.2831765935214321 -462.7701149425287213 2045.7826541274816918 1095.8328108672935741 493.2476489028213109 650.2204806687565224 366.4200626959247415 526.6342737722047787 452.4660397074190428 450.3667711598745882 472.5830721003134727 447.5757575757575637 469.3072100313479496 464.5830721003134727 461.4921630094044076 459.4608150470219243 454.0240334378265175 446.6353187042842023
448.5033783783783861 442.3918918918918735 433.0236486486486456 763.8648648648648987 1479.2668918918918735 1805.0990990990990213 1456.5022522522522195 684.0000000000000000 105.5146396396396398 123.7939189189189193 363.8209459459459367 538.6711711711711814 823.8085585585585022 1120.6182432432433416 1537.0968468468468018 2420.9662162162162531 2438.2747747747748690 2701.7522522522522195 1898.2804054054054177 -1219.5799549549549283 -82.2117117117117147 2053.3322072072073752 816.7072072072072615 574.6936936936937173
123.4522573540978385 118.4532011955324862 115.9573698285354766 117.4819883592889767 116.2951077552304611 114.5996539248072992 112.4157621519584751 110.2686801950605684 113.9919773478055731 111.0500235960358708 104.9622463426144350 109.0042472864558789 116.1579361333962623 121.4123014000314669 124.1322951077552261 128.7467358817052059 132.7826018562214756 134.1401604530438760 139.7907818153216795 143.8003775365738477 146.1366997011168678 149.5740128991662630 149.0011011483404104 149.0328771433065924
-638.1633503007866466 -162.7524294308190633 589.0203609440073933 526.6265617769551000 515.8833873206848466 499.0763535400277533 466.2637667746413968 478.6196205460435067 455.6038870893104900 462.0060157334567066 463.5016196205460233 458.7593706617306566 454.8778343359555834 448.9925960203609634 449.5020823692734666 447.7260527533549066 446.9467838963443000 449.3068024062934001 456.9157797316057099 459.8861638130495066 457.7880610828320300 461.6538639518741434 462.6996760758908067 494.9717723276261268
438.6547917711992000 454.8554942298043215 450.4320120421475053 453.3376818866030931 446.6287004515805279 433.8986452584044287 418.8344204716507875 399.1389864525840494 371.7390868038133362 342.2032112393376906 314.0240842950325941 280.0210737581535341 245.4892122428499874 207.7616658304064288 163.6216758655293404 122.7947817360762599 72.2152533868539876 23.3647767185148005 10.7180130456598093 -32.1329653788258938 -131.0105368790767670 -173.2463622679377693 -192.5594581033617771 -186.1068740592072288
885.0724472333142785 884.3157444381060941 1331.1486023958927944 1575.9980034227039596 890.1163719338277360 367.7641186537364320 433.6274957216201074 502.1634341129492327 523.8043354249857657 522.8086138049059173 505.5849971477467193 506.2076440387906473 504.8262977752424376 506.1448944666286138 501.0462065031374550 497.5790074158585412 498.6511694238448626 497.2957786651454626 499.9169994295493211 500.1369081574443953 499.5556189389617998 499.4945807187678497 499.9386765544780360 529.3713633770678371
-202.8033273915626751 -206.4765300059417825 -209.8217468805704016 -213.5311942959001783 -216.1500297088532250 -218.2516339869281126 -219.5769459298871027 -220.9275103980986330 -223.8879976232917386 -224.8107546048722440 -226.1717171717171766 -229.3312537136066567 -228.4102792632204455 -229.1105169340463590 -234.9334521687462995 -232.0341651812240116 -231.8410576351752752 -240.8401663695781281 -233.0662507427213370 -229.3062982768865083 -234.4426619132501344 -226.1200237670825857 -227.4310754604872216 -225.3175876411170577
507.1633207581065221 505.7888596963981058 506.2603745621126450 507.0270255097457834 508.2234236054971461 509.1612660558699304 510.1037231653642152 510.5329538309530335 511.7331020389831906 512.8565750471570936 513.6039364951046764 514.4998989490703707 515.0028631096739673 515.3873506691817283 515.3404518099343932 515.0219505075002644 515.1861133566873150 515.2820668283482064 515.4259970358393730 515.1052950687146677 512.9425693883050599 510.4872338992185519 507.2471593460882104 507.2154854935776598
805.4731847744961897 813.4649749440238793 819.0223904467427474 821.4167821729395200 821.8149056402601218 821.3786117923019674 819.7390979848597681 819.0943597398443217 821.6492163343640414 823.7348331378611874 822.3831965028255127 823.4779827273696355 825.1322102569570234 825.4341614244589209 827.4465294807548617 825.3063226356754285 823.5645591214415617 824.6083804243522763 823.7105235099691072 823.3051498027508615 820.3605928137327510 816.6025162597292137 816.7270497920886783 813.8646977289689630
570.5976520218700898 571.2139546501623499 571.5160926239442460 570.2298853764813202 570.3075222262310717 570.0092882980396780 569.7532310140342133 569.8823143034238683 570.0391237175394963 570.2284051696224196 570.1271775230588901 570.1802059337792343 570.2299593868243619 570.3448141877827311 570.6838925739872366 570.7256159048226891 570.5170270045239249 570.4316283200577118 570.5959127788108844 570.5559934500846566 570.4018854134865251 570.4600297891630589 569.9196247675612312 570.9478227082234980
472.6791907514451054 470.6161849710982779 471.0427745664740087 483.6352601156069113 469.5728323699422049 477.3913294797687854 461.6144508670520281 416.6947976878612963 449.1716763005780422 325.6572254335260368 803.0335260115606388 1823.9919075144507588 2182.1971098265894398 1916.8601156069364606 824.2063583815029233 -54.4306358381502875 162.1919075144508611 388.7300578034681848 597.9213872832369816 898.3526011560693405 1168.9265895953756171 1906.7156069364161795 2664.8115606936416953 2734.8872832369943353
523.7877984084880154 501.3527851458886175 474.1936339522546291 439.3381962864721686 417.9588859416445530 409.3209549071618198 801.5198938992042486 1605.4801061007958651 1939.1896551724137225 1504.3023872679045780 656.1671087533156879 74.7612732095490742 148.9045092838196354 405.0782493368700443 572.7135278514589345 894.9283819628647052 1170.2281167108753834 1806.2360742705570829 2639.4071618037137341 2626.8594164456235376 2991.8527851458884470 1237.0543766578248324 -1500.0119363395224354 294.5769230769230944
384.4171122994652592 1101.0303030303030027 1954.3966131907309318 2013.3992869875223732 1374.3288770053475218 342.7638146167557807 -40.7450980392156836 231.5971479500891235 438.1292335115864489 725.5401069518716213 984.8065953654188434 1417.6978609625668923 2298.4893048128342343 2788.5784313725489483 2855.8636363636364877 2307.2308377896611091 1377.4875222816399400 1803.0713012477717712 1973.2103386809269523 961.7032085561497752 596.1122994652406533 525.1996434937611866 438.7504456327985736 508.1586452762923614
-3247.6944444444443434 -1590.0861111111112223 1575.1305555555554747 708.8166666666667197 556.6694444444444798 607.4416666666667197 386.7027777777777828 546.9361111111111313 436.5194444444444457 471.1722222222222172 469.3111111111111313 429.8472222222222285 424.0000000000000000 407.1583333333333599 388.4305555555555429 384.8722222222222058 368.1250000000000000 357.8527777777777601 454.0888888888889028 660.7555555555555884 890.6416666666666515 940.8805555555555884 741.5888888888888459 488.2444444444444684
733.4722502522704417 1445.3481331987891281 1793.4803229061553793 1470.2270433905146092 718.5549949545912796 117.2653884964682192 109.6195761856710362 349.8203834510595129 530.0988900100908268 809.6972754793138165 1095.8012108980826724 1522.5257315842584376 2405.6205852674065682 2466.3743693239152890 2684.6811301715438276 1900.2845610494450739 -1049.1150353178607020 -177.6296670030272367 1794.2351160443995468 807.9273461150353342 590.1493440968718005 572.5590312815337484 392.8688193743693091 539.0121089808274064
2269.2692307692309441 2606.9442970822283314 -427.7692307692307736 -1035.7997347480106782 1969.3779840848806089 1247.1498673740052254 438.9708222811671021 703.3275862068965125 364.2480106100795751 520.5371352785145973 468.4867374005305010 451.0503978779840963 493.0238726790450983 458.6498673740052823 477.3474801061008179 475.8063660477453709 467.4071618037135067 467.3952254641909576 453.7374005305039759 440.9350132625994547 492.0265251989389981 579.5026525198938998 896.9045092838196069 1218.9244031830239692
589.6282789507357620 642.9213051823415981 707.8669225847728512 778.8931541906589473 797.5566218809981365 659.6519513755598609 273.4465770953294737 -362.6877799104286737 -608.2239283429302077 -69.6455534229046691 420.7760716570697355 485.9200255918105995 500.6602687140115222 509.3205374280230444 498.3902751119641721 497.4011516314779442 490.8227767114523203 484.7587971849008568 482.1951375559820576 469.3774792066538453 450.9104286628278828 461.4184261036468229 460.8125399872041044 449.5361484325015908
488.9524169184289804 458.6933534743202472 461.5475830815710196 419.8217522658610505 430.3141993957704017 359.7711480362537486 558.8504531722054480 1476.1397280966766630 2088.6835347432024719 1847.6767371601208652 947.0672205438066840 63.3950151057401783 36.4712990936555883 308.8209969788519516 514.5143504531722556 808.8783987915408034 1059.7749244712990730 1641.8610271903323792 2408.8436555891239550 2728.6661631419938203 2663.6895770392748091 1906.6276435045317612 1421.8512084592146039 1800.5332326283987641
229.9210233592880854 138.6696329254727402 382.3136818687430605 549.1768631813125694 827.0967741935484128 1137.5005561735260926 1491.0422691879866761 2382.3025583982202988 2357.9766407119022915 2672.8453837597330676 1989.5038932146828756 -1279.4582869855394165 -68.0622914349277011 2115.6229143492769253 726.5305895439377082 572.3615127919911174 594.3014460511679999 365.7586206896551744 555.0812013348164555 426.8509454949944484 460.5906562847608257 458.9432703003337224 446.6807563959955587 473.1190211345939929
527.3835005574136403 502.1800445930880983 507.6850613154961138 520.1772575250836326 545.7207357859531385 544.5680044593087814 524.4899665551839689 502.1934225195094541 433.3695652173913118 416.4007803790412368 423.2552954292084451 419.1309921962096041 538.6505016722408072 493.4955406911928435 1044.5507246376812418 1949.3996655518394618 2085.7670011148270532 2244.8851727982164448 1373.7798216276476069 -3.8489409141583053 136.5819397993311100 402.1839464882943389 469.2458193979933299 727.1917502787067633
1342.1257197696736512 1791.1333973128598700 1535.7456813819578656 847.5844529750479523 192.2840690978886755 69.5959692898272522 325.4779270633397346 508.3493282149711945 774.4798464491362893 1077.3896353166985591 1435.6621880998079632 2354.6545105566219718 2480.3905950095968365 2677.9616122840689059 2145.5998080614203900 -816.1218809980806554 -103.4270633397312906 2015.4558541266794691 906.1026871401151084 575.8675623800384074 592.4011516314778873 377.1113243761996046 540.7879078694817281 438.3109404990403277
511.8066253703204893 496.0589819552922108 485.9841098841906728 471.2098033934823320 468.3137624562348265 465.4214920549421208 469.1152706706167237 467.1349313223808508 462.8540263937516670 457.6477242122273310 459.2701319687583918 456.5752760570966871 449.8082413143010854 457.7557231349313156 439.2763264206840859 474.7869647185564190 491.5876649609480182 756.2391597091300355 1472.3323458120119085 1339.2639375168328115 363.4982493940210020 6.7912739025047131 95.3342310799892232 218.5443037974683591
458.2006293266205148 456.8487098804279185 462.4604153555695234 455.7667715544367297 456.8027690371302469 456.5765890497168016 458.2785399622404157 460.9589679043423303 459.6359974826935400 461.5131529263687753 463.2193832599119219 462.0779106356199009 458.9262429200755378 441.7538074260540952 416.8323473882945223 397.5867841409691437 384.5857772183763359 395.0090623033354404 426.3316551290119492 487.0206419131529287 580.5331655129011779 740.2840780365010005 1013.9191944619257129 1132.8313404657017145
484.7187141216991790 446.9173363949483360 445.2238805970148974 416.3122847301951879 718.6360505166475150 1461.1113662456946258 1819.8737083811711273 1523.7956371986222166 748.0734787600458731 98.3662456946039043 117.8082663605051721 369.0574052812858667 535.8599311136624692 833.5246842709528892 1107.9712973593570950 1558.4592422502869340 2465.4672789896671929 2475.3972445464983139 2769.6452353616532491 1759.9024110218140322 -1309.1676234213548469 50.2548794489092998 1954.8668197474166845 693.2296211251434670
1318.7660958904109521 1517.2931506849315610 1618.2359589041095660 1634.6236301369863213 1676.2767123287671893 1402.6972602739726881 891.1585616438355828 633.6561643835616451 587.6455479452055215 566.3342465753424904 534.4215753424657578 512.1989726027396728 509.0308219178082254 502.2500000000000000 499.6801369863013633 497.7839041095890593 499.0986301369862872 502.4832191780822086 503.3904109589041127 501.6301369863013520 500.5815068493150761 501.2356164383561463 493.0376712328767326 524.9914383561643945
3703.7702702702704300 4499.1891891891891646 5148.8108108108108354 4870.9324324324325062 3498.1216216216216708 2179.1081081081078992 1196.0405405405406327 441.6486486486486456 122.4324324324324351 334.5540540540540633 884.1621621621621898 1366.6756756756756204 1460.7162162162162531 946.5810810810810381 263.0945945945945823 93.2567567567567579 353.2972972972972912 901.7837837837837469 1759.6216216216216708 2743.9594594594595947 3709.8108108108108354 4567.9324324324325062 5115.0945945945950371 4438.8378378378374691
420.3498738435660016 341.4440706476030414 698.1463414634146147 1642.8511354079057583 2093.0487804878048337 1722.3095037846931064 740.6433978132885159 -9.3759461732548353 92.0849453322119444 346.1547518923464963 570.5777964676198053 858.9562657695541930 1146.5693860386879805 1849.8166526492850608 2587.0134566862911925 2830.9739276703112409 2651.0000000000000000 1825.8359966358284510 1601.2733389402860666 2027.5811606391926034 1436.0563498738436010 721.8090832632464071 556.2624053826745012 461.1286795626576804
-443.2716366752356407 -446.7956298200514311 -448.2335047129391796 -449.4035989717223742 -450.1041131105398563 -450.3483290488431976 -451.0077120822622305 -450.0552699228791766 -447.6503856041131257 -446.7172236503856197 -446.5445586975150150 -446.0377035132819401 -446.3808911739503174 -445.8941730934018892 -446.3371893744644581 -448.1148243359040180 -447.6525278491859581 -450.2052270779777245 -448.5981148243358803 -450.2952013710368533 -459.0826906598114761 -449.1109682947729311 -439.6966580976863952 -441.1439588688946287
1894.6105394449641608 661.2282507015902411 245.6005612722170213 606.5547240411599432 505.9940754599314232 495.4611786716557731 497.4851886498285012 466.1845961958216549 491.1297162457125296 482.2837542874960945 483.5472404115996028 483.7327720611162931 476.5918303710632813 476.4337386966012104 477.2974742750233759 472.8899282818833854 473.1998752728406430 476.3149360773308558 479.2397879638291442 491.9170564390395839 495.7396320548799622 490.8649828500155650 488.0433426878702790 523.9675709385718392
578.6160933660933097 546.4103194103194028 617.0724815724815926 560.7702702702703164 522.4155405405405190 518.7346437346437824 499.9047911547911553 505.5810810810810949 498.9871007371007181 490.1572481572481479 487.2315724815724707 484.6440417690417917 483.4247542997542837 485.6480343980343832 487.0006142506142623 465.4772727272727479 457.2982186732186847 448.2447788697788837 472.1099508599508567 549.7156019656019907 789.1962530712530679 1587.8046683046682119 2054.6578624078624671 1392.4136977886978457
528.5181136789506127 519.1221111805122064 500.9756402248594895 483.9975015615240750 478.4291068082448533 471.1933166770768366 472.6533416614615817 465.7517176764522446 462.0971267957526720 464.7854465958776018 461.7167395377888965 462.6880074953154462 460.8963148032479467 450.6936289818863202 458.5580886945659245 438.5377888819487566 457.8613366645846554 452.9834478450968049 631.6942535915053440 1413.1436602123671946 1562.6255465334165820 565.1068082448470022 -26.6995627732667096 62.2948157401623988
408.7598286915534231 404.1747816209017401 402.0700249389582837 401.0331257262981808 401.5269301578596810 402.7024168592581077 403.0445767558462649 403.1532113805214976 403.9335657487563367 404.7213104051601249 405.0744251635395017 405.3128729418830858 405.3375638163134909 405.5134552861451880 405.5054121456644225 405.0174572708161804 405.2416859258098611 406.3159152336558577 407.9547834488881790 409.1906851032159693 409.5442046300286165 409.5531487066995737 408.3762649013540340 410.9862509303145544
527.3618743866535397 582.4119234543670700 670.4563297350343873 821.8601570166830470 1165.1342001962709674 1393.5370461236507253 1085.5026987242395080 634.0392541707556120 445.3581943081452437 399.8459273797840865 423.8228655544651815 462.5058881256133532 469.4087340529931112 469.5532384690873187 469.8599116781157932 475.4413640824337790 472.2428851815505482 470.0240431795878067 479.4504416094209773 483.0552011776251220 483.6611874386653653 484.4663886162904873 481.7401864573110970 485.0733562315996323
359.2663043478260647 436.5597826086956275 383.4456521739130608 312.0706521739130608 310.1250000000000000 271.3315217391304373 215.9130434782608745 158.4239130434782510 132.8206521739130324 117.8369565217391255 74.7826086956521721 64.5543478260869534 54.1739130434782581 39.9456521739130466 41.3586956521739140 22.8913043478260860 46.2391304347826093 -57.6467391304347814 -281.2989130434782510 -668.9021739130434980 -1633.9836956521739921 -2870.2282608695650197 -3467.4782608695650197 -2349.7989130434784784
200.6583850931677091 142.1366459627329277 129.2795031055900665 98.9689440993788878 83.9130434782608745 88.9068322981366492 77.2236024844720532 72.3167701863354040 59.0559006211180133 67.5341614906832319 62.6149068322981392 -115.1242236024844772 -400.6024844720496958 -969.8757763975155513 -2335.5590062111800762 -3731.8695652173914823 -3141.4844720496894297 -748.4782608695652470 667.9006211180123955 621.2919254658385171 580.6770186335403423 585.7515527950311025 531.8447204968944106 534.3664596273291636
700.5537065052950538 592.5098335854765992 428.8169440242057249 372.9727685325264588 318.0166414523449134 380.3161875945536963 499.0287443267775984 477.0665658093797106 792.9213313161875476 503.0075642965203997 1644.4054462934946059 3777.3207261724660384 1844.0151285930407994 -4.9319213313161878 565.3419062027231803 348.0695915279878818 351.1785173978819898 483.5627836611195107 394.0847201210287380 467.0060514372163425 452.1543116490166199 482.1860816944024464 495.1830559757942751 487.4977307110438574
1577.5781512605042280 2096.8268907563024186 1855.1983193277310420 849.4201680672268822 35.5151260504201716 96.1193277310924401 341.1983193277310988 568.6193277310924259 853.2302521008402891 1145.0470588235293690 1834.7689075630253228 2556.7815126050418257 2799.7890756302522277 2604.3915966386553009 1851.5378151260504183 1685.3596638655462812 2064.5243697478990725 1448.0344537815126387 726.0756302521008365 572.3159663865545781 468.4932773109243840 488.5630252100840494 505.6705882352941330 461.1470588235293917
491.5074380165289085 409.5289256198346948 326.9818181818181984 416.4925619834710915 501.2909090909091105 479.1123966942148513 787.4347107438017019 390.4578512396694236 1811.7785123966941683 3922.4925619834712052 1600.9834710743800770 -40.9107438016528917 676.6561983471074200 386.8148760330578284 405.6628099173553892 485.9719008264463014 401.3900826446280803 478.3090909090909122 450.7471074380165419 481.7123966942148741 495.7223140495867710 475.3289256198347061 454.1818181818181870 473.9272727272727366
719.7210789443088288 722.8667015463317966 725.5156377165445747 727.3537379374491820 729.7691547494476936 732.5349377979305245 734.3955354028601050 736.7903150796419141 740.0358097895593801 741.5167422392745493 741.1099290780141473 738.0114521567259089 734.1237065457504514 732.6231833507731608 730.4889547727008221 727.5057551447506512 725.3136263225206903 725.2415416811998057 725.1532379955818897 722.8833856528310662 721.6723636786420002 720.7740960353447690 721.7719451226600995 721.8954772700848252
3757.4461130742047317 1690.5318021201412648 52.1272084805653719 691.7420494699646270 458.9805653710247384 447.6916961130742152 519.2694346289753184 419.2826855123674932 486.0344522968197793 457.5273851590105778 471.3613074204947111 475.4496466431095314 449.9302120141342698 440.2729681978798340 444.4602473498233053 438.9796819787985669 425.8321554770317903 416.3727915194346565 547.7968197879858963 756.2932862190813239 795.2155477031801638 708.2659010600706324 512.0265017667844631 394.5017667844522862
496.2337118947997396 480.8802550308826653 472.1350866706515035 459.3689978083283449 451.1042040247061209 448.6210400478182692 457.9740984259812535 484.0611675632596302 529.3024506873879318 593.6748356246264393 741.3116158597330241 1082.0545925483163501 1316.5562861127714314 1081.8983861326958049 665.0019924287706772 410.9438135086670627 335.5752141860928646 374.9683203825463238 425.5772066148635417 453.1006176529189133 468.9236899780833028 487.2267383941024264 506.3636182506475620 529.3518629209005439
484.3595041322313932 528.7754820936638680 597.8484848484848726 825.4917355371900385 638.5096418732782695 2468.7121212121210192 3686.9146005509642237 1045.3374655647382951 67.1157024793388359 628.4201101928374555 277.3002754820936389 435.4393939393939377 472.7713498622589441 416.1942148760330724 486.2548209366391347 464.9187327823691476 495.6143250688705280 484.5840220385674684 456.6804407713498790 448.2809917355372136 459.6143250688705280 452.3457300275481998 439.1418732782369148 446.8030303030303116
2051.7909992372233319 2573.8993135011442064 2724.6956521739130039 2443.7505720823796764 2047.4149504195270310 2196.6270022883295496 1946.7109077040427110 973.9038901601830958 579.6262395118230870 543.8215102974828596 451.3295194508008876 464.4652936689549847 454.1342486651411150 458.2517162471395977 464.2051868802440708 457.8573607932875689 464.5682684973302798 461.3699466056445431 459.7673531655224792 452.8749046529366638 451.5148741418764189 449.9115179252478924 477.9282990083905247 695.4210526315789593
417.8481262327416061 293.8106508875739564 382.4753451676528471 440.7376725838264520 424.3234714003944532 744.4871794871794464 216.9566074950690222 1911.2781065088756804 4046.2347140039446458 1370.9033530571991832 -73.5463510848126276 688.9566074950690791 326.0315581854043216 448.7909270216962341 481.8106508875739564 411.7810650887573729 500.1242603550296053 452.6607495069033575 494.6607495069033575 499.4398422090729923 466.9270216962524387 443.9960552268244669 456.0157790927021892 452.5404339250492853
638.6383307573415777 655.2967542503863569 607.0726429675424924 449.3168469860896721 376.1777434312210175 307.0880989180834604 360.0216383307573551 484.0587326120556213 457.4714064914992377 772.4945904173106328 551.7851622874807163 1691.4559505409581561 3801.7774343122100618 1902.5610510046367381 34.7403400309119021 599.9737248840804114 357.7635239567233612 329.4930448222565929 473.9026275115919589 395.9381761978361851 473.9474497681607659 464.7217928902627477 503.0556414219474277 530.0850077279752668
65.7796610169491487 64.4463276836158201 57.8531073446327682 69.3333333333333286 80.8813559322033910 -34.9152542372881385 -278.3220338983051079 -717.6327683615819524 -1917.2485875706215666 -3501.0508474576272420 -3209.8813559322034052 -816.4011299435028377 670.6271186440677639 620.2259887005649261 573.1468926553671963 576.4745762711864927 529.1355932203389330 525.7514124293785471 489.7005649717514189 481.9943502824858683 424.1864406779661181 324.6045197740112940 264.0000000000000000 248.8418079096045119
477.3991507430997672 474.7669851380042587 465.9219745222929987 464.1263269639065925 493.6029723991507581 747.2813163481953325 1312.9437367303610245 1578.8508492569001191 1077.4739915074310375 358.1061571125265459 40.0222929936305718 94.4681528662420362 282.5238853503184941 481.2606157112526262 677.9962845010616093 898.4771762208067685 1154.0647558386410765 1457.0541401273885640 1734.5849256900212367 1801.0509554140128330 1732.2165605095540286 1464.2011677282378059 903.6040339702759638 693.0254777070064165
576.4047829937998131 863.8458813108945833 1140.6820194862709741 1571.2905225863596570 2373.2320637732505020 2292.3658104517271568 2676.6554472984944368 1667.1222320637732537 -1042.0256864481841603 641.1806908768821813 2094.2214348981401599 627.6058458813108700 601.5890168290522979 538.3906111603188265 392.8715677590788573 536.6093888396811735 426.5075287865367386 475.3799822852081434 460.8538529672276240 454.2905225863596002 468.3755535872453493 464.3011514614703401 467.9371124889282783 460.2905225863596002
1227.5683202785030517 1306.1131418624891012 837.5809399477807347 294.1740644038293908 80.0987815491731965 140.3363794604003374 317.0204525674499791 501.0822454308093938 692.4408181026980174 915.8416013925152583 1189.7010443864230638 1497.1736292428197430 1717.3764142732811706 1753.7254134029590205 1619.3642297650130786 1307.5665796344646878 918.2310704960835892 734.6096605744124872 717.1688424717145836 641.9073107049608780 563.4564838990426097 526.6666666666666288 495.9508268059182114 483.7680591818972857
442.9650943396226239 454.7037735849056617 487.4490566037736130 467.5811320754717144 451.7047169811320941 446.3830188679245339 448.6367924528302069 459.5877358490566280 475.6358490566037744 654.1849056603773533 954.4849056603773079 882.0490566037735789 472.0754716981132333 188.4292452830188722 111.0764150943396231 193.3858490566037744 342.1556603773585152 544.3773584905660528 735.7216981132075944 1037.4330188679246021 1565.2537735849057299 2171.9660377358491132 3228.2462264150944975 3227.6830188679246021
1297.3034965034964898 2078.4489510489511304 2505.9510489510489606 2301.7888111888109961 2665.7384615384617064 -27.0153846153846153 -1619.3832167832167670 1137.0307692307692378 1280.0475524475523343 456.1328671328671476 671.0965034965034874 380.2895104895104623 485.4545454545454390 473.9034965034965126 430.6937062937062706 476.2741258741259003 444.8363636363636147 463.7020979020978757 459.8251748251748268 454.8000000000000114 460.1818181818181870 446.4545454545454390 441.6657342657342724 509.0279720279720550
483.9648093841641980 472.4711632453568200 443.9990224828934515 442.4477028347995997 435.9403714565004861 753.5865102639296538 1490.4604105571847867 1810.5043988269794681 1423.4623655913978837 682.6666666666666288 106.5943304007820132 115.7302052785923792 374.8924731182795540 544.2590420332355734 841.5483870967741495 1119.6901270772239059 1570.3949169110460389 2454.7546432062563326 2476.0107526881720332 2740.1573802541543046 1735.7790811339198171 -1034.8719452590419223 400.2140762463342867 2120.0078201368523878
1787.9807302231238282 1544.6298174442190430 806.6835699797160260 193.7636916835699878 74.4208924949290065 303.8762677484787105 500.0770791075050852 744.5973630831642822 1062.7809330628804219 1357.3884381338741605 2250.0659229208927172 2464.4492900608520358 2567.7190669371198055 2385.2363083164300406 -583.7434077079107055 -537.9513184584178589 1835.3296146044624493 969.5953346855983455 505.4411764705882320 625.0689655172413950 374.4016227180527494 532.9807302231237145 445.7271805273833820 448.2890466531439984
479.1831134564643548 480.0195250659630801 510.0142480211081875 770.9836411609499010 1317.4364116094986912 1553.6511873350923452 1087.7551451187334806 396.3329815303430337 59.0849604221635900 107.0480211081794266 291.5345646437994560 486.9519788918206018 681.5720316622691826 890.0854881266491248 1151.3350923482848884 1456.9271767810025722 1693.9171503957784353 1753.3773087071240298 1642.9957783641161768 1366.6633245382586210 1014.9994722955144653 883.6353562005276672 858.4105540897097626 701.4116094986807184
325.9875000000000114 359.0375000000000227 290.5937500000000000 180.6437500000000114 145.1062499999999886 135.5687499999999943 99.0687499999999943 80.6187500000000057 75.1250000000000000 56.7437499999999986 48.1499999999999986 43.6000000000000014 56.7312500000000028 63.1250000000000000 -98.4812500000000028 -391.6437500000000114 -973.9874999999999545 -2332.8062500000000909 -3726.3000000000001819 -3145.6875000000000000 -776.0249999999999773 657.7000000000000455 658.1124999999999545 598.4187500000000455
1932.0634674922600880 1154.3088235294117112 140.7879256965944137 6.7515479876160986 259.5410216718266270 471.8537151702786332 760.4442724458203884 1034.2886996904023817 1566.8916408668731037 2333.0208978328173544 2730.7569659442724515 2752.8436532507739685 2215.6114551083592232 1695.6594427244581311 2016.5077399380804763 1708.8583591331268963 819.0425696594427336 579.3947368421053170 499.9241486068111726 466.0216718266253793 510.8289473684210407 471.0526315789473415 455.0975232198142635 449.3080495356037432
1112.0029821073558196 1658.2226640159046838 2377.5178926441353724 2538.4622266401588604 2527.6838966202781194 1552.3499005964215485 993.5000000000000000 2447.2654075546720378 2067.1133200795229641 586.4562624254473349 575.9155069582504893 490.5009940357853111 435.4085487077534822 508.3131212723657768 444.2882703777336246 479.0447316103379762 470.2713717693836770 475.4662027833002185 480.4393638170973873 472.4324055666003801 465.1242544731610451 454.9015904572564750 460.8986083499005986 468.1560636182902613
2165.7969040247676276 2520.8123839009285803 2653.9436532507738775 1946.8749226006191293 706.3312693498452290 467.2439628482972012 634.1869969040247952 508.2662538699690344 493.2619195046439700 463.5250773993807911 446.1566563467492301 473.0879256965944251 464.8736842105263349 474.2408668730649879 465.6043343653250872 449.1746130030959989 455.9300309597523437 461.2613003095975159 465.3442724458204225 470.3312693498452290 482.7727554179566596 488.6848297213622345 486.6749226006191975 592.9690402476779809
581.2732887287698986 537.2104992279979570 550.5120946989192134 522.8630983015954143 498.3870303654143186 482.3391662377766238 465.3921770458054539 461.3551209469891887 461.6139989706639426 470.9866186309830027 475.6531137416366164 470.4029850746268835 477.2336592897581227 486.8028821410190403 488.8759650025733663 494.7683993823983428 431.8039114770972446 439.4143077714874153 400.6531137416366164 398.4796706124549814 509.1847658260422236 316.1168296448790329 1399.7812660833762948 2637.6227483273287362
648.9576399394856026 450.5173978819969989 370.9984871406959428 295.9561270801815454 366.6535552193645913 496.8124054462934964 470.3479576399394659 772.2148260211799879 524.0680786686838246 1731.9107413010590335 3817.9788199697427444 1826.3857791225416349 8.4372163388804839 602.3918305597579774 365.6066565809379654 354.6111951588502507 486.0378214826021122 401.7140695915280162 481.0711043872919959 460.8290468986384099 486.5431164901664260 501.0090771558245137 475.4659606656580877 474.4750378214826014
-20.4815586325205246 -24.9005023894130630 -27.5208920475431924 -31.0947187844626889 -34.6429359147163325 -36.8199975493199361 -38.6398725646366898 -39.6316627864232345 -41.4467589756157366 -42.0408038230608980 -41.9305232201936064 -45.5275088837152282 -43.6720990074745714 -40.8889841931135862 -45.3347628967038361 -44.5324102438426692 -38.7386349712045117 -38.4566842298737868 -37.4800882244822944 -30.5911040313687046 -29.1405465016542102 -27.7013846342359997 -21.1942163950496258 -21.5484621982600189
1415.4828101644245635 -1835.9790732436472354 52.9641255605381147 2302.8415545590432885 607.4379671150971944 511.6367713004484585 588.7727952167414287 363.4663677130045016 545.6457399103138641 425.2556053811659353 471.9177877428998613 469.6965620328849127 457.3542600896860790 477.4334828101644348 467.6980568011958326 457.1943198804185613 444.4230194319880525 447.4260089686098922 429.9970104633781602 474.3632286995515415 661.0284005979073072 873.5949177877429292 942.8639760837070298 841.4125560538116133
1392.8961919666144240 1742.6716223265518693 1122.3601982263953687 426.4608763693270816 466.3677621283255235 553.7798643714136233 515.5057381324986636 516.6708398539384461 502.7138758476786506 500.0198226395409620 504.6619718309859195 503.9058424621804875 500.7519561815336715 493.4994783515910513 495.3635889410537061 497.7446531038080479 495.0787689097548423 497.4582681272822242 501.6408450704225288 502.5119979134063897 509.7243088158581372 517.5764214919144024 510.1927490871152600 531.7592592592592382
472.6134998798943343 468.3826567379293806 466.1895267835695336 464.5556089358635745 463.1527744415085408 462.7934182080230698 461.1782368484265930 463.8969493153975350 469.7187124669709419 478.2077828489070157 489.6168628392985624 505.9538794138842377 537.9819841460484895 589.2966610617343122 706.1767955801104790 831.9394667307229838 775.9649291376410929 452.5046841220273564 36.8171991352390080 -122.4237328849387438 19.0759067979822241 231.8313716070141766 412.1381215469613153 545.0175354311794536
574.7234352256186867 562.1703056768559463 516.6521106259096996 481.0611353711790343 459.0305676855895172 488.8340611353712006 524.5574963609898305 532.9184861717612876 564.4774381368267768 556.7540029112082038 472.9010189228529839 450.2561863173216921 379.7583697234352371 455.5516739446870247 514.1455604075691781 451.4818049490538669 723.6812227074235579 210.5473071324599630 1568.6011644832606180 3918.2358078602619571 1723.3857350800581116 -103.0480349344978208 545.9854439592430708 340.3770014556041019
1069.7160493827159371 422.6965020576131451 93.9465020576131735 240.4979423868312836 465.0833333333333144 653.9012345679012697 979.7510288065843724 1247.1872427983539637 1953.3004115226337944 2557.3086419753085465 2415.9825102880658960 2778.3158436213993809 684.9989711934156276 -1332.9197530864198598 989.7427983539095067 1531.4382716049383362 484.5987654320987872 657.1419753086420315 429.7253086419752890 453.9742798353909734 508.2139917695473059 426.1790123456789843 467.8755144032921862 440.8045267489711705
2898.6347687400320865 669.7288676236045148 -1520.5454545454545041 1421.4051036682615177 1823.3333333333332575 458.6076555023923333 747.6427432216905800 425.4736842105263008 459.7097288676235962 508.4880382775119756 423.1738437001594662 493.2503987240829133 453.7065390749601193 473.0574162679425854 474.1451355661881735 463.7942583732057642 460.6874003189792575 448.0000000000000000 438.2535885167463903 441.3285486443381274 538.5279106858054092 918.1339712918660325 1398.9824561403509051 1437.3620414673046071
458.4253440131444108 434.9884986650235987 433.3666050523721651 446.9913739987676990 477.6477716163483365 517.2856849455740758 573.9572807558020031 658.7104128157732248 833.4386937769562564 1140.0866707742864037 1246.3062230437460585 912.1109057301293888 512.0517560073936920 323.0000000000000000 291.9624152803450556 354.8190593551037182 412.7465598685561758 435.6338057095912859 451.7773670158143204 465.7730540151981700 476.0258780036968460 480.8280961182994702 487.0036968576710024 499.1638940234134338
813.2867647058823195 1116.5640756302520913 1455.2037815126050191 2332.0861344537815967 2336.2163865546217494 2632.2342436974790871 2029.4558823529412166 -1126.6165966386554373 -66.4768907563025238 2065.9915966386556647 765.0588235294117112 574.3329831932773004 588.9548319327731178 374.9464285714285552 552.7962184873949809 432.0630252100840494 466.5462184873949809 462.9201680672268822 449.8193277310924145 472.4222689075630228 464.7972689075630228 464.9254201680672054 457.2584033613445627 458.3855042016806465
2500.5324149108591882 2250.7317666126418771 1643.4294975688817431 1354.7074554294974860 1062.5980551053485215 775.8743922204214414 624.6004862236628696 508.1142625607779451 477.6110210696920717 469.5834683954619209 459.9635332252836406 462.8322528363046899 463.9692058346839758 469.2763371150729199 473.2674230145867114 472.5024311183144050 463.4084278768233389 456.3403565640194302 417.0259319286872142 434.0251215559157458 626.7844408427877170 1257.7155591572122830 2137.6045380875202682 2065.5721231766610799
2501.4364640883977700 3898.9955801104970305 1527.4541436464087383 60.5569060773480672 779.7668508287292752 476.8475138121547161 410.9502762430939242 521.1182320441988622 405.6088397790055069 467.7834254143646149 446.3303867403315053 454.9823204419889748 467.4574585635359085 437.2154696132596428 432.9248618784530436 441.2055248618784731 444.8662983425414268 435.8154696132596655 430.6850828729281488 528.6254143646408465 695.5193370165745819 713.9049723756905905 574.0022099447513710 523.2154696132596428
169.6643835616438309 -314.8287671232876619 -883.5000000000000000 -2389.1575342465753238 -4268.8698630136987049 -2541.6917808219177459 503.6849315068492956 762.2876712328767326 500.7260273972602818 620.5958904109588730 508.2534246575342536 530.3561643835616906 489.7465753424657464 473.5821917808219155 468.6506849315068735 365.5068493150685072 313.9109589041095774 302.5410958904109862 290.3698630136986480 301.5342465753424790 254.4794520547945069 239.3561643835616337 270.7808219178082254 251.2876712328767042
780.2823374917925321 719.0111621799080694 630.7163493105712178 560.5456336178594938 503.0584372948128475 478.6369008535784815 488.5449770190413687 499.3834537097833390 525.3683519369665191 542.2560735390676427 521.4583059750492566 475.5929087327642719 442.9940906106368743 420.8161523309258314 420.2462245567958234 482.7609980302035524 451.7327642810242878 593.6513460275771195 909.7117531188443991 1817.8601444517400978 3075.0262639527250030 2033.7655942219303142 213.1556139198949325 241.4005252790545057
541.1177199504337523 562.9603469640644562 611.2676579925650913 579.9318463444857343 473.0607187112763086 419.5006195786864964 351.0433705080545224 393.4770755885997460 498.6232961586121633 475.4696406443618457 763.6641883519206431 550.2812887236678989 1563.2763320941760412 3587.1672862453533526 1945.5985130111523631 121.8166047087980104 596.1846344485750251 409.3667905824039508 333.7596034696406377 452.1586121437422321 377.2044609665427402 461.5861214374225483 465.3915737298636941 525.4696406443617889
475.4193939393939559 483.3060606060606119 455.5042424242424204 455.9060606060605778 435.3024242424242516 419.1193939393939445 412.9490909090908985 360.7672727272727116 1009.8418181818182120 1959.7139393939394267 2097.7078787878785988 1420.6103030303029300 326.8127272727272725 -84.2515151515151501 202.6369696969696861 409.5515151515151615 656.5054545454545405 922.9157575757575387 1267.4472727272727752 2018.3460606060605187 2619.7915151515153411 2658.4642424242424568 2441.0757575757575069 1419.9539393939394358
780.2910994764397401 792.9183246073298506 692.1251308900523327 348.0298429319371962 -200.1162303664921467 -488.8523560209424090 -168.2738219895287841 296.9816753926701836 468.7549738219895517 490.0125654450261550 495.6586387434554695 487.3989528795811452 479.8780104712041634 476.0774869109947645 475.2947643979057375 473.7486910994764457 456.2335078534031254 448.8743455497382229 456.9272251308900650 452.9895287958115091 445.3235602094241017 443.3753926701570549 446.4471204188481579 458.2958115183246264
730.3095684803001859 141.8930581613508366 123.8151969981238238 402.0872420262664377 554.0356472795497211 859.0834896810506507 1115.5609756097560421 1565.3508442776735592 2415.6397748592871721 2378.7345215759851271 2737.9774859287053914 1614.2045028142588308 -961.9230769230769056 922.2448405253282999 2228.3930581613508366 621.1463414634146147 614.9756097560975832 539.5562851782364078 391.3921200750469325 539.6369606003752324 421.2195121951219789 471.8855534709193194 457.4258911819887317 452.7833020637898471
-779.9513888888889142 -2533.3333333333334849 -4457.5694444444443434 -2231.2291666666665151 825.2777777777778283 714.2638888888889142 501.3125000000000000 610.8055555555555429 462.9930555555555429 532.6736111111110858 475.6111111111110858 469.0347222222222285 472.7152777777777715 368.2291666666666856 312.3194444444444571 306.8472222222222285 299.8125000000000000 316.5138888888889142 267.5555555555555429 245.8472222222222285 306.3055555555555429 319.5694444444444571 338.8680555555555429 316.2430555555555429
493.1507633587786472 489.4188931297709928 484.1211832061068776 464.5391221374046040 428.8606870229007768 430.1822519083969496 400.3454198473282304 818.1975190839694960 1657.7032442748090943 1912.2881679389313376 1494.9942748091602880 674.9790076335877984 51.5458015267175540 148.6116412213740432 398.7471374045801440 564.0562977099236832 893.7585877862595680 1135.8597328244275104 1781.3940839694655551 2572.4246183206105343 2559.2662213740459265 2909.9914122137406594 1162.8091603053435392 -1192.5343511450382721
2339.5446327683616801 2245.5717514124294212 2615.0180790960453123 1702.2779661016950286 -1342.2135593220339160 323.0011299435028036 2201.9435028248585695 689.4372881355932350 602.4836158192090352 559.3751412429378433 378.0090395480225993 535.2429378531073780 419.3209039548022474 477.8192090395480136 466.6768361581920885 459.7514124293785471 474.2915254237287854 467.8768361581920772 467.3446327683615777 452.2372881355932464 454.8677966101694778 444.3389830508474461 508.0971751412429285 743.5898305084746198
298.4659913169319907 406.8480463096960875 485.4298118668596089 532.3950795947901042 820.6946454413892980 615.8885672937771005 2263.2416787264833147 3739.8567293777132363 1239.6845151953689310 11.2460202604920401 599.9797395079594935 287.6729377713458575 409.0303907380607598 480.8031837916063864 415.1997105643994246 482.5036179450072495 462.5962373371924627 487.6787264833574795 482.1837916063676062 455.0361794500723818 441.5354558610708864 457.1910274963820484 455.1114327062228426 451.8234442836468929
482.4156142365097821 651.3467278989667193 988.6900114810562172 1237.9598163030998421 1877.3547646383467509 2569.4661308840413767 2372.6590126291616798 2774.6613088404133123 798.4810562571756236 -1502.8989667049368109 938.8610792192881718 1692.3249138920780297 483.9104477611940069 675.3788748564868456 447.8553386911596021 444.3972445464982570 516.0792192881744995 422.6475315729047111 473.1033295063145943 443.9173363949483360 459.8748564867967730 468.2709529276693274 462.1285878300803915 470.9380022962112662
619.5974386057565653 687.6127541589648899 705.9050699762344721 677.8319250066015229 646.8518616318986005 581.8321890678637374 518.5517560073936920 482.7397676260892467 430.3707420121468203 356.6095854238183165 302.7468972801689802 294.1317665698442170 308.3188539741220211 328.4066543438077588 348.4724055980987600 360.3217586480063233 373.7087404277792189 387.1375759176128781 397.3834169527330573 404.4800633747029224 404.0620543966199989 403.9603908106680592 399.2565355162397509 402.7413519936625335
75.7986577181208077 66.9463087248322211 -31.1409395973154375 -340.8120805369127311 -849.5637583892616931 -1878.7248322147650015 -3574.8859060402683099 -3717.4899328859060006 -1208.2147651006712294 643.3020134228188454 624.1744966442953455 572.7583892617449237 591.3355704697986539 527.6174496644295004 528.3691275167785761 482.9530201342282112 480.0335570469798654 416.4563758389261920 307.3892617449664613 263.3959731543624230 259.9127516778523272 265.1744966442952887 223.0335570469798654 184.3758389261745094
-475.1021233569261994 2051.5278058645094461 2857.3003033367035641 399.0171890798786762 375.7350859453994190 602.5935288169868045 361.1395348837209553 547.9615773508594430 442.9079878665318688 487.3114256825076041 493.8564206268958401 478.9555106167846361 497.5267947421638155 481.7259858442871518 473.0525783619817730 462.2588473205257742 473.5813953488371908 460.8513650151668344 453.1304347826086882 525.3791708796763942 677.9383215369059599 800.1587462082911770 774.8867542972699312 678.1597573306370350
249.9492424242424136 475.4621212121211897 743.9393939393939945 1030.1234848484848499 1506.1931818181817562 2298.5946969696969973 2803.8583333333331211 2850.7530303030303003 2287.6484848484847134 1672.8893939393940400 2065.2128787878787080 1910.2393939393939490 911.3045454545454049 589.2712121212121019 507.3280303030302889 442.9757575757575978 518.3787878787878753 491.6530303030302775 459.4166666666666856 447.6424242424242266 449.8515151515151729 461.8803030303030255 470.8106060606060623 477.9348484848484873
473.7061579651941088 473.1626506024096557 486.5100401606425748 468.5133868808567854 476.7536813922355918 443.9210174029450968 422.7269076305220779 437.9511378848728214 336.1733601070950499 995.0502008032128742 1976.4357429718875210 2221.5910307898261635 1815.2275769745649541 590.2724230254350459 -85.7356091030789855 229.7958500669344062 414.3105756358768303 667.6479250334672315 947.5180722891566347 1251.5414993306560518 2091.6693440428380200 2694.7764390896923032 2699.3199464524764153 2350.6646586345382275
745.1655892590750909 627.9114868224763768 564.0735952262556339 522.3843858776727984 507.2247637991049487 517.2983590253604689 503.4684236698159907 496.7807061163600224 500.1516658378915849 509.1616111387369301 488.0994530084535086 441.9224266534062622 456.8428642466434439 421.9627051218299130 477.6782695176528932 488.9482844356041937 590.7389358528095045 1463.1188463451019288 2056.0512182993534225 2129.2645450024861020 1769.5922426653405637 489.8796618597712609 -10.9577324714072599 345.9522625559422977
636.8937279369509952 639.7838436909942175 639.6588129053443481 638.8500533617929023 638.4286183400378150 638.3178720958870827 638.6124702405385278 637.9582136113619981 638.5643214842788211 638.9174944585830644 639.0761021262621853 639.9486084886298158 639.0855020113291403 639.4649864543140438 639.2204252524422827 637.6288892537558013 638.9580083736967708 639.0048846564321821 637.6160003283802098 638.3301863558000377 638.6490025449470522 638.9912979229948178 638.1717839257860305 634.9210655939577919
579.6226415094339472 530.1710691823899424 492.3320754716980900 471.6779874213836479 501.2452830188679513 535.0213836477987570 540.1710691823899424 567.3056603773584357 551.4125786163522207 468.8754716981131878 459.4616352201257996 385.5522012578616113 461.1031446540880552 478.8477987421383659 447.1496855345911854 672.3484276729559497 233.9132075471698045 1810.2528301886793543 3720.1245283018865848 1350.1710691823898287 -79.4251572327044073 530.5823899371068819 284.9547169811320941 441.0389937106918410
493.1255020080321287 473.7319277108433653 435.5612449799197066 423.3564257028112365 331.4819277108433653 870.1716867469879162 1835.9528112449800119 2056.1967871485944670 1588.2439759036144551 578.0220883534136647 -56.9216867469879517 169.5281124497992096 400.6917670682730659 654.1817269076304910 943.1837349397590060 1259.7218875502007904 2106.9528112449797845 2731.8755020080320719 2861.6907630522086947 2524.1566265060241676 1436.4548192771085269 1651.9779116465863353 2231.9447791164657247 1255.7459839357429701
1626.7202505219206614 1161.4770354906054308 456.6774530271398476 66.5845511482254722 241.4665970772442449 464.0521920668058442 661.0636743215031856 988.9885177453027154 1204.6555323590814623 2030.2265135699374241 2519.7338204592902002 2464.1430062630479370 2694.0720250521922026 96.5574112734864372 -849.8705636743214882 1838.4091858037577367 1426.6054279749478155 464.2244258872651130 686.0375782881002351 394.5313152400835293 500.5678496868475804 480.8246346555323498 443.3569937369520062 488.5240083507306963
414.1607655502392618 676.2258373205742146 1425.5444976076555577 1819.2813397129186797 1548.2095693779904195 830.9291866028708000 143.2966507177033577 87.1272727272727252 348.0468899521530943 521.9416267942583545 819.8105263157895024 1098.4555023923444423 1529.1655502392345625 2427.2478468899521431 2480.8593301435407739 2771.9598086124401561 1879.3186602870812294 -1052.3177033492822829 72.4612440191387606 1881.0411483253587903 740.0000000000000000 596.1263157894736651 564.5186602870813886 393.8334928229664911
712.7503703703703195 1005.1229629629630153 1435.1718518518518977 2219.4444444444443434 2785.8577777777777555 2881.7377777777778647 2471.9644444444443252 1624.3911111111110586 1742.7711111111111677 1932.4311111111110222 1019.2318518518518431 557.3496296296295895 528.3688888888889323 433.6925925925925753 506.8992592592592814 495.0192592592592860 451.4392592592592450 447.4362962962962911 444.6637037037037317 455.9733333333333576 470.2666666666666515 473.1162962962962979 477.4555555555555770 503.8696296296296282
510.0146689019279052 510.7529337803856038 512.4759010896898417 513.2311399832354937 519.0467309304275432 527.6047778709136082 530.5943000838223043 520.7801760268231419 497.5461022632019876 471.1028918692372258 447.4071668063704692 423.0383487007543977 423.4773679798826720 456.4371332774517782 504.4168063704945553 578.5414920368817775 689.2944258172674381 829.7747275775356002 1036.5188600167643926 1208.9557837384743380 1158.8101424979045078 1025.0366722548196776 877.7020117351215731 659.2870913663034571
111.5780510879848606 323.3878902554399133 519.3670766319772838 757.2280037842951970 1082.8013245033112071 1371.5146641438032020 2235.4645222327339980 2406.4711447492904881 2554.0501419110692041 2347.3017975402080992 -619.1504257332071575 -388.4285714285714448 1931.8353831598865327 944.4929044465468451 520.6934720908230929 623.7871333964048972 364.7947019867549443 536.5875118259224337 443.9848628192999058 451.0766319772942552 468.1438032166508947 447.3292336802270484 473.1589403973509889 465.0094607379375589
444.8665377176015454 447.6706963249516207 451.3820116054158689 452.0527079303674896 457.0275628626692423 453.3157640232108179 450.5261121856866566 444.2238878143133434 412.8235009671179796 414.9956479690522428 393.2466150870405954 733.9390715667311724 1621.2113152804643050 1697.1619922630561632 663.1716634429400301 -38.7156673114119911 -87.0154738878143093 95.5759187620889747 347.2301740812379194 568.3442940038685265 816.7219535783365245 1063.4883945841393142 1433.4008704061895969 1928.0328820116053521
508.1967848150300142 503.7143133836916604 501.8148363354638946 498.6358706178578473 493.4745303118342008 479.0586868099941853 462.9426689908967774 448.4563238427271017 446.3877590548131025 469.3528956033313762 512.7503389502227265 586.2126670540383202 692.7819097423978292 877.6889405384466727 1115.3222932403641607 1202.6844857640905957 1094.1191167925624086 881.3490218865000543 666.3654851830331154 553.7220608173543042 500.8280069726902752 476.9240751501065461 480.2318419523533066 499.7747433662599406
229.5111111111111200 19.0567049808429125 264.7088122605363765 477.2390804597700935 750.2750957854406124 1034.9908045977010715 1510.4038314176245876 2279.3088122605363424 2735.5478927203066633 2792.2666666666668789 2269.8567049808430056 1722.1808429118773347 2158.6850574712643720 1934.3363984674329004 903.4459770114942785 586.5034482758620697 488.9417624521072980 440.3685823754789226 510.4628352490421435 475.1195402298850468 450.6245210727969379 444.0206896551724185 446.4053639846743522 455.6122605363984803
2323.1458576429404275 2490.9614935822637563 2278.6919486581095953 -855.0700116686114143 -211.9229871645274272 2337.9264877479581628 926.2672112018669850 495.3523920653442474 652.9813302217036153 339.2602100350058549 537.7677946324387221 432.0501750291715553 460.5495915985997613 477.8074679113185539 451.7316219369894839 477.3185530921820146 468.4562427071178377 465.0700116686114143 457.9906651108518076 446.5379229871645066 433.5285880980163142 463.5822637106184629 633.1190198366394952 976.8564760793465211
422.3884224480777902 431.6482545293857811 465.3641184268669804 513.7615996464869568 581.9955810870525283 700.9465311533363092 958.2825894829871913 1251.6752098983649830 1199.8831197525407788 772.1911179849756763 401.0729120636323728 310.4931506849314928 369.5481661511268499 431.7872293415819627 457.6040653999116330 459.1332302253645707 459.8141847105612214 465.8912947414935957 469.2852408307556402 470.9801148917366049 474.1981882456915400 478.5925762262483545 478.9865223155103990 480.4047724259831966
238.9847182425978929 469.9130850047755530 654.6590257879655610 993.1623686723972924 1211.0936007640877961 1973.3667621776503438 2479.4842406876791756 2423.6236867239731509 2721.5988538681949649 266.4794651384909230 -874.9656160458453087 1734.7745940783190690 1457.9283667621775749 455.7468958930276699 678.0362941738300151 395.4909264565425246 487.2435530085959954 478.2416427889207284 432.8767908309455379 480.2741165234002096 448.1327602674307400 467.0592168099331616 466.8997134670486844 462.5482330468003624
538.4519383961762742 786.8592671269251468 1303.1885289431756973 1531.8470525756770257 1038.7981943706849961 350.3127987254381424 46.7403080191184301 107.6128518321826846 298.8661710037174544 494.6176314391927917 694.2320764737121408 911.1014338821030378 1177.7153478491768510 1491.0955921402019158 1723.6064790228358561 1770.0451407328730511 1647.6346255974508495 1322.1720658523631755 946.3632501327668933 835.4662772172065388 811.1731279872543610 665.2639405204461127 569.0950610727562662 544.7243759957514158
547.8850855745721447 231.5267202235417301 180.1023402025847133 286.6074048201187452 440.1683548725113724 607.1889626266154210 788.3786238211665705 1013.5997205728257313 1311.5253230876703583 1588.7523576667831549 1709.6975200838280671 1702.4481313307719574 1505.1023402025846281 1133.8057981138665582 844.0873209919665214 701.4785190359762055 635.4048201187565610 582.0604261264408024 523.7631854697868903 502.6189311910583228 494.7768075445337104 487.9755501222493876 488.4345092560251373 490.0901152637093787
498.1564171122994935 503.7934491978609799 548.2901069518716213 567.6751336898395266 565.2012032085561941 560.3750000000000000 509.7453208556149775 416.0775401069518580 411.4037433155079952 414.9786096256684687 491.8569518716577704 582.0187165775400899 619.4953208556149775 1302.1129679144385136 1911.1778074866310817 2535.3716577540108119 2810.1062834224599101 985.3816844919786035 -129.1016042780748592 343.6905080213903716 376.7486631016042793 552.4010695187165538 756.5441176470587834 890.8582887700534911
1035.9768211920529666 1078.4249448123621278 870.1368653421633326 2839.5452538631348034 3448.8035320088301887 718.4690949227373267 202.0364238410596158 631.9249448123620141 287.8918322295805865 491.4139072847681859 464.1445916114790293 431.9878587196467947 479.5419426048565015 463.3995584988962264 486.8112582781457149 478.8719646799116845 460.3432671081677654 444.1114790286975449 457.5496688741721982 451.0651214128035349 439.5607064017660264 455.7417218543046147 506.2439293598234258 588.8267108167769948
551.3659559594547090 722.0146801817546702 922.1712687871373646 1185.6497728067108710 1467.0300594197833561 1661.9045788185949277 1725.7039496679483364 1609.0132820692065252 1246.5057672142606862 880.7528836071303431 784.6546662006290944 731.1031108004194721 611.9171618315274372 557.4826983572177141 526.3201677735057729 508.7403005941978336 505.0503320517301518 500.1146452289409581 501.3995106606082004 499.7780496329954758 501.9825235931492671 507.0709542118140689 504.2998951415589204 507.3725969940580285
139.8457223001402383 198.4249649368863970 376.5039738195418408 547.4628330995792567 766.7358578775128990 1033.0659186535765457 1454.7311827956989418 1903.3048153342683690 2068.6638616175782772 1982.8092566619916397 1515.1753155680223699 777.8139317438054832 467.4179523141655181 500.9775596072931307 498.5610098176717884 508.9354838709677438 487.7559607293127897 468.8798503973819720 483.0126227208976388 476.7807386629265807 471.3333333333333144 471.1369798971481941 475.7017297802711369 486.8162692847124617
