-133.8314285714285745 -133.6334693877550990 -133.3787755102040933 -133.1002721088435408 -132.8163265306122582 -132.5627210884353815 -132.3439455782312848 -132.1448979591836803 -132.0380952380952522 -131.9640816326530626 -131.8772789115646162 -131.8955102040816314 -131.7983673469387895 -131.8804081632653151 -131.8959183673469511 -131.4994557823129355 -131.9579591836734664 -132.1399999999999864 -131.7389115646258517 -132.4946938775510148 -132.8378231292516887 -132.8387755102040728 -133.4487074829931998 -133.5382312925169970
-12.1627203133345194 -12.1163135718948425 -12.0813601566672606 -12.0604711886534925 -12.0626669040413024 -12.0859889620794014 -12.1312088303364778 -12.1754198563883449 -12.2175538543706601 -12.2617648804225272 -12.3190315114829989 -12.3983739837398375 -12.4676280339445729 -12.5177140822503112 -12.5413922022431912 -12.5193163610468225 -12.4613376060767909 -12.3748738947243488 -12.2650881253338078 -12.1448578719363844 -12.0213043736276770 -11.9061183312563053 -11.8152038454691120 -11.7610824283425313
-153.8609958506224018 -163.7697095435684673 -166.2468879668049908 -156.7219917012448036 -55.1265560165975117 112.1016597510373458 171.9585062240663831 117.8049792531120374 27.4751037344398341 -62.7883817427385864 -114.5809128630705374 -139.0186721991701120 -153.8858921161825606 -161.5705394190871402 -166.8298755186721962 -165.8526970954356727 -163.0497925311203460 -158.2240663900414859 -148.7946058091286261 -150.9647302904564299 -161.4045643153527010 -165.2136929460581030 -166.7365145228215795 -166.2655601659751028
20.6283553725552302 20.6834864201441135 20.7297885818354573 20.7765064534009021 20.8199976245150040 20.8613904505503207 20.8915591099849536 20.9077717950748294 20.9297054398606370 20.9447303824530842 20.9587655396310097 20.9866972840288213 21.0225275160345220 21.0611687386174680 21.0994338427428936 21.1436178636471617 21.1835853986855653 21.2136550795787464 21.2439227175548346 21.2693602027080537 21.2858698234222814 21.2897101908306290 21.2906999762451505 21.2797529495605353
-144.1874704268004166 -144.0669064067379566 -143.7812056402006249 -143.5134853790101204 -143.2014762941232107 -142.9319579823980177 -142.8008895618434622 -142.7435412132109320 -142.7906690640673730 -142.9770038800037923 -143.2998959023374539 -143.7510173180656636 -144.2729251443172132 -144.8454622882559022 -145.4236774865146344 -145.9485189741648412 -146.4494179994321996 -146.8847354973029269 -147.2202138733793788 -147.4905838932525910 -147.7185577742027078 -147.8635374278413792 -147.9896848679852326 -147.9899687707012390
-51.6405144694533789 -39.0131832797427620 -25.2430868167202576 -13.8356913183279744 -4.9604501607717042 1.6427652733118971 6.2517684887459808 9.4475884244372992 10.9646302250803860 10.8787781350482309 9.9980707395498385 9.0382636655948545 8.0588424437299029 7.0135048231511252 6.0456591639871382 5.2556270096463020 4.6781350482315114 4.2623794212218646 3.9655948553054663 3.7520900321543409 3.5376205787781352 3.3160771704180063 3.0749196141479098 2.8209003215434083
-11.2898799313893647 -72.7547169811320771 -109.9596912521440828 -106.3267581475128623 -95.7024013722126909 -76.9108061749571164 -54.5591766723842184 -31.6063464837049750 -12.1312178387650089 0.7692967409948542 10.2650085763293308 16.5420240137221271 20.7898799313893647 23.8970840480274447 25.0514579759862777 22.9802744425385939 20.1329331046312170 18.8730703259005139 17.5780445969125232 16.2795883361921092 15.7890222984562616 15.4056603773584904 15.0548885077186956 14.7384219554030871
12.8088531187122729 12.6277665995975852 12.4627766599597578 12.2642521797451369 11.9114688128772634 12.0449362843729038 11.5486250838363507 11.6284372904091207 10.5378940308517777 6.9745137491616367 -2.0563380281690140 -38.2427900737759927 -84.8993963782696142 -99.5244802146210645 -90.5016767270288369 -74.8517773306505632 -54.4024144869215291 -33.6680080482897353 -15.3501006036217298 -2.0764587525150904 7.0690811535881961 13.8283031522468143 18.4788732394366200 21.8256203890006724
24.9426751592356695 24.0445859872611472 23.2834394904458613 22.8726114649681520 22.5382165605095537 22.1050955414012726 21.9490445859872594 22.2070063694267503 22.4585987261146514 22.6273885350318480 22.8375796178343933 22.9394904458598710 21.8184713375796164 22.3280254777070049 22.8503184713375802 21.7515923566878975 29.5509554140127406 24.4554140127388528 41.5254777070063668 49.4904458598726080 64.7802547770700698 138.4044585987261087 3.7898089171974521 -165.7070063694267503
-53.8590931253047316 -71.0219405168210614 -86.9473427596294499 -107.3013164310092691 -123.1223793271574891 -135.3305704534373604 -147.0443686006825885 -154.0477815699658777 -159.0624085811799091 -163.6660165772793789 -164.0390053632374361 -161.5387615797172032 -164.3256947830326737 -163.4485616772306287 -160.0160897123354573 -160.1711360312042984 -159.3686006825938648 -158.9873232569478319 -158.9956118966357792 -158.8522671867381746 -158.7947342759629521 -158.2710872745002462 -157.5714285714285836 -156.4904924427108597
23.6400000000000006 28.5199999999999996 30.1066666666666656 53.4166666666666643 54.9699999999999989 103.5566666666666720 124.2999999999999972 -68.0766666666666680 -165.9333333333333371 -98.5533333333333275 -70.1933333333333280 -31.5266666666666673 -6.9100000000000001 1.4966666666666666 17.2833333333333350 22.1866666666666674 26.4100000000000001 27.3566666666666656 26.9366666666666674 26.4466666666666654 25.0566666666666684 23.3033333333333346 21.8999999999999986 21.0966666666666676
-160.9205702647657859 -164.7046843177189430 -161.7754582484725177 -161.7545824847250628 -160.9389002036659804 -160.6018329938900138 -160.8340122199592770 -160.7041751527494853 -160.6558044806517387 -160.2729124236252574 -160.1720977596741307 -160.0432790224032544 -160.0453156822810570 -159.8900203665987760 -159.8625254582484843 -159.5697556008146591 -158.7291242362525452 -157.5901221995926562 -152.4276985743380806 -143.5493890020366621 -120.6685336048879833 -92.2561099796334076 -79.0193482688391100 -67.1731160896130319
25.7803468208092497 38.6329479768786115 50.0173410404624263 61.0115606936416199 127.2890173410404628 22.4219653179190743 -154.5838150289017392 -129.3526011560693689 -83.8236994219653155 -54.4161849710982679 -13.0491329479768794 -2.1734104046242773 14.0520231213872826 20.5115606936416199 23.1907514450867041 27.7861271676300561 27.5578034682080926 27.3526011560693654 26.9855491329479769 25.2543352601156066 24.1242774566473983 23.4971098265895968 21.4653179190751437 19.5549132947976894
-150.2518355359765110 -153.1336270190895732 -154.6093979441997135 -155.4221732745961901 -155.3546255506607849 -154.6886930983847321 -146.7437591776798911 -132.8142437591776854 -102.0124816446402320 -60.5653450807635849 -50.3105726872246706 -66.3964757709251074 -86.7261380323054283 -105.7980910425844314 -120.9911894273127757 -135.0917767988252649 -145.7628487518355485 -153.3627019089574048 -158.3751835535976511 -164.0036710719530220 -164.0763582966226011 -159.2657856093979376 -162.7511013215859066 -163.0969162995594672
-181.7013698630136957 -95.0931506849315014 112.5534246575342507 123.4438356164383492 -50.7808219178082183 -148.4630136986301352 -161.2438356164383606 -159.3369863013698762 -161.0904109589041013 -163.2438356164383606 -164.1780821917808169 -165.7287671232876676 -165.7287671232876676 -166.3150684931506760 -165.6164383561643945 -163.9013698630137128 -165.0082191780821859 -166.4082191780821915 -166.6109589041095944 -167.3232876712328903 -166.8630136986301409 -164.9643835616438423 -161.0082191780821859 -150.1369863013698591
14.1914541532460632 14.3199669040512987 14.3613959398362940 14.3236901982801932 14.2151236665583163 14.0651576490056449 13.8849029284004608 13.6976153186962559 13.5250140362282441 13.3643804852102477 13.2176649626193079 13.0943530037528451 12.9883868680003545 12.8925563665376313 12.8039656038533138 12.7471114919771882 12.7325433645577846 12.7423539493513793 12.7609408705416509 12.7708401051978377 12.7495050382671913 12.6946012233681031 12.6233267338435624 12.3824355072249634
17.5673076923076934 15.7001201923076916 14.2944711538461533 13.2866586538461533 12.5937500000000000 12.0931490384615383 11.6730769230769234 11.3491586538461533 11.1207932692307701 10.9933894230769234 10.8593750000000000 10.6231971153846150 10.5606971153846150 9.9897836538461533 10.1322115384615383 9.7692307692307701 9.4909855769230766 10.1250000000000000 6.7193509615384617 4.8058894230769234 -21.1382211538461533 -79.8756009615384670 -111.0919471153846132 -105.7379807692307736
55.8737430167597751 55.8664804469273761 56.0184357541899445 56.1346368715083770 56.2189944134078203 56.3932960893854727 56.4837988826815618 56.5597765363128460 56.5089385474860322 56.3871508379888269 56.4229050279329627 56.3558659217877107 56.2932960893854784 56.2039106145251424 56.0374301675977620 56.0122905027932987 55.9469273743016728 55.8296089385474872 55.7167597765363141 55.6379888268156435 55.5536312849162002 55.5184357541899445 55.6770949720670387 55.7217877094972067
-2.3978876995839409 -2.3348742932328155 -2.3162405319867716 -2.3280466555243411 -2.3544681910316134 -2.3784004836243375 -2.4109740051918496 -2.4478148003271576 -2.4744496995128196 -2.4895629600654314 -2.5011912805376766 -2.5054585541054726 -2.5017246897336509 -2.4957860673518013 -2.4871803989900787 -2.4742363358344299 -2.4571316809501798 -2.4301056150208029 -2.3956829415739129 -2.3580598129511752 -2.3268020340670672 -2.3142491376551333 -2.3143913801073932 -2.3791828171117668
-58.5329670329670364 -49.3241758241758248 -52.6703296703296715 -76.5631868131868174 -107.3104395604395620 -131.3598901098901024 -148.7747252747252844 -160.6950549450549488 -164.1620879120879124 -171.0467032967032992 -154.0082417582417520 -2.4148351648351647 163.5906593406593288 103.1703296703296644 -66.7142857142857082 -153.4478021978021900 -168.0027472527472412 -164.9313186813186860 -166.1373626373626280 -166.5879120879120876 -166.8598901098901024 -167.7527472527472412 -167.2307692307692264 -163.7032967032967008
1.2142400409233327 1.3859581814694033 1.4665579640641986 1.4930941876079034 1.4766928831766737 1.4387748577274762 1.3875567491527592 1.3310633672229681 1.2848008184666539 1.2539804335315556 1.2324637125135878 1.2096681373489353 1.1842509111835795 1.1620308203849350 1.1419208389283202 1.1282370995587954 1.1206918600933564 1.1151288445552785 1.1113881961762262 1.1045143551377965 1.0961378604770127 1.0708804910799923 1.0137796534305263 0.8663277703177953
-93.7000457247370804 -90.3058984910836813 -76.3040695016003667 -59.1490626428898025 -40.4270690443529972 -23.2784636488340198 -10.1714677640603561 -0.9487882944673068 5.1824417009602195 9.1037951531778685 11.1097393689986284 11.3132144490169182 9.9657064471879284 8.0507544581618653 6.4334705075445813 5.2469135802469138 4.3379058070416097 3.5272062185642432 2.8207590306355739 2.3196159122085049 1.9757658893461363 1.7091906721536352 1.4933699131229996 1.3159579332418838
11.7305859265489207 9.7272217549761706 6.6983459489767307 2.7061956826464817 -0.7524530417717971 -2.2040930754135126 -2.0919540229885056 -0.1976450798990748 3.4743481917577794 7.4393047378749646 11.3980936361087757 15.3622091393327729 19.0084104289318745 22.2859545836837682 25.0246705915334999 27.1384917297448851 28.4017381553125894 28.7925427530137377 28.5763947294645355 27.9248668348752460 26.9029997196523674 25.9060835435940575 25.2315671432576387 24.3602467059153334
-165.8459657701711478 -165.6259168704156366 -162.7775061124694389 -150.5281173594132156 -129.7139364303178581 -115.9168704156479208 -108.0048899755501282 -104.7041564792176018 -114.6430317848410709 -130.6088019559902307 -142.9242053789731131 -151.6014669926650242 -164.6381418092909428 -163.6919315403422956 -171.7750611246943890 -160.6845965770171176 -8.4254278728606362 149.9290953545232412 157.4303178484107661 80.6136919315403446 -30.6650366748166263 -115.8361858190709057 -148.1344743276283680 -157.8875305623471945
14.0130718954248366 16.6928104575163410 21.7189542483660141 29.3758169934640527 31.9117647058823515 30.0816993464052302 28.2189542483660141 26.1209150326797399 24.9313725490196063 23.0522875816993462 19.6209150326797399 16.5457516339869279 12.8790849673202619 16.7450980392156872 19.0816993464052302 31.7091503267973849 67.3267973856209210 69.0588235294117680 127.9444444444444429 116.8235294117647101 -99.6830065359477118 -162.5392156862745026 -94.4248366013071916 -77.6960784313725554
5.0634142663248376 5.2996531443221233 5.4361333132257581 5.5118760367968633 5.5326496757653443 5.5141758407480017 5.4773035741215503 5.4339466143869704 5.3994872568240089 5.3868571859448044 5.3880259387724321 5.3947368421052628 5.4059719499321366 5.4176971799125324 5.4283290604735335 5.4431458301915248 5.4602247021565375 5.4803197104509120 5.4973608807118080 5.5015457698687982 5.5004901221535212 5.4740612275674865 5.4237294525712558 5.2605941788568842
28.7642526964560865 28.9738058551617890 29.2265023112480726 29.4668721109399065 29.6779661016949170 29.9429892141756540 30.2218798151001558 30.6178736517719585 31.3035439137134048 32.4791987673343598 35.1186440677966090 39.3420647149460692 47.0785824345146366 64.0539291217257301 89.2665639445300485 112.9337442218798202 123.9691833590138685 111.6070878274268097 76.4976887519260345 39.9275808936825882 24.7996918335901384 25.4345146379044671 26.7981510015408304 29.4067796610169481
56.8550185873605969 109.2490706319702554 127.2081784386617045 -76.2862453531598561 -163.6691449814126429 -88.4237918215613377 -62.9144981412639410 -23.4795539033457246 -3.0037174721189590 3.9256505576208180 19.7806691449814132 22.5836431226765804 26.2267657992565049 26.8066914498141280 25.6394052044609673 25.1263940520446099 23.8847583643122690 22.1226765799256491 22.1784386617100360 20.9628252788104099 19.1784386617100360 18.3494423791821575 16.7881040892193312 15.8401486988847591
-159.9854208084824450 -160.0954274353876770 -160.3280318091451306 -160.0629555997349200 -159.1848906560636294 -158.3339960238568551 -157.8396288933068377 -158.0523525513585241 -158.0616302186878670 -158.1928429423459193 -157.7905897945659319 -156.3750828363154426 -153.1537442014579256 -139.0841616964877403 -113.4685222001325400 -81.9668654738237308 -55.8906560636182874 -54.4612326043737554 -72.6878727634194775 -92.9814446653412858 -111.0768721007289628 -127.4850894632206746 -140.2657388999337229 -148.7488402915838321
-171.3416394569513557 -171.8326172881938589 -171.9072005499226634 -172.3516068052930166 -172.4162227186801886 -172.6645471730537906 -172.7583777281319897 -172.8518645815432251 -172.9427736724523186 -172.9857363808214359 -173.0465715758721501 -173.0807698917339792 -173.1156556109297071 -173.1498539267915362 -173.1526035401271599 -173.1697886234748296 -173.1541501976284678 -173.0733803058944886 -173.0917683450764741 -172.8640659907200643 -172.8852036432376735 -172.6215844646846449 -172.3686200378071760 -172.5140058429283272
29.2695507487520814 29.4758735440931794 29.7304492512479186 29.9517470881863552 30.2662229617304490 30.7470881863560734 31.5873544093178040 33.5357737104825304 36.3094841930116488 41.6339434276206291 54.8302828618968405 77.3111480865224650 104.2063227953410944 123.6322795341098129 123.1613976705490785 97.2612312811980075 54.8003327787021632 27.5657237936772042 24.8502495840266207 26.2196339434276204 28.1331114808652245 31.3777038269550737 33.7387687188019996 35.9301164725457554
42.3468749999999972 41.4750000000000014 40.2468750000000028 39.9874999999999972 40.8406250000000028 48.9375000000000000 44.2593749999999986 56.7156250000000028 61.5468750000000000 73.6687500000000028 127.6375000000000028 -3.9531250000000000 -166.2437500000000057 -134.1687499999999886 -105.7562499999999943 -81.3437500000000000 -44.4249999999999972 -23.0343750000000007 11.5187500000000007 33.0656249999999972 46.5937500000000000 47.3781249999999972 40.0437500000000028 35.3125000000000000
-106.8235294117647101 -125.7798861480075914 -120.0417457305502893 -111.7542694497153661 -99.5388994307400310 -83.2277039848197404 -62.4924098671726753 -38.9184060721062650 -18.3652751423149923 -4.1043643263757117 3.8880455407969641 8.4857685009487671 11.0683111954459203 11.1337760910815931 9.0559772296015186 7.0370018975332069 6.1793168880455411 5.5322580645161290 4.7979127134724857 3.6470588235294117 2.0768500948766602 0.6973434535104365 0.0208728652751423 0.1603415559772296
23.7772677466165199 23.8596854917523018 23.9305831136908829 24.0042941333254376 24.0556164302425444 24.0972251014303893 24.1427429146800137 24.1735422157727946 24.1896526194213273 24.2219030414309842 24.2692569668611355 24.3224746053839560 24.3844285841205917 24.4555335090472958 24.5370035833802227 24.6221458820742143 24.6852844493144197 24.7304468860129703 24.7607723517043254 24.7713744188112663 24.7694790772055562 24.7528356087304182 24.7402197411674116 24.6644060769390236
-161.3915306881315814 -161.5676976245680123 -161.6286801697362137 -161.6510346034384611 -161.5697974539568520 -161.4589439608031967 -161.3013255173017058 -161.1324642372807148 -160.9673651515814470 -160.8101841725359691 -160.6677894921037648 -160.5317380462837491 -160.3972614725053631 -160.2581477754932280 -160.1143532088017878 -159.9680650947110507 -159.8228706417603462 -159.7043177741808506 -159.5654228093967504 -159.4704492759963159 -159.3787567260160074 -159.2347871735421450 -159.1317205477054983 -158.5493678638610504
23.0798403193612778 23.4730538922155674 24.0359281437125745 24.7025948103792423 25.3612774451097813 22.5608782435129740 25.6786427145708593 26.4850299401197589 30.0199600798403203 44.9441117764471088 45.9520958083832340 90.4471057884231584 57.2694610778443121 -108.8363273453093854 -146.1417165668662790 -97.1976047904191631 -73.8363273453093854 -33.6427145708582813 -10.1397205588822352 6.8483033932135733 18.6227544910179645 21.2315369261477045 26.1676646706586844 27.4111776447105804
14.3384467881112183 14.0009587727708524 13.5033557046979862 12.9539789069990405 12.7660594439117929 12.7315436241610733 12.9884947267497601 12.7468839884947265 12.3633748801534029 12.3863854266538826 11.7526366251198464 12.1783317353787144 11.2905081495685522 11.8120805369127524 11.9242569511025884 9.1121764141898378 6.1083413231064236 -40.1121764141898396 -109.2147651006711442 -126.5119846596356723 -116.6740172579098811 -104.2579098753595446 -82.0527325023969354 -58.6855225311601174
33.8082348728965272 34.0831364124597229 34.3712137486573610 34.6047977085571077 34.6332975295381331 34.6661654135338324 34.6842821339061942 34.5601145721446485 34.3406373075546014 34.0930898675259613 33.9085571070533476 33.7231650554958833 33.5952022914428952 33.5132832080200487 33.3986394557823161 33.3543143573218757 33.3061940565699999 33.3002506265664167 33.3018259935553189 33.2279269602577898 33.1810239885427833 33.0940923737916251 33.0209094163981405 32.7800930898675276
-161.4494307786135323 -162.2256556210611791 -162.3349766212644738 -162.6519617808497742 -162.8754319983736423 -163.0616487090872226 -163.2707867452734263 -163.3987599105509219 -163.5354746899776330 -163.6369688961171107 -163.7414616792030984 -163.8483939825167681 -163.9581723927627479 -164.0697296198414392 -164.1709697092905174 -164.2686521650742009 -164.3521040861963911 -164.4158365521447536 -164.4832791217727106 -164.5023886968896250 -164.5420309005895376 -164.5278003659280444 -164.4985769465338592 -164.4821101849969409
-28.2793296089385464 36.3519553072625712 63.2067039106145216 54.7486033519553104 38.3128491620111760 5.3016759776536313 -38.5530726256983272 -87.6368715083798833 -137.4413407821228930 -162.5698324022346242 -166.1340782122904898 -164.8659217877095102 -119.1396648044692768 17.4245810055865924 152.5083798882681663 144.6312849162011105 12.3687150837988824 -108.7877094972067056 -156.1061452513966401 -166.6256983240223519 -168.9776536312849089 -168.3910614525139806 -169.7765363128491742 -170.3463687150837984
-162.0306406685236880 -163.5153203342618440 -161.5125348189415035 -158.9777158774373333 -156.7743732590529362 -155.6796657381615603 -156.9582172701949787 -157.2311977715877447 -161.1114206128133617 -164.0807799442897021 -169.1838440111420709 -166.9721448467966525 -112.9303621169916454 -38.0752089136490284 37.2980501392757660 130.4846796657381560 167.4958217270194893 153.4818941504178156 151.1894150417827234 146.7075208913649078 147.4568245125348085 150.2005571030640567 133.3899721448468085 111.0278551532033475
28.2577639751552780 28.3680124223602483 28.5326086956521756 28.6614906832298146 28.9208074534161490 29.1940993788819867 29.4192546583850927 29.6661490683229800 29.9378881987577650 30.2500000000000000 30.8354037267080763 31.7670807453416160 33.5481366459627353 36.7329192546583840 42.4394409937888213 54.0217391304347814 74.2127329192546625 99.4937888198757747 119.4813664596273242 121.7406832298136692 98.2670807453416160 60.1133540372670794 34.2189440993788807 28.2236024844720497
-38.4949494949494948 -38.5409913084331706 -38.5642471223866607 -38.5842142353770257 -38.6013624618275770 -38.6405919661733606 -38.6941508104298819 -38.7775428705661298 -38.8924124970636598 -39.0190274841437628 -39.1590321822879943 -39.2985670660089284 -39.4263565891472894 -39.5391120507399592 -39.6232088325111604 -39.6643175945501554 -39.6445853887714321 -39.5506225041108763 -39.4052149400986593 -39.2189335212591033 -38.9964763918252260 -38.7467700258397940 -38.4890768146582118 -38.2703782006107573
-24.7112420670897563 -12.6495920217588402 -2.7463735267452400 4.9344968268359022 11.8073436083408883 17.4777878513145950 22.2330009066183152 26.0249320036264749 28.4739347234814133 29.5321849501359921 29.4435630099728023 28.6074342701722557 27.3399818676337247 25.9548957388939243 24.6371260199456046 23.5455575702629183 22.7230281051677245 22.1432456935630100 21.7307343608340879 21.4018585675430657 21.1441523118766987 21.0000000000000000 20.9276971894832293 20.8803263825929299
25.1741877256317679 24.7951263537906144 24.2545126353790614 23.7879061371841161 23.4810469314079420 23.3808664259927781 23.4575812274368225 23.6841155234657030 23.9954873646209386 24.3510830324909762 24.7075812274368225 25.0451263537906144 25.3447653429602902 25.6317689530685904 25.7247292418772560 26.3258122743682321 26.8763537906137167 28.1796028880866416 30.3592057761732868 33.7364620938628192 45.2175090252707577 61.6498194945848397 94.5983754512635358 118.5117328519855562
-157.8907681465821042 -159.3784355179703880 -159.3171247357293794 -159.1465821000704750 -159.3587033121916932 -159.6892177589851940 -159.4580690627202273 -158.6405919661733606 -158.0380549682875255 -157.8942917547568641 -158.0239605355884294 -157.9823819591261440 -158.1444679351656077 -157.7371388301620811 -156.5644820295983095 -153.2487667371388227 -139.4587737843551736 -112.4291754756871029 -73.8336856941508159 -42.5799859055672982 -46.5623678646934493 -67.6060606060606091 -84.3791402396053627 -103.0084566596194549
-64.8965364120781487 -65.0466252220248720 -65.1793960923623388 -65.2966252220248720 -65.4253996447602191 -65.5848134991119025 -65.7473357015985727 -65.8907637655417346 -66.0062166962699877 -66.1003552397868503 -66.1971580817051546 -66.2952930728241512 -66.3592362344582654 -66.4005328596802826 -66.4134103019538173 -66.3436944937833033 -66.2131438721136760 -66.0737122557726479 -65.9342806394316199 -65.7633214920071083 -65.5319715808170571 -65.3285968028419148 -65.0293072824156297 -64.6296625222024801
23.3963838664812229 22.1172925359295327 20.5767269355586464 19.3657858136300405 18.5090403337969391 17.8451553082985619 17.4172461752433954 17.1075567918405191 16.8609179415855337 16.6815020862308749 16.5567918405192387 16.4696337505795078 16.3078349559573468 16.2063050533147894 16.0676866017617073 15.8521094112192866 16.0704682429299943 15.6230876216968007 15.7579972183588310 13.7830319888734358 8.0639777468706537 -4.9517848864163190 -42.6286509040333783 -79.7640241075567928
-23.9920544835414304 -45.7900113507377995 -84.4733257661747956 -115.1112372304199738 -122.8467650397275861 -118.9398410896708356 -110.8569807037457480 -100.1316685584562975 -85.6367763904653856 -65.4880817253121421 -42.0465380249716247 -18.8535754824063559 -2.7718501702610672 4.9807037457434733 9.4982973893303058 12.3269012485811587 12.7559591373439272 10.9262202043132799 9.2043132803632233 8.5005675368898981 7.2508513053348471 4.3132803632236092 1.7241770715096481 1.1305334846765041
40.2123287671232887 44.9623287671232887 54.1866438356164366 73.0154109589041127 97.2414383561643803 118.3202054794520564 129.6335616438356055 118.8202054794520564 84.4640410958904084 46.5907534246575352 27.5941780821917817 26.5171232876712324 28.6130136986301373 30.9571917808219190 33.9366438356164366 35.4195205479452042 35.9606164383561620 35.3938356164383592 34.5205479452054789 33.6215753424657535 33.4674657534246549 33.4092465753424648 31.8510273972602747 30.2808219178082183
-99.0544217687074848 -81.0329670329670364 -45.9717425431711177 -17.8048142333856632 -0.3945578231292517 9.8503401360544220 17.0266875981161689 22.5771847200418634 26.8445839874411298 30.0450026164311872 31.3992673992673978 30.7624280481423327 29.1444270015698592 27.3772893772893759 25.7373103087388806 24.3966509680795411 23.3291470434327586 22.6368393511250652 22.2705389848247002 22.0324437467294594 21.9157509157509161 21.8597592883307179 21.6473050758765062 21.4887493458922023
16.7137761925991981 16.5929558626839047 16.3013820775746758 15.6803388319215333 13.9812750780205075 10.2465448060633086 3.0017833259028088 -8.9861792242532328 -22.0196165849308976 -30.5238519839500668 -31.2024074899687918 -24.2322781988408380 -14.8943379402585823 -6.1462327240303170 2.0240748996879181 8.7436469014712443 14.4079358002674986 19.2764155149353549 23.1471243869817194 25.9643334819438252 27.3370485956308507 27.2790905037895683 26.0985287561301824 24.2309407044137330
4.4760932944606413 4.3291545189504372 3.8728862973760934 3.2495626822157435 2.5297376093294459 1.8274052478134111 1.1816326530612244 0.5288629737609329 -0.1300291545189504 -0.8198250728862974 -1.5635568513119533 -2.3775510204081631 -3.3714285714285714 -4.6559766763848396 -6.3486880466472302 -8.6562682215743436 -11.5026239067055389 -14.7361516034985431 -18.0749271137026248 -21.1104956268221571 -24.2807580174927118 -27.4638483965014579 -30.8965014577259467 -35.0682215743440224
17.7351900972590641 17.6768346595932790 17.6277630415561433 17.5592396109637505 17.5013262599469499 17.4854111405835546 17.1525198938992034 16.3890362511052174 13.8054818744473913 8.1171529619805476 -1.7811671087533156 -17.0641025641025657 -30.7015915119363392 -34.2413793103448256 -29.0645446507515466 -20.1175950486295321 -10.6967285587975240 -2.1931918656056588 5.0486295313881522 11.0817860300618918 16.1993810786914239 20.3819628647214870 23.5888594164456222 25.5318302387267906
-153.9732620320855574 -160.9144385026737893 -165.3368983957219314 -168.4224598930481420 -171.5080213903743243 -164.3957219251336994 -126.6898395721925112 -43.7005347593582911 49.6470588235294130 95.1604278074866272 90.1871657754010698 57.0267379679144355 22.6951871657754012 -11.2459893048128343 -70.3903743315508024 -121.8342245989304757 -147.6470588235294201 -167.8021390374331645 -161.1657754010695101 -114.6363636363636402 -18.9572192513368982 111.6951871657753941 163.7165775401069538 85.9679144385026746
13.9803493449781655 13.0829694323144103 14.0145560407569150 12.1353711790393017 9.1528384279475983 -0.8427947598253275 -50.8770014556040735 -101.3981077147015952 -105.3449781659388691 -92.5480349344978208 -74.5225618631732232 -50.9796215429403219 -29.2685589519650655 -10.3056768558951966 2.4548762736535661 11.0072780203784575 17.3056768558951966 21.5342066957787495 24.6084425036390115 25.8580786026200862 24.1659388646288207 21.2590975254730701 19.4082969432314414 18.1513828238719057
149.6904761904762040 158.0714285714285836 164.4417989417989361 166.6666666666666572 165.1243386243386340 162.4232804232804313 162.8174603174603305 163.6455026455026314 165.1164021164021278 166.1825396825396695 169.2010582010582027 172.2433862433862544 134.7063492063492163 61.3015873015873041 -5.2645502645502642 -73.5714285714285694 -139.2037037037036953 -164.5079365079365061 -161.9523809523809632 -162.6507936507936449 -160.4761904761904816 -151.2830687830687850 -137.7962962962963047 -124.7195767195767218
-161.4890829694323031 -163.6528384279475858 -165.3515283842794759 -165.2794759825327446 -163.1353711790393106 -160.9978165938864549 -158.6659388646288278 -156.0829694323143997 -154.8558951965065376 -154.8689956331877795 -157.0807860262008830 -159.4213973799126620 -165.1462882096069791 -166.4825327510916964 -169.1921397379912548 -174.7903930131004415 -140.1724890829694345 -37.0567685589519655 104.7663755458515311 166.5021834061135451 140.1135371179039169 136.2096069868995585 128.7663755458515311 81.4759825327510896
130.5940035273368665 132.0906525573192312 132.4239858906525455 131.3389770723103993 130.4666666666666686 129.7862433862433988 129.5756613756613831 129.9961199294532719 130.5164021164021051 131.0511463844797220 131.5544973544973573 131.6744268077601419 131.7686067019400298 131.8670194003527456 131.8857142857142719 132.0634920634920775 131.9855379188712448 131.8359788359788354 131.9615520282187049 131.7791887125220569 131.8119929453262671 132.3880070546737215 132.1234567901234698 131.4987654320987644
17.3479532163742682 17.8801169590643276 20.3742690058479532 23.7660818713450297 27.0058479532163744 28.1140350877192979 26.9532163742690045 24.1812865497076039 21.7134502923976598 29.4532163742690045 25.7865497076023402 40.0643274853801188 51.2690058479532169 64.3479532163742647 130.6695906432748586 13.6900584795321638 -161.6432748538011595 -127.9707602339181278 -87.6491228070175481 -62.5935672514619910 -19.3187134502923961 -6.4795321637426904 8.7368421052631575 16.6520467836257318
16.2716262975778534 16.1288927335640153 15.8174740484429073 16.6167820069204168 15.5839100346020754 16.4480968858131504 15.9186851211072664 13.1012110726643591 10.4653979238754324 -33.4204152249134978 -95.8088235294117680 -110.1513840830449880 -97.6384083044982702 -79.9653979238754289 -55.5821799307958457 -31.6306228373702432 -10.6410034602076120 2.9377162629757785 11.7915224913494807 18.6280276816608996 23.0397923875432511 26.4221453287197221 27.9602076124567489 26.1833910034602084
-154.2375737152485158 -155.5568660488626733 -157.0160067396798524 -151.6427969671440508 -138.0084245998314998 -112.9115417017691669 -59.6352148272957052 -23.6293176074136468 -48.1853411962931730 -92.9031171019376529 -113.0673967986520694 -124.8433024431339504 -139.9022746419545058 -148.4422914911541795 -155.4397641112047097 -160.6368997472619924 -163.3058129738837465 -161.5450716090985566 -158.3951137320977125 -162.1482729570345498 -164.1609098567818137 -161.1895534962089300 -160.8163437236731284 -160.1356360572872859
50.0152671755725180 53.5839694656488561 84.9465648854961870 146.7213740458015252 -29.6641221374045791 -175.2633587786259568 -105.8435114503816834 -75.2671755725190792 -38.7366412213740432 -6.0916030534351142 -0.1984732824427481 18.4770992366412230 21.7862595419847338 24.8396946564885504 26.8129770992366403 25.9007633587786259 25.9198473282442734 25.3740458015267158 25.4007633587786259 24.7519083969465647 21.5419847328244281 18.8931297709923669 17.1259541984732842 15.9427480916030540
115.7130344418052204 115.7455463182897830 115.7667755344418055 115.6683491686460741 115.6359857482185305 115.6279691211401399 115.6147565320665080 115.6042161520190064 115.5378562945368230 115.4562054631828971 115.3534738717339678 115.2260985748218474 115.0587885985748215 114.9293349168646046 114.8135391923990483 114.6665676959620015 114.6575118764845627 114.7121437054631770 114.8165083135391882 115.0819477434679357 115.3723277909738698 115.6300475059382364 115.6419239904988103 115.3429334916864661
18.7407407407407405 20.6632996632996644 31.8350168350168339 36.4781144781144775 48.4848484848484844 68.9865319865319861 75.2861952861952801 138.8215488215488165 70.7878787878787818 -134.0168350168350173 -149.2424242424242493 -95.9663299663299654 -77.2996632996632940 -35.5589225589225606 -18.7272727272727266 0.7643097643097643 21.5723905723905709 32.1750841750841730 36.9259259259259238 36.4511784511784498 37.5252525252525260 37.8619528619528651 36.7609427609427613 33.1313131313131279
-19.2047646057855914 -26.3448667044809994 -35.5643788996029500 -44.5570051049347668 -50.5297787861599517 -52.0601247872943844 -49.3823028927963676 -43.7538287010777083 -36.4089619965967088 -28.3760635280771396 -20.6199659671015318 -13.6619398752127061 -7.7850255246738511 -3.2024957458876915 0.2161089052750993 2.5138967668746455 3.7158252977878616 4.0941576857629043 3.8400453771979581 3.3335224049914918 2.8621667612024959 2.4673851389676686 2.1168462847419174 1.8071469086783891
-2.8647727272727272 -4.4534090909090907 -4.1909090909090905 -2.1568181818181817 -0.3670454545454546 1.2272727272727273 -0.8693181818181818 -2.6795454545454547 -2.4727272727272727 -2.4500000000000002 -1.8909090909090909 -3.5943181818181817 -7.5806818181818185 -14.5647727272727270 -27.0761363636363619 -54.7284090909090892 -95.8954545454545411 -120.9113636363636317 -123.5556818181818244 -119.6875000000000000 -111.8318181818181785 -100.9045454545454561 -84.9500000000000028 -63.2613636363636331
-164.4232081911262924 -166.2662116040955596 -165.9829351535836111 -165.5255972696245692 -158.9010238907849839 -131.4061433447099034 -93.7679180887372041 -68.3924914675767894 -54.3822525597269646 -54.4129692832764533 -72.8532423208191062 -97.9726962457337862 -124.1126279863481159 -145.5665529010238970 -158.3105802047781481 -161.6723549488054630 -169.9010238907849839 -162.1672354948805435 -45.0204778156996568 135.6143344709897747 169.3378839590443761 11.8771331058020486 -140.0648464163822666 -171.6928327645051127
0.9979736575481256 0.5542046605876393 -0.1489361702127660 -0.5906788247213779 -2.2725430597771021 -5.2421479229989867 -17.5268490374873345 -52.9047619047619051 -97.4133738601823751 -120.4478216818642409 -120.6200607902735555 -112.7183383991894630 -101.3029381965552176 -86.2755825734549120 -66.2634245187436619 -43.0455927051671736 -21.8926038500506586 -5.9452887537993924 4.4903748733535966 10.5481256332320168 14.0891590678824716 15.6767983789260388 14.3687943262411348 11.6058763931104352
-1.0885009030704396 -1.6682721252257675 -2.4539434075857915 -3.7742323901264299 -6.0915111378687534 -9.9801324503311264 -16.3726670680313049 -26.3413606261288393 -38.6760987357013875 -49.4990969295605083 -55.6670680313064423 -56.2498494882600824 -51.8747742323901235 -44.3449729078868131 -35.2215532811559271 -25.6568332329921738 -16.6520168573148695 -8.7947019867549674 -2.5833835039133053 2.0138470800722454 5.3521974714027696 7.3413606261288384 8.0921131848284169 7.9133052378085491
20.1155963302752276 19.5266055045871560 19.0703363914373085 18.7522935779816500 18.5259938837920473 18.3547400611620795 18.2110091743119256 18.0996941896024452 17.9743119266055054 17.8207951070336392 17.6886850152905204 17.5718654434250752 17.6110091743119277 17.5620795107033629 17.3694189602446478 16.2782874617737008 12.5370030581039753 3.2636085626911315 -18.8507645259938847 -48.3082568807339428 -62.0061162079510737 -55.1577981651376135 -41.9761467889908246 -28.8954128440366986
18.0922661870503596 18.5501798561151077 18.7089928057553969 18.5834532374100725 18.2300359712230211 17.7597122302158290 17.2424460431654687 16.6746402877697832 16.0919064748201421 15.4847122302158269 14.7883093525179863 13.9372302158273378 12.7953237410071949 11.1356115107913674 8.8856115107913674 5.8663669064748198 1.9803956834532375 -1.8298561151079136 -4.3073741007194242 -5.3395683453237410 -5.6726618705035969 -5.2996402877697841 -4.0338129496402875 -3.3217625899280576
25.7940199335548179 26.3621262458471755 26.8604651162790695 29.0398671096345531 30.3754152823920265 28.2624584717607981 27.6112956810631225 24.6345514950166127 22.0863787375415299 23.6146179401993344 22.8936877076411953 20.1960132890365465 19.2425249169435233 17.2059800664451821 17.9867109634551490 26.0332225913621258 26.8039867109634535 52.7674418604651194 54.6046511627906952 85.8073089700996690 137.6312292358803973 -40.7242524916943509 -176.1893687707641334 -109.7441860465116292
14.7079463364293090 14.5531475748194019 14.4272445820433433 14.2972136222910216 14.1202270381836943 13.9582043343653250 13.7523219814241493 13.6274509803921564 13.4463364293085661 13.0552115583075334 12.0789473684210531 8.7223942208462333 1.2662538699690402 -15.8359133126934992 -42.8271413828689376 -62.1351909184726523 -62.1584107327141382 -50.8049535603715157 -36.6062951496388038 -22.1186790505675965 -9.3364293085655312 0.5149638802889577 8.0381836945304439 13.8911248710010327
14.6843100189035916 14.4914933837429114 -23.5482041587901705 -90.2400756143667309 -113.9829867674858264 -103.2457466918714601 -85.9933837429111492 -60.8308128544423425 -34.7580340264650260 -12.4480151228733451 2.6918714555765595 11.8648393194706987 18.5964083175803410 23.4083175803402632 26.8251417769376168 28.8875236294896034 27.8194706994328911 24.6994328922495257 22.6748582230623832 21.2117202268430987 19.8837429111531208 19.2788279773156894 18.8431001890359155 18.1493383742911156
30.9761499148211250 31.8091993185689965 33.5195911413969370 36.5741056218057921 43.2879045996592851 56.2742759795570677 77.7904599659284486 104.4463373083475233 123.8330494037478644 123.3390119250425840 97.7240204429301542 57.9403747870528107 29.7376490630323680 23.9352640545144801 26.1362862010221448 28.0442930153321974 31.2197614991482126 33.9437819420783669 35.9063032367972710 36.7734241908006823 35.9965928449744439 34.4105621805792197 32.8398637137989766 31.3816013628620105
106.2342733188720132 128.8351409978307913 135.8264642082429532 125.3752711496746173 94.8242950108459866 60.3101952277657247 43.0824295010845972 37.9718004338394763 36.6247288503253827 37.9891540130151810 40.4533622559652954 42.7310195227765703 43.9262472885032551 43.1301518438177851 40.8915401301518457 39.3145336225596509 38.5770065075921877 37.8373101952277651 36.2841648590021677 34.7874186550976106 33.9761388286334025 33.7440347071583489 33.1149674620390471 32.0542299349240807
-161.2433281004709613 -164.0832025117739477 -165.3202511773940273 -165.0000000000000000 -164.8806907378335893 -164.9152276295133390 -164.9356357927786405 -164.2480376766091013 -161.6577708006279295 -154.7174254317111490 -142.8477237048665529 -130.0737833594976394 -122.1883830455258959 -125.5682888540031428 -133.0675039246467861 -142.7896389324960751 -152.6813186813186860 -157.7692307692307736 -169.0031397174254266 -161.7927786499215017 -180.3453689167974971 -140.7315541601255973 72.8571428571428612 165.5117739403453641
17.3911671924290232 15.4353312302839125 15.4858044164037860 18.7760252365930604 25.1482649842271293 32.0094637223974772 34.6246056782334364 32.3280757097791778 33.3154574132492129 30.8706624605678250 32.5015772870662474 35.7886435331230288 38.3533123028391145 62.0946372239747646 66.1987381703469993 120.7949526813880112 112.5899053627760225 -93.4353312302839072 -166.0315457413249192 -102.9526813880126213 -84.6529968454258608 -44.7381703470031553 -19.7917981072555200 -8.9337539432176651
8.6028636021100233 8.3466465712132631 8.2366239638281833 8.1356443104747544 7.9306706857573470 7.7023360964581764 7.3360964581763373 6.9118311981914093 6.7098718914845517 6.1100226073850790 5.9193669932177846 4.5900527505651842 1.4114544084400904 -11.3669932177844757 -53.2803315749811617 -100.1341371514694742 -113.3202712886209440 -106.2343632253202657 -94.3172569706104014 -76.7927656367746749 -55.9969856819894503 -33.4242652599849279 -14.5455915599095711 -1.7663903541823662
95.7999999999999972 127.3199999999999932 138.6599999999999966 106.4500000000000028 54.2500000000000000 0.4500000000000000 -67.3599999999999994 -119.2800000000000011 -145.5099999999999909 -161.2100000000000080 -147.5099999999999909 -87.1899999999999977 3.1899999999999999 82.3400000000000034 135.0000000000000000 166.4300000000000068 173.2599999999999909 170.4900000000000091 161.4499999999999886 153.1299999999999955 156.5399999999999920 160.4799999999999898 164.5600000000000023 159.9699999999999989
29.1422351233672003 28.7648766328011618 28.6197387518142250 29.1886792452830193 29.7619738751814218 29.8577648766327997 30.3265602322206078 30.4687953555878082 30.3236574746008714 31.0043541364296082 31.3120464441219148 31.0914368650217696 31.4470246734397669 32.3134978229317866 34.0928882438316379 37.0537010159651672 40.7329462989840323 48.6052249637155285 63.3280116110304760 88.6763425253991358 114.6923076923076934 129.7474600870827146 128.2772133526850382 88.2931785195936101
-163.2919540229885058 -161.5747126436781684 -79.1448275862069011 76.4459770114942501 165.7264367816092090 144.5057471264367734 25.8275862068965516 -102.8137931034482762 -147.7149425287356337 -156.6965517241379189 -162.5632183908045931 -163.1724137931034591 -165.8459770114942557 -166.6482758620689708 -168.0390804597701049 -165.2459770114942614 -154.8574712643678026 -151.9839080459770173 -161.2459770114942614 -168.1977011494252849 -168.7356321839080522 -167.1172413793103431 -164.9816091954022852 -163.1379310344827616
-21.5379008746355680 -21.4514785506039161 -21.3948354852144931 -21.3917117867555184 -21.4918783840066645 -21.6811745106205755 -21.9291961682632248 -22.1838817159516886 -22.4498125780924624 -22.7592669720949594 -23.1076634735526873 -23.5374843815077064 -24.0662224073302795 -24.5953769262807178 -25.0468554768846303 -25.3969179508538119 -25.5491461890878817 -25.4446064139941690 -25.1334860474802149 -24.6911703456892972 -24.1978342357351117 -23.6834652228238234 -23.2153269471053711 -22.8413161182840483
149.7277486910994639 158.0418848167539352 163.7984293193717349 165.6335078534031311 165.8272251308900422 167.1596858638743583 167.8848167539267138 169.0418848167539352 170.3926701570680677 170.0418848167539352 169.8062827225130889 171.0916230366492243 169.7539267015706912 169.4738219895288012 167.8193717277486883 165.3010471204188434 165.9712041884816642 135.8534031413612695 71.5392670157068125 7.6884816753926701 -55.1125654450261777 -122.0916230366492101 -158.3769633507853314 -152.7801047120418900
42.8379888268156392 56.0353817504655467 80.5828677839851082 102.8938547486033457 112.8361266294227221 102.2532588454376139 58.5027932960893864 21.7765363128491636 17.5903165735567981 18.9962756052141515 21.4357541899441344 25.4152700186219747 27.5474860335195544 30.2439478584729997 31.4711359404096847 31.4171322160148989 30.2029795158286767 28.4469273743016764 27.0316573556797017 25.6648044692737436 24.4189944134078196 23.6629422718808193 22.6927374301675968 21.9553072625698320
127.6598240469208179 36.9677419354838719 -146.7771260997067486 -128.2199413489736060 -74.6656891495601229 -48.8005865102639262 -9.3988269794721404 2.1906158357771259 14.7419354838709680 20.2609970674486810 23.2023460410557192 26.9648093841642229 26.9882697947214076 27.3812316715542536 26.1202346041055726 24.7419354838709680 24.1788856304985345 23.0733137829912032 21.5102639296187697 20.3812316715542536 19.5190615835777130 17.7419354838709680 16.6011730205278596 16.6686217008797648
-122.2527918781725873 -133.1035532994923756 -118.3583756345177704 -98.7309644670050801 -61.7208121827411134 -26.1350253807106583 0.4812182741116751 17.6284263959390870 24.7654822335025386 29.0284263959390856 32.4690355329949227 34.5147208121827376 33.8304568527918761 31.0365482233502554 29.4182741116751281 28.1827411167512700 26.9563451776649750 27.5106598984771580 27.8172588832487300 27.1614213197969541 25.2629441624365469 23.3126903553299485 22.1177664974619290 19.7218274111675136
125.0318021201413359 159.0318021201413501 156.2102473498233337 148.5830388692579618 51.3798586572438154 -55.0424028268551240 -128.6978798586572452 -170.0070671378091731 -165.1713780918727821 -165.8515901060070803 -165.1183745583038842 -161.3091872791519563 -160.9222614840989536 -157.7314487632508815 -157.9699646643109645 -161.1219081272084850 -164.3798586572438296 -164.6236749116607712 -163.6007067137809088 -162.7120141342756199 -162.5159010600706608 -162.0406360424028378 -158.0406360424028378 -153.4222614840989536
-153.7310481821961332 -154.3400471196932529 -154.5094008407631634 -154.7890238832170837 -155.0426848986002710 -155.2717235644662139 -155.5239987065182277 -155.7214394604333165 -155.9129671548020610 -156.0819975054280064 -156.2610985355938453 -156.4567376541783972 -156.6690534485148021 -156.8933339492770358 -157.1070356169446143 -157.3041991961934798 -157.4784034739224694 -157.6291402965769066 -157.7545156372707424 -157.8419642444680449 -157.9151383563542197 -157.9347715618792449 -157.9414699496466028 -157.8525892733404135
15.4968435162364333 15.5177498162321097 15.5461797898560121 15.5944134561335233 15.6492627664634405 15.7027932719332384 15.7570372292126084 15.7993254637436760 15.8269338867989795 15.8584771046828390 15.8975656159467285 15.9385350456176766 15.9889955463311288 16.0523846586241206 16.1263674493016822 16.2109655381156230 16.2902451679854714 16.3635793661088762 16.4340381372421831 16.4946383015522997 16.5599515717559562 16.6179573658494384 16.6679422320231758 16.7120032862022754
110.6885676741130027 102.8042049934296926 69.5400788436268016 37.5256241787122207 25.1997371879106424 23.4034165571616306 23.8357424441524302 26.7897503285151117 29.3758212877792388 31.6189224704336382 33.1655716162943506 33.4467805519053911 32.7319316688567667 31.2785808147174755 29.5729303547963198 27.8462549277266760 26.2207621550591341 24.9434954007884357 24.1576872536136662 23.6819973718791061 23.4467805519053876 23.3469119579500664 23.3469119579500664 23.4191852825229958
92.4862965565706219 92.9002108222066028 92.8777231201686533 92.8636683063949420 92.9711876317638826 93.4012649332396307 94.1180604356992205 94.5769501054111004 94.9269149683766642 95.3598032326071632 95.6430077301475734 95.8074490513000683 95.8222066057624744 95.6802529866479290 95.6535488404778675 95.6022487702038006 95.3815881939564321 95.0260014054813809 94.7217146872803966 94.3591004919184826 94.0245959241040055 93.7364722417428027 93.0787069571328232 92.5214335910049215
16.6838667537557157 16.3670803396472877 16.1273677335075121 15.9771391247550625 15.8628347485303731 15.7785760940561719 15.5564990202482036 15.4624428478118876 15.2122795558458517 14.9888961463096013 15.3363814500326576 14.6381450032658389 15.4134552580013064 13.3220117570215546 9.6290006531678642 -2.7197909862834750 -48.8033964728935317 -90.9627694317439648 -92.0058785107772650 -77.6564337034617864 -58.6231221423905922 -36.8308295231874609 -18.4546048334421933 -4.0829523187459174
8.6470561071346115 8.8841837912722230 9.0743477256984537 9.2261371507734928 9.3403832833063962 9.4348649272685297 9.4966520434079893 9.5249595936273384 9.5353498037404751 9.5570076194874165 9.5945970907411677 9.6322327407065345 9.6725467559455094 9.7255137381667058 9.7927037635649974 9.8741630108519978 9.9761717848072031 10.0904640960517202 10.2066035557607950 10.3160009235742329 10.4096513507273141 10.4861232971600096 10.5224659432001850 10.5063957515585322
-116.9071038251366161 -130.8306010928961882 -144.4836065573770441 -154.0546448087431770 -157.7431693989070993 -165.8606557377049171 -166.3579234972677625 -113.6502732240437155 -33.6420765027322375 37.6065573770491781 113.5409836065573757 164.6967213114754145 169.3415300546448066 163.9699453551912427 159.8114754098360777 154.5245901639344197 156.4754098360655803 158.7896174863387841 161.5928961748633981 165.5519125683060224 168.2513661202185915 169.0683060109289499 164.2240437158469888 155.4836065573770441
152.9297297297297291 124.1567567567567636 -49.5445945945945923 -157.9378378378378329 -169.0621621621621671 -165.2445945945945880 -165.8756756756756658 -165.3067567567567551 -163.9905405405405361 -163.0689189189189108 -161.3418918918918905 -162.6918918918918848 -164.6675675675675734 -164.0297297297297234 -165.1121621621621500 -166.5148648648648759 -165.5108108108108240 -165.2202702702702766 -165.2648648648648759 -164.4729729729729684 -160.6432432432432336 -152.1837837837837810 -143.5081081081081038 -137.9918918918918962
2.3738551207327228 2.4845961698584511 2.8259783513738550 2.8784346378018317 2.4554537885095753 1.7885095753538718 1.2381348875936720 0.4296419650291424 -0.3172356369691923 -2.0832639467110741 -5.8501248959200662 -17.1681931723563714 -53.4004995836802649 -99.3655287260616120 -117.7751873438801056 -114.4046627810158157 -105.8817651956702690 -92.9175686927560349 -76.3630308076602802 -55.2056619483763527 -33.1465445462114872 -14.9200666111573685 -1.3472106577851790 7.0374687760199830
-155.0741758241758248 -165.4175824175824232 -121.6098901098901166 -46.5824175824175839 22.1263736263736277 99.8021978021977958 163.8269230769230660 174.1923076923076792 165.5714285714285836 163.3681318681318544 157.2802197802197668 155.6868131868131968 155.2472527472527588 156.7390109890109784 164.4945054945054892 169.1978021978021900 171.1895604395604380 172.9395604395604380 171.9945054945054892 170.5824175824175768 168.8626373626373720 164.7692307692307736 158.6153846153846132 152.5934065934065984
29.7981220657276999 30.0344287949921736 30.4303599374021907 31.1017214397496105 32.2237871674491387 34.9107981220657280 38.9874804381846616 47.6369327073552427 65.3004694835680795 89.9452269170579086 113.0954616588419412 124.4131455399060968 112.2801251956181545 73.9358372456964048 36.8560250391236295 24.1752738654147095 24.5508607198748052 26.3505477308294225 29.0751173708920199 31.9123630672926453 34.3474178403755843 35.9045383411580588 35.9374021909233150 34.7902973395931170
17.1139601139601147 15.7094017094017087 15.2155745489078829 14.9069325735992404 14.5185185185185190 14.2592592592592595 14.1263057929724596 14.0683760683760681 14.1244064577397914 13.9088319088319086 14.0370370370370363 13.7445394112060786 13.1196581196581192 13.5289648622981957 11.9886039886039892 14.1927825261158596 11.8081671415004745 12.1604938271604937 6.9620132953466287 -58.9800569800569789 -123.1927825261158631 -125.0531813865147228 -113.4938271604938222 -95.4567901234567842
0.2881466928618205 -0.7786509495743288 -1.7557301899148658 -2.6011787819253440 -3.3438113948919450 -3.9633267845448592 -4.4931237721021615 -4.9908316961362145 -5.4826457105435491 -6.0170268500327442 -6.6214800261951536 -7.3477406679764243 -8.2685003274394244 -9.6712508185985584 -11.7629338572364119 -15.2462344466273745 -21.4466273739358222 -31.8814669286182060 -48.1493123772102152 -66.4806810740013105 -79.1715782580222651 -83.5055664702030072 -81.1532416502946887 -73.9495743287491791
11.0359231411862986 9.0802005012531328 7.2155388471177941 -9.9189640768588134 -64.4185463659147928 -111.0910609857978244 -116.1553884711779432 -106.0977443609022544 -90.2999164578111930 -68.1804511278195520 -43.6474519632414371 -19.5430242272347527 -2.3600668337510444 8.3233082706766925 15.5580618212197166 19.9590643274853790 23.0075187969924819 24.1512113617376762 21.7568922305764403 18.9699248120300759 17.7593984962405997 17.0000000000000000 16.4001670843776104 15.5756056808688381
-75.3226666666666631 -92.4719999999999942 -115.1093333333333391 -134.7093333333333192 -153.7093333333333192 -163.4960000000000093 -164.7253333333333387 -173.3199999999999932 -108.8559999999999945 58.2906666666666666 171.1466666666666754 144.9493333333333283 19.2826666666666675 -114.6479999999999961 -164.8693333333333442 -163.0053333333333399 -164.8506666666666547 -165.8559999999999945 -166.3893333333333260 -168.0933333333333337 -167.1413333333333355 -167.8586666666666645 -163.6959999999999980 -157.6666666666666572
27.5633471645919776 27.8339787920700772 28.0718303365606268 28.3142000922083916 28.5185799907791626 28.7162747810050725 28.8651452282157663 28.9885661595205164 29.1080221300138327 29.2190871369294598 29.3289534347625640 29.4182572614107869 29.4895343476256322 29.5515444905486397 29.6123098201936372 29.6193176579068691 29.5785615491009679 29.5448132780082986 29.4951129552789304 29.4584140156754266 29.3495159059474418 29.2266482249884731 29.1502074688796675 28.8949746426924854
-162.0215827338129486 -158.6810551558752991 -153.0479616306954540 -148.9760191846522730 -148.6858513189448558 -153.0791366906474877 -158.2038369304556227 -161.1462829736211120 -166.3549160671462914 -167.2805755395683320 -171.8033573141486841 -155.8129496402877692 -24.5707434052757776 128.5683453237409992 152.1079136690647431 103.7889688249400422 26.3932853717026390 -47.5683453237410063 -84.8920863309352569 -118.9664268585131879 -146.4100719424460522 -160.1127098321342999 -166.1870503597122308 -159.9352517985611541
-156.8836477987421461 -158.7075471698113347 -160.7798742138364787 -162.6226415094339757 -165.3018867924528195 -165.8679245283018986 -163.6635220125786248 -147.4245283018867951 -121.5691823899371116 -56.2044025157232738 80.9591194968553509 152.7169811320754604 119.7264150943396288 111.9716981132075517 99.0094339622641542 23.5974842767295598 -48.4371069182389959 -94.0314465408805091 -131.6320754716981014 -152.1320754716981014 -163.0094339622641542 -167.6257861635220081 -151.2452830188679229 -116.4339622641509493
132.5394736842105203 155.0894736842105317 163.3763157894736935 157.4552631578947341 153.3447368421052772 152.8710526315789480 165.1289473684210520 143.7500000000000000 64.5263157894736850 -10.3263157894736839 -80.5631578947368467 -150.7447368421052545 -172.5921052631578902 -165.1605263157894683 -163.6789473684210634 -161.0184210526315667 -156.3921052631579016 -154.4710526315789423 -156.9499999999999886 -159.8578947368420984 -160.1578947368421098 -159.6947368421052715 -158.7131578947368382 -158.3499999999999943
14.1724137931034484 12.5475624256837097 8.2776456599286572 -0.8246135552913199 -19.6254458977407857 -43.2532699167657526 -55.2074910820451876 -50.8145065398335305 -38.8359096313912033 -25.4780023781212854 -12.6640903686087984 -1.8412604042806182 6.6040428061831156 13.4030915576694412 18.8543400713436391 23.0279429250891781 25.8906064209274689 27.0291319857312722 26.3222354340071334 24.5410225921521992 22.5927467300832348 20.9560047562425673 19.7015457788347206 18.9096313912009499
-140.3616042077580630 -121.8040762656147251 -101.2518080210387836 -75.6699539776462871 -50.4148586456278736 -53.2866535174227494 -81.6673241288625889 -105.5450361604207785 -119.6272189349112409 -133.9434582511505596 -144.4431295200525938 -152.0078895463510946 -158.5917159763313578 -160.7271531886916591 -160.2209072978303652 -158.1623931623931583 -158.4838921761998733 -160.9796186719263744 -160.2531229454306470 -159.1374095989480679 -158.6561472715318928 -157.9388560157790948 -157.9651545036160485 -157.2241946088099951
19.1218313818475139 19.1725292722872709 19.1622870273045045 19.1246669437043195 19.0500134444743203 18.9626243613874692 18.8597130215844935 18.7481972182160419 18.6380014177809272 18.5308367351927465 18.4331076291280631 18.3376274169498146 18.2369160820357372 18.1439780977291072 18.0560267911706482 17.9799799555110127 17.9192353760786141 17.8683908186462652 17.8142951428780947 17.7810750690557100 17.7479772177271506 17.6809504021120034 17.6277102838006314 17.4021120046933433
11.9198717948717956 13.3717948717948723 16.3685897435897445 22.9230769230769234 23.7596153846153832 25.7852564102564088 32.0608974358974379 33.2147435897435912 32.0288461538461533 29.3910256410256423 18.3814102564102555 13.5032051282051277 23.2532051282051277 18.5288461538461533 44.4551282051282044 64.4134615384615330 88.2307692307692264 151.3076923076923208 -0.2467948717948718 -172.9935897435897516 -126.6506410256410220 -95.2820512820512846 -69.3685897435897374 -33.0769230769230802
-158.3880070546737215 -161.3544973544973686 -163.4126984126984041 -164.9171075837742535 -164.8112874779541528 -165.0176366843033406 -164.2486772486772395 -162.3121693121693170 -159.5361552028218739 -152.5696649029982268 -144.8112874779541528 -143.2169312169312150 -145.5449735449735442 -152.7777777777777715 -158.2134038800705582 -162.1657848324514930 -169.1199294532627846 -164.3544973544973686 -179.9823633156966594 -129.0229276895943542 62.2610229276895950 172.3721340388007093 134.6772486772486843 81.5555555555555571
-163.2786885245901658 -160.9180327868852487 -152.5035128805620559 -141.4355971896955566 -129.2716627634660540 -123.2459016393442681 -127.9016393442622928 -138.1100702576112553 -148.7470725995316059 -154.0772833723653434 -164.1194379391100711 -164.9929742388758882 -170.0866510538641592 -171.2740046838407579 -39.9086651053864188 132.1053864168618190 158.0725995316159356 88.5550351288056277 -12.4543325526932076 -92.3185011709601895 -125.0093676814988299 -147.3302107728337376 -159.7072599531615822 -163.3817330210772809
-7.0121843305425093 -6.9663739704581040 -6.9696412769722960 -7.0095977128854399 -7.0842692805118777 -7.1795657205091556 -7.2775849159349262 -7.3573616499897900 -7.3952079504458510 -7.3941188482744540 -7.3722006670750799 -7.3315635423048127 -7.2682594785923351 -7.1890272956231707 -7.0939350622830304 -6.9814171942005308 -6.8550132734327143 -6.7243210128650190 -6.5913824790688178 -6.4671567626437954 -6.3568170989040906 -6.2698931318494315 -6.2231298073650532 -6.2276904227077798
29.6605286940804334 31.1064166290103934 32.1528468142792576 32.6587211929507433 32.5083596927248095 31.8036601897876174 30.7664934478084042 29.3673746046091289 27.7392679620424758 26.1050610031631258 24.5373926796204245 23.1107094441934038 21.8874830546769097 20.8158608224130148 19.7774514234071397 18.7992544057840050 18.0806597379123346 17.5806597379123346 17.0578400361500222 16.7641211025756895 16.4631721644826037 16.2041346588341604 16.2565521915951194 15.2420921825576148
-159.3212543554006970 -158.6787456445993030 -157.8153310104529510 -157.2926829268292579 -157.3797909407665543 -157.5519163763066217 -157.6167247386759698 -157.3763066202090499 -155.6348432055749242 -151.1317073170731646 -135.6891986062717876 -108.1533101045296235 -79.1742160278745644 -55.6689895470383291 -52.9560975609756071 -72.9547038327526138 -93.9324041811846655 -112.1588850174215963 -129.1477351916376222 -141.5560975609756156 -150.7763066202090556 -156.5442508710801519 -164.1790940766550477 -159.1658536585365766
18.3731843575418985 19.0636871508379890 19.5072625698324025 18.4603351955307247 21.4603351955307247 17.2022346368715091 21.5150837988826815 3.6067039106145251 -74.4715083798882631 -117.1843575418994448 -103.8368715083798861 -86.5519553072625740 -59.5843575418994433 -32.9664804469273776 -12.1675977653631282 3.7944134078212293 12.6659217877094967 19.6402234636871498 24.7564245810055858 28.1262569832402249 30.3921787709497195 29.8804469273743010 26.7418994413407809 24.2491620111731834
39.1698912843191422 39.5691910816288939 40.0807075732448865 40.5793255942509674 40.9266629813893488 41.2664455500276404 41.7322646029113713 41.8743320434862696 41.8161046618758050 41.8424543946931990 41.6932006633499199 41.5691910816288939 41.4680302192739987 41.3698175787728033 41.3368343467845989 41.1453841901603070 41.0326147042564955 40.9292426755113325 40.6176524783489938 40.5210982126405028 40.3727658006264960 40.0740740740740762 39.9730974755850355 39.6110189791781835
-168.1052279460957664 -168.1708878906623283 -168.3657650769377767 -168.5379910159610120 -168.4919239223931982 -168.5583484660231193 -168.4520691962152341 -168.3950109911115476 -168.3200802829016425 -168.2251744241613380 -168.1468030201662884 -168.0609767753034589 -167.9722832839529758 -167.8708783331740335 -167.7548504253082342 -167.6352862467743421 -167.4552231673516189 -167.3333651916276494 -167.1038898977348879 -166.9345312051992778 -166.7596291694542572 -166.3563031635286222 -166.4097295230813245 -164.9961770046831759
-120.8713318284424361 -137.7968397291196254 -154.0586907449209946 -162.6049661399548540 -166.5756207674943425 -168.0158013544018161 -94.3882618510157982 62.6681715575620757 165.5214446952595893 146.0925507900677189 35.8081264108352144 -78.4920993227990920 -130.2099322799097081 -149.5914221218961586 -159.3927765237020253 -162.6997742663656936 -165.9458239277652467 -166.8735891647855567 -167.1670428893905296 -165.1196388261851098 -159.9232505643340971 -161.3273137697516972 -168.0835214446952648 -168.1376975169300181
22.4815950920245413 21.4233128834355817 20.4509202453987733 23.7668711656441722 29.5950920245398770 29.3404907975460105 53.2085889570552126 54.6901840490797539 90.8588957055214763 128.5000000000000000 -50.3895705521472408 -170.2423312883435642 -108.1533742331288295 -82.7331288343558242 -47.3098159509202461 -15.8251533742331283 -3.9049079754601226 15.9079754601226995 24.3251533742331283 29.1625766871165659 29.7975460122699403 30.9907975460122707 31.3312883435582812 29.9785276073619649
156.0496548061603903 161.2004779607010221 162.3048327137546494 162.2543813064259268 162.8189060010621461 162.8852894317578262 163.0262878385555041 163.0345193839617650 163.0488582049920296 163.2103027084439759 163.1595857673924570 163.1980881571959685 163.2339352097716301 163.1609134360063820 163.1375464684014958 163.0313329792883792 162.9941582580987927 162.8948486457780120 162.7796070100902739 162.7344662772171944 162.3050982474774173 162.3329792883696143 160.7477429633563588 155.5310674455655828
-0.2294911734164071 0.0830737279335410 -0.0602284527518172 -0.7705088265835930 -1.3073727933541017 -2.3457943925233646 -3.8369678089304258 -6.7767393561786085 -13.8400830737279339 -35.3281412253374896 -78.2886812045690590 -114.1536863966770454 -121.1401869158878526 -115.6292834890965793 -106.8764278296988550 -94.5192107995846271 -78.0166147455867076 -55.9044652128764312 -32.9678089304257540 -14.3104880581516092 -1.7279335410176531 5.8670820353063347 10.4683281412253368 13.2533748701973000
23.3100558659217860 25.0614525139664792 26.3994413407821220 29.0279329608938532 29.0921787709497224 28.4357541899441344 25.6759776536312856 25.1675977653631300 30.4301675977653616 26.7821229050279328 45.4329608938547480 47.1229050279329584 79.0474860335195473 116.4497206703910592 -51.4664804469273776 -170.5111731843575456 -113.4413407821229072 -89.7988826815642511 -54.4217877094972096 -16.9860335195530716 -0.8212290502793296 17.9385474860335208 22.2402234636871512 25.2960893854748612
-11.9825389334591783 -28.7833883907503534 -41.7286455875412940 -44.6588013213780073 -38.1694195375176974 -27.2161396885323263 -16.2227465785747995 -5.8938178386031144 2.8268050967437470 9.9131665880132136 15.7196790939122231 20.3954695611137318 23.9773478055686660 26.1373289287399722 26.6422840962718261 25.7361963190184042 24.2420953279848987 22.7277017461066535 21.4365266635205280 20.4747522416234062 19.8117036337895236 19.3393109957527152 19.0023596035865978 18.7512977819726281
-154.6864243266188055 -154.9141004862236741 -154.9864937871420807 -154.9693601914023304 -154.8495021995832417 -154.6460600447634590 -154.3586478351470248 -153.9981477193794888 -153.5850891410048575 -153.0994829049934367 -152.5359265262020472 -151.8534382959018387 -151.1442463533225293 -150.4892336188932518 -149.7884541174654487 -149.1747318052018159 -148.6994674693216041 -148.3229142548429422 -148.1559774639191289 -148.3240719302307582 -148.6357953229914415 -148.9355560700779506 -149.2977541097476148 -149.0028555992899726
-5.6080627099664051 -6.2676371780515119 -9.8689809630459120 -17.7670772676371769 -36.2653975363941754 -75.6483762597984253 -110.3885778275475928 -118.9608062709966418 -115.5419932810750225 -107.4613661814109804 -96.3393057110862259 -82.0358342665173552 -61.8600223964165750 -39.4669652855543092 -19.5117581187010067 -5.4064949608062713 3.2071668533034714 8.4815229563269874 11.6483762597984324 12.3169092945128771 9.9406494960806278 7.3639417693169094 6.4860022396416577 6.1231802911534157
