436.4137215734480719 437.3295943454210146 438.4360018438844691 439.6301475107559895 440.9815611555009127 442.4958512599877167 444.0272741241548715 445.7987861094038067 447.6724800245851270 449.3490319606638081 451.0344960049170027 452.6293792255685275 453.9995390288875114 455.1728641671788296 456.2577596803933488 457.2264136447449232 458.1784726490473076 458.9552089735709615 459.4839428395820278 459.9505992624462465 460.4230946527350739 460.8010909649661926 461.0163644744929456 461.4328518746158352
-40.9874671205322585 -43.0927587807519714 -44.6380164010521412 -45.3984217855485070 -46.2065604208571870 -46.7626489246479977 -47.4822064056939510 -47.5829336221568937 -47.7897261333745931 -47.8631440507504280 -47.6489246479962887 -47.9900974779514158 -47.8813244623239953 -47.4425963174996141 -47.5687761101655582 -47.3736654804270430 -47.3225282376605279 -47.4014389602351827 -46.8345195729537380 -46.3180411573572641 -46.0707101965031711 -45.5186445922945992 -45.2471762339470800 -43.8054309144360232
27.4194058154235130 2.1131479140328699 -15.3963337547408337 -33.3268015170670040 -53.7803413400758501 -73.2398862199747214 -85.5799620733249071 -93.7958280657395704 -100.8878002528444995 -112.4914664981036623 -108.2730720606826793 -49.4491150442477903 54.8824273072060649 139.8049936788874845 161.5135903919089628 144.0104298356510810 104.7695954487989951 58.2534766118836913 23.4228824273072078 3.3495575221238938 -13.8675726927939316 -33.0018963337547433 -51.2458912768647252 -65.6839443742098581
240.5499108734402967 240.7724301841948886 237.5659536541889452 233.3303624480095095 226.9399881164586930 218.4217171717171766 208.8924539512774743 198.9884135472370872 189.3569518716577420 179.6054664289958396 170.3169934640522740 160.7880273321449920 151.7996137849079048 142.3367498514557212 133.8103089720736705 125.5684789067142049 117.5216874628639374 110.5298573975044576 104.1357694592988707 98.7005347593582911 94.2810457516339824 90.5864527629233578 89.9754901960784252 92.4757872846108171
902.1136073253833274 903.7870528109028783 904.9830706984668041 905.8259156729130837 905.9943568994889347 905.7877981260647857 905.2961030664395139 904.5373722316865042 903.7127342419080378 903.2064522998296070 903.1027470187393646 903.3577512776831782 904.1772785349232890 905.2490417376490086 906.5334327086882240 907.7822614991482624 908.9528321976149527 909.8003620102214200 910.2083688245314761 910.3252768313458319 909.8641396933560372 908.8085604770017198 907.1189310051107668 904.5586669505962618
497.2792626728110577 483.6797235023041708 450.1622119815668270 402.8308755760368740 347.1976958525345367 296.4023041474654292 258.3359447004608569 233.2211981566820214 215.0907834101382434 199.0940092165898534 190.6870967741935488 196.0571428571428498 214.7262672811060042 234.6999999999999886 261.8534562211981438 343.0225806451612698 466.8364055299539359 516.6350230414747102 497.9824884792626563 483.9188940092166149 459.2036866359446776 408.3976958525345822 345.6953917050691416 293.3092165898617623
287.9346195069667829 276.2365130403715625 268.6866738120757532 270.8535191139692984 283.5476956055734377 304.9978563772775715 337.9449803501250358 400.8399428367274027 489.8002858163629867 561.5877098963915159 577.6187924258663315 564.3815648445873876 551.8745980707395802 535.3215434083601849 497.0896748838870849 444.2390139335477102 396.1639871382636784 362.2129331904251330 340.4776705966416444 324.6441586280814704 313.1196856020006862 306.3751339764201589 306.6280814576634270 312.5505537692033045
968.8489164086687424 967.7343653250774196 960.0222910216717764 946.8210526315789366 927.9882352941176578 903.2142414860680901 872.1009287925696754 834.8253869969040579 792.5739938080495222 747.6117647058823650 701.3708978328173771 656.8068111455108919 614.2297213622291565 575.3888544891640322 541.4328173374613016 511.5696594427244577 485.8513931888545017 461.7820433436532426 439.9145510835913342 420.4681114551083851 403.2780185758513767 389.4941176470588289 377.6278637770897717 365.8922600619195009
178.4097602019351996 179.1030710980227241 182.8338241480858244 189.3769457299116539 197.1266302061422095 206.1106436684897005 214.8447623054269968 224.3453933529659139 234.7949095498527470 244.1979385780395546 251.7162389566680645 261.5103071098022838 271.3830458561211572 281.9545645771981413 293.5464871687000254 304.6405132519982999 315.1331510307109625 322.9482541018090274 328.0416491375683563 332.0664703407656475 334.1293647454775169 335.8716870004207067 335.4354228018510753 334.3064787547328365
773.1557565537329992 774.6060095048291032 775.1355204660432037 775.6906331442587543 776.2549440441514434 776.7001379733251269 777.0012264295569366 777.0452245899126638 777.3035413153456830 777.9132301088455961 778.6552199908018110 779.1784455005365544 780.0723593438601711 781.2114057948796244 782.2042005212325648 783.1372068066840484 784.3769737850682304 786.0659205886861400 788.4174459604475942 791.1339874290970329 793.7137820021462176 795.5357964126935713 796.6274720220757217 796.7452092595431168
957.6808051761322531 978.8389647735442622 996.7907979870597046 1008.2846872753415255 1012.7505391804456849 1009.0172537742631675 998.9288281811645902 982.8655643421998320 961.1861969805895569 934.0632638389647582 900.3443565780014524 859.8461538461538112 813.7260963335729684 763.0251617541337055 710.7958303378864002 659.9209202012940523 613.2573687994248530 572.3134435657800623 538.1998562185477795 509.2149532710280369 484.6261682242990787 463.0395398993529739 444.1905104241552635 428.5197699496765154
844.4489167751864898 845.8460992068189626 846.9344145850598125 847.6193914999407752 848.3475790221380066 849.0697288978335564 849.6532496744406444 850.2932402036225312 850.8053746892387608 851.4315141470344770 851.8477565999763783 852.1864567302001205 851.9775068071504620 851.3106428317745440 850.4205043210607755 849.4815910974310782 848.5092932402036467 847.4315141470344770 846.1623061441931668 845.0835799692198407 844.1469160648750858 843.3114715283533087 842.1186219959748769 841.0079318101101080
87.3426573426573469 81.1942501942501877 76.5843045843045900 73.7389277389277424 72.3566433566433602 73.3659673659673643 75.0341880341880341 80.6798756798756784 89.4716394716394774 103.9782439782439809 123.8951048951048932 152.1825951825951790 189.7031857031857101 235.6254856254856236 285.6029526029525982 338.9246309246309465 389.4048174048173792 436.0341880341880483 470.8127428127428402 495.4949494949494806 517.3993783993784064 537.5097125097124717 554.4763014763015008 567.5097125097124717
195.8483516483516382 194.6109890109890159 194.5000000000000000 196.9362637362637258 205.3285714285714221 220.5945054945054835 244.5637362637362742 282.0340659340659499 332.3340659340659613 392.5428571428571445 462.1659340659340387 533.8274725274725370 598.1076923076923322 656.2648351648351763 708.3846153846153584 754.1571428571428442 793.3824175824175882 823.9241758241757907 848.9648351648351081 868.0890109890109443 881.5747252747253242 890.1989010989010467 894.5725274725274403 896.1164835164835267
48.3647260273972606 30.7780821917808218 11.8339041095890405 -8.5171232876712324 -22.5914383561643852 -18.8636986301369873 -1.5664383561643835 -17.7448630136986303 -43.9750000000000014 12.0945205479452049 151.4801369863013747 276.7770547945205522 326.0749999999999886 304.3859589041096001 251.3856164383561520 194.2191780821917746 142.4561643835616565 105.4339041095890366 76.4719178082191746 55.3626712328767141 40.0825342465753423 21.0749999999999993 2.1006849315068492 -6.6434931506849315
530.3699452965784076 532.0165182881046348 533.3238228038185298 534.4548964925453447 535.2957202617183157 535.9934570417248096 536.7652043333690699 537.3276842218169804 537.8894132789874902 538.5278343880725060 539.2247130751903796 539.9348922020808459 540.6612678322428565 541.4346240480532515 542.2270728306339151 542.5103507454681449 542.5776037756087362 542.2708355679502574 541.8368550895634144 541.4331223854982227 541.0306768207658479 540.8205513246808778 540.5230076155744428 540.2128070363617098
-77.8000617093489666 -88.2693613082382029 -94.7275532243134819 -99.9706880592409703 -105.3974082073434175 -89.8694847269361361 -14.3017587164455406 90.9355137303301433 153.7318728787411430 158.6226473310706524 130.5609379821042921 88.4153039185436569 43.7173711817340305 14.3594569577290958 -4.2449861153964825 -22.3033014501697018 -41.7830916383832118 -60.3094723850663357 -75.4569577290959614 -88.5933353903116370 -95.3924714594261047 -102.4143782783091581 -106.2699784017278688 -79.5387226164763916
301.9008427469966023 302.0267766421612805 302.2614906461060400 302.2247923017153539 302.3438527284681072 302.2121809814117341 301.8606180144641939 301.7287071902456432 301.8542824696671119 302.2865339788416463 302.4360767437690356 302.7673779212240674 302.8573307034845357 303.3090072320841273 303.6529197298427789 303.9059829059829099 304.4446237523160335 304.9742394357779176 305.3925647002570258 305.5649991034606501 306.0213974060127953 306.4850277927200750 306.8073038073038106 307.0460223537146476
526.6182357301704542 523.1664195700518576 513.8402520385470780 499.7520385470718907 482.3239436619718390 462.4299481097108924 440.2683469236471296 416.8569310600444737 394.6556708673091407 372.3265381764269932 351.0811712379540381 330.2246108228317212 310.5378057820607864 291.1060044477390534 273.2998517420311373 256.6293550778354415 240.9510748702742831 225.9670126019273653 212.4588584136397458 200.7435137138621144 191.1256486286137886 183.0148257968865835 180.0593031875463339 184.0363232023721309
334.7180500658761275 348.9571805006587510 373.9617918313570613 409.3992094861660007 451.6798418972331888 498.0862977602108117 543.1956521739130039 581.3919631093543785 610.5968379446640029 631.4723320158102524 641.6640316205533736 642.8221343873517526 637.4532279314887546 625.3432147562582486 610.2509881422924991 593.4815546772068728 575.6297760210803744 556.9624505928853750 537.2378129117259959 518.0375494071146250 501.2088274044795639 485.8913043478260647 472.5098814229248774 462.1363636363636260
-84.9300830431288460 -88.8261451915349625 -90.7139030270559914 -90.4061076881864523 -89.2491293865523687 -87.3940530404500464 -85.0760782212697535 -80.8963300294669097 -75.3632467184570061 -68.8882935976426438 -61.6964907581034012 -53.8783819983927117 -45.1524243236003215 -33.4045004018215934 -20.1990356281810861 -7.0420573265470132 6.6820251808197160 19.2879721403696749 31.3943209215108503 42.8639164211090247 53.1813554781676956 62.4002143048486460 68.8781141173319043 72.5510313420841157
417.7639344262295253 423.1655737704917897 428.8262295081967181 435.1393442622950829 440.8565573770491710 450.6254098360655576 464.4336065573770611 482.5860655737704974 509.1901639344262094 543.4196721311475358 586.2336065573770156 640.2401639344262776 697.2016393442622757 756.0696721311475130 815.1819672131147172 868.5532786885246423 912.2540983606556892 945.7959016393442653 972.0795081967213491 990.1147540983606632 1001.9819672131147854 1007.3229508196720872 1006.7065573770491937 1000.0516393442622984
148.9845634346357883 225.3241678726483315 389.1538832609744532 489.8605885190544882 467.8258562469850403 432.9802219006271002 386.8827785817655354 308.7173178967679519 233.2373371924746834 179.7631452001929517 147.5552339604438146 129.7004341534008631 112.2812349252291426 100.5176073323685415 108.6338639652677216 130.8393632416787398 150.2431259044862486 144.7940183309213751 229.4206464061746260 402.0033767486734178 482.8909792571153048 467.0549927641100112 438.0805595754944761 385.5899662325132908
290.1449344838606521 289.3539469479067066 287.5321188878235716 283.5971556407798175 278.8750399488654352 271.6537232342601556 264.3688079258549237 257.7173218280601077 250.6984659635666333 244.0453819111537257 238.1030680728667335 231.1899968040907538 224.2547139661233757 217.2045381911153754 210.7775647171620221 202.7791626717801137 195.0653563438798415 188.5963566634707433 182.8120805369127595 177.2625439437520072 172.6538830297219533 168.1350271652285073 165.7583892617449806 166.1037072547139530
784.4972375690607578 766.5958958168903337 741.7979479084451668 710.3204419889502788 673.2967640094711896 632.3338595106550883 589.9187056037884531 548.0560378847671927 504.2407261247039969 460.8745067087608618 417.7608524072612681 377.6298342541436455 343.0623520126282529 312.6590370955011622 283.7695343330702258 258.5398579321231409 235.1807419100236700 211.1957379636937731 189.0781373322809884 169.7450670876085326 151.3914759273875177 138.4696132596685061 127.9265982636148351 120.0323599052880752
-29.3981715006305180 -49.6629886506935705 -69.7159520807061739 -84.8420554854981077 -93.9337957124842404 -99.4744640605296411 -110.7156368221941989 -114.5097730138713814 -77.2714375788146270 20.5958385876418646 119.8833543505674584 158.2232030264817126 150.2008196721311606 113.9905422446406078 68.2856242118537153 28.4315889029003799 5.2134300126103401 -12.1030895334174016 -30.5693568726355629 -49.6320933165195441 -66.2395964691046686 -79.3023329129886463 -91.3307061790668371 -97.4993694829760358
-88.9223408170776537 -32.1343393448656585 73.8535149061464864 156.1693043798306917 168.0647773279352180 144.0287081339712927 99.9860139860139867 52.4210526315789451 20.0161943319838045 0.1295546558704453 -17.7372101582627906 -37.0912771439087194 -57.5237394184762607 -74.6198012513801956 -87.5476628634523308 -97.2234081707765938 -103.3978652926021340 -110.2123665807876307 -97.4081707765918310 -26.9624585940375425 77.0960618329039420 140.0150901729849124 151.3573794626426263 132.8796466691203477
478.3701035569563373 444.7847816298964290 402.0684376407023706 362.1846015308419737 333.3683025664115007 313.5429986492570720 297.8554705087798311 284.1368752814047980 277.0594326879784148 280.9671319225574280 295.2057631697433635 312.0769923457901882 343.9878433138226228 417.9806393516433900 528.2170193606483508 596.8347591175146363 594.3975686627645700 574.0666366501575339 566.7262494371904040 544.4070238631246639 496.2129671319225395 440.6303466906798576 395.8081945069788503 368.3538946420531488
222.7941628264208873 176.0810291858678909 147.3701996927803464 125.8045314900153642 106.3863287250383962 89.6044546850998529 85.6793394777265718 100.0026881720430083 121.1067588325652906 122.5775729646697414 127.2972350230414804 261.5856374807987663 449.7031490015360760 457.0967741935484128 412.6013824884792598 403.4569892473118102 340.3026113671274970 261.7553763440860166 201.7031490015361044 161.7181259600614567 135.9166666666666572 119.5522273425499264 110.4673579109063013 106.3018433179723559
465.1224371931850783 502.1365867744730167 508.5373953219751684 491.0707479064395216 469.5180479353161900 440.3918567715853101 400.6745596303782690 356.4207334680912709 320.5356627201848028 296.6381749927808187 279.9994224660698592 265.0294542304360448 251.0843199537972907 241.1449610164597175 239.5919722783713439 247.2939647704302502 257.2084897487727631 275.6933294831071066 326.2962749061507566 400.3898354028299309 465.7265376840889530 500.2523823274617598 511.2619116373086854 506.1129078833381527
410.7575911789652423 410.9049476957873708 411.2300254452925969 411.5161436245405753 411.6800678541136449 411.7729714447271476 412.0078597681651331 412.2065026858920191 412.2490245971162039 412.1317500706813917 412.1577608142493432 412.1367260390161391 412.1182923381396677 412.0774667797568327 411.9047780605032472 411.5469607011591506 411.2206955046649455 410.7814532089341242 410.4347186881537937 410.1292055414193101 409.8175289793610432 409.7947413061916677 410.0985015549900936 410.4731693525586707
371.6066156855770828 373.7245242752978811 373.3656411168415161 370.5495287213231563 363.2279921749955633 356.0834074337542461 347.8667970834074481 339.0177841010137172 330.0487284367775374 320.1856660145829778 310.3227814333985179 300.9276187088742631 291.7972612484438741 282.7165214298417482 273.1694824826604986 263.9542948603947821 255.5388582607149317 246.7051396051929544 239.3307842788547077 233.1307131424506451 227.9735016894896091 223.2219455806508961 221.1399608749777599 222.6297350168948981
345.9582387382005209 345.3683833193929900 345.0057951965587222 344.6648942525988559 344.3652168717887321 343.8579878121639126 343.4304576412952770 342.6811447006811022 341.9627195602819825 341.3360616561118377 340.7563030230613208 340.0028677261321377 339.2427410682279856 338.2733898912653672 337.3468753734018151 336.5317839646313587 335.4769387023539480 334.6821006093917958 333.9861990679889914 333.4351774405544120 333.2418449038116819 333.1190703787788152 333.3137770342932527 333.9903214243039997
872.5930232558139323 888.8054263565891233 906.4434108527132139 924.8217054263566297 944.8984496124030557 965.1472868217053929 983.0806201550387868 997.8248062015503592 1006.6038759689922699 1009.3596899224805838 1006.2922480620154602 996.7062015503876182 980.1720930232557976 956.2255813953488541 924.6224806201549882 885.3038759689922017 838.8395348837209440 786.9209302325581348 731.9348837209302019 676.8852713178295062 626.3689922480619998 582.7193798449612814 547.4573643410852810 520.7930232558139778
61.8474628712871279 59.9362623762376217 56.4959777227722739 48.9501856435643532 37.9866955445544576 25.3994430693069297 11.8301361386138613 -2.0683787128712869 -15.8254950495049513 -28.9220297029702955 -41.7156559405940612 -52.5850866336633658 -61.6401608910891099 -70.9461633663366342 -77.7311262376237693 -84.6630569306930738 -89.7388613861386091 -93.6086014851485118 -95.8474628712871350 -98.2667079207920722 -98.0210396039603893 -97.1556311881188179 -91.0798267326732685 -81.6633663366336577
790.0731514432582117 791.8991696322657390 793.8762356662712136 795.0510083036773494 793.4298141557927693 789.6915776986951414 784.1360221431395985 776.4337682878608575 767.3598260181889827 756.4495848161328695 744.0205614867536497 730.8046658758402145 715.7663107947805656 699.2645314353499089 681.7639383155396899 663.1609331751679974 643.2317121391854471 621.6741795175959169 599.7303281929616787 578.0324238829576871 555.9976275207592380 535.8446026097271897 517.9561091340450503 503.1731909845788664
161.5441220017767137 160.0211726384364681 158.5860230974237481 156.9142730233935481 153.4869706840390791 148.2071365116967741 142.2478531240746236 135.4835652946402149 127.8171453953212904 119.2413384660941631 111.1619780870595235 102.6964761622742088 94.2355641101569432 86.2950843944329335 77.3235119928931027 67.7108380219129344 59.3318033757773193 51.4019840094758678 45.8424637251998845 40.3251406573882178 35.1530944625407145 30.5302043233639324 28.0376073437962674 30.0632217944921543
745.7898734177215374 739.9607594936709347 730.4854430379747328 718.7895569620253582 705.4924050632911303 692.0765822784810553 679.1151898734177621 666.2218354430380032 652.6860759493671367 639.1401898734177394 625.9202531645569252 612.4924050632911303 598.8373417721519445 584.1553797468354787 567.9063291139240164 551.9778481012658631 536.0341772151898567 521.2468354430379804 506.8908227848101546 493.6091772151898454 481.3041139240506254 470.8335443037974528 462.6848101265823061 455.4731012658227769
995.3334968121628208 1009.1760666993624227 1016.7567435017165280 1019.6821971554683159 1017.2829818538499467 1009.8621873467385512 998.6974006866111040 984.9700833742029999 968.7381069151545034 950.4163805787150068 931.1868563021088221 911.0564001961746499 890.7778322707209782 871.6194212849436553 854.8003923491908154 839.9328102010789507 826.6027464443354802 815.6640510053947537 806.2309955860715718 798.0573810691515746 790.4595389897008317 783.2820009808730219 777.7366356056891163 772.1015203531143243
64.4759381898454791 57.1399558498896241 64.7871964679911656 81.5174392935982297 93.2900662251655604 93.0132450331125824 188.0807947019867470 375.1633554083884974 444.4512141280353035 390.0300220750551716 378.8600441501103546 329.0644591611479086 250.1664459161147818 191.0944812362030802 150.6432671081677768 121.4331125827814617 104.9306843267108178 93.6852097130242782 85.8251655629139094 85.5536423841059559 95.8260485651214111 104.0220750551876421 95.7973509933774778 154.5505518763796999
223.7812348079727656 223.9564292659212583 224.3544603791930001 224.9700413223140458 225.3099781234807892 225.4853548857559531 225.6649246475449786 226.0732255712202345 226.7722411278560912 227.3501458434613482 228.1871050072921605 228.9397788040836303 229.6873480797277693 230.3072435585804669 230.4466456003889050 230.8743315508021396 231.3684978123480676 231.2544360719494421 231.1452357802625102 230.9722897423432073 230.8976057365094903 230.9777588721439088 230.8495381623723972 230.8458920758386057
131.7087232115906943 93.6930274675520707 53.2882583760941770 21.7515846664654404 0.4409900392393601 -17.2725626320555392 -37.3522487171747670 -59.5402958044068811 -76.1940839118623643 -86.3573800181104758 -92.8629640808934482 -100.2333232719589518 -109.4741925747057110 -90.9577422275882839 -8.2945970419559316 99.7533957138545162 158.2266827648656715 164.3003320253546633 138.4633262903712705 95.8786598249320861 52.1786900090552379 25.3078780561424708 8.3812254753999404 -8.3664352550558405
61.8700064285058318 61.6879878776747148 61.4691890899072462 61.3948939296537759 61.5235558820828388 61.5996418403893813 61.4499035724125235 61.4273578841032233 61.3670217650840328 61.3654605565249369 61.2938745523004869 61.2694003122417143 61.1530902745890330 61.0187804206079534 60.7692625585453214 60.4707043805675468 60.1953806593810299 59.7840481219579374 59.3683074662503429 59.1563963633024130 59.0313160069795231 58.8907154008632574 59.1361924878317566 59.3195885756267813
229.1548202614379193 175.9325980392156907 129.1723856209150370 93.0686274509803866 67.1944444444444429 51.1764705882352970 33.6245915032679719 9.8819444444444446 -13.1008986928104569 -11.5445261437908488 13.5939542483660123 -0.1830065359477124 -52.1037581699346433 4.6217320261437909 174.6446078431372655 302.4893790849673110 336.1748366013071632 322.4297385620915293 277.4767156862745310 220.1964869281045765 164.6948529411764639 123.4987745098039227 93.0486111111111143 72.1225490196078454
61.6464260929909784 56.3407356002775828 48.7765440666204029 39.9986120749479497 29.5815405968077734 19.2668285912560719 11.6016655100624568 3.3022206800832756 -4.5832755031228309 -12.1623872310895216 -19.1162387231089532 -24.3060374739764065 -24.1398334489937554 -22.1748785565579460 -17.6304649548924353 -7.5902151283830674 15.8285912560721727 51.8750867453157554 101.9604441360166618 157.5496183206106764 201.4562803608605179 227.4240111034004030 233.7657876474670502 223.8348369188063884
508.2732589771490552 507.7440152339499377 504.9213819368879399 500.3711915125135761 494.8430359085962777 488.4802774755168571 481.8563656147986762 474.8197769314472225 467.4098204570184976 459.9548422198041067 453.0099292709466567 446.3208650707290417 439.7878128400435003 433.5802502720348457 427.3668389553862994 421.5877312295974093 416.3550054406964023 411.4298150163220953 407.0692328618063129 403.0334602829162236 399.4518498367791040 396.4594668117518950 394.7670021762785382 393.6792709466811857
131.5773769548114842 131.4861364290511290 131.3271610860596752 131.3188621318238631 131.3284083277367245 131.4516453995970551 131.5197160126643041 131.3651060155425512 131.0212031085100364 130.8826633406888504 130.6596469346637264 130.3297035402475217 129.9346637244555325 129.3820876906840738 128.9476158495634763 128.3771946656432874 127.7761201189676683 127.2403818478365167 126.8071092775592490 126.3213086443442421 126.0532476254437313 125.7809651731747067 125.8089801400748371 126.0424541878537781
279.0788504053058432 290.2837140751657898 315.5913780397936534 360.9963154016212457 427.2067059690493807 504.2339719970523220 564.3106116433308443 581.8117170228445048 570.3747236551215565 554.3456153279292948 534.0924834193073139 496.5431098010316759 445.9259395725865716 399.1507000736919508 365.2535003684598109 342.5770081061164092 326.0722181282240513 312.5946941783345778 303.1201179071481420 300.6746499631540246 304.7568165070007353 310.1153279292557272 317.6440677966101589 347.6308032424465750
897.3518971848225192 926.5293757649939153 955.4951040391676997 981.7392900856792721 1004.7533659730721638 1025.0771113831090133 1042.2099143206853569 1056.2686658506731874 1066.6891064871481376 1073.1738066095472277 1076.0024479804162638 1074.6309669522643162 1069.0685434516524310 1058.5844553243573500 1042.2582619339045777 1021.1328029375764572 996.5930232558139323 969.4167686658506682 942.7741738066094968 915.6113831089351152 888.5104039167686096 861.9510403916768837 836.6291309669522889 814.2264381884945124
495.7732019127549279 497.1957646140333509 498.4541817117204801 499.5080511369181409 500.1596564848248363 500.4597443154094094 500.5317653947496979 500.1841514589635835 499.4455938323411601 498.5570410851956922 497.6324777983800232 496.6619498389772502 495.7012784229530666 494.6707328974333677 493.4105591880550605 492.1050063433199853 490.7563189226115128 489.3361959597930877 488.1619986337464638 487.1058846491656027 485.9254415926612864 484.8577144530106580 484.0360105396701442 483.6882014248072323
132.9581699346405230 109.0980392156862706 89.0535947712418334 70.9289760348583940 62.2718954248366003 73.7111111111111086 93.7206971677559864 101.3812636165577317 93.0178649237472825 187.8278867102396532 399.2827886710239795 461.0867102396514383 400.3263616557734395 393.3838779956427061 342.4832244008714497 258.8087145969498692 194.8540305010893121 151.0113289760348607 120.9843137254901961 102.9751633986928141 91.9982570806100171 84.7860566448801762 86.7137254901960830 100.5873638344226606
438.3668478260869392 402.7857142857142776 349.5159161490683459 283.8163819875776426 219.0722049689441064 170.7895962732919202 140.9033385093167681 119.5120341614906891 99.1211180124223574 84.7236024844720532 87.7034161490683175 108.3967391304347814 128.5217391304347814 112.2542701863354040 158.1576086956521863 344.5819099378882129 456.6828416149068062 438.5776397515527947 416.3357919254658555 375.9910714285714448 303.3039596273292204 235.5489130434782510 189.4262422360248479 158.5279503105589924
-22.3178442201485439 -26.6661588268901149 -27.9742906113121315 -27.5970291373071781 -23.9935250428489795 -18.2961340697010080 -10.5315178061321646 -0.4618167968006094 11.9348695486573995 24.8028946867263365 38.3955437059607689 51.7773757379546780 65.8765949342982253 78.3791658731670111 90.4022091030279995 100.6907255760807516 107.5433250809369667 111.6730146638735448 112.4555322795658014 110.8015616073128911 109.3595505617977466 108.0895067606170272 106.6842506189297239 105.2302418586935886
52.0716253443526185 50.6947314049586808 51.7918388429752099 54.7801308539944927 59.6943870523415967 66.7522382920110147 75.1000344352617049 84.3708677685950477 95.0862603305785115 106.6310261707989042 117.6144972451790665 128.6468663911845738 137.6213842975206489 144.9562672176308524 152.4531680440771311 159.1449724517906361 165.0576790633608937 170.0068870523415967 174.3094008264462786 177.6962809917355344 180.9047865013774015 183.3965220385674968 185.6322314049586737 187.6165633608815426
280.2095364741641106 281.0767477203647218 283.8561930091185559 287.9762537993921114 292.5866261398176107 298.8389057750760003 305.6679331306991116 312.9559270516717220 320.0191869300911662 328.0142477203647218 336.3465045592704996 345.5716185410334447 355.2560790273556108 364.2916033434650558 372.6696428571428328 380.2161854103343330 386.5585106382978893 391.2560790273556108 394.6886398176291664 397.1409574468084998 398.4382598784194442 398.9468085106382773 399.1785714285714448 397.8214285714285552
749.6958685913389218 750.8073668491787203 749.6719761075162296 746.4728720756595521 742.0632155301144621 736.4927824788452426 731.0537580886012847 728.8183175709308443 730.6047784967645384 736.4599303135888704 748.6102538576406005 766.3180686908909820 789.4544549527128083 816.8581383773021116 847.3424589347933988 877.8053758088601626 905.3763066202091068 930.9810851169736452 952.1259333001493133 966.4569437531109770 974.4609258337480924 977.4479840716774106 974.7635639621702239 968.0831259333001526
190.9303005008347327 228.8292988313856426 236.0429883138564264 221.8288814691152027 194.3618530884808138 164.9766277128547642 133.4373956594323829 105.5229549248747958 82.2579298831385586 64.4361435726210345 49.9511686143572646 34.5129382303839733 17.3209515859766263 2.2838063439065110 -5.4795492487479134 -2.2825542570951587 2.3217863105175294 -6.6761268781302174 3.4674457429048413 47.7387312186978292 117.0400667779632755 191.1515025041736351 251.6097662771285570 270.3468280467445766
693.6302235179786067 711.6686103012633566 736.2439261418853675 766.9290573372205699 802.0068027210884338 839.3017492711370551 876.0908649173954927 910.8994169096209816 942.7725947521865919 969.8124392614188309 990.9509232264334742 1006.6958211856170919 1017.8794946550048053 1025.1516034985422721 1028.9761904761903679 1030.3644314868804486 1029.5704567541301913 1026.0029154518949781 1019.1579203109815808 1009.2643343051506690 997.8032069970845441 984.2837706511176066 968.3046647230320332 950.7137998056365404
242.1727367325702289 243.0905306971904167 248.7367325702393259 259.8002081165452637 276.5062434963579676 299.2403746097814974 328.2055150884495447 366.9500520291363159 410.9255983350676615 456.1144640998959403 500.4308012486992538 539.4755463059312888 571.9932362122789300 595.0150884495317314 611.6644120707596812 622.8095733610822435 630.5962539021852535 633.4973985431842038 634.3418314255983432 634.4927159209156571 633.1430801248699254 630.6534859521332237 628.2060353798126471 624.5338189386055774
859.9731051344742809 851.7059902200488750 837.8435207823961264 819.4388753056234691 795.2182151589241812 765.1033007334963258 731.4804400977994874 693.7720048899755056 654.6583129584352037 614.8441320293399031 576.7909535452322416 538.6980440097800056 501.3728606356968385 465.0764058679706636 431.0654034229829108 397.7750611246943890 367.4511002444987753 342.1522004889975506 318.9822738386308174 297.7383863080684705 279.7976772616136714 263.6998777506112219 249.8832518337408430 240.5647921760391057
123.9102721685689232 123.7380158033362534 126.4893766461808582 130.8865671641790982 136.7568042142229956 144.5482001755926262 154.1541703248463477 163.4344161545215002 171.8228270412642757 180.9910447761193950 189.6995610184372367 198.0577699736610953 206.1913959613696363 214.1262510974539168 220.9487269534679683 228.0781387181738467 233.1364354697102783 237.1088674275680432 240.0349429323968309 241.3130816505706662 241.8741000877963074 241.5432835820895434 240.1311676909569712 238.3791044776119463
12.4449791466153350 -6.6910490856592881 -17.2810394610202103 -8.7552133461661850 4.7176772537696507 -18.7000320821302530 -31.9923002887391732 47.5662495989733713 198.5964068014116037 308.5174847609881112 332.5168431183830648 297.9406480590311048 240.7317933910811689 184.2277831247994868 136.0131536734039059 99.5723452037215253 71.8527430221366643 52.0651267244145046 36.2977221687520029 15.9406480590311190 -1.4366377927494385 -4.5861405197305105 -1.4026307346807827 -20.1302534488290021
93.8960935867975763 93.6959264675161876 93.6504700229789080 93.5837476498851117 93.4219344056820518 93.3049091288907420 93.4154585335283087 93.4502193440568192 93.3889283476081005 93.4951744307499411 93.6465844996866537 93.9471903070816836 94.2473365364528917 94.5202423229580120 95.1522874451639922 95.7602673908502169 96.1706287862962199 96.6548986839356559 96.7885941090453343 97.0650929601002730 97.2430332149571797 97.4259870482556920 97.6787967411740112 98.0465844996866451
375.2998773758430389 374.5934396076027042 374.1864500306560331 374.0064377682403460 373.7220723482525955 373.2993868792152057 373.0565910484365304 373.0785407725321647 373.2407112201103700 373.4190680564071272 373.6248313917841983 373.9347026364193880 374.2388718577559530 374.6760269773145069 375.2188228080931935 375.7724708767627249 376.4282648681790420 377.2053954629062105 377.9348252605763605 378.6683629675046063 379.2835070508889999 380.0097486204782058 380.6793378295524235 381.4062538320048930
448.9613086345981401 451.1233940842545280 451.0567672542575224 447.8259635494472946 442.0966537197490425 435.6139826710486886 428.4457723334328989 420.2417089931281566 411.2293098296982521 401.4523453839258877 391.8866148789961130 382.3615177771138178 373.7191514789363396 365.3228264117119579 356.7971317597848611 348.9079772930982699 340.7715864953689788 333.1144308335823325 326.2860770839557745 320.3543471765760273 315.7712877203466064 312.5250971018822952 311.5818643561398176 314.8600239020017852
337.0299251870324042 276.6197007481296737 215.5997506234413947 168.7148794679966670 139.4642560266001681 117.7377389858686598 97.5137157107231900 81.4056525353283433 81.0831255195344909 97.4509559434746535 120.2522859517872007 108.4343308395677496 124.4197838736492088 295.1695760598503853 460.6226101413133733 437.6758104738154884 410.0216126350789523 382.7660016625104049 312.3171238570241144 238.1874480465502870 186.5756442227763898 152.7019950124688421 129.2472984206151239 116.4177057356608458
343.7317487266553258 363.6977928692699606 357.8378607809847267 340.3306451612903061 317.8484719864176782 287.8051782682512680 255.8505942275042457 229.1146010186757280 205.1379456706281701 186.1022920203735111 172.3213073005093463 161.4511884550084915 149.2941426146010144 137.3824278438030433 126.4011035653650197 128.4104414261460079 133.6774193548387188 140.7096774193548470 167.1880305602716419 216.1740237691001596 278.8646010186757280 338.9639219015280105 384.9694397283531657 399.7958404074702798
595.7120060790273328 638.1800911854103333 647.9262917933131121 629.1641337386017767 600.9810030395136664 571.3563829787234454 530.2765957446808898 477.7340425531915002 430.3313069908814441 397.6504559270516665 374.6846504559270556 356.8951367781155000 342.0296352583586668 335.7978723404255561 342.1603343465045555 358.2697568389057778 376.5729483282675005 407.2416413373859996 476.7978723404255561 567.4407294832826665 628.4316109422492218 651.2834346504558880 655.9635258358662213 649.9148936170212210
207.1927272727272680 231.1072727272727150 272.3972727272727070 344.5509090909091015 441.0795454545454390 500.7090909090908895 500.1927272727272680 479.0781818181818039 451.5149999999999864 406.1818181818181870 344.6977272727272634 288.4086363636363899 252.3640909090909190 231.9359090909090924 216.7440909090909145 202.0772727272727138 194.3045454545454618 199.9240909090909213 217.0718181818181733 236.8563636363636249 266.7740909090908872 337.8636363636363740 441.9286363636363717 505.8095454545454572
322.1596746575342536 300.3895547945205635 249.5761986301369859 191.7671232876712395 141.2923801369863099 100.5359589041095916 73.7388698630137043 55.7354452054794507 35.6622431506849296 8.4152397260273979 -14.5355308219178081 -12.9914383561643838 12.7007705479452060 -1.6446917808219179 -57.9845890410958873 1.6939212328767124 186.5916095890410986 310.5505136986301409 324.1973458904109862 309.2517123287670984 269.2063356164383663 207.5201198630136901 152.5402397260274086 116.5047089041095916
-837.9045307443366255 -838.3333333333333712 -838.5792880258899231 -838.6634304207119612 -838.7281553398058804 -838.7491909385113331 -838.8292880258899231 -838.7297734627832142 -838.7524271844660007 -838.6933656957928633 -838.6561488673139593 -838.6359223300970598 -838.7063106796116472 -838.7904530744336853 -838.7718446601941196 -838.7402912621358837 -838.7677993527507851 -838.8656957928802740 -838.7904530744336853 -838.6796116504854126 -838.4797734627832142 -838.3406148867313732 -838.1966019417475309 -837.9676375404530972
355.4904408895825441 328.8794381584081066 310.1923527116659898 295.3047210300429128 282.1974248927038502 274.0109246976199984 276.3289114319157420 288.5887631681623020 307.0979321108076192 337.8560280920796117 404.5540382364416701 503.5290674990245634 574.4721030042918528 582.8287163480296158 564.1283651970346682 555.2547795552087564 537.9297698010144586 495.0671088568084315 439.7186890362855820 391.8271556769410608 359.5548185719859475 339.1825985173624645 324.6059305501365770 314.3117440499414670
453.5939440993788594 465.9045031055900381 484.8439440993788594 510.3586956521739353 543.6692546583850572 583.7554347826087451 631.7686335403726616 685.6343167701863877 743.1886645962732700 802.7593167701863877 859.0698757763975664 907.2430124223602661 947.2577639751552852 978.1661490683229658 999.6777950310558936 1014.5854037267080230 1023.9992236024844487 1029.0690993788819014 1029.0605590062111787 1025.8027950310558936 1019.5838509316770342 1009.2670807453415591 995.5357142857143344 979.4277950310558936
-98.2944337811900226 -109.5474088291746710 -108.4069097888675657 -68.8618042226487574 35.2253358925143942 137.3166986564299350 169.5094049904030840 153.4694817658349280 112.2591170825335922 62.0633397312859856 23.6656429942418427 2.1527831094049903 -15.6299424184261042 -34.4875239923224584 -54.6894433781190017 -72.0487523992322423 -84.5220729366602654 -95.7965451055662243 -101.6533589251439480 -106.4238003838771647 -107.1619961612284015 -53.9213051823416478 49.1293666026871421 126.0856046065259051
237.1680497925311215 215.3775933609958599 199.5172890733056761 187.1186030428769129 180.1258644536652866 182.8520055325034548 198.9923928077455173 220.2911479944675079 252.0892116182572522 319.8762102351313956 421.1507607192254454 491.5902489626556076 496.2299446749653953 476.1099585062240749 454.1697786998616948 415.6134163208852215 359.6192946058091024 304.6701244813277754 266.3952282157676450 244.5114107883817383 230.2033195020746916 216.9090594744121745 207.5027662517289002 206.9944674965421711
132.1471526195899742 144.6651480637813165 169.1084282460136592 213.8997722095672032 282.7876993166286752 350.9161731207289563 385.0050113895216555 382.7170842824601209 366.8191343963553663 344.9134396355353260 309.5790432801822476 273.1111617312072894 242.4332574031890601 216.8227790432801783 201.1562642369020466 190.6765375854214142 175.2414578587699339 160.4874715261958897 143.4551252847380454 135.4697038724373499 132.8970387243735729 128.7507972665148088 130.8783599088838230 157.0984054669703767
886.5025362318840507 886.6351449275362029 884.6369565217390800 880.4427536231884233 874.3221014492753511 866.5405797101449252 857.8543478260869506 847.9735507246376756 837.5847826086956047 826.3543478260869506 815.1047101449274805 803.9974637681159493 793.0760869565217490 782.2000000000000455 770.5887681159420026 758.3344202898550748 745.7427536231883778 732.5684782608695969 719.1572463768115995 706.7384057971014499 694.5963768115941548 683.6873188405796782 674.6315217391304486 667.1373188405797237
108.9881380301941078 77.1693026599568697 55.2681524083393256 38.3396836808051731 20.7092020129403309 -0.7760603882099210 -18.3799424874191217 -17.9690869877785779 5.6351545650611072 -7.0621854780733289 -51.1890726096333566 2.4665708123652048 159.5575125808770736 290.0733285406182631 331.8432782171099689 317.8777857656362471 273.4180445722501531 213.9820273184759287 159.2192667145938287 118.8425593098490225 86.5596693026599553 64.6513299784327842 49.0079079798705948 32.5132997843278204
342.4079952968841667 343.5522241818538305 346.4087791495198871 349.8193219674701027 353.9817754262198832 358.8781109151479427 364.3254948069762804 370.1704879482657020 377.1853811483441064 385.4287673917303323 393.9892220262590854 403.1262002743484345 413.3738977072310377 424.6580442876739312 436.2132079169116423 448.0678032529884263 459.0380168528316744 468.6337448559670520 476.6411914560062542 484.4616892024299659 491.3544973544973686 496.9807956104252185 500.3942778757593715 501.4891240446796132
969.8559172899251735 971.7728405924622166 972.8811409297551336 973.3067898518844459 973.2355184044581620 972.7341985628390830 971.9356210588063050 970.9515324827686982 970.0185511072004374 969.2302390379820736 968.7355184044581620 968.5770640856430873 968.7380114386273817 969.2862589822555037 970.1320574864349737 971.1933567971843786 972.2920516204721935 973.1699662707142124 973.7562692476902839 973.8742484235225447 973.5427482035488538 972.5153981522216782 970.8985921689396719 968.6314708901599033
-85.4485441471177580 -86.1848402687728452 -87.9078156312625225 -90.0434987622303424 -90.7876930331250804 -91.4224920429093544 -92.5542850406695692 -93.1236590828716260 -93.4778969704114076 -93.4524342803253631 -93.1497111870800438 -93.0226335022987172 -92.9252622892844471 -92.9187787339384670 -92.3706236001414567 -92.1308499351644485 -91.7142520334787292 -90.5777437227395978 -90.2767888718613705 -89.6922079453023713 -88.6729930449133548 -87.5867028173994981 -85.7056465872922359 -84.3811151715195109
-17.7597471022128559 -10.2110994028802242 -1.1383912890762207 -14.9933263083948010 -8.0108886547242708 101.8159466104671651 230.9392342817000383 296.0224798033017350 309.6266245170354523 269.4471373375482699 208.6434843695117536 159.7502634351949382 117.7418335089568018 85.4604847207587000 61.9058658236740413 45.2153143659992978 27.3396557780119416 2.4492448191078329 -17.1127502634351956 -17.7000351246926577 -7.6519142957499122 -30.9055145767474535 -42.2968036529680376 39.3688092729188597
551.2114882506527920 575.8812010443864438 610.5646214099216422 651.4608355091384055 694.0574412532637325 738.8505221932115319 782.1605744125325828 822.3270234986945297 856.7121409921670647 882.0959530026109405 898.1853785900783578 908.4928198433420903 911.6338120104438758 907.7114882506527920 899.2545691906004777 888.0150130548303196 875.2695822454307972 861.4725848563969066 846.0052219321148641 830.4699738903394746 815.4425587467362675 801.1455613577023769 788.5006527415143864 776.5646214099216422
481.2319864368465687 487.5416784402373764 495.3218423283413472 503.5558067250635759 511.7425826504662609 520.6953941791466605 530.5450692285955938 541.5866063859847372 553.2220966374682121 565.5795422435716091 578.7824244136761536 592.3489686352077115 605.9112743712913698 619.1901667137609593 631.4275218988415190 642.3616840915512967 650.7671658660638059 656.6405764340208862 660.3427521898840951 663.4122633512291713 665.7914665159649985 667.6942639163605691 669.3588584345860681 670.6230573608363557
-236.2145676354502939 -236.4628632938643591 -238.5981341944743406 -240.1876569788302902 -243.2981700753498444 -243.1675636885539973 -245.8227484750627809 -246.3853606027986984 -246.1252242554718350 -246.9878005023322487 -247.9045568711876513 -248.1582346609257286 -246.6885540007176303 -247.4219590958019239 -247.7100825260136219 -247.2073914603516300 -245.0868317186939294 -245.6020810907786256 -246.2712594187298123 -245.8349479727305322 -246.0487979906709768 -244.1819160387513534 -241.9110154287764658 -238.3853606027986984
-4.7528693271559437 -5.2651363588501630 -5.8049384016005057 -6.5578603769611457 -7.2507633989680951 -7.6806359903127301 -8.1339896809518795 -8.5455406970622310 -9.0001052964093926 -9.5861851110877119 -10.1652100663367371 -10.2843003053595865 -10.3064125513320004 -10.6653153627461297 -10.8232599768347892 -11.0780246393597981 -11.1818995472254397 -11.1382015373275767 -11.2123828577445508 -10.9712540802358642 -10.5875539644098140 -9.9550384331894275 -9.1971675265873429 -8.0772349162893544
320.8100294985250684 372.4979351032448562 453.4318584070796305 539.3941002949852646 582.8607669616519615 584.3569321533923357 571.2584070796459628 550.8418879056047217 509.4731563421829037 448.6371681415928947 388.3362831858407276 344.6772861356932367 318.6165191740412865 299.7870206489675411 283.9734513274336223 274.3769911504424499 278.1221238938053375 297.7327433628318545 319.3386430678465899 340.3887905604719890 395.3545722713864166 491.2365781710914234 569.2926253687315921 586.9929203539822993
115.1586051743532124 113.6541057367828955 117.4094488188976442 128.8155230596175613 147.8880764904386922 171.9375703037120502 201.2919010123734438 236.5714285714285836 276.3228346456692748 316.4668166479190177 353.1670416197975442 383.5618672665916620 406.3278965129358653 424.1422947131608794 438.7255343082114791 450.4741282339707595 458.9741282339707595 467.4724409448818960 473.6169853768278699 478.5174353205849229 482.2812148481439749 484.5939257592800686 484.3037120359954883 483.5534308211473444
354.3452822414503771 451.3053152039555016 448.2694684796044271 402.7251751133086373 356.4384013185002118 288.1466831479192479 219.3423980222496823 171.8397198187062145 143.1384425216316458 123.0696332921302059 105.5480016481252505 89.3094355170993026 93.2266172229089420 110.8467243510506819 132.9991759373712341 116.2064276885043199 162.5438813349814495 340.9077049855789028 456.5751957148743259 444.4948496085702345 424.5990935311083376 383.7404202719406499 313.4833127317676258 249.2126081582200356
267.4531521328803478 267.8603246508116058 268.1653454133635250 268.3235938089845263 268.2351830879576937 268.2338995847489400 268.0143450358625614 267.3882974707436802 267.4147225368063232 266.8221970554926656 266.7728954322385562 266.4271045677614325 266.3491883729709571 266.4689316723291768 266.1208003020007595 265.9213288033220124 265.4329180822952026 264.9926764816912055 264.2213665534163738 263.4078520196300701 262.3924499811249689 261.0615326538316481 260.2813892034729975 259.8460551151378013
129.0812475933769861 113.1767423950712299 99.8906430496727040 101.9726607624181725 117.3916056988833247 141.6368887177512477 147.3912206391990765 175.1640354254909653 321.8009241432421845 478.5333076626877187 449.8563727377743362 421.4285714285714448 402.6992683865998970 338.1151328455910630 268.0296495956873173 214.3873700423565651 179.4000770119368440 158.3542549095109848 145.2268001540238629 134.6676934924913382 129.4320369657296794 135.0585290720061664 149.2221794378128550 159.9899884482094592
711.2372238707549741 714.0755028025057527 716.3483349818661736 717.6055060995713575 718.6917243653148262 719.4421364985163336 719.9881305637982223 720.4530168150346299 720.8293768545994453 720.9625783053082841 720.6984833498186163 719.9619188921859632 718.8545994065282230 717.5662710187932589 716.2055720408835668 714.5946257830530612 712.7794263105836308 711.2065611605670483 709.3646554566436180 707.7212331025386902 706.5047807451368271 705.4515331355094077 703.9436201780415558 702.2654137817343099
-480.6666666666666856 -484.8811274509803866 -487.5870098039215463 -491.3431372549019329 -494.3578431372549176 -498.9129901960784537 -502.2132352941176237 -504.4362745098039227 -506.4313725490196134 -506.7745098039215463 -507.2267156862745310 -508.1029411764706083 -507.5024509803921546 -507.2083333333333144 -505.4938725490196134 -504.1078431372549176 -501.2794117647058556 -498.9987745098039227 -496.4019607843137010 -493.9558823529411598 -490.3799019607843093 -486.9607843137254690 -482.1237745098039227 -477.5943627450980671
190.4977257959714052 179.7933723196881033 169.1403508771929864 159.7134502923976527 148.0334632878492584 136.7829759584145677 126.9402209226770566 119.0675763482781093 112.0831708901884411 107.2488628979857026 103.3216374269005797 102.9688109161793363 105.4314489928524949 115.1150097465886972 129.9704353476283245 152.8564002599090372 189.5159194282001351 237.4684860298895330 288.3856400259908810 331.9811565951916918 363.6345029239765836 381.6806367771280293 383.7917478882391151 373.0734243014944695
287.1102071005917082 295.8439349112426271 318.5044378698224818 353.9526627218934891 405.4881656804734007 463.6619822485207010 525.7758875739644964 587.4023668639052858 641.2004437869823050 689.1508875739644964 726.5724852071006126 753.3905325443787433 772.5761834319526997 785.0495562130176950 790.4474852071006126 791.8631656804733439 792.2766272189348911 790.5377218934911525 786.4297337278106852 780.4578402366863656 774.1686390532544237 767.5636094674556489 760.0088757396449637 752.5103550295857531
-334.6646341463414842 -335.3231707317073074 -333.7271341463414842 -330.1478658536585158 -319.6387195121951095 -311.3917682926829116 -296.0792682926829116 -284.4496951219512084 -264.9024390243902189 -244.5960365853658516 -227.5457317073170600 -205.2560975609756042 -182.7789634146341484 -160.1600609756097526 -137.5457317073170600 -115.4801829268292721 -91.6768292682926784 -65.0579268292682968 -41.6676829268292650 -22.2637195121951237 -2.6753048780487805 5.4679878048780486 11.5091463414634152 15.4573170731707314
22.7208413001912035 16.2141491395793516 7.1357552581261947 -4.3231357552581260 -18.1988527724665374 -35.3346080305927330 -52.6615678776290608 -73.0267686424474221 -98.3116634799235243 -130.7762906309751543 -157.5066921606118626 -187.5564053537284792 -220.6998087954110872 -239.2695984703632917 -265.3441682600382592 -283.8546845124283209 -308.4474187380496915 -326.5296367112810572 -336.7323135755258363 -341.3881453154875771 -347.5219885277246590 -348.5143403441682608 -355.4569789674952176 -357.8948374760994398
-760.2166499498495114 -761.0125376128385142 -761.7171514543630337 -762.3986960882648418 -762.9332998996991364 -763.3455366098295372 -763.8119358074222873 -764.2216649949849625 -764.4994984954864776 -764.6710130391173834 -764.8340020060180677 -764.8149448345035353 -764.7798395185557183 -764.6023069207623166 -764.3941825476429131 -764.2953861584754804 -764.1369107321966112 -763.9598796389167319 -763.6629889669006843 -763.2111334002006515 -762.6158475426278756 -761.8876629889668948 -761.1038114343028838 -760.1564694082246660
417.9471801346801385 419.5808080808080831 422.3228114478114321 425.8587962962963047 430.1344696969696884 435.2727272727272521 440.6601430976430720 446.9875841750841801 454.6858164983165125 462.8882575757575637 472.3655303030303116 482.4204545454545610 493.1014309764310042 504.3745791245790997 515.2548400673400693 525.7626262626262132 536.1782407407407618 545.8882575757576205 555.0730218855219391 563.8569023569023102 571.5810185185184764 579.0147306397306011 585.8802609427609696 590.5067340067339501
-327.6775057383320586 -330.2291507268553801 -332.4085692425401817 -333.8821729150726583 -334.8718439173680395 -335.9024483550114724 -336.3182861514919750 -336.9950267788829592 -338.1419280795715281 -338.8389441469013263 -338.6801836266258761 -338.3159908186686948 -338.6637337413924911 -338.2524866105585488 -337.2478959449119884 -336.3840856924254012 -336.4636572302983950 -335.2727620504973061 -334.0757459831675646 -332.6499617444529235 -331.8110175975516540 -329.9862280030604325 -328.9296097934200702 -327.8286151491966507
205.0640155189136635 305.8055286129970796 334.0848690591658396 306.1304558680892569 248.0926285160038844 190.3486905916585954 137.1309408341415974 98.0819592628515977 73.8802133850630440 55.3996120271580992 35.2032007759456818 8.8797284190106698 -15.0586808923375362 -8.9587778855480114 17.6876818622696419 -4.7730358874878762 -67.8385063045586776 25.2322987390882645 221.8220174587778786 330.7124151309408262 339.0974781765276589 320.7575169738118461 275.8583899127061159 215.8273520853540219
238.9697173620457704 229.4098250336473654 220.9306864064602962 213.9764468371467103 209.9152086137281401 208.4966352624495300 211.6608344549125036 214.3694481830417260 220.9885598923283965 233.1043068640645970 254.3667563930013387 288.4838492597577329 335.7422611036338935 394.2362045760430647 456.7772543741588152 516.0471063257066362 569.2415881561238393 614.9313593539703788 653.8331090174966675 689.7348586810228426 717.8109017496635715 739.5040376850605526 755.1440107671601254 765.0026917900403305
314.6448555956678774 306.4945848375451192 300.2942238267148127 289.4011732851985812 276.9878158844765608 266.0333935018050511 255.2766245487364642 246.0907039711191260 237.7879061371841090 231.1286101083032349 226.0780685920577753 222.8659747292418842 226.1425992779783485 232.9828519855595630 246.8398014440433315 272.6308664259927923 316.0437725631769013 376.0351985559566970 438.6967509025270715 489.8727436823104426 521.2585740072202043 538.8050541516245175 548.1940433212996595 545.6926895306859251
568.6811009174311948 580.2858715596330512 591.6535779816513241 603.3834862385321003 614.8051376146788698 626.3842201834862635 638.5398165137614797 650.6205504587155701 662.3409174311926790 673.9478899082569114 685.0047706422018337 696.6506422018348985 708.6311926605504823 720.7849541284404040 732.9977981651376240 745.0906422018348394 756.9900917431192511 768.6172477064220629 780.2377981651376331 790.4891743119266039 798.9368807339449177 805.1416513761467968 809.7636697247706934 812.1919266055045910
611.8883285302594004 612.3144812680114910 608.3231268011527391 599.2038904899135332 586.2006484149856078 571.0641210374640195 552.9030979827089141 533.7438760806916207 512.4567723342939871 490.4052593659942545 467.8033141210374879 445.6606628242075203 425.0317002881844246 405.4023775216138574 386.9373198847262074 369.0306195965417828 351.4837896253602025 335.0461095100864668 319.9052593659942545 306.8314121037464020 296.6721902017291086 288.6959654178674555 284.7269452449567666 286.1754322766570340
371.2141203703703809 326.6751543209876445 284.3958333333333144 251.0787037037036953 227.1041666666666572 210.3939043209876445 195.7434413580246826 186.2260802469135683 188.0875771604938222 203.0243055555555429 222.4621913580246826 248.0030864197530889 318.1277006172839492 430.1631944444444571 504.7908950617284063 506.6651234567901270 487.2854938271605079 466.9591049382715937 427.1766975308642031 369.6990740740740762 313.8645833333333144 275.4066358024691112 254.7322530864197461 241.5231481481481524
22.8792040661836289 22.3825024332215854 22.1231210122201780 21.9744782091489128 22.0775386611874112 22.5103817454309514 22.9429544717205580 23.4408997512706812 24.1601600519087256 24.7549475505569383 25.1691900075700232 25.5137341840596967 25.4326808694711808 25.5958148588731476 25.5921920622904722 25.5311993078836394 25.8613604412241820 25.8965069752352122 26.2547312641937935 26.5604520384989726 27.0631015464474949 27.9590137341840581 28.8775278468692562 30.0410403374067272
616.9039451114922485 591.0308747855917773 560.7667238421955744 524.9802744425386436 487.6835334476843968 448.9348198970840258 408.2787307032589865 370.8216123499142327 333.9914236706689508 300.5831903945111776 267.4279588336191864 237.0197255574614132 207.9605488850771735 179.1998284734133904 149.7607204116638115 121.2289879931389436 94.4048027444253819 70.8421955403087509 55.6792452830188651 42.2478559176672377 32.9794168096054889 28.5042881646655246 26.8259005145797609 26.7813036020583191
637.6706764568036760 641.4738322137166051 644.1223246367754882 646.2468364318075373 648.3754100921730696 650.2724574285267636 651.6230276519294193 652.2368379940634213 652.6705202312139136 652.7120762380877750 652.4619590688954531 652.0721762224652593 651.8370567098891115 651.6791126386501674 651.4772691766911521 651.4160287455084699 651.4391501327917240 651.1740353069832281 651.0765505389782675 650.6575535072645380 650.0921730979534914 649.3825964693016886 648.6138103421340020 647.5655366349008091
109.2654438738077829 109.1043286867204642 106.5190022010271491 103.1451210564930250 98.1750550256786454 90.9392516507703590 82.4162876008804091 72.7055025678649969 61.6614820249449735 51.5690388848129118 41.1609684519442425 30.8560528246515027 21.5018341892883349 12.7319148936170219 4.6020542920029346 -3.4523844460748347 -11.3176815847395460 -16.8478356566397665 -21.4925898752751294 -24.8434336023477620 -26.4155539251650779 -26.3382245047688919 -21.9091709464416731 -13.8537050623624349
622.6139013452914241 620.5094170403586986 617.5313901345291470 612.5908071748879138 606.4255605381165424 599.2816143497757366 590.5668161434977037 580.3959641255605675 570.2630044843049291 559.6024663677129638 547.6065022421524873 534.8230941704035786 521.5466367713004274 507.8618834080717761 494.3376681614349764 480.7374439461883640 467.2136771300448572 454.5112107623318138 442.5109865470852242 430.9917040358744202 420.7636771300448686 411.6860986547085304 404.1567264573990883 398.9448430493273463
77.4179728317659368 94.2434691745036588 118.5851619644723058 113.6896551724137936 139.0402298850574709 287.3500522466039797 452.0882967607105343 463.9649947753396191 426.4979101358411526 390.2236154649947935 317.8908045977011625 237.2021943573667784 177.8479623824451323 141.6133751306165038 116.2424242424242493 99.0595611285266529 85.9007314524555881 87.4550679205851651 106.1342737722048071 132.5616509926854860 130.5491118077324870 162.5219435736676985 329.7403343782654019 469.6849529780564012
-53.4302461899179377 25.9214536928487682 217.6383352872215653 340.0955451348182805 358.5123094958968295 327.0082063305978863 262.4284876905040846 198.2274325908558126 140.1858147713950871 100.4202813599062125 71.8200468933177092 52.0803048065650671 36.0486518171160597 12.0885111371629534 -8.0480656506447836 0.3388042203985932 23.7133645955451335 -10.8018757327080888 -49.1055099648300128 84.7514654161781920 268.3229777256740931 328.4613130128956868 320.9501758499413882 307.6049237983587545
394.4320605435156608 387.5930512555899554 377.2810457516339966 364.3316133470931959 345.8108015135878759 327.6425868593051405 309.8015135878912929 290.9057447540419616 272.1706226350189013 252.0749914000687966 234.9329205366357201 217.7540419676642500 197.2662538699690344 179.7633298933608614 162.9081527347781275 145.5720674234606236 131.0089439284485593 118.4895080839353341 106.9920880632954976 99.0650154798761662 92.7051943584451266 89.6769865841073255 87.2260061919504608 92.7433780529755722
198.6737596595363300 198.5204390189270782 198.4612498600067170 198.2059021166984110 197.6780154552581337 197.1672639713293620 196.7767947138537465 196.1928547429723437 195.6798633665584077 195.2725389181319429 194.6245380221749315 193.8701422331727997 193.4644417067980839 193.0259267555157408 192.5444058685183109 192.0061597043341806 191.5119274274834709 191.0316944786650311 190.5285586291857953 190.1362974577220371 189.7363646544965832 189.4562101019151044 189.6049949602418963 189.7977937059021087
589.9649043530652079 592.0283175176984969 593.6958879349299423 594.9136918210573413 595.4893809308630352 595.4970628106642607 595.0219912637445532 594.2658532911583507 593.2486820304262665 592.2342220213887458 591.1613194758247118 589.7781292363307557 588.3411658382286760 586.8334086458803540 585.4372646482903519 584.1327007079379428 582.8647386654616867 581.6297635186022035 580.3086308178942545 578.8870311793945120 577.3961439975900021 575.7644223527639724 574.3277602048501649 572.8124717577948104
331.4350877192982239 321.1999999999999886 306.2932330827067631 289.3759398496240465 270.3243107769423546 246.0005012531328248 220.6090225563909826 193.4345864661654275 164.7744360902255778 135.7899749373433451 108.3403508771929893 83.6295739348370972 61.1493734335839605 38.1042606516290761 20.0105263157894733 2.8822055137844611 -10.3764411027568926 -22.3779448621553883 -32.6170426065162928 -41.8967418546365948 -47.4406015037593960 -49.6907268170426093 -48.1333333333333329 -36.7288220551378473
475.4685677252106188 472.4037589112119235 468.6526247569669295 464.5405055087491633 460.2903434867142209 454.8438107582631460 450.3408943616331612 444.5119896305897669 440.7433570965651484 439.4141283214516989 442.1069345430978501 450.6208684381076068 467.2955281918340802 495.0998055735580010 531.3026571613739861 576.2462734931950763 629.0803629293584436 684.8204795852235520 738.6811406351263258 786.8178872326636792 827.8405703175632198 858.5949449125081401 879.5826312378483181 891.3000648088139997
-142.2580402010050307 -145.5203517587939643 -146.6824120603015160 -147.4170854271356745 -148.2118090452261185 -150.0999999999999943 -150.1175879396984953 -150.5718592964824154 -151.7472361809045367 -152.0241206030150636 -152.5977386934673348 -152.8924623115577788 -153.2886934673366852 -153.9856783919597945 -154.5010050251256359 -155.0376884422110493 -155.8801507537688451 -155.9967336683417045 -155.4062814070351806 -154.6216080402010107 -153.3062814070351862 -151.8143216080401885 -150.0788944723618101 -148.1211055276381785
134.0209553158705660 167.8163328197226463 154.2141756548536193 118.0144838212634824 76.8785824345146409 36.2073959938366698 10.3186440677966100 -8.8178736517719560 -26.5516178736517716 -49.0073959938366741 -69.6206471494607086 -83.0798151001540788 -92.5845916795069286 -98.8409861325115600 -108.3500770416024608 -110.6801232665639390 -68.9238828967642547 26.2342064714946055 110.8946070878274242 140.2249614791987540 133.2751926040061505 106.5879815100154104 69.0952234206471445 39.1346687211093993
110.3760683760683747 114.0854700854700923 131.7179487179487296 255.2584213172448528 416.5761689291101106 457.7430869783810863 421.6520864756158744 387.5258924082453404 322.2011060834590239 240.5344394167923667 179.8682755153343464 140.9683257918551931 117.1995977878330848 99.7159376571141252 84.1975867269984946 79.9683257918552073 92.3544494720965332 116.6988436400201152 122.1618903971845214 119.9255907491201611 246.7637003519356540 410.4982403217697424 447.5178481649069795 420.6711915535444746
159.6458053059247675 159.5551848463649662 159.6737878706344418 159.7691438411451372 160.0440187267932970 160.1008448582037431 160.0351934563848602 159.8584189850938913 159.8232793413334889 159.7185061615454913 159.7625787009632461 160.0407361567023656 160.3976214819996642 160.7094656406392801 161.0757143625894514 161.3936393477909803 161.7530538664370567 161.9220793198084323 162.1379755690685158 162.2353764193079826 162.3680245385567389 162.5759565193994547 162.8405531937792716 163.2740138836571191
61.7842686292548322 49.0565777368905245 41.6370745170193217 37.7000919963201468 39.3804047838086504 46.4489420423183077 60.5620975160993567 82.0510579576816923 108.6789328426862937 143.0018399264029370 185.3054277828886711 230.6393744250229929 270.0984360625574823 298.2847286108555522 317.5409383624655106 331.8790248390064335 335.3739650413983213 331.0726770929163081 326.4024839006439720 323.0482980680772584 318.4967801287948532 313.5372585096596367 307.9636614535418744 302.6021159153634130
-643.0051150895141063 -644.2308184143222434 -645.5063938618925476 -646.7973145780051709 -648.2730179028133080 -648.9769820971866920 -649.8241687979539165 -650.7531969309462738 -651.5000000000000000 -651.9776214833759695 -652.5485933503836122 -652.9654731457800381 -653.2257033248081370 -653.2979539641943347 -653.3069053708439924 -652.6361892583120152 -651.8145780051150950 -650.5012787723785550 -649.4264705882352473 -648.3855498721227377 -647.2749360613810268 -646.0620204603580987 -644.8094629156009887 -643.4181585677749808
537.7447595561035314 526.5006165228113559 505.0402794903411632 479.1294697903822453 439.7612001644060911 393.7357172215371861 355.9486230990546574 330.5762433210028917 312.1237155774763892 296.8466913275790944 284.4064940402794832 279.1824907521578325 284.3123715577476105 298.4278668310727767 314.6707768187422971 349.4282778462803094 426.7196876284422729 530.6161117961364653 587.1294697903822453 587.2145499383477727 580.3263460748047464 575.1697492807234084 552.7044800657624819 511.2881216605014174
-1.0221819827976459 -18.4427342688999545 -21.6799456767768213 75.4255319148936110 232.5477591670439210 324.4142145767315810 335.1281122679945952 296.2082390221819992 233.4567677682209137 175.2693526482571258 126.7627885921231297 90.3309189678587643 63.6138524219103658 45.8193752829334571 28.3734721593481218 4.2643730194658218 -13.1901312811226799 -9.2657311000452687 11.7650520597555452 -18.3748302399275687 -47.4993209597102748 72.3019465821638789 237.5595291987324629 302.9941149841557149
-3.7417918753478019 -10.6861435726210345 -16.2598775737340020 -20.0873678352810252 -22.9922092376182512 -24.2365052865887591 -24.7340011129660553 -23.3194212576516406 -20.3277685030606570 -12.7607122982749033 -0.6605453533667223 17.3717306622148016 41.4201446855870898 71.7718419588202607 107.9855314412910445 151.3606010016694370 199.5553700612131252 243.2398441847523713 273.2754590984974925 288.0406232609905146 290.5041736227045135 287.5264329437952142 283.1085141903171802 279.2654424040067056
186.3178785857238040 181.9933288859239440 190.4749833222147970 210.7558372248165313 236.6307538358906015 279.9973315543695662 362.0647098065376781 458.0817211474316082 499.4182788525683918 488.5883922615076926 470.7681787858572307 445.8188792528352451 405.2951967978652306 351.6821214142761960 303.9749833222148254 273.1034022681787974 254.5206804536357481 239.8332221480987414 225.8485657104736504 217.5240160106737903 217.6094062708472450 226.8465643762508250 234.4342895263509092 260.0647098065376781
